0.0 0.0
0.07 0.0
0.14 0.0
0.21 0.0
0.28 0.0
0.35 0.0
0.42 0.0
0.49 0.00203831948961
0.56 0.0316838674107
0.63 0.765542285254
0.7 0.706908724092
0.77 0.822794052367
0.84 0.459190948635
0.91 0.209506299105
0.98 0.117875234347
1.05 0.105430776033
1.12 0.760738093885
1.19 0.728976137581
1.26 0.855701498417
1.33 0.575238280389
1.4 0.411307556678
1.47 0.365652965204
1.54 0.323656881163
1.61 0.65275011516
1.68 0.678791419373
1.75 0.793432773616
1.82 0.861325534272
1.89 0.764361524086
1.96 0.774643449851
2.03 0.393297160798
2.1 0.748637865611
2.17 0.734120062541
2.24 0.86320536758
2.31 0.790696951916
2.38 0.716426217825
2.45 0.746819450964
2.52 0.471936004469
2.59 0.773849161831
2.66 0.739698942443
2.73 0.830550018109
2.8 0.876248351507
2.87 0.765216347341
2.94 0.600948789211
3.01 0.357856936203
3.08 0.754764412558
3.15 0.437520021373
3.22 0.820670975892
3.29 0.659813165397
3.36 0.6256967487
3.43 0.591742338216
3.5 0.593625117191
3.57 0.670169785837
3.64 0.575200071506
3.71 0.722948334752
3.78 0.873562980849
3.85 0.746810485415
3.92 0.504910774189
3.99 0.290498314953
4.06 0.808270133688
4.13 0.82350492085
4.2 0.948568539872
4.27 0.674764367156
4.34 0.647620013228
4.41 0.537904697581
4.48 0.506053151429
4.55 0.862316727959
4.62 0.742205097847
4.69 0.967702123763
4.76 0.588998300375
4.83 0.377694518089
4.9 0.283501401366
4.97 0.391964146665
5.04 0.788066668238
5.11 0.680944264316
5.18 0.8771796527
5.25 0.496235035561
5.32 0.414221576187
5.39 0.352804187431
5.46 0.287973298527
5.53 0.622306028924
5.6 0.390486619807
5.67 0.828613095752
5.74 0.728279868885
5.81 0.597235014282
5.88 0.651495137954
5.95 0.675727244695
6.02 0.817482858926
6.09 0.683404314699
6.16 0.88600300562
6.23 0.679085072558
6.3 0.68617123411
6.37 0.62703375056
6.44 0.578221877263
6.51 0.670648821851
6.58 0.470763601665
6.65 0.83426879274
6.72 0.59152107678
6.79 0.599817007619
6.86 0.680126503952
6.93 0.840638968499
7.0 0.453809663637
7.07 0.338143936611
7.14 0.909757739268
7.21 0.661633363308
7.28 0.630952918067
7.35 0.625514527608
7.42 0.71082240232
7.49 0.68012807935
7.56 0.699560647071
7.63 0.863196620836
7.7 0.739562815432
7.77 0.665887032222
7.84 0.326522870164
7.91 0.800665685179
7.98 0.866183453294
8.05 0.913123764126
8.12 0.820789664117
8.19 0.695490471055
8.26 0.654809828342
8.33 0.576075503489
8.4 0.942255291794
8.47 0.765515440574
8.54 0.98186616235
8.61 0.697983221897
8.68 0.573821811162
8.75 0.381738358147
8.82 0.310117050467
8.89 0.829543223601
8.96 0.772826957956
9.03 0.872944226681
9.1 0.577751968168
9.17 0.449905574553
9.24 0.401645536543
9.31 0.414632254676
9.38 0.860097029778
9.45 0.828158295165
9.52 0.918597237287
9.59 0.92708428092
9.66 0.88098168003
9.73 0.719409098112
9.8 0.407968409322
9.87 0.96017038427
9.94 0.858551719758
10.01 0.927825437533
10.08 0.864961206633
10.15 0.811433005988
10.22 0.679397644199
10.29 0.453423209635
10.36 0.934924579712
10.43 0.829351115243
10.5 0.871478031205
10.57 0.920081153262
10.64 0.805891880949
10.71 0.40062461815
10.78 0.524735266045
10.85 0.705070165678
10.92 0.317280453041
10.99 0.914093090953
11.06 0.681836760381
11.13 0.617248614128
11.2 0.603871536318
11.27 0.703010933867
11.34 0.7002044271
11.41 0.547681943346
11.48 0.896115373652
11.55 0.729016493492
11.62 0.601822558273
11.69 0.349643429338
11.76 0.736735062665
11.83 0.807499449294
11.9 0.795123903724
11.97 0.803368489153
12.04 0.620421685491
12.11 0.584749620222
12.18 0.543442515925
12.25 0.864228542402
12.32 0.80739284733
12.39 0.723139245151
12.46 0.916298998927
12.53 0.484545532271
12.6 0.446820421913
12.67 0.381557025952
12.74 0.798855511288
12.81 0.719403890545
12.88 0.714360930577
12.95 0.846421889856
13.02 0.582595547235
13.09 0.512077483458
13.16 0.559170689996
13.23 0.812419435188
13.3 0.621930408522
13.37 0.609282838676
13.44 0.817564249044
13.51 0.62089029543
13.58 0.47528046606
13.65 0.311028722085
13.72 0.742146537332
13.79 0.647876630872
13.86 0.450602338296
13.93 0.899556229938
14.0 0.625931310766
14.07 0.772167861554
14.14 0.567246877361
14.21 0.891999792791
14.28 0.71066707514
14.35 0.555447019595
14.42 0.907776735839
14.49 0.663795012431
14.56 0.992163040725
14.63 0.543328480048
14.7 0.927374922796
14.77 0.848042203613
14.84 0.888153123701
14.91 0.856842308464
14.98 0.634382010831
15.05 0.582194939262
15.12 0.575005999369
15.19 0.821172846979
15.26 0.741061834445
15.33 0.860418906117
15.4 0.472279293646
15.47 0.250403605606
15.54 0.212026017706
15.61 0.687397525935
15.68 0.708188716219
15.75 0.511409820826
15.82 0.926285239353
15.89 0.339454832259
15.96 0.145680787944
16.03 0.107603504912
16.1 0.75067823093
16.17 0.71153460278
16.24 0.674096102809
16.31 0.752263973443
16.38 0.501176193606
16.45 0.267993887016
16.52 0.171502354154
16.59 0.746692100782
16.66 0.605467576357
16.73 0.607347125218
16.8 0.72514070141
16.87 0.436254705614
16.94 0.370581407924
17.01 0.364796629457
17.08 0.577281230347
17.15 0.447073710981
17.22 0.413410109212
17.29 0.636564542189
17.36 0.447627985948
17.43 0.351121267994
17.5 0.299060780788
17.57 0.389580664478
17.64 0.435564134062
17.71 0.216679660057
17.78 0.60735784121
17.85 0.407447926105
17.92 0.389325203767
17.99 0.379116703606
18.06 0.5485940389
18.13 0.602151507495
18.2 0.468579432002
18.27 0.77911584753
18.34 0.691457344253
18.41 0.63959059277
18.48 0.217567993351
18.55 0.575944239427
18.62 0.638136592957
18.69 0.451849542442
18.76 0.792688419711
18.83 0.812198753586
18.9 0.625166632579
18.97 0.544936250789
19.04 0.686238661712
19.11 0.698731965585
19.18 0.709477761418
19.25 0.671969120658
19.32 0.585406495751
19.39 0.45613405744
19.46 0.25621732655
19.53 0.474459434556
19.6 0.67066167393
19.67 0.703448336694
19.74 0.689563083468
19.81 0.535290337463
19.88 0.522988734424
19.95 0.431285948009
20.02 0.671788918045
20.09 0.575536564042
20.16 0.661609155231
20.23 0.603357086659
20.3 0.427880896483
20.37 0.373705836124
20.44 0.343536186493
20.51 0.561242590636
20.58 0.414000287401
20.65 0.512858618543
20.72 0.572778886422
20.79 0.339309520893
20.86 0.363919416945
20.93 0.338753005907
21.0 0.467951715021
21.07 0.350432334748
21.14 0.494709634092
21.21 0.501947099541
21.28 0.32702227969
21.35 0.235911506694
21.42 0.180153988638
21.49 0.455421498686
21.56 0.400203106062
21.63 0.474740651391
21.7 0.714207643757
21.77 0.686960784995
21.84 0.681494836002
21.91 0.565761071455
21.98 0.654838707913
22.05 0.648270929046
22.12 0.577875719001
22.19 0.746191124063
22.26 0.564452560786
22.33 0.598414030477
22.4 0.397724369702
22.47 0.500451214914
22.54 0.439751316237
22.61 0.500157342924
22.68 0.466045231222
22.75 0.393381072648
22.82 0.359778066285
22.89 0.365684571636
22.96 0.650589754254
23.03 0.640098543911
23.1 0.684102336573
23.17 0.634430470745
23.24 0.617926566081
23.31 0.419329165784
23.38 0.385353698021
23.45 0.591580846196
23.52 0.647348719215
23.59 0.628101720308
23.66 0.664011752801
23.73 0.587862861999
23.8 0.538819120677
23.87 0.480505822164
23.94 0.642242278346
24.01 0.541714711306
24.08 0.530548978783
24.15 0.676367991535
24.22 0.466575481362
24.29 0.260927089737
24.36 0.286312809374
24.43 0.554671630886
24.5 0.416248504124
24.57 0.581989937799
24.64 0.493481980204
24.71 0.393116846048
24.78 0.378961597966
24.85 0.321581580835
24.92 0.50801869626
24.99 0.381208009545
25.06 0.46265056201
25.13 0.710766724564
25.2 0.606688056166
25.27 0.576846991993
25.34 0.481732836047
25.41 0.550815703594
25.48 0.369463446625
25.55 0.560593789024
25.62 0.666728185613
25.69 0.689015897795
25.76 0.669975664469
25.83 0.617248682505
25.9 0.513486133129
25.97 0.581601107024
26.04 0.659740171934
26.11 0.571344516183
26.18 0.401008678969
26.25 0.341310255095
26.32 0.256927073655
26.39 0.380049364127
26.46 0.209851010517
26.53 0.557999206174
26.6 0.599465997348
26.67 0.562823973451
26.74 0.560224746458
26.81 0.526361919687
26.88 0.531013707663
26.95 0.413116822526
27.02 0.616654270432
27.09 0.593472391059
27.16 0.476406099221
27.23 0.356503977963
27.3 0.212656625653
27.37 0.720288665517
27.44 0.771349699134
27.51 0.832701126284
27.58 0.713282545695
27.65 0.638146037143
27.72 0.585331079018
27.79 0.419580471929
27.86 0.704182713076
27.93 0.56201124014
28.0 0.770956210541
28.07 0.519215758974
28.14 0.252438038565
28.21 0.201878564237
28.28 0.346924638899
28.35 0.550884610868
28.42 0.413969066613
28.49 0.641343395899
28.56 0.418528535144
28.63 0.362949009766
28.7 0.366229005832
28.77 0.341177164008
28.84 0.481629765054
28.91 0.354890950424
28.98 0.755820112795
29.05 0.759110742801
29.12 0.704514495827
29.19 0.613427176029
29.26 0.343739951706
29.33 0.709579522314
29.4 0.326035612539
29.47 0.69081048454
29.54 0.692388437582
29.61 0.575054978946
29.68 0.574809996275
29.75 0.45570097602
29.82 0.671021797443
29.89 0.486317308559
29.96 0.705158420814
30.03 0.586574082102
30.1 0.488666903268
30.17 0.458780346729
30.24 0.303078090698
30.31 0.507533405149
30.38 0.370808897107
30.45 0.592796153993
30.52 0.404008418207
30.59 0.381645015787
30.66 0.366141817372
30.73 0.369123196107
30.8 0.671069931884
30.87 0.543851736622
30.94 0.660772131791
31.01 0.623289186984
31.08 0.523017731602
31.15 0.442643638462
31.22 0.366184079625
31.29 0.689052711794
31.36 0.616297956867
31.43 0.723091348661
31.5 0.622144917078
31.57 0.589021737162
31.64 0.523116847689
31.71 0.564703593424
31.78 0.730613433368
31.85 0.568050398967
31.92 0.734012826041
31.99 0.444859589601
32.06 0.387489095972
32.13 0.357789905186
32.2 0.521543475884
32.27 0.710150038108
32.34 0.654745521451
32.41 0.815407722702
32.48 0.652484392478
32.55 0.633522190609
32.62 0.558927805121
32.69 0.601621519921
32.76 0.527724893741
32.83 0.420325123957
32.9 0.683250902066
32.97 0.389575142378
33.04 0.289788264255
33.11 0.224805915556
33.18 0.437295291872
33.25 0.708558032292
33.32 0.556850297594
33.39 0.756256610315
33.46 0.586839175719
33.53 0.561994028365
33.6 0.528898163561
33.67 0.600871805285
33.74 0.637120999739
33.81 0.452710560624
33.88 0.674894477019
33.95 0.446727178014
34.02 0.302843091022
34.09 0.20942852201
34.16 0.343499074371
34.23 0.63933864662
34.3 0.497139256857
34.37 0.742244827428
34.44 0.700121694063
34.51 0.783905463728
34.58 0.46210823108
34.65 0.484295177929
34.72 0.669644666683
34.79 0.511182033521
34.86 0.68914525825
34.93 0.652188737225
35.0 0.585829408193
35.07 0.426061374134
35.14 0.412658666013
35.21 0.686236200152
35.28 0.628813969999
35.35 0.604436363173
35.42 0.60181977124
35.49 0.563297553007
35.56 0.532805179166
35.63 0.481114226838
35.7 0.62490597524
35.77 0.606874213019
35.84 0.689101007604
35.91 0.51944687759
35.98 0.346544500166
36.05 0.278763926482
36.12 0.211912638246
36.19 0.696296008405
36.26 0.716687156876
36.33 0.543656379005
36.4 0.791806404422
36.47 0.612365226163
36.54 0.397812395093
36.61 0.307667467184
36.68 0.672851743132
36.75 0.800555544038
36.82 0.65327953384
36.89 0.78659591614
36.96 0.749784528701
37.03 0.4999453561
37.1 0.407228231863
37.17 0.537379255689
37.24 0.779877766035
37.31 0.560163428995
37.38 0.743295139584
37.45 0.704894845159
37.52 0.591664861978
37.59 0.50852173522
37.66 0.507330345583
37.73 0.692908447631
37.8 0.638415597123
37.87 0.767196956921
37.94 0.811310893459
38.01 0.697737708623
38.08 0.618021978888
38.15 0.537777268083
38.22 0.599615020199
38.29 0.319627093878
38.36 0.700738241031
38.43 0.602966220995
38.5 0.493751362405
38.57 0.422143650742
38.64 0.479943713966
38.71 0.576888001585
38.78 0.423001173508
38.85 0.815825156805
38.92 0.834466614653
38.99 0.731980969514
39.06 0.487488070322
39.13 0.507165648064
39.2 0.716543068085
39.27 0.516236461624
39.34 0.668290474927
39.41 0.608881453944
39.48 0.548297254064
39.55 0.533412714089
39.62 0.455022745089
39.69 0.789026591906
39.76 0.673880943307
39.83 0.757444318552
39.9 0.537529777356
39.97 0.542806916481
40.04 0.565584200154
40.11 0.771098119483
40.18 0.548613433259
40.25 0.427950200341
40.32 0.658521226498
40.39 0.616582928949
40.46 0.518514031084
40.53 0.427926115342
40.6 0.498166367441
40.67 0.369401521977
40.74 0.180759310892
40.81 0.628480945528
40.88 0.450812943912
40.95 0.403842038623
41.02 0.377465959495
41.09 0.453383370651
41.16 0.464775812863
41.23 0.275278130313
41.3 0.55590871255
41.37 0.377037497602
41.44 0.358473163169
41.51 0.360410301596
41.58 0.464813113705
41.65 0.760642727575
41.72 0.634228959227
41.79 0.78911250309
41.86 0.675174331792
41.93 0.645563934949
42.0 0.418951576134
42.07 0.559586450238
42.14 0.576124012634
42.21 0.679866027128
42.28 0.701806432319
42.35 0.563965007774
42.42 0.547999670589
42.49 0.566898172751
42.56 0.597310652555
42.63 0.426124067335
42.7 0.45319830509
42.77 0.588483790544
42.84 0.419691679746
42.91 0.440968814823
42.98 0.409614260398
43.05 0.528385127932
43.12 0.308310298145
43.19 0.502750147981
43.26 0.467874941695
43.33 0.367160648909
43.4 0.36481127574
43.47 0.340157552977
43.54 0.625384316547
43.61 0.709284509801
43.68 0.562626468806
43.75 0.661756690206
43.82 0.553769772687
43.89 0.697910403478
43.96 0.55461532133
44.03 0.61339651593
44.1 0.512299021136
44.17 0.822510559956
44.24 0.698904523686
44.31 0.650469025669
44.38 0.617503793127
44.45 0.58191490671
44.52 0.642011241781
44.59 0.654252807368
44.66 0.720824703058
44.73 0.690636911729
44.8 0.559453690095
44.87 0.661805185676
44.94 0.532325246051
45.01 0.76997507096
45.08 0.544169674465
45.15 0.720147968209
45.22 0.729814979841
45.29 0.729181707939
45.36 0.698927968678
45.43 0.653882637954
45.5 0.706894403282
45.57 0.593588311397
45.64 0.847666479278
45.71 0.689585368793
45.78 0.713239845832
45.85 0.607906908609
45.92 0.720114800054
45.99 0.543391364705
46.06 0.436807427063
46.13 0.778337078278
46.2 0.479862758723
46.27 0.431914110806
46.34 0.339382921882
46.41 0.701805685646
46.48 0.73526585041
46.55 0.61610366319
46.62 0.860264393987
46.69 0.343187687014
46.76 0.214030460658
46.83 0.156134027355
46.9 0.595988986214
46.97 0.572497778989
47.04 0.479322221997
47.11 0.744762371651
47.18 0.214022438707
47.25 0.113151412916
47.32 0.0923132560648
47.39 0.617366823716
47.46 0.61115519431
47.53 0.550567460724
47.6 0.608766321306
47.67 0.258645070324
47.74 0.181769403891
47.81 0.11916935583
47.88 0.619002262393
47.95 0.584223262082
48.02 0.594290698437
48.09 0.562799724349
48.16 0.287922776373
48.23 0.274731007546
48.3 0.24078020735
48.37 0.504631630534
48.44 0.282924417139
48.51 0.381375589824
48.58 0.588184650816
48.65 0.535533074643
48.72 0.424233999408
48.79 0.311947887787
48.86 0.393526870855
48.93 0.424024296364
49.0 0.338088625355
49.07 0.543867290947
49.14 0.463951592271
49.21 0.338190410867
49.28 0.314716571316
49.35 0.396525852481
49.42 0.487695131291
49.49 0.473767044184
49.56 0.59751143381
49.63 0.461619884899
49.7 0.354836426867
49.77 0.192845319554
49.84 0.34969978539
49.91 0.421543041008
49.98 0.371521144063
50.05 0.516998453976
50.12 0.337517423059
50.19 0.315393412832
50.26 0.30006857086
50.33 0.408866848687
50.4 0.522839643196
50.47 0.446234472137
50.54 0.569211511415
50.61 0.442038690912
50.68 0.241776945017
50.75 0.224082917052
50.82 0.476251535125
50.89 0.559463484369
50.96 0.608406452154
51.03 0.584075951383
51.1 0.42815442231
51.17 0.330738951055
51.24 0.173582692475
51.31 0.483432420246
51.38 0.510607981286
51.45 0.381964359454
51.52 0.632930513603
51.59 0.38039289399
51.66 0.209649241902
51.73 0.127224362837
51.8 0.476039028638
51.87 0.393760915994
51.94 0.472316271749
52.01 0.426182176565
52.08 0.304343059103
52.15 0.3073836493
52.22 0.297116361613
52.29 0.511033798369
52.36 0.550787521465
52.43 0.51821628077
52.5 0.677413905703
52.57 0.425824287601
52.64 0.242823105341
52.71 0.195794432706
52.78 0.423043843285
52.85 0.432327655645
52.92 0.425586692346
52.99 0.738026096257
53.06 0.618033980361
53.13 0.481809992282
53.2 0.475639872986
53.27 0.480004240995
53.34 0.532462078709
53.41 0.51940716442
53.48 0.694912792121
53.55 0.520011124611
53.62 0.324843569221
53.69 0.336052152035
53.76 0.407160128699
53.83 0.493242191425
53.9 0.367905317347
53.97 0.604383724077
54.04 0.36140056536
54.11 0.361351282191
54.18 0.408384423926
54.25 0.621317266712
54.32 0.593247776432
54.39 0.54272644261
54.46 0.792285273596
54.53 0.804567687406
54.6 0.319484164756
54.67 0.423162684674
54.74 0.692382981123
54.81 0.659106517123
54.88 0.7145190612
54.95 0.67367230694
55.02 0.570302039993
55.09 0.509462800602
55.16 0.423891218953
55.23 0.57385014372
55.3 0.527359893604
55.37 0.514506720579
55.44 0.694913393836
55.51 0.479077157274
55.58 0.265786305181
55.65 0.302421141323
55.72 0.600229901512
55.79 0.530637909481
55.86 0.641181318575
55.93 0.539715423955
56.0 0.394592121946
56.07 0.363011306383
56.14 0.310346993005
56.21 0.520259195172
56.28 0.400743413043
56.35 0.673446059477
56.42 0.800007102969
56.49 0.619492662609
56.56 0.361358059687
56.63 0.300015133125
56.7 0.541846653665
56.77 0.338397296791
56.84 0.604902210694
56.91 0.658898939226
56.98 0.617299650475
57.05 0.589331529976
57.12 0.569931695535
57.19 0.642710363152
57.26 0.505220129392
57.33 0.571080502918
57.4 0.655596969633
57.47 0.58782545996
57.54 0.513668655078
57.61 0.252760311489
57.68 0.513540085057
57.75 0.50308286886
57.82 0.651013987733
57.89 0.458120897502
57.96 0.408943146111
58.03 0.395463508766
58.1 0.351554409587
58.17 0.593215297513
58.24 0.629411647742
58.31 0.703235852087
58.38 0.618483770305
58.45 0.386795898756
58.52 0.296881616298
58.59 0.466381964444
58.66 0.715037594314
58.73 0.693359358953
58.8 0.801663932603
58.87 0.636705622406
58.94 0.616501670114
59.01 0.65690720066
59.08 0.35064324122
59.15 0.67481121338
59.22 0.552648753584
59.29 0.70122955476
59.36 0.541331919559
59.43 0.285637783942
59.5 0.276362305331
59.57 0.390166912376
59.64 0.613528980686
59.71 0.468652649741
59.78 0.661677334977
59.85 0.445633679153
59.92 0.406984490913
59.99 0.402997411697
60.06 0.49416987139
60.13 0.503640658387
60.2 0.479507528244
60.27 0.840478865893
60.34 0.673709993425
60.41 0.593286491303
60.48 0.359859026998
60.55 0.457825652509
60.62 0.659041419797
60.69 0.286704460002
60.76 0.738287319754
60.83 0.657802664272
60.9 0.644248726102
60.97 0.59462462001
61.04 0.516985850788
61.11 0.713223780049
61.18 0.377474553075
61.25 0.745953506927
61.32 0.653239549898
61.39 0.406893281905
61.46 0.413425860462
61.53 0.523962885909
61.6 0.448670568805
61.67 0.300089748483
61.74 0.578054838527
61.81 0.441626915661
61.88 0.418419854528
61.95 0.449490749703
62.02 0.511276634012
62.09 0.678402479196
62.16 0.586529883422
62.23 0.666887087525
62.3 0.683537939124
62.37 0.637604348953
62.44 0.544919121065
62.51 0.50688653176
62.58 0.72656014639
62.65 0.630839656215
62.72 0.762509626751
62.79 0.585224452438
62.86 0.582633496287
62.93 0.571730724029
63.0 0.642436492706
63.07 0.549427041792
63.14 0.577962833615
63.21 0.769910733983
63.28 0.506986583239
63.35 0.423729852746
63.42 0.391847796923
63.49 0.561948205055
63.56 0.776106970433
63.63 0.686472553686
63.7 0.778786072318
63.77 0.680116280272
63.84 0.688856213653
63.91 0.634190919917
63.98 0.647596201736
64.05 0.566045047973
64.12 0.555518489626
64.19 0.651596956286
64.26 0.460797655435
64.33 0.334921811824
64.4 0.235669937387
64.47 0.484815568154
64.54 0.739907258807
64.61 0.619704671314
64.68 0.791790732489
64.75 0.637349191834
64.82 0.624862424771
64.89 0.576385660067
64.96 0.569356141748
65.03 0.660353477848
65.1 0.55063607808
65.17 0.642189633779
65.24 0.403521215284
65.31 0.341610466969
65.38 0.234481501622
65.45 0.313486540654
65.52 0.635752571961
65.59 0.374065029715
65.66 0.788394367535
65.73 0.740610939534
65.8 0.720211826549
65.87 0.383477330043
65.94 0.528885459176
66.01 0.620766610239
66.08 0.494014172241
66.15 0.790421801458
66.22 0.712606409826
66.29 0.430541131877
66.36 0.322939136722
66.43 0.52121177245
66.5 0.733346752483
66.57 0.652686519386
66.64 0.770471406271
66.71 0.598103687915
66.78 0.597719052733
66.85 0.550569451853
66.92 0.5339477041
66.99 0.673602308375
67.06 0.531883289338
67.13 0.716118801785
67.2 0.457008556766
67.27 0.331766698909
67.34 0.243704849859
67.41 0.499866720194
67.48 0.784126180886
67.55 0.585399048164
67.62 0.831754757608
67.69 0.821612828973
67.76 0.666697232862
67.83 0.416517807008
67.9 0.330806468914
67.97 0.895697945018
68.04 0.692052661633
68.11 0.788386427636
68.18 0.8174676711
68.25 0.74260264528
68.32 0.515955731631
68.39 0.413667194553
68.46 0.772282942225
68.53 0.673025105342
68.6 0.688408228853
68.67 0.764002795457
68.74 0.706845697212
68.81 0.598787268636
68.88 0.479277208267
68.95 0.63285137718
69.02 0.621653195824
69.09 0.70998990268
69.16 0.716457217073
69.23 0.635221039075
69.3 0.621693877208
69.37 0.456275670995
69.44 0.608264075515
69.51 0.402149193628
69.58 0.661744106163
69.65 0.507260180179
69.72 0.492418662805
69.79 0.490524473132
69.86 0.4617703546
69.93 0.584888227939
70.0 0.502251359315
70.07 0.698744246035
70.14 0.891732806508
70.21 0.816612571603
70.28 0.643103920122
70.35 0.478979860007
70.42 0.698084695611
70.49 0.552473832385
70.56 0.755857142865
70.63 0.686820473332
70.7 0.624416570588
70.77 0.628980675057
70.84 0.60754840699
70.91 0.797928167737
70.98 0.704016199473
71.05 0.714177634604
71.12 0.616014021375
71.19 0.605260222736
71.26 0.604073572969
71.33 0.804190584598
71.4 0.659827893732
71.47 0.390989420816
71.54 0.661339018151
71.61 0.632803494365
71.68 0.54721407461
71.75 0.523244720268
71.82 0.532903630632
71.89 0.396204372726
71.96 0.214386916447
72.03 0.636107290983
72.1 0.48230085199
72.17 0.4647607235
72.24 0.394134848859
72.31 0.507121487675
72.38 0.462353183664
72.45 0.263568874371
72.52 0.576883193337
72.59 0.388843022426
72.66 0.402601836247
72.73 0.358468702275
72.8 0.557844579171
72.87 0.691616462236
72.94 0.567082023943
73.01 0.741428967935
73.08 0.650300080591
73.15 0.610465194387
73.22 0.437675698641
73.29 0.667260552695
73.36 0.651274595841
73.43 0.652427018981
73.5 0.777848174143
73.57 0.571438468463
73.64 0.548719124446
73.71 0.567985465746
73.78 0.60873436205
73.85 0.566565583155
73.92 0.414295195981
73.99 0.730691875085
74.06 0.477772486639
74.13 0.411122436415
74.2 0.401160130559
74.27 0.50566109601
74.34 0.394059992816
74.41 0.31328746061
74.48 0.667868254457
74.55 0.40732635512
74.62 0.386088077138
74.69 0.385137510134
74.76 0.631874197976
74.83 0.693572551942
74.9 0.483199718026
74.97 0.76750001053
75.04 0.551790637308
75.11 0.603664240134
75.18 0.458081947416
75.25 0.625183784183
75.32 0.565190864724
75.39 0.742271513475
75.46 0.719878851309
75.53 0.613637141639
75.6 0.626305257307
75.67 0.596397700925
75.74 0.619044092505
75.81 0.711623730402
75.88 0.671731908312
75.95 0.705823881717
76.02 0.57897835572
76.09 0.629562404625
76.16 0.531277108273
76.23 0.692730829657
76.3 0.568564276997
76.37 0.449804672468
76.44 0.72639869813
76.51 0.625147684036
76.58 0.696845713075
76.65 0.599058182475
76.72 0.678678556841
76.79 0.528614263625
76.86 0.686742430935
76.93 0.657478709283
77.0 0.622636873547
77.07 0.690654372395
77.14 0.436469878791
77.21 0.726314578415
77.28 0.472330931708
77.35 0.690784837818
77.42 0.585235947924
77.49 0.462277271885
77.56 0.410349178323
77.63 0.364161401982
77.7 0.733133192995
77.77 0.70119825739
77.84 0.816532683037
77.91 0.652955283463
77.98 0.262339997907
78.05 0.213644323924
78.12 0.304149689879
78.19 0.768116800919
78.26 0.846996773551
78.33 0.741497891619
78.4 0.715039845274
78.47 0.23101482904
78.54 0.143798936157
78.61 0.104652250202
78.68 0.811746770119
78.75 0.826395498102
78.82 0.891763070023
78.89 0.611452900864
78.96 0.452954052683
79.03 0.250930601016
79.1 0.158259502484
79.17 0.842821787039
79.24 0.811294917934
79.31 0.91766495694
79.38 0.616024152062
79.45 0.434990442856
79.52 0.412565900751
79.59 0.347465875802
79.66 0.732618447949
79.73 0.340254792808
79.8 0.553351818921
79.87 0.555300972497
79.94 0.333059838503
80.01 0.292885158537
80.08 0.275929461861
80.15 0.728901959834
80.22 0.571991351281
80.29 0.679410299354
80.36 0.532231433259
80.43 0.440784605337
80.5 0.432828460055
80.57 0.42789079469
80.64 0.656874281395
80.71 0.459360894748
80.78 0.55624862392
80.85 0.548712100794
80.92 0.213283847587
80.99 0.151350231378
81.06 0.138307283007
81.13 0.503561051533
81.2 0.223099004113
81.27 0.564053489921
81.34 0.466062437528
81.41 0.420540135765
81.48 0.45858943633
81.55 0.412065618739
81.62 0.540449012638
81.69 0.444991496404
81.76 0.539981898781
81.83 0.521541337061
81.9 0.335433304876
81.97 0.28768916064
82.04 0.182967488972
82.11 0.544654136851
82.18 0.561709660732
82.25 0.754497368838
82.32 0.491847646494
82.39 0.23091801588
82.46 0.119513555784
82.53 0.104442177925
82.6 0.657859999478
82.67 0.62010279311
82.74 0.718913788451
82.81 0.626624554478
82.88 0.5327126163
82.95 0.493578180709
83.02 0.446412637125
83.09 0.64319714214
83.16 0.518132623281
83.23 0.670236521468
83.3 0.536642510739
83.37 0.40307552794
83.44 0.382934870565
83.51 0.390871810208
83.58 0.582252616351
83.65 0.396490184474
83.72 0.547116383493
83.79 0.542537052908
83.86 0.345471027465
83.93 0.273867090194
84.0 0.215072863001
84.07 0.533983123215
84.14 0.281242537028
84.21 0.506774437781
84.28 0.613619246096
84.35 0.539247314534
84.42 0.523025644151
84.49 0.489681758018
84.56 0.610106082849
84.63 0.415549325316
84.7 0.526170998347
84.77 0.513313315197
84.84 0.188799091783
84.91 0.122607244568
84.98 0.0824953890876
85.05 0.517955905143
85.12 0.251493382041
85.19 0.50744608267
85.26 0.46704036067
85.33 0.406845730033
85.4 0.40800679325
85.47 0.399051410449
85.54 0.488857635888
85.61 0.385976579404
85.68 0.539350256979
85.75 0.525630051361
85.82 0.30245048859
85.89 0.22955686885
85.96 0.211618331381
86.03 0.579430787739
86.1 0.470844751098
86.17 0.584595255786
86.24 0.454075416404
86.31 0.39730638585
86.38 0.379970000693
86.45 0.344281071002
86.52 0.671748069822
86.59 0.552844551547
86.66 0.65433780504
86.73 0.614792833184
86.8 0.460139808958
86.87 0.282145363441
86.94 0.132248051525
87.01 0.665993073498
87.08 0.625775824952
87.15 0.722873744009
87.22 0.510803981645
87.29 0.420622680082
87.36 0.414706432423
87.43 0.378767099159
87.5 0.59680047507
87.57 0.314488912559
87.64 0.568398001344
87.71 0.551033997482
87.78 0.399446045036
87.85 0.305946202111
87.92 0.229995754082
87.99 0.510525792528
88.06 0.255327830853
88.13 0.572054049953
88.2 0.552349578299
88.27 0.425128407285
88.34 0.436760312802
88.41 0.418277204383
88.48 0.565983716834
88.55 0.39591986287
88.62 0.55385279564
88.69 0.471030344527
88.76 0.21661040543
88.83 0.160533855505
88.9 0.124380500527
88.97 0.467934202388
89.04 0.17075704571
89.11 0.593960619633
89.18 0.495317655857
89.25 0.43002981934
89.32 0.435110963576
89.39 0.415919158317
89.46 0.487602746204
89.53 0.31839227685
89.6 0.525771544573
89.67 0.489486290997
89.74 0.331509334592
89.81 0.27449687215
89.88 0.136079363215
89.95 0.622127237606
90.02 0.557194377206
90.09 0.762491742149
90.16 0.320217706943
90.23 0.151532198109
90.3 0.134988098904
90.37 0.172111508237
90.44 0.67953030041
90.51 0.570479917799
90.58 0.712288564976
90.65 0.568148628892
90.72 0.299468160786
90.79 0.296787097858
90.86 0.263874652106
90.93 0.649234460267
91.0 0.471905451037
91.07 0.588300095251
91.14 0.4512283021
91.21 0.381391852531
91.28 0.393219711911
91.35 0.393743909348
91.42 0.505155114118
91.49 0.361356186166
91.56 0.64522259314
91.63 0.516086366627
91.7 0.342851602002
91.77 0.28411099853
91.84 0.222876459931
91.91 0.502134035888
91.98 0.231272248059
92.05 0.649919430402
92.12 0.561850617871
92.19 0.542435549108
92.26 0.540588673355
92.33 0.528267818181
92.4 0.606290207875
92.47 0.438740558618
92.54 0.681351811153
92.61 0.452257195947
92.68 0.201646053471
92.75 0.135925485621
92.82 0.094546755393
92.89 0.5229300563
92.96 0.20941685695
93.03 0.66428778942
93.1 0.434084170259
93.17 0.401795538548
93.24 0.376205761046
93.31 0.397652907877
93.38 0.488554223985
93.45 0.376590667
93.52 0.549162804251
93.59 0.408246010399
93.66 0.228377620174
93.73 0.174285413194
93.8 0.136122273679
93.87 0.576257689025
93.94 0.415847403839
94.01 0.629769088154
94.08 0.420871270306
94.15 0.397355395513
94.22 0.372934361295
94.29 0.33899831952
94.36 0.691880037891
94.43 0.583042744335
94.5 0.672418642566
94.57 0.536671477832
94.64 0.434973641341
94.71 0.41243673175
94.78 0.402941200604
94.85 0.761927306409
94.92 0.656716249234
94.99 0.733731062192
95.06 0.682194003869
95.13 0.65834511281
95.2 0.627124601275
95.27 0.602346725624
95.34 0.704695508019
95.41 0.465514718516
95.48 0.678202020678
95.55 0.517456963313
95.62 0.389209417448
95.69 0.29223670975
95.76 0.271797156067
95.83 0.797267673715
95.9 0.64289428272
95.97 0.742508900865
96.04 0.632667274362
96.11 0.593015853705
96.18 0.567979216118
96.25 0.491488272389
96.32 0.670054450804
96.39 0.490154776884
96.46 0.65469716
96.53 0.513849804024
96.6 0.363786889282
96.67 0.25534101114
96.74 0.217698343901
96.81 0.64962733894
96.88 0.445451241991
96.95 0.685574601163
97.02 0.748490303286
97.09 0.789177359729
97.16 0.52809995072
97.23 0.500784395284
97.3 0.793254931367
97.37 0.67382765053
97.44 0.777912954201
97.51 0.906513419414
97.58 0.90345103894
97.65 0.549888617139
97.72 0.580293094137
97.79 0.97004198437
97.86 0.866981857591
97.93 0.841831665499
98.0 0.784526663045
98.07 0.704092450401
98.14 0.662216851523
98.21 0.690873295349
98.28 0.730587256044
98.35 0.632027172998
98.42 0.781035199818
98.49 0.537236342977
98.56 0.36573241069
98.63 0.324670182394
98.7 0.365187971023
98.77 0.931949133337
98.84 0.781336311529
98.91 0.855955203216
98.98 0.920726199626
99.05 0.920897152243
99.12 0.693297579263
99.19 0.450839821413
99.26 0.843684495491
99.33 0.709142997444
99.4 0.890984546927
99.47 1.0
99.54 0.845713688063
99.61 0.700442194664
99.68 0.436929988142
99.75 0.942313912481
99.82 0.769314522237
99.89 0.804287821694
99.96 0.844175658791
100.03 0.79042946238
100.1 0.690868692232
100.17 0.604230667002
100.24 0.816808035889
100.31 0.77039667604
100.38 0.807896657579
100.45 0.805380647728
100.52 0.677199476464
100.59 0.66996072827
100.66 0.602610752565
100.73 0.726280567859
100.8 0.52926956649
100.87 0.803608152118
100.94 0.765086850132
101.01 0.707583924568
101.08 0.599833562979
101.15 0.641326783104
101.22 0.730246269793
101.29 0.629463619481
101.36 0.923448458131
101.43 0.911523298749
101.5 0.788631661932
101.57 0.536535813047
101.64 0.674113279028
101.71 0.7671926109
101.78 0.605768983456
101.85 0.899201385103
101.92 0.673523497424
101.99 0.62245197209
102.06 0.611548841538
102.13 0.69774349876
102.2 0.911539999067
102.27 0.735724299575
102.34 0.866126670572
102.41 0.622879799447
102.48 0.699355005602
102.55 0.654470570654
102.62 0.836255312799
102.69 0.675546120365
102.76 0.566704677714
102.83 0.748812294497
102.9 0.648407179135
102.97 0.562017033012
103.04 0.537126524574
103.11 0.677787286086
103.18 0.432491551789
103.25 0.360633611597
103.32 0.681806614475
103.39 0.53156266566
103.46 0.460319420796
103.53 0.384341094231
103.6 0.578877100812
103.67 0.425345932619
103.74 0.356152634014
103.81 0.660059367907
103.88 0.438551483448
103.95 0.423092888504
104.02 0.411287388295
104.09 0.64606042616
104.16 0.825056644601
104.23 0.675073492613
104.3 0.857902909942
104.37 0.753720847812
104.44 0.68518687262
104.51 0.449777674623
104.58 0.824814175457
104.65 0.707065582909
104.72 0.690064845152
104.79 0.801722039097
104.86 0.657207729802
104.93 0.586452965138
105.0 0.601676899555
105.07 0.695594291456
105.14 0.539814712351
105.21 0.638135589187
105.28 0.726851726393
105.35 0.522267095248
105.42 0.512098332873
105.49 0.490306143688
105.56 0.585270614896
105.63 0.43075122877
105.7 0.448629288441
105.77 0.689282709033
105.84 0.470311577171
105.91 0.469773378927
105.98 0.457763104266
106.05 0.682445624547
106.12 0.726136492744
106.19 0.435224496199
106.26 0.830122201692
106.33 0.526440481746
106.4 0.610994979566
106.47 0.544803449619
106.54 0.690575178536
106.61 0.54119831428
106.68 0.699893559404
106.75 0.700540104586
106.82 0.631173413684
106.89 0.606459273296
106.96 0.590839391461
107.03 0.663602294152
107.1 0.631116242583
107.17 0.691588950199
107.24 0.748733557394
107.31 0.599651927191
107.38 0.643178557361
107.45 0.571588683803
107.52 0.780842656584
107.59 0.615326627971
107.66 0.654562846338
107.73 0.741973194266
107.8 0.679352515597
107.87 0.727852818287
107.94 0.541127694855
108.01 0.757821869912
108.08 0.488266516836
108.15 0.879079369943
108.22 0.696791662685
108.29 0.607056641976
108.36 0.721309512798
108.43 0.467863736126
108.5 0.84563843817
108.57 0.415528125814
108.64 0.733814596603
108.71 0.61685966301
108.78 0.480650684978
108.85 0.447063191914
108.92 0.673880415439
108.99 0.734481373074
109.06 0.669376405859
109.13 0.904361031227
109.2 0.444755205776
109.27 0.255452861698
109.34 0.176303772166
109.41 0.807591213521
109.48 0.750599778274
109.55 0.565949533969
109.62 0.953592130097
109.69 0.369365758243
109.76 0.184611630631
109.83 0.127757402746
109.9 0.839036429941
109.97 0.725851928187
110.04 0.60673488051
110.11 0.930795873266
110.18 0.492881261067
110.25 0.331609000427
110.32 0.175913510951
110.39 0.846980251012
110.46 0.758383920673
110.53 0.609596572721
110.6 0.890198885307
110.67 0.443418668877
110.74 0.427462108521
110.81 0.412707424049
110.88 0.724033981236
110.95 0.547140845931
111.02 0.505828599708
111.09 0.735533435672
111.16 0.598513852211
111.23 0.423615267121
111.3 0.306841701279
111.37 0.398202883318
111.44 0.66321849043
111.51 0.267201784314
111.58 0.75506822925
111.65 0.592377103465
111.72 0.596770939084
111.79 0.531405823253
111.86 0.44505067778
111.93 0.635452794962
112.0 0.519510517125
112.07 0.779825077707
112.14 0.588198706324
112.21 0.444731402489
112.28 0.219823468941
112.35 0.219627810466
112.42 0.534606176908
112.49 0.420850440037
112.56 0.769771953957
112.63 0.55127313258
112.7 0.482637984531
112.77 0.539303561183
112.84 0.628921646845
112.91 0.681584524314
112.98 0.634963226206
113.05 0.828319133505
113.12 0.430101390568
113.19 0.455115534966
113.26 0.372673348398
113.33 0.453381568242
113.4 0.754584970294
113.47 0.737184622864
113.54 0.894884579907
113.61 0.537902367304
113.68 0.40115281699
113.75 0.237253696976
113.82 0.405565428843
113.89 0.74736919119
113.96 0.530846641576
114.03 0.726103710233
114.1 0.597510460126
114.17 0.375295303797
114.24 0.425403349877
114.31 0.540005453176
114.38 0.679496101135
114.45 0.546928815346
114.52 0.983617775724
114.59 0.771806843673
114.66 0.724428388812
114.73 0.631963489702
114.8 0.606319371893
114.87 0.744912015362
114.94 0.616087433303
115.01 0.837299462849
115.08 0.780387579755
115.15 0.739565077332
115.22 0.798288378772
115.29 0.645369474433
115.36 0.714693725303
115.43 0.433266448186
115.5 0.75788076137
115.57 0.735468816983
115.64 0.653864884636
115.71 0.630340416263
115.78 0.577515234459
115.85 0.725811468343
115.92 0.593429652905
115.99 0.82910357802
116.06 0.686750753743
116.13 0.592110833769
116.2 0.542207425389
116.27 0.474844679658
116.34 0.682242890454
116.41 0.473718381875
116.48 0.701988494777
116.55 0.479104376659
116.62 0.4301229511
116.69 0.434448858599
116.76 0.455859344594
116.83 0.726606390899
116.9 0.738492323953
116.97 0.780024007323
117.04 0.837360419284
117.11 0.961618175482
117.18 0.822034300035
117.25 0.646121409944
117.32 0.797876174116
117.39 0.65538767685
117.46 0.780790271849
117.53 0.685835923123
117.6 0.570193449635
117.67 0.528126453517
117.74 0.457386285905
117.81 0.703668474017
117.88 0.586723911798
117.95 0.693107823062
118.02 0.535924820999
118.09 0.495295974983
118.16 0.494495292376
118.23 0.467350492632
118.3 0.639559760362
118.37 0.571563493838
118.44 0.6493809313
118.51 0.503298933669
118.58 0.468542555096
118.65 0.431855594051
118.72 0.440203466544
118.79 0.582645590752
118.86 0.461386219935
118.93 0.775853044094
119.0 0.783630622333
119.07 0.777004006709
119.14 0.576195157192
119.21 0.321406473652
119.28 0.657656127597
119.35 0.31403012151
119.42 0.664810020344
119.49 0.718381735902
119.56 0.680772346221
119.63 0.557697353259
119.7 0.588102686333
119.77 0.634650195073
119.84 0.579290147868
119.91 0.708039436272
119.98 0.662965526835
120.05 0.560605259895
120.12 0.44728630499
120.19 0.226185357448
120.26 0.606588475118
120.33 0.451388432057
120.4 0.787178627597
120.47 0.675491930486
120.54 0.704100551668
120.61 0.717632776144
120.68 0.718549239599
120.75 0.796146613585
120.82 0.647043844051
120.89 0.694490443102
120.96 0.66072787841
121.03 0.711814670887
121.1 0.454533356848
121.17 0.426930671362
121.24 0.719413233533
121.31 0.824406177334
121.38 0.890816058606
121.45 0.626613086343
121.52 0.549350539238
121.59 0.502485768217
121.66 0.473493387073
121.73 0.737280957387
121.8 0.567937074208
121.87 0.839869982581
121.94 0.578664246971
122.01 0.314944131611
122.08 0.331411416464
122.15 0.448355207395
122.22 0.602934064814
122.29 0.403638437513
122.36 0.837565418012
122.43 0.501897482694
122.5 0.445680610165
122.57 0.448991846164
122.64 0.46552206764
122.71 0.592208535826
122.78 0.440502447639
122.85 0.867391584276
122.92 0.809321121406
122.99 0.780849398523
123.06 0.661983022456
123.13 0.341415516876
123.2 0.717793442174
123.27 0.257154691386
123.34 0.71393865267
123.41 0.744004068904
123.48 0.690526412294
123.55 0.657183852669
123.62 0.56090529399
123.69 0.680860267679
123.76 0.441528395819
123.83 0.765945713081
123.9 0.554921829329
123.97 0.322336161155
124.04 0.167421188639
124.11 0.17830360106
124.18 0.579161049979
124.25 0.419182943642
124.32 0.709831700945
124.39 0.462343930933
124.46 0.431260812745
124.53 0.431385788888
124.6 0.454425641711
124.67 0.69885170681
124.74 0.510711169887
124.81 0.682379028405
124.88 0.669057899122
124.95 0.539710005788
125.02 0.433503477282
125.09 0.316076408249
125.16 0.668994683522
125.23 0.561349736878
125.3 0.695629054155
125.37 0.589153723282
125.44 0.499670561201
125.51 0.496484372457
125.58 0.435304871608
125.65 0.671908322858
125.72 0.517434546706
125.79 0.785465967044
125.86 0.502626979717
125.93 0.427202534269
126.0 0.424904747195
126.07 0.331637787005
126.14 0.811059084062
126.21 0.701809197472
126.28 0.789076815938
126.35 0.695599507228
126.42 0.680165626348
126.49 0.66549217883
126.56 0.554701653714
126.63 0.690756606458
126.7 0.396807952743
126.77 0.766961437582
126.84 0.490592012872
126.91 0.371793991594
126.98 0.308459720315
127.05 0.324396249042
127.12 0.800247072261
127.19 0.571832274325
127.26 0.735738437136
127.33 0.589191803617
127.4 0.581434054612
127.47 0.584372293139
127.54 0.529015125959
127.61 0.691166081517
127.68 0.522650258964
127.75 0.637283465443
127.82 0.62007329268
127.89 0.377137518996
127.96 0.292888024887
128.03 0.222626696364
128.1 0.597966644657
128.17 0.508725500434
128.24 0.649346898864
128.31 0.795874449821
128.38 0.761765899176
128.45 0.653784060676
128.52 0.419540132429
128.59 0.682724470079
128.66 0.630366823333
128.73 0.649605543193
128.8 0.797003753442
128.87 0.664065863363
128.94 0.509595027408
129.01 0.399528362342
129.08 0.690794003027
129.15 0.694499255487
129.22 0.78019541943
129.29 0.633269828728
129.36 0.562624969989
129.43 0.52032893117
129.5 0.507337470432
129.57 0.661099407152
129.64 0.551931944536
129.71 0.667287457547
129.78 0.58394339637
129.85 0.381483239319
129.92 0.265165056633
129.99 0.183567631009
130.06 0.654503093333
130.13 0.667055868499
130.2 0.445949232018
130.27 0.805436341894
130.34 0.68502295186
130.41 0.600614829346
130.48 0.246174388189
130.55 0.65538787651
130.62 0.668886642913
130.69 0.599994622859
130.76 0.767791109162
130.83 0.648131429698
130.9 0.572163687842
130.97 0.367105195429
131.04 0.662756895938
131.11 0.7618405665
131.18 0.681175142247
131.25 0.743641193914
131.32 0.742199693355
131.39 0.672814781439
131.46 0.578817799093
131.53 0.64451325903
131.6 0.757990240625
131.67 0.734629296428
131.74 0.759223509606
131.81 0.640480293597
131.88 0.580891565048
131.95 0.528651993872
132.02 0.577355101767
132.09 0.606728945415
132.16 0.615154220298
132.23 0.710241660111
132.3 0.667600475005
132.37 0.595461900547
132.44 0.459856007484
132.51 0.519497675986
132.58 0.650752143376
132.65 0.587161032912
132.72 0.909665149051
132.79 0.845582593575
132.86 0.684205500559
132.93 0.332901004967
133.0 0.620415769542
133.07 0.633705289658
133.14 0.679654699455
133.21 0.72786197529
133.28 0.625758807366
133.35 0.615643578454
133.42 0.574164854183
133.49 0.640407721334
133.56 0.72790514285
133.63 0.66083733852
133.7 0.839455660984
133.77 0.579375063488
133.84 0.707977254528
133.91 0.644301603148
133.98 0.83317044187
134.05 0.613663764779
134.12 0.551337537933
134.19 0.776810366713
134.26 0.649218069011
134.33 0.554873249072
134.4 0.545479631985
134.47 0.632738810035
134.54 0.432396713347
134.61 0.321540716201
134.68 0.701248465012
134.75 0.502512372212
134.82 0.45021529899
134.89 0.382977461025
134.96 0.569037498258
135.03 0.389001910663
135.1 0.24856376171
135.17 0.676824714873
135.24 0.424984419692
135.31 0.42799291935
135.38 0.413197747683
135.45 0.591955014277
135.52 0.795229187386
135.59 0.692641483229
135.66 0.86344218334
135.73 0.690480506933
135.8 0.677476062832
135.87 0.44209695057
135.94 0.724273863007
136.01 0.622193043314
136.08 0.539278026599
136.15 0.82387494257
136.22 0.634046672493
136.29 0.608816980214
136.36 0.545025397557
136.43 0.521462394828
136.5 0.47002461396
136.57 0.336850312911
136.64 0.733954150653
136.71 0.478073891003
136.78 0.445243453494
136.85 0.409881227535
136.92 0.534502411208
136.99 0.446903548798
137.06 0.280149877833
137.13 0.635450527592
137.2 0.402676974003
137.27 0.397775452546
137.34 0.416183442354
137.41 0.616841463876
137.48 0.755662912095
137.55 0.558578022896
137.62 0.795755028598
137.69 0.601206995929
137.76 0.671776076907
137.83 0.620871560223
137.9 0.68495436459
137.97 0.586954685796
138.04 0.666973573073
138.11 0.869495550839
138.18 0.682009545493
138.25 0.639365305316
138.32 0.603602260784
138.39 0.712619964817
138.46 0.760524553543
138.53 0.644016237217
138.6 0.901425262467
138.67 0.723342255486
138.74 0.718699662805
138.81 0.651031593359
138.88 0.771963062485
138.95 0.773191796725
139.02 0.562835509963
139.09 0.853644873125
139.16 0.677890819305
139.23 0.802528161752
139.3 0.66442982144
139.37 0.730066734536
139.44 0.68604558514
139.51 0.626053967573
139.58 0.881093713837
139.65 0.75161635338
139.72 0.708068099772
139.79 0.683056693176
139.86 0.808443205982
139.93 0.653080489352
140.0 0.660801987781
140.07 0.798012670361
140.14 0.510427196104
140.21 0.424538724143
140.28 0.288243069108
140.35 0.807126424471
140.42 0.809933803725
140.49 0.777677035542
140.56 0.849315103712
140.63 0.342874710582
140.7 0.245001145719
140.77 0.201154203669
140.84 0.775383982869
140.91 0.717185316476
140.98 0.58047434975
141.05 0.953536695762
141.12 0.335327178813
141.19 0.157336950769
141.26 0.279217605691
141.33 0.798202109294
141.4 0.739193042603
141.47 0.767165517328
141.54 0.816386346021
141.61 0.424091166013
141.68 0.20124879322
141.75 0.162849776072
141.82 0.795975877039
141.89 0.758576042707
141.96 0.652484376068
142.03 0.820478495564
142.1 0.446597349862
142.17 0.402164099743
142.24 0.354916515094
142.31 0.690665515058
142.38 0.785735357451
142.45 0.71705120521
142.52 0.937334345892
142.59 0.861598496676
142.66 0.839990563472
142.73 0.477042015932
142.8 0.529434239394
142.87 0.839237011537
142.94 0.675516020955
143.01 0.907993580142
143.08 0.745390652056
143.15 0.712001358344
143.22 0.551154624869
143.29 0.552943979431
143.36 0.875491522961
143.43 0.752769583366
143.5 0.907471847
143.57 0.815735432938
143.64 0.792459532909
143.71 0.453014702789
143.78 0.574716353058
143.85 0.873145850337
143.92 0.355004340825
143.99 0.916738371002
144.06 0.727447355571
144.13 0.641768209213
144.2 0.618157143155
144.27 0.665838681711
144.34 0.745462324482
144.41 0.591357303714
144.48 0.808456848495
144.55 0.814693829235
144.62 0.641545552893
144.69 0.383526159191
144.76 0.457880736755
144.83 0.889844379621
144.9 0.79495429129
144.97 0.927553109664
145.04 0.72765650066
145.11 0.682367243002
145.18 0.573226507458
145.25 0.500511413735
145.32 0.796395108081
145.39 0.705766800873
145.46 0.704596837749
145.53 0.661819145457
145.6 0.433770895705
145.67 0.367284763506
145.74 0.284770327413
145.81 0.705050355589
145.88 0.24584352989
145.95 0.713496132533
146.02 0.565616941638
146.09 0.467993222395
146.16 0.425522117419
146.23 0.377936560563
146.3 0.678645117914
146.37 0.391025698743
146.44 0.748030574109
146.51 0.964297627455
146.58 0.821430602411
146.65 0.766736494746
146.72 0.84040038862
146.79 0.945804607154
146.86 0.745959299799
146.93 0.953650004111
147.0 0.779362547822
147.07 0.68704387359
147.14 0.694234741705
147.21 0.678571615728
147.28 0.83923488639
147.35 0.639600315933
147.42 0.694610198003
147.49 0.872403391833
147.56 0.757601078907
147.63 0.647320381187
147.7 0.70556141103
147.77 0.802036063059
147.84 0.37154598394
147.91 0.6499852744
147.98 0.808240876679
148.05 0.700254935579
148.12 0.654592953954
148.19 0.596490895592
148.26 0.731951034208
148.33 0.66483033095
148.4 0.590761701888
148.47 0.837375825915
148.54 0.778250064862
148.61 0.547865384278
148.68 0.364794602772
148.75 0.776110080204
148.82 0.816895470505
148.89 0.741321567331
148.96 0.912383389742
149.03 0.699740061984
149.1 0.666998727483
149.17 0.515411904619
149.24 0.771633473258
149.31 0.575936841071
149.38 0.504026666573
149.45 0.780016849653
149.52 0.586342558695
149.59 0.458189194856
149.66 0.327933554724
149.73 0.296514679733
149.8 0.753467867806
149.87 0.260395983522
149.94 0.683784658562
150.01 0.489501812501
150.08 0.449011760186
150.15 0.422857076512
150.22 0.308001528246
150.29 0.730655433054
150.36 0.678943141735
150.43 0.680298739315
150.5 0.722511355861
150.57 0.599753447401
150.64 0.382341886197
150.71 0.233621148062
150.78 0.660857022796
150.85 0.540308416528
150.92 0.628613609944
150.99 0.54115575117
151.06 0.473777877784
151.13 0.387734557279
151.2 0.265695924898
151.27 0.559348056344
151.34 0.587156284836
151.41 0.490065255412
151.48 0.487167690065
151.55 0.378168661068
151.62 0.275670587786
151.69 0.213803037117
151.76 0.465074873275
151.83 0.157462602474
151.9 0.451304752687
151.97 0.337002560405
152.04 0.284175313626
152.11 0.284938077267
152.18 0.234430492625
152.25 0.357101951093
152.32 0.316698619541
152.39 0.335550765056
152.46 0.254853690609
152.53 0.17698154087
152.6 0.116554990242
152.67 0.12736995865
152.74 0.299442831332
152.81 0.245875325042
152.88 0.297204663245
152.95 0.158806824911
153.02 0.132794441294
153.09 0.102974026876
153.16 0.114713931976
153.23 0.118923188876
153.3 0.0647551384931
153.37 0.158436217886
153.44 0.107519051518
153.51 0.0755026957092
153.58 0.0414074238138
153.65 0.0862698934402
153.72 0.0941191878668
153.79 0.0288471053338
153.86 0.118966506864
153.93 0.0690401758889
154.0 0.0592286843524
154.07 0.047825692988
154.14 0.0477525983272
154.21 0.0581211682739
154.28 0.0294306044897
154.35 0.0758613751074
154.42 0.065893530741
154.49 0.0536238705473
154.56 0.0420344925841
154.63 0.0410981123718
154.7 0.053165724974
154.77 0.0329850180151
154.84 0.0605940844115
154.91 0.0418915908128
154.98 0.0368159577364
155.05 0.0305750029443
155.12 0.0273525882402
155.19 0.0298143945363
155.26 0.0211793236169
155.33 0.0252480281672
155.4 0.0225554259924
155.47 0.0142676374476
155.54 0.0136074497531
155.61 0.0133886115865
155.68 0.0181239667943
155.75 0.00764393466932
155.82 0.020699458878
155.89 0.017145838522
155.96 0.011646918299
156.03 0.0124216177712
156.1 0.0105187688764
156.17 0.00988338003278
156.24 0.009117703546
156.31 0.00854075214009
156.38 0.0092026219007
156.45 0.00696238063279
156.52 0.00533388355584
156.59 0.00466736965178
156.66 0.0068687647656
156.73 0.00613766499359
156.8 0.00568922617247
156.87 0.00468933223836
156.94 0.00370982549234
157.01 0.00322683183699
157.08 0.00298670938039
157.15 0.00360728510211
157.22 0.00319120212149
157.29 0.00265840016424
157.36 0.00239367578157
157.43 0.00211268048638
157.5 0.00130145966687
157.57 0.00111789839216
157.64 0.000740639685087
157.71 0.000408739326197
157.78 0.000236080027836
157.85 0.000107627614526
157.92 9.493690447e-05
157.99 0.000120146015371
158.06 0.00010963788864
158.13 9.44418573751e-05
158.2 0.0
158.27 0.0
158.34 0.0
158.41 0.0
158.48 0.0
158.55 0.0
158.62 0.0
158.69 0.0
158.76 0.0
158.83 0.0
158.9 0.0
158.97 0.0
159.04 0.0
159.11 0.0
159.18 0.0
159.25 0.0
159.32 0.0
159.39 0.0
159.46 0.0
159.53 0.0
159.6 0.0
159.67 0.0
159.74 0.0
159.81 0.0
159.88 0.0
159.95 0.0
160.02 0.0
160.09 0.0
160.16 0.0
160.23 0.0
160.3 0.0
160.37 0.0
160.44 0.0
