0.0 0.0
0.07 1.47034842428e-06
0.14 2.04501895346e-05
0.21 0.0161402653234
0.28 0.0763070700043
0.35 0.123700581295
0.42 0.166069345829
0.49 0.184242573
0.56 0.188015614262
0.63 0.173939624593
0.7 0.227860623625
0.77 0.215792172119
0.84 0.213316312394
0.91 0.166468583464
0.98 0.225442124948
1.05 0.156700288164
1.12 0.133515668344
1.19 0.0736219344278
1.26 0.0964032485252
1.33 0.14421458445
1.4 0.138872197538
1.47 0.101967715416
1.54 0.136849753858
1.61 0.0506807663943
1.68 0.140449696824
1.75 0.212374229355
1.82 0.237293654542
1.89 0.140115571057
1.96 0.058483395412
2.03 0.0403323269786
2.1 0.0315436915362
2.17 0.0561625857362
2.24 0.286778747066
2.31 0.224348421425
2.38 0.249836866464
2.45 0.221796310602
2.52 0.167932956961
2.59 0.213016058266
2.66 0.201141787533
2.73 0.254513015931
2.8 0.254165196843
2.87 0.235545195761
2.94 0.266022822334
3.01 0.195099356388
3.08 0.175715045996
3.15 0.137629917739
3.22 0.211421577017
3.29 0.190261766654
3.36 0.150044476044
3.43 0.053815746279
3.5 0.0343637574583
3.57 0.0241945247071
3.64 0.0157834009109
3.71 0.0151977832074
3.78 0.011786975187
3.85 0.00980664782285
3.92 0.00962068428996
3.99 0.00830704707233
4.06 0.00674255893546
4.13 0.0141186734226
4.2 0.21521465318
4.27 0.299197462006
4.34 0.300457139057
4.41 0.26171470644
4.48 0.265596584663
4.55 0.291311701558
4.62 0.323798387775
4.69 0.366119401528
4.76 0.393038851011
4.83 0.302888168745
4.9 0.210571387636
4.97 0.18842760614
5.04 0.18762946011
5.11 0.134945874635
5.18 0.240703395032
5.25 0.211208577281
5.32 0.252459237243
5.39 0.193371262993
5.46 0.216114885538
5.53 0.173605753237
5.6 0.17965509714
5.67 0.28265960524
5.74 0.330008078224
5.81 0.314634983092
5.88 0.298963886121
5.95 0.254448483973
6.02 0.331144970582
6.09 0.321801627178
6.16 0.292669506596
6.23 0.264468554304
6.3 0.291511237442
6.37 0.284003467533
6.44 0.257315743216
6.51 0.249220554769
6.58 0.297357896496
6.65 0.23438702513
6.72 0.187651192334
6.79 0.172197366468
6.86 0.229037833959
6.93 0.212951816885
7.0 0.200543072629
7.07 0.153161588515
7.14 0.120774097814
7.21 0.140302179349
7.28 0.101876485223
7.35 0.0381006760386
7.42 0.0243900199389
7.49 0.0215989157653
7.56 0.0157681773798
7.63 0.0148549725324
7.7 0.0124123085104
7.77 0.0116634696607
7.84 0.0117270488236
7.91 0.00784901545501
7.98 0.00827101168835
8.05 0.127340850968
8.12 0.290257217303
8.19 0.362959433203
8.26 0.385315306536
8.33 0.363383863805
8.4 0.316951096133
8.47 0.376972139276
8.54 0.439216177134
8.61 0.436071772802
8.68 0.570740348953
8.75 0.404107585312
8.82 0.363199230943
8.89 0.30051077622
8.96 0.199626228701
9.03 0.162307115806
9.1 0.196472633132
9.17 0.209710304708
9.24 0.181377518656
9.31 0.166823291615
9.38 0.169766826897
9.45 0.0903352527724
9.52 0.159605337482
9.59 0.401146278643
9.66 0.32820010837
9.73 0.184096170445
9.8 0.0965769504248
9.87 0.0769554325508
9.94 0.0690569640029
10.01 0.149555615748
10.08 0.408971758546
10.15 0.420328365618
10.22 0.386880128899
10.29 0.439697710631
10.36 0.486376184873
10.43 0.445543598968
10.5 0.284207544162
10.57 0.35684525554
10.64 0.353111966064
10.71 0.360033017067
10.78 0.309348126464
10.85 0.246787882631
10.92 0.222206103817
10.99 0.21760207126
11.06 0.20938700265
11.13 0.303910637067
11.2 0.179360805469
11.27 0.0827567864159
11.34 0.0411884426488
11.41 0.0350408522841
11.48 0.0286486116552
11.55 0.0382211548172
11.62 0.0236652953022
11.69 0.017226452485
11.76 0.0155714911533
11.83 0.0125688251671
11.9 0.00895117940519
11.97 0.124252276227
12.04 0.284295311118
12.11 0.37538253674
12.18 0.363127267427
12.25 0.34496071731
12.32 0.351345863102
12.39 0.431879017527
12.46 0.426658751844
12.53 0.434575365913
12.6 0.404230457304
12.67 0.363563001878
12.74 0.292451449809
12.81 0.212056348506
12.88 0.151035771483
12.95 0.181008411317
13.02 0.278975322389
13.09 0.253603400281
13.16 0.201813290296
13.23 0.125106738223
13.3 0.0958240222854
13.37 0.185283444996
13.44 0.176753739283
13.51 0.276151891751
13.58 0.309423847537
13.65 0.24403678715
13.72 0.266605771212
13.79 0.296494654811
13.86 0.320248592544
13.93 0.249076014156
14.0 0.279282756157
14.07 0.318040041913
14.14 0.281052879817
14.21 0.275882203162
14.28 0.332824530007
14.35 0.31107548406
14.42 0.352157572754
14.49 0.336912813223
14.56 0.27833651399
14.63 0.254720527115
14.7 0.240504377947
14.77 0.278028062576
14.84 0.30951425214
14.91 0.202711299049
14.98 0.25884032243
15.05 0.24651604651
15.12 0.180802102352
15.19 0.0863115651176
15.26 0.0520089836318
15.33 0.321377709141
15.4 0.312190583086
15.47 0.456484245842
15.54 0.478336269805
15.61 0.487630947045
15.68 0.406240599443
15.75 0.330500032613
15.82 0.28450277117
15.89 0.257987596418
15.96 0.32027224283
16.03 0.363395444513
16.1 0.379115908525
16.17 0.355263289088
16.24 0.302638043646
16.31 0.438241869894
16.38 0.411632806099
16.45 0.562577464618
16.52 0.548649704527
16.59 0.494170980762
16.66 0.39301067744
16.73 0.339565076099
16.8 0.491388541543
16.87 0.51437640031
16.94 0.455872433738
17.01 0.388084472712
17.08 0.312832258602
17.15 0.347082638354
17.22 0.421952177762
17.29 0.567989559015
17.36 0.513650366202
17.43 0.665901650659
17.5 0.719400905375
17.57 0.625696028056
17.64 0.515955623109
17.71 0.449670217248
17.78 0.453066315549
17.85 0.405887165844
17.92 0.336279065616
17.99 0.418049404129
18.06 0.436547958671
18.13 0.374935724168
18.2 0.400120354566
18.27 0.628743139969
18.34 0.571136309169
18.41 0.589754402166
18.48 0.620170955029
18.55 0.446518380112
18.62 0.379263937318
18.69 0.353509026235
18.76 0.463310516116
18.83 0.478340473829
18.9 0.377055619897
18.97 0.516721486323
19.04 0.472557723176
19.11 0.376454887162
19.18 0.325914416201
19.25 0.401172620203
19.32 0.341616421666
19.39 0.540248147349
19.46 0.456041763253
19.53 0.401563866325
19.6 0.310541111554
19.67 0.283115872189
19.74 0.239336740467
19.81 0.227839311679
19.88 0.466927831392
19.95 0.594849713175
20.02 0.486159638342
20.09 0.425306679793
20.16 0.465166467467
20.23 0.619196898459
20.3 0.623132341513
20.37 0.665308602645
20.44 0.507787295117
20.51 0.390541426176
20.58 0.325135706456
20.65 0.361660573049
20.72 0.54217584896
20.79 0.438105341994
20.86 0.429614155918
20.93 0.435865148317
21.0 0.320446464777
21.07 0.297671483529
21.14 0.419115373064
21.21 0.369282034938
21.28 0.490920014207
21.35 0.680282451413
21.42 0.603365129445
21.49 0.482432369937
21.56 0.421480628666
21.63 0.413718033283
21.7 0.409321596714
21.77 0.375076836462
21.84 0.433351925031
21.91 0.398126441132
21.98 0.457812738692
22.05 0.427673436922
22.12 0.499480899038
22.19 0.727170677904
22.26 0.651886495252
22.33 0.502982780116
22.4 0.431430863059
22.47 0.335313029242
22.54 0.317694864214
22.61 0.461541917677
22.68 0.503203516953
22.75 0.584067439911
22.82 0.702718628966
22.89 0.523918182136
22.96 0.236478683685
23.03 0.135188063094
23.1 0.339735834808
23.17 0.502188778249
23.24 0.493838703219
23.31 0.577695511042
23.38 0.62203305341
23.45 0.623779995699
23.52 0.584140403613
23.59 0.566823714885
23.66 0.520421886886
23.73 0.556291210045
23.8 0.570858195072
23.87 0.451615365996
23.94 0.431528166702
24.01 0.444994408242
24.08 0.667752083527
24.15 0.612749885793
24.22 0.62106681625
24.29 0.481803513514
24.36 0.385960364228
24.43 0.342241965752
24.5 0.331905320302
24.57 0.484272092583
24.64 0.395070478445
24.71 0.323039745355
24.78 0.399705849752
24.85 0.341852924529
24.92 0.425404573322
24.99 0.447414588031
25.06 0.502300895122
25.13 0.330922300717
25.2 0.55533451955
25.27 0.613893516312
25.34 0.517699355324
25.41 0.405652231851
25.48 0.188755747003
25.55 0.161752667244
25.62 0.129509402884
25.69 0.297329825188
25.76 0.412264424882
25.83 0.454263525864
25.9 0.412291895081
25.97 0.544628007267
26.04 0.704819687026
26.11 0.64332149993
26.18 0.598165540927
26.25 0.521196748035
26.32 0.401186111492
26.39 0.406271502949
26.46 0.428360196888
26.53 0.672523728321
26.6 0.641083462515
26.67 0.51769081134
26.74 0.533013773701
26.81 0.446411131975
26.88 0.341508717085
26.95 0.231930930928
27.02 0.330089245448
27.09 0.313071699668
27.16 0.583916474163
27.23 0.507981124203
27.3 0.466952622789
27.37 0.471714523874
27.44 0.408251713085
27.51 0.3719501025
27.58 0.354389310991
27.65 0.443016511505
27.72 0.540422754654
27.79 0.446826325197
27.86 0.39679653156
27.93 0.343178128737
28.0 0.488110915413
28.07 0.485862975906
28.14 0.509830374807
28.21 0.467594561446
28.28 0.357767857398
28.35 0.337381350536
28.42 0.28315296388
28.49 0.496699796726
28.56 0.480959789177
28.63 0.532293416461
28.7 0.577983357624
28.77 0.452241446341
28.84 0.362826984616
28.91 0.334340904453
28.98 0.430682909661
29.05 0.445660594555
29.12 0.586504813672
29.19 0.697852162287
29.26 0.560144237514
29.33 0.511482682278
29.4 0.450584428517
29.47 0.47199371922
29.54 0.482329544069
29.61 0.442151362982
29.68 0.604113442013
29.75 0.644666003241
29.82 0.592297421521
29.89 0.60252770678
29.96 0.584862052865
30.03 0.521527959294
30.1 0.715206406633
30.17 0.78603786668
30.24 0.647651149757
30.31 0.441035480768
30.38 0.597903495905
30.45 0.685334046058
30.52 0.641168736488
30.59 0.587261251193
30.66 0.562895658492
30.73 0.501485545142
30.8 0.485447579404
30.87 0.446245214566
30.94 0.437826354917
31.01 0.398838218223
31.08 0.461379613161
31.15 0.646076278142
31.22 0.689106007319
31.29 0.662791701616
31.36 0.592595445807
31.43 0.538639732085
31.5 0.553985373231
31.57 0.59216380314
31.64 0.619529916788
31.71 0.618376628612
31.78 0.576001179541
31.85 0.590781780379
31.92 0.492157561205
31.99 0.582830755916
32.06 0.597932235667
32.13 0.609696989761
32.2 0.511518524359
32.27 0.487039374368
32.34 0.484234268836
32.41 0.564259682892
32.48 0.608334819822
32.55 0.774476534479
32.62 0.675655812405
32.69 0.61065625929
32.76 0.581851037445
32.83 0.523034889339
32.9 0.477206209142
32.97 0.410239057964
33.04 0.549012585021
33.11 0.608012409451
33.18 0.577585348398
33.25 0.529919933642
33.32 0.482850491384
33.39 0.416406869049
33.46 0.450058749648
33.53 0.553269027959
33.6 0.379613458718
33.67 0.301453567621
33.74 0.253091063047
33.81 0.307681356201
33.88 0.405993810377
33.95 0.452474585735
34.02 0.474221404335
34.09 0.453834215302
34.16 0.45500318096
34.23 0.373116714852
34.3 0.321302685205
34.37 0.513975441657
34.44 0.712416802738
34.51 0.577110654079
34.58 0.52956653122
34.65 0.3802990015
34.72 0.48698564866
34.79 0.506822797682
34.86 0.377923931104
34.93 0.336590010012
35.0 0.398528522189
35.07 0.360457840509
35.14 0.396926645548
35.21 0.34818282438
35.28 0.352046286459
35.35 0.281487059115
35.42 0.594719844868
35.49 0.598392818881
35.56 0.608639669567
35.63 0.556915392282
35.7 0.525891879838
35.77 0.59115147885
35.84 0.630525605077
35.91 0.663108463803
35.98 0.499895489904
36.05 0.412630090184
36.12 0.376182459908
36.19 0.310997077949
36.26 0.351925685463
36.33 0.42543468491
36.4 0.56144680534
36.47 0.42346140998
36.54 0.361023332273
36.61 0.321024768151
36.68 0.29579975368
36.75 0.298242712021
36.82 0.23570411935
36.89 0.319659164905
36.96 0.45306924128
37.03 0.521903756158
37.1 0.458053507935
37.17 0.505010497845
37.24 0.372872434981
37.31 0.527529314217
37.38 0.456130572797
37.45 0.300774560968
37.52 0.2455482966
37.59 0.185576796342
37.66 0.346917679977
37.73 0.515232141845
37.8 0.483779665537
37.87 0.702238264016
37.94 0.523920450638
38.01 0.551509340156
38.08 0.539468669381
38.15 0.408475332004
38.22 0.596616699093
38.29 0.596199955708
38.36 0.597333655451
38.43 0.567828945586
38.5 0.597553227483
38.57 0.585200122009
38.64 0.507734343867
38.71 0.290677897831
38.78 0.353831059977
38.85 0.459990915841
38.92 0.505372325775
38.99 0.408146632433
39.06 0.362795248037
39.13 0.336243723628
39.2 0.390417138708
39.27 0.544391044219
39.34 0.493548744025
39.41 0.461847802529
39.48 0.49573808784
39.55 0.465944039843
39.62 0.518397481494
39.69 0.505868903218
39.76 0.570206359311
39.83 0.542101865118
39.9 0.473843109501
39.97 0.379106325695
40.04 0.415051204061
40.11 0.589338187557
40.18 0.696192239933
40.25 0.630293198987
40.32 0.649045908055
40.39 0.665206912899
40.46 0.584205379545
40.53 0.440717343014
40.6 0.392042799077
40.67 0.335083153547
40.74 0.432248900571
40.81 0.468071908379
40.88 0.413288858657
40.95 0.40415960372
41.02 0.397411929119
41.09 0.41724704285
41.16 0.572597139613
41.23 0.476343164502
41.3 0.465707190283
41.37 0.422439315793
41.44 0.38969585985
41.51 0.470760604468
41.58 0.428697995408
41.65 0.42017399774
41.72 0.36753173791
41.79 0.289483197958
41.86 0.262031841514
41.93 0.245866892046
42.0 0.285487089001
42.07 0.290811221892
42.14 0.65173603708
42.21 0.599358163107
42.28 0.528896911601
42.35 0.466950440337
42.42 0.36833123706
42.49 0.422478735847
42.56 0.435795420878
42.63 0.505511769429
42.7 0.503980011822
42.77 0.497121797948
42.84 0.399280598548
42.91 0.364765566057
42.98 0.342007879798
43.05 0.379356775043
43.12 0.541646648239
43.19 0.506807809856
43.26 0.526128921454
43.33 0.477397479149
43.4 0.506788247612
43.47 0.451258875718
43.54 0.453353826656
43.61 0.504511912547
43.68 0.424673447244
43.75 0.350549666313
43.82 0.293434909625
43.89 0.40371881596
43.96 0.481216182275
44.03 0.596617715492
44.1 0.577382811955
44.17 0.442400216023
44.24 0.437294111235
44.31 0.44254366541
44.38 0.431994602627
44.45 0.401382428572
44.52 0.354074162571
44.59 0.423536997612
44.66 0.459920655884
44.73 0.377805935331
44.8 0.376192968098
44.87 0.348599021529
44.94 0.344993490241
45.01 0.558894048512
45.08 0.422131785997
45.15 0.335939445061
45.22 0.330987412584
45.29 0.423142046312
45.36 0.429375980674
45.43 0.448208513824
45.5 0.473493765191
45.57 0.450375620334
45.64 0.32880271926
45.71 0.351754294467
45.78 0.348286225168
45.85 0.414013661861
45.92 0.405692310382
45.99 0.602681429899
46.06 0.415850566028
46.13 0.243419603722
46.2 0.137717445248
46.27 0.281808439368
46.34 0.321521890584
46.41 0.300385688105
46.48 0.412344581942
46.55 0.392108155378
46.62 0.374645973242
46.69 0.353769004788
46.76 0.312186423958
46.83 0.23561010809
46.9 0.513554931985
46.97 0.52762250737
47.04 0.477024413467
47.11 0.384745619478
47.18 0.378344903456
47.25 0.387117714258
47.32 0.417338849211
47.39 0.397356306549
47.46 0.509479350633
47.53 0.469329662379
47.6 0.409356919995
47.67 0.319415184341
47.74 0.379324532135
47.81 0.37028694513
47.88 0.532395712305
47.95 0.504088165364
48.02 0.49742584954
48.09 0.504505751799
48.16 0.520339253055
48.23 0.514654474499
48.3 0.271909435207
48.37 0.343324563717
48.44 0.540614479857
48.51 0.510988359618
48.58 0.519954958352
48.65 0.495929730734
48.72 0.447293091606
48.79 0.485377010163
48.86 0.589239482157
48.93 0.46592484924
49.0 0.528832671467
49.07 0.602091419857
49.14 0.507951875618
49.21 0.575213549184
49.28 0.538049064814
49.35 0.579251320507
49.42 0.488285546413
49.49 0.330083307934
49.56 0.27206905718
49.63 0.242022654243
49.7 0.270291498221
49.77 0.472361742817
49.84 0.472959595964
49.91 0.313359944079
49.98 0.164686063482
50.05 0.0869458639497
50.12 0.249320000955
50.19 0.21995333174
50.26 0.233814578206
50.33 0.464696288951
50.4 0.469946687423
50.47 0.371473412798
50.54 0.268585147027
50.61 0.234744630328
50.68 0.192475393043
50.75 0.508051347994
50.82 0.546874745803
50.89 0.511775341476
50.96 0.475001962304
51.03 0.533567260738
51.1 0.536923236859
51.17 0.428002619126
51.24 0.399578773735
51.31 0.50817593851
51.38 0.63311430625
51.45 0.630464744625
51.52 0.590105629619
51.59 0.50975672145
51.66 0.509096895424
51.73 0.646768963151
51.8 0.597981305895
51.87 0.536505701555
51.94 0.496693081013
52.01 0.406302022344
52.08 0.465494812857
52.15 0.271439109531
52.22 0.398254085833
52.29 0.510011778888
52.36 0.467343542167
52.43 0.573260521164
52.5 0.373497315602
52.57 0.369971366455
52.64 0.393609312528
52.71 0.569067452863
52.78 0.557735037325
52.85 0.484105404457
52.92 0.294383009994
52.99 0.684180795294
53.06 0.952825514505
53.13 0.994241999589
53.2 0.771801288524
53.27 0.554621752251
53.34 0.472012015642
53.41 0.432487327732
53.48 0.550394826028
53.55 1.0
53.62 0.74882353014
53.69 0.618592877082
53.76 0.602780304907
53.83 0.49932310783
53.9 0.342570337331
53.97 0.574685170311
54.04 0.773306278058
54.11 0.554132369413
54.18 0.624010437583
54.25 0.538115874004
54.32 0.517240637793
54.39 0.469584435475
54.46 0.503705212556
54.53 0.433835418992
54.6 0.531321784282
54.67 0.582723263345
54.74 0.52457005157
54.81 0.505522645518
54.88 0.47727377159
54.95 0.478262744901
55.02 0.500268833692
55.09 0.46471863725
55.16 0.455508550563
55.23 0.413214793752
55.3 0.346588844471
55.37 0.293518975144
55.44 0.285317869232
55.51 0.313809111204
55.58 0.559639271976
55.65 0.554562717574
55.72 0.577260063428
55.79 0.584871286503
55.86 0.536931899319
55.93 0.573679993237
56.0 0.505400637776
56.07 0.463150248137
56.14 0.539162155984
56.21 0.47627870737
56.28 0.393860838136
56.35 0.307172005807
56.42 0.330842687398
56.49 0.297536690366
56.56 0.524241577727
56.63 0.556523419092
56.7 0.491663229816
56.77 0.503505856256
56.84 0.528440295459
56.91 0.627148711098
56.98 0.554633260626
57.05 0.596887860525
57.12 0.510737245558
57.19 0.480172152584
57.26 0.438593632359
57.33 0.404680945123
57.4 0.390152982321
57.47 0.445522809563
57.54 0.557254031358
57.61 0.567551603452
57.68 0.456767673896
57.75 0.450386284413
57.82 0.328379278868
57.89 0.373643397649
57.96 0.351318239508
58.03 0.419298475715
58.1 0.633177880424
58.17 0.661466898979
58.24 0.720284193184
58.31 0.6347444263
58.38 0.635791426619
58.45 0.641741922951
58.52 0.716652640844
58.59 0.654431165788
58.66 0.598857073602
58.73 0.565862260411
58.8 0.61916382622
58.87 0.579120862315
58.94 0.589370108709
59.01 0.580899061043
59.08 0.58677546254
59.15 0.551193576908
59.22 0.584448615581
59.29 0.563924423497
59.36 0.499414996501
59.43 0.522659273307
59.5 0.530345757271
59.57 0.509051798503
59.64 0.568775186506
59.71 0.494049037871
59.78 0.539103565281
59.85 0.471111626147
59.92 0.437235964504
59.99 0.495607302905
60.06 0.579559813075
60.13 0.572961359509
60.2 0.378238378646
60.27 0.196628601059
60.34 0.204615456378
60.41 0.181488024257
60.48 0.476983137706
60.55 0.455292344495
60.62 0.409928172182
60.69 0.391891578917
60.76 0.33758263737
60.83 0.309652558426
60.9 0.298374598159
60.97 0.404213446657
61.04 0.448738210897
61.11 0.520933968462
61.18 0.515328071168
61.25 0.479652492291
61.32 0.531167249291
61.39 0.441469263484
61.46 0.617814173572
61.53 0.613920424062
61.6 0.558620757008
61.67 0.389036392993
61.74 0.525827147094
61.81 0.314211132399
61.88 0.336898752003
61.95 0.398772277024
62.02 0.430587646298
62.09 0.388302357397
62.16 0.326106495585
62.23 0.305495439457
62.3 0.26288872416
62.37 0.561186507526
62.44 0.495226561231
62.51 0.454280537758
62.58 0.430876756207
62.65 0.436101398016
62.72 0.460989215077
62.79 0.494346267745
62.86 0.481192213974
62.93 0.484149769321
63.0 0.436543481528
63.07 0.473187526159
63.14 0.378445824979
63.21 0.307071601837
63.28 0.24689685927
63.35 0.50340652231
63.42 0.305846100721
63.49 0.282074924119
63.56 0.213164880224
63.63 0.164002945092
63.7 0.268195741647
63.77 0.209535147425
63.84 0.338684897348
63.91 0.419012163085
63.98 0.399362151131
64.05 0.303991473805
64.12 0.305225700984
64.19 0.258415518941
64.26 0.20430607337
64.33 0.554007327441
64.4 0.506992068583
64.47 0.479311496168
64.54 0.411908469616
64.61 0.356293053032
64.68 0.409958768899
64.75 0.425334863342
64.82 0.394371642666
64.89 0.366228505372
64.96 0.332696759348
65.03 0.30958696642
65.1 0.274461135729
65.17 0.269304050132
65.24 0.224506061732
65.31 0.545473455117
65.38 0.41685073843
65.45 0.322793149592
65.52 0.232767218719
65.59 0.19182626352
65.66 0.228492959498
65.73 0.157108022392
65.8 0.528667049625
65.87 0.545451423586
65.94 0.535521660584
66.01 0.522767405649
66.08 0.478004536004
66.15 0.41325275094
66.22 0.448046676975
66.29 0.587016894
66.36 0.52467179993
66.43 0.473796642001
66.5 0.450520270693
66.57 0.505011574105
66.64 0.598145628244
66.71 0.527658057626
66.78 0.561548729544
66.85 0.460667430758
66.92 0.323598177201
66.99 0.342806986107
67.06 0.32620875651
67.13 0.3127765637
67.2 0.417600243239
67.27 0.489450057377
67.34 0.370559021944
67.41 0.308113587506
67.48 0.205980537084
67.55 0.262337786226
67.62 0.249106831612
67.69 0.248298797208
67.76 0.46722259572
67.83 0.598158559578
67.9 0.571994573619
67.97 0.498612617763
68.04 0.462887638172
68.11 0.392720307944
68.18 0.537490218925
68.25 0.563592753299
68.32 0.541211090878
68.39 0.513239097651
68.46 0.481634430928
68.53 0.493854694973
68.6 0.574139467766
68.67 0.555766677275
68.74 0.532650581428
68.81 0.438629380907
68.88 0.365751705923
68.95 0.325222650316
69.02 0.374253729427
69.09 0.32048655079
69.16 0.465307306643
69.23 0.46446791603
69.3 0.369817864075
69.37 0.281020715477
69.44 0.173206574217
69.51 0.247860383955
69.58 0.396248902222
69.65 0.532006011358
69.72 0.526441132919
69.79 0.526704011014
69.86 0.490596270671
69.93 0.422650631924
70.0 0.372970064121
70.07 0.33772378583
70.14 0.546357592211
70.21 0.617421009388
70.28 0.588577900193
70.35 0.49835663746
70.42 0.488264763244
70.49 0.524302569127
70.56 0.538568352219
70.63 0.548922114321
70.7 0.575788779667
70.77 0.460725522616
70.84 0.433692090575
70.91 0.378692415754
70.98 0.368276477493
71.05 0.376323422549
71.12 0.585245164057
71.19 0.554313078851
71.26 0.452417047597
71.33 0.272770978321
71.4 0.242301580212
71.47 0.434400277222
71.54 0.380172696201
71.61 0.450397093158
71.68 0.584753479045
71.75 0.479049242878
71.82 0.336048099943
71.89 0.194195846611
71.96 0.181379992932
72.03 0.147362937147
72.1 0.582240081162
72.17 0.624893761558
72.24 0.575793995102
72.31 0.493404885584
72.38 0.512590244988
72.45 0.488959209179
72.52 0.494008925668
72.59 0.432782688181
72.66 0.445341605021
72.73 0.390300800351
72.8 0.339966829164
72.87 0.370705838541
72.94 0.299757039951
73.01 0.397083606178
73.08 0.635349384261
73.15 0.542689763794
73.22 0.441939827359
73.29 0.299414368952
73.36 0.185941591158
73.43 0.316895876381
73.5 0.376671568381
73.57 0.510184333442
73.64 0.517102945088
73.71 0.596729590425
73.78 0.510634948467
73.85 0.442132469192
73.92 0.403589732089
73.99 0.358407391618
74.06 0.660196073968
74.13 0.591454228454
74.2 0.542333019105
74.27 0.535003469392
74.34 0.421861538701
74.41 0.57196007468
74.48 0.524818735004
74.55 0.530905787919
74.62 0.487736471669
74.69 0.437283387294
74.76 0.420634918923
74.83 0.354107561554
74.9 0.344993955415
74.97 0.354533437562
75.04 0.649528986728
75.11 0.548172727988
75.18 0.472133772714
75.25 0.428197923549
75.32 0.462982829203
75.39 0.519211297523
75.46 0.46284439197
75.53 0.475482248686
75.6 0.532442560175
75.67 0.509549532022
75.74 0.38642936422
75.81 0.320526019481
75.88 0.377700534171
75.95 0.456414840159
76.02 0.606319595689
76.09 0.459315514597
76.16 0.492125855804
76.23 0.494208762107
76.3 0.612418150745
76.37 0.624297939961
76.44 0.670023881589
76.51 0.583816810978
76.58 0.577657368034
76.65 0.477416781992
76.72 0.500967588409
76.79 0.541754281734
76.86 0.615672738922
76.93 0.606915341213
77.0 0.500931347251
77.07 0.467077324298
77.14 0.386436538872
77.21 0.31163905402
77.28 0.369334054593
77.35 0.447363755629
77.42 0.378275612507
77.49 0.547139210228
77.56 0.539978230538
77.63 0.503221083813
77.7 0.426524784271
77.77 0.363102443606
77.84 0.284823364493
77.91 0.483348964442
77.98 0.626915470688
78.05 0.776385838652
78.12 0.707413451485
78.19 0.586730843264
78.26 0.577042721238
78.33 0.645252561269
78.4 0.52458956767
78.47 0.619005799307
78.54 0.4744050844
78.61 0.553830931773
78.68 0.393848312115
78.75 0.549253597452
78.82 0.761006612703
78.89 0.520391771557
78.96 0.403562008725
79.03 0.421058932988
79.1 0.304370366007
79.17 0.298447414702
79.24 0.340546900948
79.31 0.374038083314
79.38 0.369165406003
79.45 0.686106065031
79.52 0.694570839709
79.59 0.58128852005
79.66 0.582981355013
79.73 0.502090066613
79.8 0.446306285781
79.87 0.536636306907
79.94 0.592945695522
80.01 0.816159870967
80.08 0.814886511818
80.15 0.609033225346
80.22 0.715752783867
80.29 0.882912803977
80.36 0.65910690246
80.43 0.504186435521
80.5 0.390025944965
80.57 0.325805491942
80.64 0.295440835269
80.71 0.328618916977
80.78 0.46036884527
80.85 0.54477419906
80.92 0.677844003887
80.99 0.617228626955
81.06 0.530862667675
81.13 0.421085365587
81.2 0.273992375182
81.27 0.333856261898
81.34 0.304308939365
81.41 0.463479114821
81.48 0.448210057752
81.55 0.417093238668
81.62 0.43849354765
81.69 0.415991001138
81.76 0.379283694112
81.83 0.581352959722
81.9 0.768382469037
81.97 0.730483924129
82.04 0.681003841265
82.11 0.605581851173
82.18 0.467739725616
82.25 0.637534370657
82.32 0.559296337836
82.39 0.534690128042
82.46 0.438300308449
82.53 0.449310726412
82.6 0.358541798175
82.67 0.476628558008
82.74 0.504517675464
82.81 0.544636392868
82.88 0.402945574814
82.95 0.362625388498
83.02 0.326313070186
83.09 0.295619772557
83.16 0.311686879628
83.23 0.313273133661
83.3 0.441375848345
83.37 0.661990775767
83.44 0.638763943603
83.51 0.606213952589
83.58 0.496510014528
83.65 0.480071103855
83.72 0.475603439567
83.79 0.649655996647
83.86 0.577030243854
83.93 0.510537165932
84.0 0.459642927145
84.07 0.507927232629
84.14 0.698264066867
84.21 0.732558794024
84.28 0.605409804195
84.35 0.530238371951
84.42 0.337617909519
84.49 0.288916960419
84.56 0.331368053241
84.63 0.487145834329
84.7 0.415722931304
84.77 0.579210795509
84.84 0.495714113304
84.91 0.342118838102
84.98 0.264365906773
85.05 0.240782796341
85.12 0.32078462496
85.19 0.303721590666
85.26 0.445570379512
85.33 0.506475786724
85.4 0.545777404446
85.47 0.505802212504
85.54 0.550856561576
85.61 0.488003713419
85.68 0.492639130868
85.75 0.659586284684
85.82 0.554066803596
85.89 0.395689167141
85.96 0.439039232736
86.03 0.5032952859
86.1 0.596765537264
86.17 0.449641664553
86.24 0.564938746912
86.31 0.477853642588
86.38 0.465242015192
86.45 0.39799689084
86.52 0.363749810955
86.59 0.414017979373
86.66 0.500477464785
86.73 0.391993015498
86.8 0.320869392605
86.87 0.288646615847
86.94 0.324008459285
87.01 0.395489005205
87.08 0.312829524927
87.15 0.247873015981
87.22 0.499723299507
87.29 0.479949601195
87.36 0.376493600101
87.43 0.270102393206
87.5 0.195021269538
87.57 0.161318436814
87.64 0.530545084887
87.71 0.494092284073
87.78 0.470128466886
87.85 0.403459080594
87.92 0.448361099575
87.99 0.671888627594
88.06 0.648034577716
88.13 0.58533245212
88.2 0.447284245821
88.27 0.391173239508
88.34 0.298702714079
88.41 0.336926172318
88.48 0.525128979768
88.55 0.549666640647
88.62 0.58991625398
88.69 0.529568047712
88.76 0.391622054947
88.83 0.319966781998
88.9 0.262367508715
88.97 0.312460067148
89.04 0.403521653335
89.11 0.555051546693
89.18 0.63220258048
89.25 0.589219528319
89.32 0.554730031751
89.39 0.524957419165
89.46 0.473914017958
89.53 0.52849322052
89.6 0.522267747832
89.67 0.599549812236
89.74 0.495331291443
89.81 0.475498844044
89.88 0.465557060101
89.95 0.493158353424
90.02 0.438645866518
90.09 0.425204337806
90.16 0.430177891744
90.23 0.384729984399
90.3 0.391564293574
90.37 0.368103353008
90.44 0.511900558044
90.51 0.58296043092
90.58 0.481477121106
90.65 0.441577880953
90.72 0.398198112824
90.79 0.343676760179
90.86 0.403535798112
90.93 0.486835853952
91.0 0.484758814078
91.07 0.497394980953
91.14 0.569895109372
91.21 0.547767419398
91.28 0.516485451129
91.35 0.494211196475
91.42 0.479649751133
91.49 0.578090224144
91.56 0.670434423072
91.63 0.591696032803
91.7 0.533502243651
91.77 0.501373009238
91.84 0.612664432235
91.91 0.566432060957
91.98 0.548748998565
92.05 0.519977336581
92.12 0.489529149401
92.19 0.490788711718
92.26 0.519381266808
92.33 0.647592630139
92.4 0.635911951541
92.47 0.620337451099
92.54 0.531248698363
92.61 0.535229977877
92.68 0.498707281264
92.75 0.449961964805
92.82 0.411563113579
92.89 0.383203170355
92.96 0.387645438395
93.03 0.510752800821
93.1 0.640034682564
93.17 0.650214561934
93.24 0.668343471631
93.31 0.599578821375
93.38 0.622447961043
93.45 0.675689349818
93.52 0.616013242434
93.59 0.663464071124
93.66 0.678761486338
93.73 0.640666712894
93.8 0.687242292677
93.87 0.724301464432
93.94 0.695025547765
94.01 0.687393540273
94.08 0.645697898504
94.15 0.521839557179
94.22 0.450737589188
94.29 0.476204612534
94.36 0.527207413917
94.43 0.716027988445
94.5 0.604535308546
94.57 0.64300641636
94.64 0.557971467855
94.71 0.479572171858
94.78 0.435930721617
94.85 0.339033130478
94.92 0.368533457982
94.99 0.465343896993
95.06 0.4553401065
95.13 0.400232215781
95.2 0.386210732514
95.27 0.360657864015
95.34 0.253841634139
95.41 0.515124281375
95.48 0.405161515848
95.55 0.35740956878
95.62 0.284887784212
95.69 0.291331561862
95.76 0.39362716373
95.83 0.440031969839
95.9 0.524131634575
95.97 0.570295185067
96.04 0.556874600402
96.11 0.551702117925
96.18 0.480146898508
96.25 0.502482094676
96.32 0.620102724128
96.39 0.720809241012
96.46 0.520743696147
96.53 0.409405528791
96.6 0.522707975637
96.67 0.546477978703
96.74 0.519846201206
96.81 0.244873285703
96.88 0.371656752401
96.95 0.380015524809
97.02 0.366633148002
97.09 0.336652729913
97.16 0.300990717152
97.23 0.300675134735
97.3 0.278144134051
97.37 0.609067337679
97.44 0.565068499237
97.51 0.554264746914
97.58 0.556765799607
97.65 0.576555604408
97.72 0.628892660311
97.79 0.677864754631
97.86 0.549464392288
97.93 0.482268842
98.0 0.369560636657
98.07 0.278029490523
98.14 0.272249806525
98.21 0.370602988978
98.28 0.49581071108
98.35 0.575994796807
98.42 0.411258943511
98.49 0.335238212327
98.56 0.266706147746
98.63 0.241956367594
98.7 0.299110034265
98.77 0.240758982682
98.84 0.430994874197
98.91 0.509816857329
98.98 0.462237407448
99.05 0.480481907232
99.12 0.421031742142
99.19 0.415556599854
99.26 0.447017981809
99.33 0.489191963214
99.4 0.344359695243
99.47 0.302863384831
99.54 0.279452080683
99.61 0.340022171133
99.68 0.45603083728
99.75 0.442072163705
99.82 0.541747765559
99.89 0.589063975682
99.96 0.610683698311
100.03 0.701688650519
100.1 0.541345518637
100.17 0.589229669857
100.24 0.611886857365
100.31 0.632299986387
100.38 0.677530136253
100.45 0.536300167049
100.52 0.543385261047
100.59 0.516826681709
100.66 0.374109299808
100.73 0.298894131246
100.8 0.485289568704
100.87 0.523333432425
100.94 0.489164828489
101.01 0.437697540422
101.08 0.396131564926
101.15 0.368227247634
101.22 0.43295859498
101.29 0.667090797129
101.36 0.649995861636
101.43 0.701749063257
101.5 0.675527045301
101.57 0.673153833106
101.64 0.633573005073
101.71 0.643714408456
101.78 0.610293641937
101.85 0.562432470055
101.92 0.583081230207
101.99 0.442689655171
102.06 0.335407632881
102.13 0.439736422323
102.2 0.520514155927
102.27 0.527771402908
102.34 0.495780357552
102.41 0.436750966522
102.48 0.439341281462
102.55 0.44951090456
102.62 0.541721011204
102.69 0.409576376045
102.76 0.412646291453
102.83 0.424674421241
102.9 0.375428734863
102.97 0.357580523285
103.04 0.367094817453
103.11 0.39547630334
103.18 0.501709580598
103.25 0.494582703263
103.32 0.431604815629
103.39 0.420175788597
103.46 0.355454975631
103.53 0.373665349365
103.6 0.395791203585
103.67 0.425931822308
103.74 0.371279658538
103.81 0.287660457275
103.88 0.215541876166
103.95 0.21193190889
104.02 0.217191386359
104.09 0.316541771834
104.16 0.578690497941
104.23 0.571671741724
104.3 0.522287164163
104.37 0.514006360129
104.44 0.510212169045
104.51 0.418738127053
104.58 0.341442434177
104.65 0.326402176543
104.72 0.542989302078
104.79 0.477474070708
104.86 0.430014279004
104.93 0.436232290204
105.0 0.351254464548
105.07 0.366564828556
105.14 0.480205611428
105.21 0.566996426576
105.28 0.52308812119
105.35 0.512088498254
105.42 0.500880599653
105.49 0.490028449297
105.56 0.482730128587
105.63 0.507997481362
105.7 0.586384021868
105.77 0.495824894518
105.84 0.374376587701
105.91 0.33069686974
105.98 0.292521878127
106.05 0.418158219889
106.12 0.571456120552
106.19 0.610619980719
106.26 0.559803444671
106.33 0.604418803076
106.4 0.4956048411
106.47 0.471542380868
106.54 0.520971933133
106.61 0.473713575421
106.68 0.555731524849
106.75 0.571715171252
106.82 0.566482989386
106.89 0.522647767426
106.96 0.522667875906
107.03 0.497331403037
107.1 0.670797402089
107.17 0.60718582172
107.24 0.558005714876
107.31 0.476448029402
107.38 0.504850572823
107.45 0.608102058303
107.52 0.636395470444
107.59 0.60473422212
107.66 0.617912221743
107.73 0.497126524513
107.8 0.451672505058
107.87 0.381471712244
107.94 0.710235592606
108.01 0.60648285799
108.08 0.656975621819
108.15 0.504088177835
108.22 0.598841519585
108.29 0.563083097362
108.36 0.588301241478
108.43 0.563145803545
108.5 0.354080809693
108.57 0.513233594133
108.64 0.525343833964
108.71 0.468784063345
108.78 0.419211560539
108.85 0.353780730162
108.92 0.317701612352
108.99 0.359733997583
109.06 0.565905537791
109.13 0.421090864117
109.2 0.454099505317
109.27 0.417573271886
109.34 0.391125574778
109.41 0.349402368028
109.48 0.490419570707
109.55 0.518571498914
109.62 0.57603884241
109.69 0.556075908135
109.76 0.508305039841
109.83 0.546789976911
109.9 0.539162927948
109.97 0.40014615862
110.04 0.522758470071
110.11 0.470460017361
110.18 0.438163155745
110.25 0.408657746248
110.32 0.346586719387
110.39 0.274633735179
110.46 0.268794583756
110.53 0.392327956879
110.6 0.381594410887
110.67 0.375861457531
110.74 0.358630956911
110.81 0.350265820475
110.88 0.377205479455
110.95 0.426919272892
111.02 0.576055295596
111.09 0.448702619486
111.16 0.379980362406
111.23 0.33989717281
111.3 0.344800322126
111.37 0.403968827571
111.44 0.465891874276
111.51 0.417280546591
111.58 0.380552613532
111.65 0.322563280133
111.72 0.278496316794
111.79 0.263393838104
111.86 0.238893494643
111.93 0.477178110397
112.0 0.390710173288
112.07 0.315401910095
112.14 0.194783633048
112.21 0.102805235357
112.28 0.265605002689
112.35 0.303544149916
112.42 0.283520464935
112.49 0.437864809703
112.56 0.471270507334
112.63 0.386404580307
112.7 0.322021035837
112.77 0.306162325401
112.84 0.279713593187
112.91 0.528612394816
112.98 0.573229611422
113.05 0.530731218027
113.12 0.503963632215
113.19 0.459219192433
113.26 0.430153596699
113.33 0.485592300849
113.4 0.543847904495
113.47 0.599573718181
113.54 0.601966781951
113.61 0.586653005837
113.68 0.527911769427
113.75 0.468825902801
113.82 0.422845387617
113.89 0.545509364542
113.96 0.504461616404
114.03 0.569472186532
114.1 0.534643424837
114.17 0.507013590044
114.24 0.319628074331
114.31 0.302355754208
114.38 0.314633515237
114.45 0.530989642675
114.52 0.571711343856
114.59 0.612060903468
114.66 0.593543801834
114.73 0.620710580384
114.8 0.619472399851
114.87 0.619489410498
114.94 0.571717896198
115.01 0.493231227334
115.08 0.380550201612
115.15 0.273140234067
115.22 0.3084244895
115.29 0.296096790251
115.36 0.332923691851
115.43 0.448625142475
115.5 0.37936473413
115.57 0.419838367952
115.64 0.450074160247
115.71 0.556553198948
115.78 0.749630301217
115.85 0.620746794105
115.92 0.425194712574
115.99 0.443154590816
116.06 0.388445112141
116.13 0.356245158833
116.2 0.608492516249
116.27 0.605391711053
116.34 0.528369262291
116.41 0.524830533957
116.48 0.551969267388
116.55 0.512097546072
116.62 0.449978104966
116.69 0.480703720329
116.76 0.378553336257
116.83 0.533013789914
116.9 0.474861821513
116.97 0.538787764619
117.04 0.493315593407
117.11 0.462521654856
117.18 0.44725492615
117.25 0.397656737767
117.32 0.365666976939
117.39 0.426531743172
117.46 0.424736238231
117.53 0.407132024676
117.6 0.423608638126
117.67 0.430854240795
117.74 0.431441776561
117.81 0.505268888821
117.88 0.551814137523
117.95 0.552950527294
118.02 0.515905016435
118.09 0.539974840879
118.16 0.485586014143
118.23 0.538029825573
118.3 0.542718900139
118.37 0.557099739554
118.44 0.561965111266
118.51 0.488158658711
118.58 0.396215519452
118.65 0.357341183236
118.72 0.401821469125
118.79 0.53971945545
118.86 0.547844957518
118.93 0.470042535683
119.0 0.436306806564
119.07 0.433600054745
119.14 0.46768802647
119.21 0.492152113808
119.28 0.493635392319
119.35 0.544475780686
119.42 0.539832718422
119.49 0.495055127833
119.56 0.458952247497
119.63 0.465323776042
119.7 0.517913190627
119.77 0.57073145453
119.84 0.516960924895
119.91 0.471782033943
119.98 0.425557738981
120.05 0.449163185241
120.12 0.383211290319
120.19 0.354772429666
120.26 0.41960534454
120.33 0.527284483122
120.4 0.58421966774
120.47 0.652132428798
120.54 0.595006257268
120.61 0.720125615046
120.68 0.549302170081
120.75 0.739915979801
120.82 0.619322043942
120.89 0.558994878996
120.96 0.543955813603
121.03 0.525369146654
121.1 0.538273700131
121.17 0.577771414194
121.24 0.61674206509
121.31 0.680895577976
121.38 0.527368967671
121.45 0.493287807688
121.52 0.458924742378
121.59 0.434434100224
121.66 0.430533076293
121.73 0.540436260908
121.8 0.426090996567
121.87 0.444650621076
121.94 0.420043110541
122.01 0.3834857591
122.08 0.363628793422
122.15 0.364097022698
122.22 0.359219162378
122.29 0.407103842375
122.36 0.417869090026
122.43 0.374735915165
122.5 0.329460107177
122.57 0.312038882787
122.64 0.271108990744
122.71 0.534615695238
122.78 0.418961788374
122.85 0.358605065559
122.92 0.336141412819
122.99 0.331607767425
123.06 0.424921625596
123.13 0.316855724271
123.2 0.302390455179
123.27 0.413186111357
123.34 0.562472884059
123.41 0.620302790036
123.48 0.566967819008
123.55 0.710099134545
123.62 0.57495711992
123.69 0.7128455945
123.76 0.615314127301
123.83 0.60797557342
123.9 0.434144385464
123.97 0.590177175351
124.04 0.503180818215
124.11 0.301041262717
124.18 0.362514780634
124.25 0.386189830869
124.32 0.395138104496
124.39 0.348092276358
124.46 0.294041248142
124.53 0.24570915197
124.6 0.382840655265
124.67 0.583838823803
124.74 0.522982619014
124.81 0.49641531486
124.88 0.452293489692
124.95 0.46439416041
125.02 0.533011491481
125.09 0.480835499215
125.16 0.50169486589
125.23 0.480558316713
125.3 0.424684199869
125.37 0.397270086016
125.44 0.446848994003
125.51 0.589720600364
125.58 0.47280823488
125.65 0.474210571895
125.72 0.400279424067
125.79 0.337568663448
125.86 0.223185895868
125.93 0.277634736266
126.0 0.32143717906
126.07 0.28954798308
126.14 0.584458841923
126.21 0.582072104767
126.28 0.421394479219
126.35 0.290047837942
126.42 0.255090304155
126.49 0.220871786941
126.56 0.472079225157
126.63 0.50918260464
126.7 0.499525241455
126.77 0.411690468949
126.84 0.448782699225
126.91 0.516242662807
126.98 0.589044550621
127.05 0.462329673994
127.12 0.475492274243
127.19 0.418081276643
127.26 0.413651646865
127.33 0.388782581423
127.4 0.404129731578
127.47 0.452586975727
127.54 0.563981826947
127.61 0.556483814465
127.68 0.532986887152
127.75 0.313865352343
127.82 0.235880317973
127.89 0.295251323694
127.96 0.221467251863
128.03 0.261128013723
128.1 0.381668838702
128.17 0.313048684163
128.24 0.285399025232
128.31 0.233126611033
128.38 0.216055076404
128.45 0.169804069488
128.52 0.472694363316
128.59 0.617308184153
128.66 0.587307249777
128.73 0.493971459844
128.8 0.446654883069
128.87 0.469458473132
128.94 0.528584196302
129.01 0.497717659453
129.08 0.529445140801
129.15 0.557646165426
129.22 0.492027724077
129.29 0.437837238488
129.36 0.485430016286
129.43 0.526406131393
129.5 0.612632963786
129.57 0.49604888383
129.64 0.452548389993
129.71 0.375128787525
129.78 0.192913205187
129.85 0.34882529805
129.92 0.251634486512
129.99 0.375136323841
130.06 0.696388459738
130.13 0.590683945465
130.2 0.562373739675
130.27 0.427649791624
130.34 0.448450546394
130.41 0.46849449325
130.48 0.593107196897
130.55 0.507940548074
130.62 0.519654911245
130.69 0.432016994574
130.76 0.452635764107
130.83 0.580848002914
130.9 0.643475422588
130.97 0.52039957226
131.04 0.546569616703
131.11 0.506973693592
131.18 0.417928991447
131.25 0.489101046046
131.32 0.585993208494
131.39 0.480588494398
131.46 0.66275318198
131.53 0.624282944652
131.6 0.419192580698
131.67 0.2669459829
131.74 0.202449114349
131.81 0.303064509539
131.88 0.403021193623
131.95 0.486730577504
132.02 0.448067143377
132.09 0.474418384881
132.16 0.361600167794
132.23 0.269036873232
132.3 0.237195288357
132.37 0.204757849459
132.44 0.639422410274
132.51 0.617236796804
132.58 0.643106350168
132.65 0.698802561089
132.72 0.637252048794
132.79 0.615853824988
132.86 0.554116473687
132.93 0.608889318268
133.0 0.638987757072
133.07 0.590371018156
133.14 0.530500390784
133.21 0.515070263842
133.28 0.552040120972
133.35 0.420032067339
133.42 0.595251226793
133.49 0.36034116169
133.56 0.292392506172
133.63 0.212558966974
133.7 0.192726053153
133.77 0.406710037173
133.84 0.352513052868
133.91 0.552049446897
133.98 0.558402894771
134.05 0.462173010177
134.12 0.18084522509
134.19 0.175114455432
134.26 0.15724298641
134.33 0.202544942656
134.4 0.577302089952
134.47 0.564611780831
134.54 0.574261221096
134.61 0.464566534132
134.68 0.5302813388
134.75 0.62078203383
134.82 0.487168030479
134.89 0.462604545592
134.96 0.482173809353
135.03 0.440233911408
135.1 0.368493343286
135.17 0.381321206681
135.24 0.600336438666
135.31 0.569627153025
135.38 0.678603823583
135.45 0.544339563318
135.52 0.371875820598
135.59 0.280256838916
135.66 0.266390762374
135.73 0.30178837556
135.8 0.41386443958
135.87 0.534988138609
135.94 0.619695238076
136.01 0.54702398305
136.08 0.513730132916
136.15 0.446777003051
136.22 0.421500354282
136.29 0.466406564816
136.36 0.671734035236
136.43 0.602129197461
136.5 0.516685334958
136.57 0.481839548898
136.64 0.505684735531
136.71 0.558513306838
136.78 0.51778951674
136.85 0.527219124326
136.92 0.545787679425
136.99 0.49146432996
137.06 0.394239301331
137.13 0.371804841055
137.2 0.510991534773
137.27 0.401920909075
137.34 0.637080604173
137.41 0.516093596414
137.48 0.415015545305
137.55 0.341529414204
137.62 0.314225092602
137.69 0.345723876779
137.76 0.388201516936
137.83 0.564814007989
137.9 0.52814591649
137.97 0.458774075937
138.04 0.433412735599
138.11 0.399539959779
138.18 0.389314747783
138.25 0.546326515356
138.32 0.50793957283
138.39 0.51695043167
138.46 0.458577685277
138.53 0.558292532588
138.6 0.64310385968
138.67 0.675317902892
138.74 0.612169954933
138.81 0.575341569266
138.88 0.504843627641
138.95 0.458264532241
139.02 0.425327023978
139.09 0.575849434346
139.16 0.719286350392
139.23 0.597637145842
139.3 0.629676521888
139.37 0.515601290339
139.44 0.407964683363
139.51 0.344620639063
139.58 0.392924991919
139.65 0.453072579807
139.72 0.357051483442
139.79 0.520548304426
139.86 0.453143670342
139.93 0.391770164802
140.0 0.351144318116
140.07 0.31605873681
140.14 0.273223656074
140.21 0.420977891723
140.28 0.608861231994
140.35 0.559841240981
140.42 0.430808773482
140.49 0.362785979479
140.56 0.407229454278
140.63 0.534337556199
140.7 0.485891945137
140.77 0.449432961128
140.84 0.448480106758
140.91 0.340579175033
140.98 0.475968245607
141.05 0.384727990262
141.12 0.651417691057
141.19 0.571439083716
141.26 0.557906977051
141.33 0.447141229182
141.4 0.343610050758
141.47 0.305672600854
141.54 0.373263038839
141.61 0.420417559273
141.68 0.400076841481
141.75 0.558706012274
141.82 0.626241595913
141.89 0.550049417612
141.96 0.464605309428
142.03 0.453116790029
142.1 0.491433003682
142.17 0.534896412064
142.24 0.571703685324
142.31 0.438738215374
142.38 0.324035686297
142.45 0.363623980806
142.52 0.486470458027
142.59 0.59928502855
142.66 0.523835956112
142.73 0.404593304126
142.8 0.36025313284
142.87 0.318255331352
142.94 0.29449511689
143.01 0.399795320266
143.08 0.503116222654
143.15 0.570796617529
143.22 0.562719821532
143.29 0.418990904765
143.36 0.321648814452
143.43 0.198485091164
143.5 0.295134555082
143.57 0.256311392978
143.64 0.311777135825
143.71 0.341248446708
143.78 0.333224409905
143.85 0.281726668541
143.92 0.230601846945
143.99 0.233169979452
144.06 0.204762026047
144.13 0.476207414801
144.2 0.690009846334
144.27 0.621200545624
144.34 0.51691423042
144.41 0.475615741108
144.48 0.500431810404
144.55 0.530214428593
144.62 0.531194957689
144.69 0.507918087535
144.76 0.432848765315
144.83 0.405706380332
144.9 0.410537291766
144.97 0.380610008252
145.04 0.551529560877
145.11 0.571024012712
145.18 0.467692491141
145.25 0.419683322891
145.32 0.374368652309
145.39 0.270409422909
145.46 0.35643131941
145.53 0.299438318546
145.6 0.363797789958
145.67 0.586965627603
145.74 0.540851355607
145.81 0.436217155218
145.88 0.431785306822
145.95 0.40133765216
146.02 0.388109227942
146.09 0.608551585844
146.16 0.488769725041
146.23 0.397581968243
146.3 0.366354227021
146.37 0.367947507299
146.44 0.571877576785
146.51 0.644685511858
146.58 0.500915571248
146.65 0.43824115405
146.72 0.367685593224
146.79 0.354315640175
146.86 0.303068265849
146.93 0.483903827046
147.0 0.469526931008
147.07 0.614292833762
147.14 0.645518494795
147.21 0.486495355428
147.28 0.240319545548
147.35 0.186179410974
147.42 0.321779941097
147.49 0.367418130735
147.56 0.497207283931
147.63 0.579113041658
147.7 0.612445299188
147.77 0.6140339614
147.84 0.541082593151
147.91 0.546528363391
147.98 0.499763896838
148.05 0.605651213208
148.12 0.597323258255
148.19 0.465033658464
148.26 0.428131250294
148.33 0.410721580423
148.4 0.428504222442
148.47 0.461782148167
148.54 0.471893908876
148.61 0.500689448122
148.68 0.430064225954
148.75 0.364721552879
148.82 0.335921025174
148.89 0.434147130364
148.96 0.488256922633
149.03 0.566927782879
149.1 0.422725745652
149.17 0.351141865041
149.24 0.291035963215
149.31 0.23344039511
149.38 0.379286492638
149.45 0.355010372946
149.52 0.408279074785
149.59 0.578182061682
149.66 0.531399676582
149.73 0.419919980396
149.8 0.255832054404
149.87 0.181265062568
149.94 0.161640112633
150.01 0.483403856203
150.08 0.449005811816
150.15 0.423017667805
150.22 0.414844246596
150.29 0.363141473312
150.36 0.582028014268
150.43 0.521746418899
150.5 0.488045596525
150.57 0.438891342373
150.64 0.394838969031
150.71 0.384244912837
150.78 0.372618103365
150.85 0.644720271444
150.92 0.628469979412
150.99 0.632430839914
151.06 0.484001375124
151.13 0.506932444021
151.2 0.39684851006
151.27 0.324959714854
151.34 0.415999199672
151.41 0.377105222644
151.48 0.445051198112
151.55 0.492113044193
151.62 0.445387392843
151.69 0.460928892131
151.76 0.384931579269
151.83 0.408601135963
151.9 0.390212886236
151.97 0.657108953363
152.04 0.522730582088
152.11 0.474110992268
152.18 0.399690132363
152.25 0.390320401256
152.32 0.429462670123
152.39 0.401841777143
152.46 0.487985514272
152.53 0.533965417123
152.6 0.43451866833
152.67 0.678729363153
152.74 0.546677985997
152.81 0.684399143906
152.88 0.770979444817
152.95 0.769227001505
153.02 0.776741004494
153.09 0.665086859387
153.16 0.419925846825
153.23 0.346882357943
153.3 0.381443818026
153.37 0.332387153106
153.44 0.527741899911
153.51 0.66238474933
153.58 0.628176564462
153.65 0.52752078894
153.72 0.40234023773
153.79 0.35208684887
153.86 0.390792734786
153.93 0.569307813052
154.0 0.406955014181
154.07 0.368070919292
154.14 0.413815581361
154.21 0.386087601122
154.28 0.540714933712
154.35 0.505708330944
154.42 0.528455687351
154.49 0.538271828212
154.56 0.571314573015
154.63 0.438131083692
154.7 0.648103837487
154.77 0.620318726917
154.84 0.698898126253
154.91 0.623167677266
154.98 0.598907232561
155.05 0.584622488335
155.12 0.556230010378
155.19 0.513383257894
155.26 0.41313165484
155.33 0.49585267026
155.4 0.701435564769
155.47 0.673522502708
155.54 0.60223804814
155.61 0.587143531032
155.68 0.550237748169
155.75 0.582074233592
155.82 0.639406995935
155.89 0.503545272569
155.96 0.459274636666
156.03 0.498226093217
156.1 0.423142435412
156.17 0.461881549457
156.24 0.46281058518
156.31 0.505647015295
156.38 0.394269836939
156.45 0.383826356146
156.52 0.326337181904
156.59 0.330316857629
156.66 0.500843816
156.73 0.571450406272
156.8 0.487796289534
156.87 0.318209834107
156.94 0.324950756828
157.01 0.272478882819
157.08 0.371213203528
157.15 0.44209392586
157.22 0.363855799505
157.29 0.516525863886
157.36 0.485277328272
157.43 0.405974067301
157.5 0.243469326192
157.57 0.147711598038
157.64 0.140682802546
157.71 0.532390541767
157.78 0.551665431547
157.85 0.516326912899
157.92 0.520392851558
157.99 0.501952766749
158.06 0.659950907398
158.13 0.595538564552
158.2 0.545452335227
158.27 0.530107160502
158.34 0.476998661792
158.41 0.436334968912
158.48 0.437711474437
158.55 0.656294970222
158.62 0.630646872032
158.69 0.705009682481
158.76 0.569162853408
158.83 0.51253418967
158.9 0.38606427758
158.97 0.378186275434
159.04 0.350662017644
159.11 0.327476097083
159.18 0.391961157949
159.25 0.48348178467
159.32 0.499609220922
159.39 0.472000449899
159.46 0.437528585042
159.53 0.418735100306
159.6 0.437322044114
159.67 0.636505998493
159.74 0.612841552476
159.81 0.4977939754
159.88 0.440871309321
159.95 0.450569858474
160.02 0.40314082187
160.09 0.412716748454
160.16 0.460984898812
160.23 0.424503017774
160.3 0.412293130972
160.37 0.348889780124
160.44 0.373476021116
160.51 0.526244196023
160.58 0.534825272891
160.65 0.536757961714
160.72 0.557757625069
160.79 0.605777608299
160.86 0.521971751354
160.93 0.403016188951
161.0 0.353743886648
161.07 0.343483217929
161.14 0.46504790301
161.21 0.474324599349
161.28 0.419975097885
161.35 0.403119497453
161.42 0.341866559236
161.49 0.279662016258
161.56 0.414845522395
161.63 0.507401597409
161.7 0.363137389011
161.77 0.415790953937
161.84 0.33114213589
161.91 0.309912908619
161.98 0.424372587019
162.05 0.346361516632
162.12 0.39050578488
162.19 0.377160037084
162.26 0.367821552439
162.33 0.288426717072
162.4 0.411825452921
162.47 0.347284512578
162.54 0.418585653543
162.61 0.359281223802
162.68 0.314028755568
162.75 0.23893998085
162.82 0.247391604701
162.89 0.21967851252
162.96 0.1219112159
163.03 0.186468113077
163.1 0.18864661697
163.17 0.1648287434
163.24 0.129370218629
163.31 0.102736020482
163.38 0.0923035404896
163.45 0.0981193683699
163.52 0.153940965466
163.59 0.0797267238105
163.66 0.0462382015404
163.73 0.0358066681084
163.8 0.032006624315
163.87 0.0303364756184
163.94 0.0267259783189
164.01 0.0216878649859
164.08 0.015527374465
164.15 0.0109248234808
164.22 0.0080442076379
164.29 0.00552137657826
164.36 0.00699852302565
164.43 0.00546673798185
164.5 0.00632052653579
164.57 0.00308230674132
164.64 0.00265083243502
164.71 0.00210089842916
164.78 0.00170366366143
164.85 0.00151326663519
164.92 0.00114713615929
164.99 0.000932260762504
165.06 0.000773551677838
165.13 0.000636129596779
165.2 0.00048188144198
165.27 0.000378029198823
165.34 0.000320443669992
165.41 0.000274548595894
165.48 0.00023250585961
165.55 0.000194366592849
165.62 0.000171176491959
165.69 0.000127717033189
165.76 1.94973937787e-05
165.83 7.85432941144e-06
165.9 9.57534792332e-06
165.97 1.46124448577e-05
166.04 2.09814604665e-05
166.11 2.19779052426e-05
166.18 2.14142093242e-05
166.25 2.03404434266e-05
166.32 2.24430790867e-05
166.39 1.04894831184e-05
166.46 8.72855693088e-06
166.53 9.79359302446e-06
166.6 9.21617884258e-06
166.67 9.3321605249e-06
166.74 8.85700976184e-06
166.81 5.17802091399e-06
166.88 5.07825172489e-06
166.95 6.28545891293e-07
167.02 2.05773952507e-07
167.09 3.3372793752e-06
167.16 5.2840256774e-06
167.23 9.05155968057e-06
167.3 5.08698152894e-06
