-4.0 0.0
160.118881567 0.0
162.763272994 0.208333333333
163.350915533 0.395833333333
163.518813402 0.5
163.68671127 0.604166666667
164.022507007 0.729166666667
164.358302744 0.833333333333
166.037281428 0.604166666667
166.540975033 0.479166666667
167.548362243 0.354166666667
168.639698388 0.479166666667
169.143391993 0.604166666667
169.47918773 0.6875
169.898932401 0.770833333333
172.543323828 0.416666666667
173.437884394 0.5625
174.516123781 0.791666666667
175.103766321 0.875
175.439562058 0.958333333333
177.202489676 0.6875
178.503698156 0.458333333333
178.839493893 0.333333333333
179.927971033 0.487421383648
181.19006405 0.270833333333
181.651783188 0.375
184.715919286 0.208333333333
185.849229898 0.0
186.68871924 0.0
207.382131519 0.0
