0.0 0.00602446899862
0.07 0.0420426600888
0.14 0.289911787749
0.21 0.321813724234
0.28 0.349693692036
0.35 0.237088515687
0.42 0.165027661536
0.49 0.180213069373
0.56 0.130743712704
0.63 0.360785140765
0.7 0.221240483546
0.77 0.18988880509
0.84 0.258554918329
0.91 0.178252110616
0.98 0.078860688234
1.05 0.246461573291
1.12 0.183279354053
1.19 0.104509803405
1.26 0.262074026778
1.33 0.249382570974
1.4 0.191150067631
1.47 0.406271655157
1.54 0.254813995555
1.61 0.151473825239
1.68 0.389832788698
1.75 0.32767700697
1.82 0.245981400202
1.89 0.328679468331
1.96 0.433547445628
2.03 0.286818099683
2.1 0.37415926869
2.17 0.412078367395
2.24 0.290460858311
2.31 0.325769827078
2.38 0.562820869318
2.45 0.339286882231
2.52 0.263960490946
2.59 0.244399947544
2.66 0.272675055654
2.73 0.125494356922
2.8 0.213678386075
2.87 0.198055050881
2.94 0.133749776133
3.01 0.14788093956
3.08 0.144804719982
3.15 0.0501450727789
3.22 0.0971096431817
3.29 0.173774463892
3.36 0.14014258469
3.43 0.0285640304655
3.5 0.0975117777426
3.57 0.0550997178815
3.64 0.0630821647716
3.71 0.105641997333
3.78 0.113936991959
3.85 0.107542780992
3.92 0.0880392340208
3.99 0.127863970428
4.06 0.107600219179
4.13 0.0964825373888
4.2 0.108062223564
4.27 0.119035105607
4.34 0.137244044042
4.41 0.138490105557
4.48 0.139154614248
4.55 0.12933765569
4.62 0.107633704953
4.69 0.0360442368997
4.76 0.0575668460859
4.83 0.307152378947
4.9 0.311736250877
4.97 0.335880929285
5.04 0.381099686716
5.11 0.350679115456
5.18 0.417180748934
5.25 0.253904519244
5.32 0.187841573339
5.39 0.368159211663
5.46 0.287232665394
5.53 0.19117361587
5.6 0.40769233298
5.67 0.251615005355
5.74 0.166352980035
5.81 0.355247685482
5.88 0.363678367152
5.95 0.275382982488
6.02 0.215486876989
6.09 0.458736734866
6.16 0.359288188801
6.23 0.384544239917
6.3 0.585807315901
6.37 0.407193554706
6.44 0.232093316713
6.51 0.451891714406
6.58 0.283005684284
6.65 0.225016245714
6.72 0.261060401515
6.79 0.156781469094
6.86 0.0587317853514
6.93 0.24226449116
7.0 0.216594561363
7.07 0.183283714911
7.14 0.482252025514
7.21 0.296745086507
7.28 0.227045095134
7.35 0.374608183247
7.42 0.23730440982
7.49 0.14838337518
7.56 0.421610320064
7.63 0.266636458372
7.7 0.128772562567
7.77 0.176257786085
7.84 0.246775327615
7.91 0.234837977216
7.98 0.440759860156
8.05 0.290529155127
8.12 0.201758530537
8.19 0.351989565235
8.26 0.451878635787
8.33 0.353595770742
8.4 0.488719333275
8.47 0.472379213157
8.54 0.463721783999
8.61 0.416093845559
8.68 0.282036603863
8.75 0.218882399875
8.82 0.277403793925
8.89 0.420078152224
8.96 0.269827001139
9.03 0.184567436466
9.1 0.367313124719
9.17 0.186436156542
9.24 0.181913848274
9.31 0.458286402074
9.38 0.319714054053
9.45 0.175980267632
9.52 0.34562721939
9.59 0.371458729074
9.66 0.303495664122
9.73 0.45852459632
9.8 0.393928015712
9.87 0.369730746566
9.94 0.457324587552
10.01 0.347350742139
10.08 0.275733298395
10.15 0.249346021259
10.22 0.211889588913
10.29 0.116632418413
10.36 0.176318625135
10.43 0.266110169239
10.5 0.246203401778
10.57 0.325997229287
10.64 0.44781112007
10.71 0.280861192999
10.78 0.20268140129
10.85 0.362246807623
10.92 0.17145153346
10.99 0.142888321892
11.06 0.492157522551
11.13 0.430913597342
11.2 0.390107708703
11.27 0.390512688305
11.34 0.357482976113
11.41 0.332809116719
11.48 0.460637041825
11.55 0.225079840135
11.62 0.196624411128
11.69 0.443382220146
11.76 0.393045264988
11.83 0.334287304596
11.9 0.275035593379
11.97 0.256783887016
12.04 0.209151229698
12.11 0.213742574559
12.18 0.268021543178
12.25 0.265836430109
12.32 0.373049750698
12.39 0.39106721884
12.46 0.278917396139
12.53 0.355934502198
12.6 0.348837998545
12.67 0.146062699682
12.74 0.268566239695
12.81 0.432724941209
12.88 0.246772435102
12.95 0.205512687533
13.02 0.228952747113
13.09 0.157903381971
13.16 0.172388229861
13.23 0.517669596399
13.3 0.378341169575
13.37 0.272070495907
13.44 0.466050817259
13.51 0.365539735615
13.58 0.308735958628
13.65 0.294158485687
13.72 0.1955152472
13.79 0.11810967135
13.86 0.196525381931
13.93 0.192511464419
14.0 0.222068454532
14.07 0.360833929762
14.14 0.271900359798
14.21 0.224337228301
14.28 0.316299265324
14.35 0.232315629496
14.42 0.143170092413
14.49 0.343450788477
14.56 0.333881170494
14.63 0.247547761944
14.7 0.208340210278
14.77 0.248156083212
14.84 0.252371369651
14.91 0.325838209608
14.98 0.365312743514
15.05 0.0935408971673
15.12 0.136292389911
15.19 0.488207124954
15.26 0.370762553721
15.33 0.389682194034
15.4 0.341954389038
15.47 0.327252370539
15.54 0.285254867817
15.61 0.345751989783
15.68 0.312269846128
15.75 0.280970435993
15.82 0.43424771283
15.89 0.247075379587
15.96 0.159515340858
16.03 0.341032478941
16.1 0.189518982682
16.17 0.191097730079
16.24 0.401466555714
16.31 0.338382715565
16.38 0.215249320322
16.45 0.235230906766
16.52 0.294361971088
16.59 0.225682018355
16.66 0.374671802064
16.73 0.422210810379
16.8 0.323722724557
16.87 0.378799348483
16.94 0.46701363859
17.01 0.301522114657
17.08 0.22939960124
17.15 0.258967982068
17.22 0.251738671358
17.29 0.222824268941
17.36 0.246036905212
17.43 0.226029242629
17.5 0.203693108541
17.57 0.449417547774
17.64 0.25096102101
17.71 0.235407082408
17.78 0.451491926427
17.85 0.24935860999
17.92 0.244620361435
17.99 0.473163019079
18.06 0.396525194284
18.13 0.282676738824
18.2 0.217611524853
18.27 0.217852864138
18.34 0.199939133522
18.41 0.40694970796
18.48 0.266191761597
18.55 0.180124471554
18.62 0.359074917513
18.69 0.423363427286
18.76 0.308972292223
18.83 0.232643214743
18.9 0.206741794844
18.97 0.189624911187
19.04 0.153725955351
19.11 0.259145804735
19.18 0.236345308471
19.25 0.281718757031
19.32 0.426501048988
19.39 0.239168412996
19.46 0.192117677071
19.53 0.507401135384
19.6 0.204967115417
19.67 0.189769638407
19.74 0.530519500896
19.81 0.302220864722
19.88 0.240015502792
19.95 0.205380813439
20.02 0.203807694147
20.09 0.160683361208
20.16 0.179090524849
20.23 0.295648682738
20.3 0.229000947981
20.37 0.11434546671
20.44 0.229129992199
20.51 0.0961203118679
20.58 0.075474631456
20.65 0.207177161334
20.72 0.235306516295
20.79 0.0472241825682
20.86 0.101331263218
20.93 0.140904795991
21.0 0.0630341729131
21.07 0.127221242292
21.14 0.218301427928
21.21 0.0763329721874
21.28 0.287248843558
21.35 0.304386524698
21.42 0.144890516275
21.49 0.165572092999
21.56 0.255041503918
21.63 0.1156876926
21.7 0.0311183949561
21.77 0.101531792149
21.84 0.0796689951386
21.91 0.134021564944
21.98 0.163494023374
22.05 0.148600194363
22.12 0.164589374181
22.19 0.148517835856
22.26 0.170593108993
22.33 0.157340634772
22.4 0.158997598718
22.47 0.104174350284
22.54 0.284196388482
22.61 0.269957538757
22.68 0.246438305271
22.75 0.394837650264
22.82 0.284567900112
22.89 0.167527390024
22.96 0.238649093061
23.03 0.226018972788
23.1 0.098272132349
23.17 0.281391565408
23.24 0.424498246696
23.31 0.364255931643
23.38 0.335239190815
23.45 0.262409353966
23.52 0.220449545569
23.59 0.25358119134
23.66 0.487490189041
23.73 0.275782078162
23.8 0.278808641054
23.87 0.509243923057
23.94 0.409430845108
24.01 0.292337039451
24.08 0.275957595125
24.15 0.315002128889
24.22 0.239876063458
24.29 0.297547558934
24.36 0.272861731905
24.43 0.213318379225
24.5 0.442669923332
24.57 0.26189390698
24.64 0.24243715517
24.71 0.404573195805
24.78 0.318803549835
24.85 0.113896025342
24.92 0.347522464615
24.99 0.30067690595
25.06 0.18122245114
25.13 0.148206612069
25.2 0.259752399856
25.27 0.261593201605
25.34 0.369210783118
25.41 0.344912927421
25.48 0.172796011647
25.55 0.223798123625
25.62 0.490150429949
25.69 0.406883189377
25.76 0.436253790711
25.83 0.374647057786
25.9 0.275861257344
25.97 0.15330684153
26.04 0.189852414934
26.11 0.210234296387
26.18 0.171740800648
26.25 0.48546831673
26.32 0.284413465466
26.39 0.19665323143
26.46 0.451986169119
26.53 0.437482261761
26.6 0.328395812105
26.67 0.454832779685
26.74 0.409300235623
26.81 0.355912598347
26.88 0.282986335366
26.95 0.30359984802
27.02 0.263875807614
27.09 0.472407171704
27.16 0.539660859388
27.23 0.406687057567
27.3 0.306536429804
27.37 0.408315661429
27.44 0.314826721376
27.51 0.321784950745
27.58 0.311390318245
27.65 0.25458136414
27.72 0.208648329904
27.79 0.207546640886
27.86 0.21646604923
27.93 0.237551201827
28.0 0.443776942434
28.07 0.266439406786
28.14 0.209092795911
28.21 0.426461206541
28.28 0.200838782407
28.35 0.129348722011
28.42 0.43232273478
28.49 0.190773125697
28.56 0.120055566882
28.63 0.222785304072
28.7 0.241504606002
28.77 0.217214814002
28.84 0.404520021554
28.91 0.316890323817
28.98 0.178583264198
29.05 0.382005543264
29.12 0.46851178923
29.19 0.385030732097
29.26 0.355515822222
29.33 0.287431838727
29.4 0.215684218023
29.47 0.14920895409
29.54 0.220711359922
29.61 0.236849710895
29.68 0.337144462584
29.75 0.443464446786
29.82 0.273140692988
29.89 0.243650382996
29.96 0.434238677928
30.03 0.238073281748
30.1 0.22690292021
30.17 0.458311813601
30.24 0.322049556733
30.31 0.196960223588
30.38 0.218866209183
30.45 0.198163598934
30.52 0.152294426151
30.59 0.497053756943
30.66 0.339947814676
30.73 0.382268659149
30.8 0.550326775646
30.87 0.504673742929
30.94 0.304935822731
31.01 0.189062113878
31.08 0.186846771502
31.15 0.131928179568
31.22 0.232959954547
31.29 0.194707052383
31.36 0.200686738519
31.43 0.375602069924
31.5 0.329238103243
31.57 0.218273096854
31.64 0.2775485462
31.71 0.339679707606
31.78 0.222283580537
31.85 0.264498524198
31.92 0.570882794069
31.99 0.433486340866
32.06 0.51030417535
32.13 0.508602148323
32.2 0.326983995778
32.27 0.24583521255
32.34 0.360284247995
32.41 0.212714890242
32.48 0.159105057545
32.55 0.452863765143
32.62 0.31910654443
32.69 0.24569796947
32.76 0.242990723732
32.83 0.215328779063
32.9 0.178950517167
32.97 0.247703035268
33.04 0.276084727264
33.11 0.241990124999
33.18 0.478871653544
33.25 0.315870526495
33.32 0.224877440004
33.39 0.414192123003
33.46 0.349026044898
33.53 0.294266043415
33.6 0.360905968319
33.67 0.452315908422
33.74 0.337649805223
33.81 0.176298828526
33.88 0.271276654868
33.95 0.232621287155
34.02 0.350847168719
34.09 0.666650517293
34.16 0.559517430826
34.23 0.161229297938
34.3 0.466415200133
34.37 0.279659372371
34.44 0.225082489353
34.51 0.279516694372
34.58 0.312696098595
34.65 0.254575230323
34.72 0.231994276966
34.79 0.231829977312
34.86 0.196770014608
34.93 0.45521370138
35.0 0.311558375464
35.07 0.255112155229
35.14 0.344766820867
35.21 0.208143223968
35.28 0.103302669836
35.35 0.40165406207
35.42 0.270337819576
35.49 0.238822906955
35.56 0.201910896182
35.63 0.199918688784
35.7 0.149195686241
35.77 0.357311100671
35.84 0.338685563128
35.91 0.0962350128579
35.98 0.267978069759
36.05 0.41625522237
36.12 0.296701367156
36.19 0.323183205818
36.26 0.311092632635
36.33 0.310991649162
36.4 0.271456398843
36.47 0.356166647681
36.54 0.320858371219
36.61 0.260913505074
36.68 0.447462439319
36.75 0.279256529682
36.82 0.17113936748
36.89 0.441903727654
36.96 0.253780550606
37.03 0.244722947758
37.1 0.403622734416
37.17 0.260673681605
37.24 0.223061547367
37.31 0.2080709375
37.38 0.240855876576
37.45 0.207935240566
37.52 0.433602272179
37.59 0.323440702829
37.66 0.289230878038
37.73 0.417430044445
37.8 0.358154053784
37.87 0.23713981742
37.94 0.164364353498
38.01 0.291503069152
38.08 0.217228763606
38.15 0.234592979267
38.22 0.324551646968
38.29 0.262308357966
38.36 0.299611225991
38.43 0.408912080995
38.5 0.235397114543
38.57 0.232941855732
38.64 0.417691313526
38.71 0.207930677951
38.78 0.219968558858
38.85 0.526982068798
38.92 0.389094333328
38.99 0.272159761634
39.06 0.250562291268
39.13 0.233396557954
39.2 0.250487176902
39.27 0.50372652548
39.34 0.214334847552
39.41 0.17297814704
39.48 0.456638219844
39.55 0.37369043225
39.62 0.304084775591
39.69 0.263425587569
39.76 0.256691354272
39.83 0.232225672783
39.9 0.220035564692
39.97 0.326776258969
40.04 0.289970441755
40.11 0.38873128891
40.18 0.394662038356
40.25 0.298336015824
40.32 0.261128434596
40.39 0.392250105273
40.46 0.238001704068
40.53 0.300086752069
40.6 0.49604824285
40.67 0.268721463568
40.74 0.246341323317
40.81 0.190748751308
40.88 0.190097157061
40.95 0.106180672779
41.02 0.271235537921
41.09 0.27326510602
41.16 0.190225963917
41.23 0.18215436075
41.3 0.105922858627
41.37 0.0602455398722
41.44 0.187216049297
41.51 0.236551348145
41.58 0.123533245859
41.65 0.254205865496
41.72 0.144726121676
41.79 0.036286194644
41.86 0.0516353469725
41.93 0.112590994658
42.0 0.0771958425674
42.07 0.127827265109
42.14 0.330351643193
42.21 0.28833375903
42.28 0.034094754572
42.35 0.226782835069
42.42 0.230316342131
42.49 0.0336775396437
42.56 0.0481112717335
42.63 0.0995226153813
42.7 0.0813391517688
42.77 0.212487083199
42.84 0.166290740552
42.91 0.17907204296
42.98 0.178219690332
43.05 0.15659297439
43.12 0.158726688804
43.19 0.152472970792
43.26 0.19551897971
43.33 0.18188846378
43.4 0.427046433853
43.47 0.344092540794
43.54 0.215501209008
43.61 0.404869081424
43.68 0.285252863431
43.75 0.192897672023
43.82 0.375150299117
43.89 0.217615689888
43.96 0.1286756538
44.03 0.354390119472
44.1 0.390848283843
44.17 0.296947145761
44.24 0.286608193654
44.31 0.229682672634
44.38 0.160548308447
44.45 0.344912194897
44.52 0.473719966746
44.59 0.248664849131
44.66 0.274891540661
44.73 0.363260073547
44.8 0.324653752633
44.87 0.208647557161
44.94 0.41670708944
45.01 0.297980318404
45.08 0.179977284346
45.15 0.267039854245
45.22 0.266883271477
45.29 0.191413769667
45.36 0.509100880444
45.43 0.257590370193
45.5 0.259175001518
45.57 0.475604768724
45.64 0.283087064335
45.71 0.274344227234
45.78 0.426971887836
45.85 0.41781702809
45.92 0.374107701904
45.99 0.436174587793
46.06 0.455440180517
46.13 0.181744279854
46.2 0.400216267845
46.27 0.35761545548
46.34 0.224708715536
46.41 0.180423637377
46.48 0.423654992925
46.55 0.411759513095
46.62 0.449836461156
46.69 0.438513759027
46.76 0.38554870039
46.83 0.378674799628
46.9 0.316997499788
46.97 0.258231946466
47.04 0.274219574863
47.11 0.57152905098
47.18 0.438147506932
47.25 0.359721835079
47.32 0.480697316244
47.39 0.241516522209
47.46 0.131818378774
47.53 0.445357961908
47.6 0.389545101942
47.67 0.365972528051
47.74 0.410007804328
47.81 0.386893160116
47.88 0.375353791111
47.95 0.520073320071
48.02 0.380309821481
48.09 0.249912026904
48.16 0.280347263148
48.23 0.345637706153
48.3 0.266928964226
48.37 0.329374619074
48.44 0.49887228759
48.51 0.391557544408
48.58 0.281805648483
48.65 0.375809283219
48.72 0.33018808991
48.79 0.356621535836
48.86 0.416451613959
48.93 0.292763645323
49.0 0.276334607608
49.07 0.453506272401
49.14 0.344485701112
49.21 0.462323424091
49.28 0.610648277793
49.35 0.460178086876
49.42 0.23887416649
49.49 0.302731590193
49.56 0.287740801645
49.63 0.275998846576
49.7 0.515444639564
49.77 0.404664904378
49.84 0.231059693742
49.91 0.297143975149
49.98 0.258786631287
50.05 0.272973298404
50.12 0.406904576307
50.19 0.267731619289
50.26 0.223810958949
50.33 0.241133825577
50.4 0.287534021535
50.47 0.216364167739
50.54 0.411237334933
50.61 0.43497532078
50.68 0.225578506981
50.75 0.337034323551
50.82 0.337571663179
50.89 0.212593082253
50.96 0.231002686762
51.03 0.438762928605
51.1 0.287137895517
51.17 0.266987469221
51.24 0.222315204342
51.31 0.161344525079
51.38 0.187594149028
51.45 0.539921581878
51.52 0.407416524849
51.59 0.380112560227
51.66 0.369727374714
51.73 0.271554675077
51.8 0.119057724839
51.87 0.426038742627
51.94 0.303834601842
52.01 0.305783170328
52.08 0.390501620006
52.15 0.296785883675
52.22 0.195625775243
52.29 0.492432016623
52.36 0.362753968055
52.43 0.272937160115
52.5 0.426598063909
52.57 0.347444207187
52.64 0.249516534509
52.71 0.348787501204
52.78 0.513718911991
52.85 0.585562243446
52.92 0.605136839308
52.99 0.618828822637
53.06 0.585963273616
53.13 0.329097336004
53.2 0.395040882479
53.27 0.218328119229
53.34 0.16334936934
53.41 0.313969779099
53.48 0.290213782789
53.55 0.329651583024
53.62 0.5191102805
53.69 0.400918045589
53.76 0.2189060424
53.83 0.419925690975
53.9 0.3213831986
53.97 0.273996193294
54.04 0.484056406118
54.11 0.290203511629
54.18 0.267942956081
54.25 0.36922621755
54.32 0.283911322592
54.39 0.273873033004
54.46 0.422269165705
54.53 0.436557490797
54.6 0.373078187265
54.67 0.26807155129
54.74 0.204664863895
54.81 0.181323623184
54.88 0.173447979739
54.95 0.199457345715
55.02 0.219586159587
55.09 0.224911951707
55.16 0.10943366338
55.23 0.12424066885
55.3 0.260566135087
55.37 0.504701623016
55.44 0.396366632185
55.51 0.292085527906
55.58 0.189786471293
55.65 0.177806474285
55.72 0.172476850096
55.79 0.0769817635909
55.86 0.0182582654527
55.93 0.036070930838
56.0 0.0294909633964
56.07 0.0122228844183
56.14 0.0104016893894
56.21 0.25595621471
56.28 0.387194238017
56.35 0.414217759364
56.42 0.474074057361
56.49 0.564317426338
56.56 0.471155796588
56.63 0.534619512063
56.7 0.522800288572
56.77 0.414662549106
56.84 0.495866756245
56.91 0.57671804639
56.98 0.496984903646
57.05 0.390683817377
57.12 0.425282899867
57.19 0.336467073735
57.26 0.471143766975
57.33 0.496353748202
57.4 0.486968270658
57.47 0.369609880111
57.54 0.513300875528
57.61 0.360513897227
57.68 0.297774529278
57.75 0.514054961813
57.82 0.437498823659
57.89 0.276006153354
57.96 0.395937422588
58.03 0.266600459203
58.1 0.191055443468
58.17 0.20698939322
58.24 0.273844368965
58.31 0.183092587473
58.38 0.509304069143
58.45 0.456416708156
58.52 0.428434456008
58.59 0.403486154629
58.66 0.353269377578
58.73 0.303843126417
58.8 0.256411658686
58.87 0.350422979318
58.94 0.29093240199
59.01 0.160256001712
59.08 0.246532556249
59.15 0.233839688803
59.22 0.423298886716
59.29 0.425326923173
59.36 0.266753760448
59.43 0.268178647482
59.5 0.391605960221
59.57 0.124388699351
59.64 0.209918515919
59.71 0.429226326947
59.78 0.268150121904
59.85 0.218516662063
59.92 0.245551363797
59.99 0.220806764081
60.06 0.198801871267
60.13 0.430506461706
60.2 0.173343698919
60.27 0.0553604858655
60.34 0.423792247873
60.41 0.368687139908
60.48 0.38050985591
60.55 0.37077846881
60.62 0.28653729707
60.69 0.196971652545
60.76 0.190644624773
60.83 0.213930027509
60.9 0.192686693911
60.97 0.493333403522
61.04 0.321643932298
61.11 0.22361110386
61.18 0.280022149758
61.25 0.354773607309
61.32 0.115521337132
61.39 0.294647807084
61.46 0.378168273479
61.53 0.225648318955
61.6 0.168826469527
61.67 0.276807027547
61.74 0.274760600848
61.81 0.308321855113
61.88 0.559515807537
61.95 0.479146944755
62.02 0.344197411721
62.09 0.516080006856
62.16 0.306491214415
62.23 0.232561063927
62.3 0.275754637854
62.37 0.241876754552
62.44 0.110192101952
62.51 0.218272566088
62.58 0.236217288204
62.65 0.191649651616
62.72 0.411099988336
62.79 0.270696129951
62.86 0.173958814
62.93 0.349646078637
63.0 0.228992747141
63.07 0.103303274448
63.14 0.381372548928
63.21 0.347261192897
63.28 0.215285206085
63.35 0.202011849986
63.42 0.303354616665
63.49 0.265514175605
63.56 0.347020092951
63.63 0.385892300285
63.7 0.235376797058
63.77 0.284603443019
63.84 0.528110277031
63.91 0.453868586932
63.98 0.443347699871
64.05 0.46556051345
64.12 0.410802168881
64.19 0.346045683763
64.26 0.344499253794
64.33 0.326390621033
64.4 0.260171226206
64.47 0.450641451592
64.54 0.280824498229
64.61 0.206038358866
64.68 0.424755091621
64.75 0.233714646763
64.82 0.20483545165
64.89 0.388409362757
64.96 0.346393503419
65.03 0.231681146375
65.1 0.210214426592
65.17 0.268647540624
65.24 0.242061523339
65.31 0.418271824597
65.38 0.417669965496
65.45 0.278703672545
65.52 0.401502711145
65.59 0.494231491756
65.66 0.454188572655
65.73 0.243251580067
65.8 0.131554216521
65.87 0.141339319847
65.94 0.126823671006
66.01 0.259075518697
66.08 0.146589930348
66.15 0.196848766539
66.22 0.482953205898
66.29 0.382315755627
66.36 0.234286476996
66.43 0.462103285803
66.5 0.346666816618
66.57 0.254715741739
66.64 0.49919976009
66.71 0.440042573476
66.78 0.406694950496
66.85 0.407550779811
66.92 0.240058052478
66.99 0.224840244797
67.06 0.417937117845
67.13 0.346408219832
67.2 0.178350547728
67.27 0.472950165811
67.34 0.392577559971
67.41 0.327088382751
67.48 0.268186021512
67.55 0.259180452921
67.62 0.208791493176
67.69 0.176388253813
67.76 0.295149117215
67.83 0.286710853163
67.9 0.329573833286
67.97 0.421775125429
68.04 0.290548760528
68.11 0.256835898855
68.18 0.387778492806
68.25 0.159197451828
68.32 0.200501599184
68.39 0.508579972824
68.46 0.361963324143
68.53 0.239150567367
68.6 0.274054882244
68.67 0.213811060605
68.74 0.174067528865
68.81 0.598370814075
68.88 0.464810883627
68.95 0.395474722603
69.02 0.432942846981
69.09 0.354389661892
69.16 0.259538107255
69.23 0.232590594335
69.3 0.210731357088
69.37 0.143063659515
69.44 0.17119697182
69.51 0.242737188021
69.58 0.194590733379
69.65 0.363413916768
69.72 0.331377846639
69.79 0.236027814385
69.86 0.293467283058
69.93 0.305129713452
70.0 0.160794861114
70.07 0.250703746855
70.14 0.457637275727
70.21 0.340910678864
70.28 0.244974845015
70.35 0.252447151267
70.42 0.152041326922
70.49 0.181346773183
70.56 0.430000724124
70.63 0.142152803211
70.7 0.045794361712
70.77 0.464685066207
70.84 0.440939832263
70.91 0.454692643432
70.98 0.533000703979
71.05 0.521178448194
71.12 0.435538762921
71.19 0.358058571823
71.26 0.302742019593
71.33 0.322481299504
71.4 0.469886173648
71.47 0.358437372429
71.54 0.228057986555
71.61 0.352018144879
71.68 0.202406467439
71.75 0.197599096578
71.82 0.335387183074
71.89 0.395032277465
71.96 0.30095035761
72.03 0.14426081533
72.1 0.248566456195
72.17 0.22034324388
72.24 0.307998950503
72.31 0.464996210873
72.38 0.308650449806
72.45 0.345158326907
72.52 0.481661778666
72.59 0.307237595023
72.66 0.21083724801
72.73 0.397944792771
72.8 0.408118729184
72.87 0.27044143974
72.94 0.378134805507
73.01 0.217447013551
73.08 0.232559883053
73.15 0.447600305473
73.22 0.292851220509
73.29 0.250454749364
73.36 0.431213454809
73.43 0.256272628142
73.5 0.248240912916
73.57 0.450089361265
73.64 0.427498928613
73.71 0.320432720727
73.78 0.245845090744
73.85 0.225960101201
73.92 0.237559814093
73.99 0.421524602232
74.06 0.407571530481
74.13 0.222266344795
74.2 0.271236162973
74.27 0.401333432834
74.34 0.292374085647
74.41 0.236883302822
74.48 0.241487706522
74.55 0.182932659227
74.62 0.172492020134
74.69 0.312581480023
74.76 0.236138664844
74.83 0.240657516865
74.9 0.47380638941
74.97 0.330377185269
75.04 0.245118623448
75.11 0.412307443662
75.18 0.268412052959
75.25 0.229529863914
75.32 0.500591494974
75.39 0.28987456551
75.46 0.24430781238
75.53 0.181444268101
75.6 0.173599897035
75.67 0.142113708452
75.74 0.173391672975
75.81 0.333483769977
75.88 0.305336434882
75.95 0.10322733657
76.02 0.212576664749
76.09 0.101908790786
76.16 0.0531974111524
76.23 0.278729267368
76.3 0.291589160828
76.37 0.104808799119
76.44 0.0989884570561
76.51 0.100146884704
76.58 0.0345217395635
76.65 0.100908399745
76.72 0.118052318877
76.79 0.0801234276912
76.86 0.283139157932
76.93 0.310722749569
77.0 0.158803265581
77.07 0.0960039315452
77.14 0.240804097483
77.21 0.166170437171
77.28 0.0256892259685
77.35 0.0792000670509
77.42 0.10317393221
77.49 0.132956212016
77.56 0.189554354161
77.63 0.188286195609
77.7 0.243356050776
77.77 0.252460454061
77.84 0.201384220679
77.91 0.183077950181
77.98 0.187719998756
78.05 0.106784922638
78.12 0.047727729831
78.19 0.0191034359173
78.26 0.0054159255345
78.33 0.00168612248793
78.4 0.000496256308668
78.47 9.80520586759e-05
78.54 3.10501812163e-05
78.61 1.38467469841e-05
78.68 8.0821591606e-06
78.75 5.87140049968e-06
78.82 5.92282882523e-06
78.89 3.80965211535e-06
78.96 1.34702652677e-06
79.03 0.000506670544591
79.1 0.57214968076
79.17 0.700647776288
79.24 0.550163878403
79.31 0.344130947863
79.38 0.12965791306
79.45 0.0290548617452
79.52 0.00951044705708
79.59 0.0617701840113
79.66 0.0636489141498
79.73 0.421992373841
79.8 0.241717577951
79.87 0.149347163759
79.94 0.0700447378564
80.01 0.303976424021
80.08 0.0595168868724
80.15 0.0164513332127
80.22 0.0871258939919
80.29 0.0187919833405
80.36 0.00356877172856
80.43 0.00188457516548
80.5 0.0773942959043
80.57 0.0448906710875
80.64 0.982024318031
80.71 0.704489450448
80.78 0.44918447658
80.85 0.255068398954
80.92 0.413600725611
80.99 0.231509734448
81.06 0.170714727093
81.13 0.0771054849774
81.2 0.0397393172551
81.27 0.0227126448152
81.34 0.180455514367
81.41 0.148519718264
81.48 0.497210737951
81.55 0.92285944552
81.62 0.609756272607
81.69 0.464901514183
81.76 0.1974729185
81.83 0.0830337539964
81.9 0.137435697632
81.97 0.149510844954
82.04 0.0911145681085
82.11 0.435546686839
82.18 0.231824727008
82.25 0.25019588291
82.32 0.164558200703
82.39 0.254776986941
82.46 0.223302395446
82.53 0.0946335980969
82.6 0.129890210191
82.67 0.177015900922
82.74 0.139757793343
82.81 0.136710205496
82.88 0.109362896686
82.95 0.114580177675
83.02 0.875721932867
83.09 0.726945670994
83.16 0.580701288225
83.23 0.271984528846
83.3 0.395517141081
83.37 0.240104254895
83.44 0.199862016748
83.51 0.0886843529144
83.58 0.048254216105
83.65 0.0273706388086
83.72 0.0122834788539
83.79 0.00434295000516
83.86 0.0019188211556
83.93 0.944205365441
84.0 0.743414162806
84.07 0.448418593429
84.14 0.269939956204
84.21 0.166308265743
84.28 0.176837677379
84.35 0.155024185627
84.42 0.140519528602
84.49 0.367697005521
84.56 0.29716651658
84.63 0.259535431004
84.7 0.168838259801
84.77 0.206781709158
84.84 0.282738065124
84.91 0.0401429973031
84.98 0.118379393797
85.05 0.164059372319
85.12 0.169845422238
85.19 0.0702940419392
85.26 0.0744420258436
85.33 0.180427111426
85.4 0.668952454419
85.47 0.897441736715
85.54 0.547308111617
85.61 0.38010588839
85.68 0.235943392151
85.75 0.386845174851
85.82 0.230183329361
85.89 0.118576339888
85.96 0.0556347920265
86.03 0.0319110663311
86.1 0.0161568763787
86.17 0.00637833807596
86.24 0.075467776324
86.31 0.831536273574
86.38 0.752448653897
86.45 0.605077408604
86.52 0.334124529331
86.59 0.162087820646
86.66 0.148241744868
86.73 0.167655208534
86.8 0.155439202324
86.87 0.147301427386
86.94 0.451622171959
87.01 0.297301961647
87.08 0.196743174296
87.15 0.177673538657
87.22 0.332512826267
87.29 0.0771879938137
87.36 0.156433071199
87.43 0.190279028059
87.5 0.142445294559
87.57 0.116724040612
87.64 0.0656788132358
87.71 0.0878860718959
87.78 0.306266725818
87.85 0.938853849269
87.92 0.705586868278
87.99 0.480612664561
88.06 0.157752317858
88.13 0.417343898044
88.2 0.240775213225
88.27 0.148182478338
88.34 0.0692207611366
88.41 0.0367014071643
88.48 0.0195311402461
88.55 0.00840007324501
88.62 0.00282225727574
88.69 0.608081391824
88.76 0.909486594072
88.83 0.611982539545
88.9 0.42097112268
88.97 0.154240795746
89.04 0.185218530276
89.11 0.189314715307
89.18 0.163966463093
89.25 0.172800202397
89.32 0.425423088208
89.39 0.329679060255
89.46 0.221799774498
89.53 0.167722189972
89.6 0.291125187003
89.67 0.176450540768
89.74 0.0610115621438
89.81 0.159479543447
89.88 0.154276678871
89.95 0.146974650486
90.02 0.120203274307
90.09 0.10725760829
90.16 0.102292953784
90.23 0.939372623931
90.3 0.759510630023
90.37 0.460393888042
90.44 0.312208389279
90.51 0.43312877752
90.58 0.259014668438
90.65 0.222570596747
90.72 0.150335524528
90.79 0.11243565606
90.86 0.0585149048498
90.93 0.031292256982
91.0 0.0275396659126
91.07 0.125241092858
91.14 0.970843394565
91.21 0.696400230442
91.28 0.459570271321
91.35 0.211710938778
91.42 0.127750960639
91.49 0.0864589688289
91.56 0.060801004689
91.63 0.106651245914
91.7 0.401585533826
91.77 0.273047429039
91.84 0.21641852682
91.91 0.125631669892
91.98 0.205782129102
92.05 0.243809316961
92.12 0.022520510569
92.19 0.0864424372596
92.26 0.116222193121
92.33 0.075394483048
92.4 0.0119880554312
92.47 0.00368886280274
92.54 0.0925468173047
92.61 0.780756920091
92.68 0.844960431369
92.75 0.592087061261
92.82 0.369737986752
92.89 0.373236001016
92.96 0.393355019111
93.03 0.360440379116
93.1 0.229636143186
93.17 0.141082539536
93.24 0.141912521502
93.31 0.0257567263051
93.38 0.0600191055702
93.45 0.268092109434
93.52 0.919970508783
93.59 0.757962071053
93.66 0.451564110038
93.73 0.271064031708
93.8 0.143564534483
93.87 0.152999844756
93.94 0.158655875297
94.01 0.175848245846
94.08 0.192690747518
94.15 0.420191063113
94.22 0.23966993873
94.29 0.148841289034
94.36 0.0999991304657
94.43 0.300877778397
94.5 0.0345972027192
94.57 0.0372719655353
94.64 0.145771323932
94.71 0.0901622460682
94.78 0.0238808299992
94.85 0.00252531210206
94.92 0.0882378363679
94.99 0.512325366566
95.06 0.927537214364
95.13 0.616343918034
95.2 0.478111040477
95.27 0.165784447808
95.34 0.437251314953
95.41 0.237334219787
95.48 0.166576494131
95.55 0.1077048778
95.62 0.0868790967104
95.69 0.02000905906
95.76 0.00813401539618
95.83 0.0270442014682
95.9 0.735715246209
95.97 0.848002017267
96.04 0.574059428112
96.11 0.378271424194
96.18 0.198255785526
96.25 0.184527918413
96.32 0.104467360531
96.39 0.171691961541
96.46 0.139283123744
96.53 0.450473210419
96.6 0.306233251912
96.67 0.204341905878
96.74 0.153700609758
96.81 0.323947072715
96.88 0.17159312553
96.95 0.114430982125
97.02 0.137253432349
97.09 0.137423561865
97.16 0.12824913496
97.23 0.0858559248989
97.3 0.166198044292
97.37 0.112585734464
97.44 0.989930602209
97.51 0.715843299021
97.58 0.48087532814
97.65 0.272411422189
97.72 0.443483497024
97.79 0.299282080751
97.86 0.217376735426
97.93 0.18361085049
98.0 0.195115664935
98.07 0.156491870918
98.14 0.151919655415
98.21 0.132384712111
98.28 0.492147933805
98.35 0.934000384781
98.42 0.618656797525
98.49 0.468937468733
98.56 0.152249266806
98.63 0.123822038984
98.7 0.189252932745
98.77 0.165811164823
98.84 0.151612419961
98.91 0.428073396855
98.98 0.316764641561
99.05 0.23450327508
99.12 0.161382933467
99.19 0.266804023065
99.26 0.214557770222
99.33 0.0773869746206
99.4 0.144490517968
99.47 0.185764610742
99.54 0.159646179133
99.61 0.117151862303
99.68 0.0884371521183
99.75 0.129870671383
99.82 0.88127553137
99.89 0.735790608486
99.96 0.585523457917
100.03 0.305748960602
100.1 0.409624852532
100.17 0.285560812288
100.24 0.242813539304
100.31 0.1782417366
100.38 0.153419515717
100.45 0.082582453297
100.52 0.0500318810124
100.59 0.0334117864088
100.66 0.013932714705
100.73 0.950906164393
100.8 0.735053674207
100.87 0.445967358555
100.94 0.267338942925
101.01 0.132966652625
101.08 0.105476498344
101.15 0.0898008651587
101.22 0.116933456754
101.29 0.362789092942
101.36 0.301327276467
101.43 0.24434165024
101.5 0.139694939357
101.57 0.187454908155
101.64 0.258968825361
101.71 0.0282792790797
101.78 0.0118296627819
101.85 0.14127113314
101.92 0.0910736535788
101.99 0.0194947771232
102.06 0.0024245567596
102.13 0.091047032827
102.2 0.666876552696
102.27 0.914234548734
102.34 0.563483560874
102.41 0.41708933047
102.48 0.224335744791
102.55 0.458133063247
102.62 0.339888167049
102.69 0.247410530073
102.76 0.149016283802
102.83 0.0892647301396
102.9 0.0331602056336
102.97 0.0309913755634
103.04 0.235754398989
103.11 0.846285738659
103.18 0.743398547057
103.25 0.577672582486
103.32 0.287454407191
103.39 0.136796640687
103.46 0.193435135607
103.53 0.210343062681
103.6 0.195908784
103.67 0.1345345137
103.74 0.435784904162
103.81 0.239678752753
103.88 0.155705251602
103.95 0.10284999244
104.02 0.306674341452
104.09 0.043391070565
104.16 0.0143418428588
104.23 0.125684784803
104.3 0.0900691766231
104.37 0.0364562153696
104.44 0.00195231352294
104.51 0.0851990599076
104.58 0.314758960601
104.65 0.935500480466
104.72 0.706411385654
104.79 0.489531076646
104.86 0.169549243874
104.93 0.429007204698
105.0 0.258003779425
105.07 0.172078488265
105.14 0.122531646911
105.21 0.0895887872715
105.28 0.019654200317
105.35 0.0696964085328
105.42 0.164448084746
105.49 0.621635741744
105.56 0.89269564534
105.63 0.590240698001
105.7 0.425083232031
105.77 0.216049992758
105.84 0.18497736044
105.91 0.114072024281
105.98 0.204119473096
106.05 0.183700478853
106.12 0.436549797647
106.19 0.247852419389
106.26 0.182783641698
106.33 0.131116574657
106.4 0.274617072303
106.47 0.147588738979
106.54 0.0201502430004
106.61 0.109175719339
106.68 0.108816963911
106.75 0.0620949196016
106.82 0.00437071207023
106.89 0.0611858725192
106.96 0.0686607350229
107.03 0.914208801605
107.1 0.770529763274
107.17 0.505728885357
107.24 0.301738035163
107.31 0.425591554875
107.38 0.234776699048
107.45 0.193845174306
107.52 0.15222813438
107.59 0.113618195681
107.66 0.132020340446
107.73 0.186010482314
107.8 0.135528465651
107.87 0.141823574894
107.94 0.972392329358
108.01 0.696707159963
108.08 0.472525464765
108.15 0.248611531144
108.22 0.1762287904
108.29 0.186165590144
108.36 0.163474524786
108.43 0.169825801013
108.5 0.415370139569
108.57 0.277693638693
108.64 0.284801151305
108.71 0.188476025471
108.78 0.222828036395
108.85 0.236229568365
108.92 0.110145869206
108.99 0.0962884218333
109.06 0.109166474108
109.13 0.0950366128733
109.2 0.165375240533
109.27 0.192794972953
109.34 0.195595578245
109.41 0.78592484769
109.48 0.820533011236
109.55 0.597057911561
109.62 0.3771847984
109.69 0.395546229074
109.76 0.300523164268
109.83 0.261066734451
109.9 0.153098900327
109.97 0.154115517664
110.04 0.137824536652
110.11 0.0348039749174
110.18 0.013193908567
110.25 0.0526426775409
110.32 0.893534304188
110.39 0.772686683731
110.46 0.47682923298
110.53 0.307597171326
110.6 0.225524139329
110.67 0.186634867021
110.74 0.163184172328
110.81 0.170505967651
110.88 0.189513444906
110.95 0.426839033306
111.02 0.239037379556
111.09 0.148465018306
111.16 0.126770709721
111.23 0.294263303867
111.3 0.0348937588838
111.37 0.0130799196614
111.44 0.137370764755
111.51 0.132883812142
111.58 0.187823812106
111.65 0.20738102915
111.72 0.127566728552
111.79 0.510229062303
111.86 0.932721190238
111.93 0.616164959988
112.0 0.469297750527
112.07 0.164499525599
112.14 0.487367524573
112.21 0.33445813301
112.28 0.24662117055
112.35 0.106510650762
112.42 0.0683161012861
112.49 0.0736188620869
112.56 0.0247013610212
112.63 0.144261462799
112.7 0.735719047949
112.77 0.855704876043
112.84 0.550382965707
112.91 0.351031839264
112.98 0.141370841455
113.05 0.308611428894
113.12 0.22296731551
113.19 0.228529375291
113.26 0.203618959445
113.33 0.421437029024
113.4 0.243435426441
113.47 0.169026190111
113.54 0.116552436158
113.61 0.296670666423
113.68 0.0611358927582
113.75 0.0185138365385
113.82 0.133736635537
113.89 0.0935135788364
113.96 0.0554218326052
114.03 0.00381620856752
114.1 0.0759606159457
114.17 0.0511608217687
114.24 0.985050498508
114.31 0.720414456946
114.38 0.487206493914
114.45 0.291922231104
114.52 0.430911593615
114.59 0.258916185832
114.66 0.190425975269
114.73 0.143710859278
114.8 0.0987440815212
114.87 0.0310577728284
114.94 0.0149208137171
115.01 0.0177975949079
115.08 0.472490540976
115.15 0.937893380454
115.22 0.617528327536
115.29 0.469448163214
115.36 0.192530368944
115.43 0.188467789027
115.5 0.1709270041
115.57 0.171818760056
115.64 0.161643007828
115.71 0.420395577739
115.78 0.23890059076
115.85 0.190440513661
115.92 0.134918399777
115.99 0.282206960191
116.06 0.273109215557
116.13 0.130384550465
116.2 0.114611824557
116.27 0.114671707567
116.34 0.0650672394565
116.41 0.0216676594817
116.48 0.135406555465
116.55 0.192593852596
116.62 0.882793245212
116.69 0.733742023116
116.76 0.603368881827
116.83 0.321828752514
116.9 0.402014817268
116.97 0.30308843552
117.04 0.272698963892
117.11 0.166848733269
117.18 0.114592401793
117.25 0.16796773649
117.32 0.130150401255
117.39 0.174180474698
117.46 0.202307802856
117.53 0.954037840189
117.6 0.747093825213
117.67 0.445361960131
117.74 0.270103299159
117.81 0.209196255856
117.88 0.13212073579
117.95 0.0991835352443
118.02 0.129452062615
118.09 0.361678494296
118.16 0.362703592691
118.23 0.26365258033
118.3 0.236330863046
118.37 0.220706930493
118.44 0.261003982664
118.51 0.0796312876266
118.58 0.0189575878234
118.65 0.137438218279
118.72 0.123763127177
118.79 0.149453176658
118.86 0.192429131626
118.93 0.164817455508
119.0 0.680212193772
119.07 0.897158671255
119.14 0.546515007058
119.21 0.399029815715
119.28 0.238153122905
119.35 0.453067946804
119.42 0.266521696722
119.49 0.209263116635
119.56 0.174549910734
119.63 0.128321794613
119.7 0.0509335725255
119.77 0.11209219067
119.84 0.0736795930053
119.91 0.843518022442
119.98 0.735778732499
120.05 0.594218499642
120.12 0.295095855931
120.19 0.131689092579
120.26 0.119278043126
120.33 0.0891876641344
120.4 0.109174719124
120.47 0.0877281368268
120.54 0.450385188862
120.61 0.238418857678
120.68 0.162586682657
120.75 0.113227021947
120.82 0.350465628565
120.89 0.163905469099
120.96 0.119886387471
121.03 0.172660143945
121.1 0.103371005553
121.17 0.0353106283193
121.24 0.0336239434164
121.31 0.0940393873115
121.38 0.275682235343
121.45 0.975801804485
121.52 0.727808025113
121.59 0.497197881529
121.66 0.225297265908
121.73 0.448477078644
121.8 0.358747052707
121.87 0.212610017337
121.94 0.312582538919
122.01 0.209620525036
122.08 0.082863288218
122.15 0.0945663364404
122.22 0.215422414879
122.29 0.654752189785
122.36 0.895965682453
122.43 0.581399214778
122.5 0.450024538498
122.57 0.20346196525
122.64 0.23171410402
122.71 0.265763843642
122.78 0.253918667308
122.85 0.19743657252
122.92 0.412367556122
122.99 0.243396586187
123.06 0.187529580765
123.13 0.119937309425
123.2 0.272053951811
123.27 0.145288980304
123.34 0.0196374900673
123.41 0.124054901826
123.48 0.100891459386
123.55 0.053116037036
123.62 0.00377735446757
123.69 0.0600886782046
123.76 0.0767972176601
123.83 0.919069396827
123.9 0.761269235461
123.97 0.483464507629
124.04 0.28809426523
124.11 0.424098727067
124.18 0.24875856143
124.25 0.263470996143
124.32 0.207018384291
124.39 0.170790582554
124.46 0.117845789315
124.53 0.136458805379
124.6 0.123951624518
124.67 0.141369269594
124.74 0.978089157066
124.81 0.697559190175
124.88 0.460340999943
124.95 0.252056870276
125.02 0.202865121071
125.09 0.163757445851
125.16 0.121229965662
125.23 0.187099091395
125.3 0.408704247263
125.37 0.274704360018
125.44 0.263627089683
125.51 0.184683423823
125.58 0.254610698066
125.65 0.289173641608
125.72 0.0513052100893
125.79 0.158791120584
125.86 0.180817930437
125.93 0.175791331173
126.0 0.139900384969
126.07 0.135395970461
126.14 0.184730518324
126.21 0.769654155152
126.28 0.823028705897
126.35 0.581766898295
126.42 0.370001490986
126.49 0.386717862053
126.56 0.313156738151
126.63 0.267912399744
126.7 0.145376673511
126.77 0.105855340489
126.84 0.0768526646477
126.91 0.164215662341
126.98 0.145392523985
127.05 0.0609173790777
127.12 0.942084020858
127.19 0.922062769988
127.26 0.688043966877
127.33 0.339899577544
127.4 0.295786929989
127.47 0.488406523122
127.54 0.426100502112
127.61 0.24005133317
127.68 0.165337023353
127.75 0.631939151603
127.82 0.505438516415
127.89 0.276868133629
127.96 0.123243289003
128.03 0.489580060808
128.1 0.471082120897
128.17 0.411437637052
128.24 0.330019259288
128.31 0.357660105156
128.38 0.541097449663
128.45 0.473617783938
128.52 0.326281046392
128.59 0.558709510293
128.66 0.884866652002
128.73 0.786302405446
128.8 0.666820567689
128.87 0.2350563287
128.94 0.549860958972
129.01 0.505321636974
129.08 0.440483072908
129.15 0.199681062888
129.22 0.299969964275
129.29 0.525750486335
129.36 0.432252067646
129.43 0.363384023065
129.5 0.717967860511
129.57 0.784760800508
129.64 0.777037578093
129.71 0.526945997762
129.78 0.27484376111
129.85 0.453419213477
129.92 0.449502219237
129.99 0.375758008519
130.06 0.154750464958
130.13 0.595700619809
130.2 0.560124687263
130.27 0.483165216533
130.34 0.289114408704
130.41 0.44237092564
130.48 0.494061843556
130.55 0.432192500458
130.62 0.337151384969
130.69 0.302664829633
130.76 0.461855737536
130.83 0.434127888787
130.9 0.262584047417
130.97 0.189099301172
131.04 0.976936550708
131.11 0.734867216197
131.18 0.592416975947
131.25 0.296811816738
131.32 0.47817687269
131.39 0.561134337381
131.46 0.496421103485
131.53 0.241566064829
131.6 0.320393447947
131.67 0.502845781779
131.74 0.41194004432
131.81 0.403129674575
131.88 0.567741194584
131.95 0.858375684812
132.02 0.548020360959
132.09 0.681386588597
132.16 0.352999727658
132.23 0.522645816343
132.3 0.440068368737
132.37 0.402197169583
132.44 0.218522717419
132.51 0.476905064046
132.58 0.564306530786
132.65 0.533252316402
132.72 0.305507602195
132.79 0.345528764476
132.86 0.594972556256
132.93 0.458573625976
133.0 0.347788370816
133.07 0.150713322941
133.14 0.4153337026
133.21 0.476472143038
133.28 0.42921889028
133.35 0.216208224529
133.42 0.849173778697
133.49 0.768630225762
133.56 0.747616068651
133.63 0.345641217785
133.7 0.398904773017
133.77 0.616674662826
133.84 0.558956861418
133.91 0.402984758125
133.98 0.309429223006
134.05 0.504315196511
134.12 0.502711553849
134.19 0.428008660461
134.26 0.391715664751
134.33 1.0
134.4 0.773108142155
134.47 0.720831276272
134.54 0.423824543543
134.61 0.366014805432
134.68 0.479881210036
134.75 0.434911870753
134.82 0.299579544823
134.89 0.362157241897
134.96 0.57151884905
135.03 0.538873995458
135.1 0.391119380349
135.17 0.291949825697
135.24 0.462421846038
135.31 0.438818433614
135.38 0.392698892578
135.45 0.360870786729
135.52 0.391426347453
135.59 0.472587991719
135.66 0.461556932372
135.73 0.266761464807
135.8 0.668462105115
135.87 0.876187092182
135.94 0.647105523048
136.01 0.440294532051
136.08 0.193159930769
136.15 0.604770036667
136.22 0.470211331214
136.29 0.358084890598
136.36 0.196244974261
136.43 0.451147500382
136.5 0.468386431367
136.57 0.409319976847
136.64 0.419698078437
136.71 0.842487075722
136.78 0.882778310558
136.85 0.713982275391
136.92 0.373209692131
136.99 0.305759659012
137.06 0.525279658696
137.13 0.465338613412
137.2 0.399156088738
137.27 0.260372357771
137.34 0.613576965329
137.41 0.5590697789
137.48 0.486136062768
137.55 0.47062890614
137.62 0.618874574066
137.69 0.529125027124
137.76 0.489974476504
137.83 0.522314527598
137.9 0.436538213747
137.97 0.488429430485
138.04 0.510277417456
138.11 0.290976639581
138.18 0.333637890119
138.25 0.911570297736
138.32 0.664615243947
138.39 0.490599860767
138.46 0.3360041443
138.53 0.599614139339
138.6 0.500432653316
138.67 0.467120978077
138.74 0.269040091715
138.81 0.346217873709
138.88 0.464909282497
138.95 0.425468582496
139.02 0.376370457898
139.09 0.666935353734
139.16 0.879953464724
139.23 0.731278206763
139.3 0.637155512158
139.37 0.268875437337
139.44 0.469660392749
139.51 0.54518384551
139.58 0.486323418796
139.65 0.273859764496
139.72 0.55961212356
139.79 0.541668503196
139.86 0.430179758653
139.93 0.291884190627
140.0 0.347872008438
140.07 0.517793688333
140.14 0.512272406599
140.21 0.45747202333
140.28 0.425149213254
140.35 0.497456182272
140.42 0.469801728996
140.49 0.392647367989
140.56 0.345790016414
140.63 0.85598711799
140.7 0.837099267636
140.77 0.689589864102
140.84 0.329905805765
140.91 0.488449435444
140.98 0.541969303516
141.05 0.471173567053
141.12 0.230296968818
141.19 0.31371163396
141.26 0.563033634234
141.33 0.507182610494
141.4 0.423777170803
141.47 0.393948921326
141.54 0.951628861597
141.61 0.594214087355
141.68 0.671773019176
141.75 0.375587369994
141.82 0.453504535706
141.89 0.505946397504
141.96 0.474284308883
142.03 0.264621808443
142.1 0.504587059168
142.17 0.573989482293
142.24 0.461993308307
142.31 0.330997805159
142.38 0.308625431904
142.45 0.530559898505
142.52 0.477068378649
142.59 0.432751438665
142.66 0.453175224973
142.73 0.446154481836
142.8 0.452504231038
142.87 0.414022556561
142.94 0.161107411488
143.01 0.743056170232
143.08 0.853921687865
143.15 0.845371335778
143.22 0.408336263089
143.29 0.402264174098
143.36 0.574350762983
143.43 0.532208620073
143.5 0.380482245492
143.57 0.254941255606
143.64 0.520833812479
143.71 0.478415059024
143.78 0.412741683344
143.85 0.397774305894
143.92 0.872482130335
143.99 0.876847855176
144.06 0.638214417425
144.13 0.421233087362
144.2 0.370608440832
144.27 0.505018923257
144.34 0.447835634238
144.41 0.311882008641
144.48 0.12513267997
144.55 0.640313262115
144.62 0.58015900818
144.69 0.469707797797
144.76 0.205817145858
144.83 0.500658212018
144.9 0.518696076766
144.97 0.457368315475
145.04 0.431811274808
145.11 0.401609492173
145.18 0.472854659455
145.25 0.470593124553
145.32 0.259576168171
145.39 0.461947744789
145.46 0.929369841646
145.53 0.717450722325
145.6 0.58521082117
145.67 0.272242494645
145.74 0.477452235056
145.81 0.283043202567
145.88 0.179846726948
145.95 0.0723056002338
146.02 0.0356785346921
146.09 0.0206138680365
146.16 0.0144692268652
146.23 0.00930952450123
146.3 0.685939226391
146.37 0.886476398152
146.44 0.587686561641
146.51 0.37228139569
146.58 0.14906180842
146.65 0.141887629533
146.72 0.198381566683
146.79 0.167319744863
146.86 0.14220226737
146.93 0.436254679498
147.0 0.309772398288
147.07 0.220505148161
147.14 0.142356242458
147.21 0.312340034583
147.28 0.112469184032
147.35 0.0785823034111
147.42 0.186760873671
147.49 0.173583829639
147.56 0.160092063375
147.63 0.181485249224
147.7 0.148307048951
147.77 0.0748048236694
147.84 0.987061176587
147.91 0.709747373001
147.98 0.481572818871
148.05 0.273017589401
148.12 0.441219419058
148.19 0.275580483741
148.26 0.205052489074
148.33 0.156177935276
148.4 0.105680185502
148.47 0.0640435830321
148.54 0.0267857385281
148.61 0.02372266614
148.68 0.435001724609
148.75 0.924942969185
148.82 0.651604221759
148.89 0.466350172971
148.96 0.158453995383
149.03 0.138191176437
149.1 0.0840398727026
149.17 0.0761831509257
149.24 0.111989390062
149.31 0.422299977865
149.38 0.243200042291
149.45 0.195071846683
149.52 0.138210648652
149.59 0.247356360881
149.66 0.189063248597
149.73 0.0193388846817
149.8 0.102906465357
149.87 0.0927283177556
149.94 0.048194400347
150.01 0.0023690491129
150.08 0.013048474537
150.15 0.0901584390535
150.22 0.884282902925
150.29 0.786893225258
150.36 0.5864718958
150.43 0.299782939895
150.5 0.400620839977
150.57 0.388847162861
150.64 0.334889874463
150.71 0.199606368519
150.78 0.141309577792
150.85 0.12604583934
150.92 0.0312426002964
150.99 0.0736809037683
151.06 0.251357584828
151.13 0.944761588496
151.2 0.737563292098
151.27 0.418336337475
151.34 0.267165840456
151.41 0.128621385708
151.48 0.1546615678
151.55 0.157100919434
151.62 0.167210644945
151.69 0.361507303246
151.76 0.286429933847
151.83 0.238976744242
151.9 0.132891892323
151.97 0.174675668814
152.04 0.256616279466
152.11 0.029454884448
152.18 0.0137486434971
152.25 0.140875888656
152.32 0.0701604080726
152.39 0.00519694833969
152.46 0.0013816700974
152.53 0.09396932413
152.6 0.662558269166
152.67 0.901778304992
152.74 0.557708618155
152.81 0.402917722622
152.88 0.16793122172
152.95 0.428806336867
153.02 0.243077416065
153.09 0.157221315782
153.16 0.0974181392892
153.23 0.0531741840107
153.3 0.0169750192803
153.37 0.00691366276927
153.44 0.0277836201308
153.51 0.833221390572
153.58 0.757507781577
153.65 0.593810774558
153.72 0.315364595068
153.79 0.137975118789
153.86 0.125868172937
153.93 0.0987269400646
154.0 0.114582756344
154.07 0.0936533590472
154.14 0.444145851
154.21 0.244035105112
154.28 0.166168097182
154.35 0.164124911127
154.42 0.350115141889
154.49 0.146668360522
154.56 0.0429954364126
154.63 0.21704594382
154.7 0.154071560951
154.77 0.118154251796
154.84 0.0814335504384
154.91 0.111785025765
154.98 0.269625222763
155.05 0.952845889185
155.12 0.708477717753
155.19 0.490896635172
155.26 0.181505875279
155.33 0.425936253227
155.4 0.248440502951
155.47 0.190006887163
155.54 0.120696040083
155.61 0.0769405464254
155.68 0.147017603688
155.75 0.141945609696
155.82 0.0758549538135
155.89 0.618149715554
155.96 0.905719192304
156.03 0.596640436854
156.1 0.41042428871
156.17 0.155220873258
156.24 0.158088453394
156.31 0.217304459507
156.38 0.0960075170225
156.45 0.138235218864
156.52 0.440839346589
156.59 0.305403157859
156.66 0.224150315348
156.73 0.1391844796
156.8 0.281462674958
156.87 0.217392074913
156.94 0.167023060128
157.01 0.166414952486
157.08 0.103649419387
157.15 0.143489662094
157.22 0.175322113636
157.29 0.0980885490509
157.36 0.0797289783683
157.43 0.912254515344
157.5 0.775623269471
157.57 0.498636393772
157.64 0.299747410175
157.71 0.453594317694
157.78 0.277958335669
157.85 0.243739797074
157.92 0.187757924509
157.99 0.153903545271
158.06 0.13581788185
158.13 0.0703653242358
158.2 0.0481449223418
158.27 0.163240509421
158.34 0.971765430597
158.41 0.711035972335
158.48 0.388604629515
158.55 0.241309636604
158.62 0.182738057081
158.69 0.0764044799774
158.76 0.034384946811
158.83 0.00717357954856
158.9 0.408438343699
158.97 0.262027335793
159.04 0.225495466719
159.11 0.145851597614
159.18 0.185219897083
159.25 0.256405958054
159.32 0.0243100461888
159.39 0.101542229462
159.46 0.121826763029
159.53 0.0446452636894
159.6 0.00322322942459
159.67 0.00426217258916
159.74 0.0916091853041
159.81 0.75446609546
159.88 0.852153658516
159.95 0.595797523961
160.02 0.356023818035
160.09 0.379469708795
160.16 0.396561296309
160.23 0.28054776241
160.3 0.240360828174
160.37 0.150161719864
160.44 0.12673407627
160.51 0.0693874225376
160.58 0.084285439001
160.65 0.225603122688
160.72 0.893249711043
160.79 0.761510358484
160.86 0.489079475289
160.93 0.289028229336
161.0 0.130037071027
161.07 0.136803545929
161.14 0.148205762842
161.21 0.162087255594
161.28 0.111022945012
161.35 0.445645477896
161.42 0.242373336574
161.49 0.16311872385
161.56 0.0866719618765
161.63 0.305187344166
161.7 0.0344804683323
161.77 0.0147555362655
161.84 0.128579555358
161.91 0.075802218681
161.98 0.010328223367
162.05 0.00182212535417
162.12 0.0905663487516
162.19 0.495330131338
162.26 0.93598023092
162.33 0.61403377809
162.4 0.478237151962
162.47 0.165479109268
162.54 0.427402916544
162.61 0.250334102469
162.68 0.161862662163
162.75 0.11191057945
162.82 0.158950767293
162.89 0.183521739707
162.96 0.135809029585
163.03 0.192592148868
163.1 0.69448137566
163.17 0.908421295869
163.24 0.583254936016
163.31 0.383225136334
163.38 0.199633822674
163.45 0.218244821825
163.52 0.195502834512
163.59 0.19519870256
163.66 0.128745992585
163.73 0.450671458702
163.8 0.32331570958
163.87 0.229062495819
163.94 0.159777598285
164.01 0.348129289845
164.08 0.165694288678
164.15 0.127118133115
164.22 0.181026023947
164.29 0.156717835771
164.36 0.136716912936
164.43 0.0919511434494
164.5 0.119047307307
164.57 0.0867130511306
164.64 0.963215915868
164.71 0.727176772746
164.78 0.445671492717
164.85 0.27130127453
164.92 0.421628757118
164.99 0.243649490912
165.06 0.180613070317
165.13 0.139487041011
165.2 0.152264142779
165.27 0.192152709651
165.34 0.176073807185
165.41 0.0373709485785
165.48 0.42039635312
165.55 0.873480747099
165.62 0.644182511748
165.69 0.52794439101
165.76 0.30046724981
165.83 0.216874095411
165.9 0.185086526292
165.97 0.179633977855
166.04 0.209914410225
166.11 0.434114225336
166.18 0.332535056491
166.25 0.33409092092
166.32 0.198257063982
166.39 0.251708726226
166.46 0.296329663658
166.53 0.197823270012
166.6 0.186936264701
166.67 0.151055568558
166.74 0.236055223704
166.81 0.276786405448
166.88 0.366551092758
166.95 0.365627009484
167.02 0.836238780761
167.09 0.672695614325
167.16 0.561967687902
167.23 0.288225432515
167.3 0.377145687818
167.37 0.334698083072
167.44 0.354200658839
167.51 0.314590070639
167.58 0.302045482264
167.65 0.272429630454
167.72 0.219385264064
167.79 0.183978490491
167.86 0.171489639212
167.93 0.921140557914
168.0 0.741007494533
168.07 0.469904240155
168.14 0.384361521011
168.21 0.258200492771
168.28 0.253979489875
168.35 0.229233885329
168.42 0.257074037717
168.49 0.395379644816
168.56 0.398634048377
168.63 0.408582527625
168.7 0.322562607027
168.77 0.303841444447
168.84 0.343715738639
168.91 0.267088087421
168.98 0.24029027972
169.05 0.199137799111
169.12 0.225619861948
169.19 0.355669344345
169.26 0.407133243126
169.33 0.439645263947
169.4 0.672443092675
169.47 0.840245330177
169.54 0.524482875033
169.61 0.398674957632
169.68 0.198775656008
169.75 0.444332698678
169.82 0.358268233897
169.89 0.322855135958
169.96 0.365692027414
170.03 0.310783987518
170.1 0.273694732318
170.17 0.256461800644
170.24 0.213993173581
170.31 0.807378177647
170.38 0.715493351683
170.45 0.580391823551
170.52 0.396905459938
170.59 0.219174869466
170.66 0.211034711022
170.73 0.229194916504
170.8 0.226082086552
170.87 0.174708119428
170.94 0.482829369127
171.01 0.393544246338
171.08 0.377005678158
171.15 0.359628088495
171.22 0.364143261413
171.29 0.217819160783
171.36 0.211788809175
171.43 0.197568658262
171.5 0.154765109503
171.57 0.236883609414
171.64 0.265717451337
171.71 0.262007558964
171.78 0.316994793208
171.85 0.929452740151
171.92 0.656157676472
171.99 0.448036836353
172.06 0.218743900757
172.13 0.435871657153
172.2 0.330734140705
172.27 0.289972123724
172.34 0.293086079825
172.41 0.305946978116
172.48 0.281412329265
172.55 0.2299609546
172.62 0.246603720524
172.69 0.618806434832
172.76 0.859451960326
172.83 0.640436878008
172.9 0.495459345665
172.97 0.345699188057
173.04 0.308044463912
173.11 0.325885379272
173.18 0.299554323845
173.25 0.317451106191
173.32 0.470683342364
173.39 0.370762894599
173.46 0.356974387556
173.53 0.312271693592
173.6 0.388621449875
173.67 0.31628337529
173.74 0.274613045729
173.81 0.268627870609
173.88 0.258267053551
173.95 0.311530420213
174.02 0.279544501932
174.09 0.264527359005
174.16 0.275530803979
174.23 0.868304304815
174.3 0.707687537355
174.37 0.458047775962
174.44 0.352512816799
174.51 0.425616387504
174.58 0.402421070051
174.65 0.337818901558
174.72 0.310659039763
174.79 0.334847130272
174.86 0.264670039641
174.93 0.255304217607
175.0 0.259218219773
175.07 0.28802952488
175.14 0.940102792089
175.21 0.666585092551
175.28 0.488593262009
175.35 0.34792700312
175.42 0.257880144412
175.49 0.247067528196
175.56 0.189546219915
175.63 0.257583825609
175.7 0.447390244499
175.77 0.367323382692
175.84 0.355682613512
175.91 0.271612473921
175.98 0.230406196647
176.05 0.318462983551
176.12 0.201345483281
176.19 0.18926201512
176.26 0.187417296906
176.33 0.216569970052
176.4 0.322634728001
176.47 0.348255042651
176.54 0.319887979375
176.61 0.743260790353
176.68 0.776075961372
176.75 0.534765178839
176.82 0.342036541832
176.89 0.375427846581
176.96 0.367835009476
177.03 0.395538967131
177.1 0.32891254414
177.17 0.312866201738
177.24 0.324323513553
177.31 0.262560021817
177.38 0.196406696565
177.45 0.199723028401
177.52 0.848806601552
177.59 0.730485271653
177.66 0.564074233655
177.73 0.349101388055
177.8 0.264530345144
177.87 0.252030424908
177.94 0.237128068025
178.01 0.248895628467
178.08 0.260697047208
178.15 0.524558878845
178.22 0.41258540585
178.29 0.32836483511
178.36 0.297770631934
178.43 0.335952825425
178.5 0.237925522894
178.57 0.211538918282
178.64 0.208300342777
178.71 0.18632975793
178.78 0.328971517924
178.85 0.376901343272
178.92 0.464979691172
178.99 0.620470329734
179.06 0.865743728706
179.13 0.562758749175
179.2 0.439248648041
179.27 0.188914213266
179.34 0.447239881262
179.41 0.327811767645
179.48 0.329277824371
179.55 0.316086286123
179.62 0.304760589942
179.69 0.286192014545
179.76 0.243702609779
179.83 0.229804154251
179.9 0.6797768497
179.97 0.849578530828
180.04 0.574920348172
180.11 0.416518906604
180.18 0.244294220137
180.25 0.222252241566
180.32 0.212295118403
180.39 0.192316111287
180.46 0.184443072225
180.53 0.452913934793
180.6 0.366599153847
180.67 0.352649353729
180.74 0.347915111309
180.81 0.363153034718
180.88 0.209000988438
180.95 0.183510119543
181.02 0.16275383988
181.09 0.147285251859
181.16 0.207620157677
181.23 0.24887104309
181.3 0.26069991137
181.37 0.241300787636
181.44 0.915917152997
181.51 0.641500254243
181.58 0.400799429453
181.65 0.246626267229
181.72 0.383070586304
181.79 0.301983010695
181.86 0.259932465589
181.93 0.266413975479
182.0 0.258398194463
182.07 0.23747429604
182.14 0.20506211738
182.21 0.219446858715
182.28 0.350283190536
182.35 0.665570424875
182.42 0.485499434823
182.49 0.372157173867
182.56 0.232029028009
182.63 0.210225590495
182.7 0.244259269315
182.77 0.208631073723
182.84 0.181340094753
182.91 0.28463061168
182.98 0.28096082483
183.05 0.203171922681
183.12 0.187488737444
183.19 0.189111912321
183.26 0.198615615014
183.33 0.152073112923
183.4 0.138507813385
183.47 0.124022561981
183.54 0.154490614772
183.61 0.129532012563
183.68 0.104625407028
183.75 0.128611107955
183.82 0.403997455701
183.89 0.325286562355
183.96 0.256342299018
184.03 0.131350166068
184.1 0.171873450784
184.17 0.143089827302
184.24 0.114809653501
184.31 0.0935568333549
184.38 0.0939068888241
184.45 0.0908069317771
184.52 0.0890512748964
184.59 0.0606951691511
184.66 0.0554828833023
184.73 0.329650127207
184.8 0.251993829698
184.87 0.162343683819
184.94 0.125119540692
185.01 0.0769112415105
185.08 0.0764536250171
185.15 0.062333328132
185.22 0.06805395199
185.29 0.121241784287
185.36 0.116032185239
185.43 0.116177082568
185.5 0.0920500440755
185.57 0.0672287343969
185.64 0.0890187168103
185.71 0.0574338669415
185.78 0.0442514750227
185.85 0.0439601315805
185.92 0.0651677904044
185.99 0.07634559916
186.06 0.0819176281239
186.13 0.0956861532843
186.2 0.152415491726
186.27 0.189072987672
186.34 0.117376988479
186.41 0.0842127674803
186.48 0.0388595526702
186.55 0.0931403146869
186.62 0.0748360696739
186.69 0.0675771850387
186.76 0.063468441606
186.83 0.0615494094624
186.9 0.058164853996
186.97 0.043610716328
187.04 0.0384730740784
187.11 0.135288138449
187.18 0.127521183495
187.25 0.0986901226583
187.32 0.0603258814661
187.39 0.0425239032824
187.46 0.0355568190103
187.53 0.0343932538042
187.6 0.0346801645204
187.67 0.0306133457225
187.74 0.0671482385181
187.81 0.0555399905018
187.88 0.0489203197335
187.95 0.0341608023881
188.02 0.0430819527022
188.09 0.0298483843249
188.16 0.0284501094717
188.23 0.0256765844905
188.3 0.0248877530971
188.37 0.0406488060936
188.44 0.0434069876317
188.51 0.0423883177768
188.58 0.0419763419443
188.65 0.0891385118419
188.72 0.0616959577728
188.79 0.0419166488231
188.86 0.019920902998
188.93 0.0388145957423
189.0 0.0305099332499
189.07 0.0263540260867
189.14 0.0233272152835
189.21 0.0231202030864
189.28 0.021322316957
189.35 0.0191529673289
189.42 0.016392830855
189.49 0.0437286368631
189.56 0.0586514483728
189.63 0.0416042553717
189.7 0.0318957004705
189.77 0.0167178565538
189.84 0.0126423753797
189.91 0.0138592829682
189.98 0.0127788846172
190.05 0.0116556616358
190.12 0.0195383718598
190.19 0.0125844202722
190.26 0.00966466544063
190.33 0.00792435859637
190.4 0.00559360116853
190.47 0.00254411442974
190.54 0.00158413484368
190.61 0.00109020072171
190.68 0.000646137570093
190.75 0.000641857150998
190.82 0.000637832554855
190.89 0.000487586679789
190.96 0.000364695399212
191.03 0.000882841053775
191.1 0.000549708141022
191.17 0.000245900582567
191.24 0.000113536600027
191.31 0.000114929120842
191.38 6.53508963421e-05
191.45 4.80294406962e-05
191.52 3.15618271218e-05
191.59 2.32917567717e-05
191.66 1.440322784e-05
191.73 6.68963834585e-06
191.8 1.55537717897e-06
191.87 0.0
191.94 0.0
192.01 0.0
192.08 0.0
192.15 0.0
192.22 0.0
192.29 0.0
192.36 0.0
