-4.0 0.0
55.2153097235 0.0
67.7782160687 0.123076923077
121.213322155 0.123076923077
121.618082805 0.0
175.544488208 0.0
188.805250486 0.184615384615
203.008822366 0.169230769231
210.131746104 0.0769230769231
247.330409053 0.0923076923077
252.205975657 0.261538461538
259.581802271 0.2
262.495511619 0
315.562682006 0.0153846153846
318.80209929 0.123076923077
324.460281479 0.123076923077
328.304389989 0.184615384615
336.99435003 0.0
355.160733614 0.0
355.270570341 0.694599018003
367.668296102 0.630769230769
370.499521641 0.0
372.72 0.0
