-4.0 0.0
122.043522347 0.0
122.581192952 1.0
143.945986095 0.96875
154.435196016 0.0
178.047326564 0.0
184.894758684 0.0
185.098596278 0.0
185.102516232 1.0
185.106436185 1.0
185.706189106 0.0
186.184423461 0.0
211.512000793 0.0
217.581448571 0.0
217.653473462 1.0
218.486904335 1.0
218.497193605 0.0
219.44380645 0.0
219.45409572 1.0
220.164055353 1.0
220.791700826 0.0
225.871958639 0.0
225.883097651 1.0
226.662828511 1.0
226.666541515 0.0
227.546523485 0.0
227.550236489 1.0
228.623294671 1.0
228.95746504 0.0
263.751152079 0
265.953277945 0.859797297297
272.222754243 0.953125
278.13326543 0.96875
288.931314713 0.109375
321.461792231 0.046875
342.894740184 0.046875
343.500944652 0.0
354.442405757 0.0
372.72 0.0
