-4.0 0.0
-0.368240343348 0.0266666666667
1.25287553648 1.0
36.5125830708 1.0
37.0219225351 0.0
41.0247305922 0.0
41.6231038265 1.0
91.7971505194 1.0
92.0471289388 0.0
93.63420123 0.0
93.8841796494 1.0
98.0793311807 1.0
98.4902400191 0.0
102.094575212 0.0
102.341532297 0.979591836735
103.849728174 1.0
103.968036534 0.0
104.308557451 0.0
104.444506866 0.0
104.703458133 0.0
104.856421642 0.0408163265306
105.791053456 0.0
105.835075172 1.0
117.278454936 1.0
128.857854077 0.306666666667
144.021761879 0.34375
150.462703557 0.90625
215.471759657 0.266666666667
218.391306608 1.0
252.416614726 1
261.815985355 0.392820512821
332.886866953 0.121621621622
339.217099746 0.0
342.369362978 1.0
343.541358283 1.0
344.199150419 0.0
372.72 0.0
