0.0 0.0
0.07 0.000217728125339
0.14 0.104200147244
0.21 0.318530756107
0.28 0.317690335535
0.35 0.583314615094
0.42 0.641895807304
0.49 0.859495407254
0.56 0.627209691437
0.63 0.228517995498
0.7 0.233577736285
0.77 0.422061712647
0.84 0.316806341291
0.91 0.367357617571
0.98 0.322455977403
1.05 0.15480366723
1.12 0.293050222513
1.19 0.289519302932
1.26 0.443780994483
1.33 0.603372134242
1.4 0.868782794994
1.47 0.588314866452
1.54 0.218193251072
1.61 0.266765929368
1.68 0.615123431464
1.75 0.542563243111
1.82 0.301056715476
1.89 0.507001107297
1.96 0.280568882203
2.03 0.373127195228
2.1 0.401390277727
2.17 0.700601957554
2.24 0.353182754642
2.31 0.605965628217
2.38 0.491818139365
2.45 0.388281143748
2.52 0.434268535019
2.59 0.458058802187
2.66 0.73260249195
2.73 0.444541859648
2.8 0.320904653553
2.87 0.319372035648
2.94 0.335135336303
3.01 0.468919969673
3.08 0.629898932671
3.15 0.752245798254
3.22 0.479777970077
3.29 0.512970760396
3.36 0.455865074896
3.43 0.519194231455
3.5 0.408879554638
3.57 0.377352970857
3.64 0.232192235768
3.71 0.302035462154
3.78 0.293464394453
3.85 0.256851298692
3.92 0.363092753021
3.99 0.225084736865
4.06 0.279299469559
4.13 0.388002044644
4.2 0.797450432343
4.27 0.499498824606
4.34 0.474394325032
4.41 0.416831953021
4.48 0.441575939907
4.55 0.61089163575
4.62 0.322332722692
4.69 0.416241023428
4.76 0.251481760894
4.83 0.477349956139
4.9 0.301274954892
4.97 0.588801564279
5.04 0.361522035177
5.11 0.785047829374
5.18 0.73850938774
5.25 0.332387514277
5.32 0.570296972974
5.39 0.549929256547
5.46 0.793366631977
5.53 0.326758402844
5.6 0.57648869871
5.67 0.399724870266
5.74 0.623697204624
5.81 0.549901801685
5.88 0.931446817578
5.95 0.695998704605
6.02 0.54644980497
6.09 0.565681224074
6.16 0.562610209214
6.23 0.988939659866
6.3 0.465430764127
6.37 0.560889091494
6.44 0.574040840841
6.51 0.899498069648
6.58 0.709799258756
6.65 0.54132733317
6.72 0.40374866699
6.79 0.588695952027
6.86 0.534689847941
6.93 0.821471087199
7.0 0.875510695449
7.07 0.542396106492
7.14 0.425818390543
7.21 0.252710873588
7.28 0.281599641776
7.35 0.320383493258
7.42 0.653588298767
7.49 0.799448802678
7.56 0.655316225421
7.63 0.733646030874
7.7 0.262775728839
7.77 0.370752120352
7.84 0.199076819835
7.91 0.315263940198
7.98 0.318520092039
8.05 0.298109602475
8.12 0.516353781044
8.19 0.45426825492
8.26 0.386272946402
8.33 0.555140969064
8.4 0.732549457934
8.47 0.646568806179
8.54 0.482345046381
8.61 0.43691165343
8.68 0.319711573722
8.75 0.321300855809
8.82 0.304552408573
8.89 0.507198618979
8.96 0.550028619363
9.03 0.477323598362
9.1 0.396362889969
9.17 0.344580318513
9.24 0.326386278008
9.31 0.479794487696
9.38 0.445233024175
9.45 0.417421808904
9.52 0.413961391958
9.59 0.265081694713
9.66 0.292554834202
9.73 0.297541273401
9.8 0.532954631738
9.87 0.386934035336
9.94 0.35694112418
10.01 0.290130990937
10.08 0.415579126655
10.15 0.339893415448
10.22 0.37171944187
10.29 0.684337997908
10.36 0.462246680932
10.43 0.672076156251
10.5 0.456290525914
10.57 0.57555752546
10.64 0.448250844327
10.71 0.602469583058
10.78 0.593984594837
10.85 0.415294055672
10.92 0.33309404967
10.99 0.4040292167
11.06 0.511747416524
11.13 0.283835966905
11.2 0.380381424399
11.27 0.272917492472
11.34 0.322407618047
11.41 0.293364418088
11.48 0.473886893628
11.55 0.402382151435
11.62 0.353147691771
11.69 0.415025236436
11.76 0.296818470192
11.83 0.436351320946
11.9 0.296986093268
11.97 0.426300949835
12.04 0.340926848342
12.11 0.397556986539
12.18 0.391201459262
12.25 0.322480751639
12.32 0.40914959659
12.39 0.293146906165
12.46 0.343764568459
12.53 0.21866903795
12.6 0.663277604994
12.67 0.645445976259
12.74 0.309238883615
12.81 0.249527043117
12.88 0.3095257149
12.95 0.269576238448
13.02 0.585479956974
13.09 0.86904806441
13.16 0.706961396938
13.23 0.540257829432
13.3 0.196304319987
13.37 0.830510104418
13.44 0.77479057681
13.51 0.501696640763
13.58 0.697589057481
13.65 0.566744120473
13.72 0.742247640172
13.79 0.503185493627
13.86 0.580607036046
13.93 0.493436784159
14.0 0.777653412998
14.07 0.806330627994
14.14 0.418235319504
14.21 0.483673793606
14.28 0.502655796234
14.35 0.753092607041
14.42 0.409775816944
14.49 0.346859872559
14.56 0.470330551201
14.63 0.367308358343
14.7 0.478755827948
14.77 0.533613070724
14.84 0.587558883385
14.91 0.487087174709
14.98 0.69815996054
15.05 0.655611706287
15.12 0.864884438384
15.19 0.584791253949
15.26 0.547266976413
15.33 0.587208367164
15.4 0.651405499954
15.47 0.71779719563
15.54 0.649834002026
15.61 0.671424805218
15.68 0.40229147326
15.75 0.603031371991
15.82 0.402367516828
15.89 0.376747421264
15.96 0.339865342654
16.03 0.326800078897
16.1 0.522225295503
16.17 0.252738210122
16.24 0.591064786232
16.31 0.129414654711
16.38 0.647729626475
16.45 0.423033840299
16.52 0.357599848028
16.59 0.639568149548
16.66 0.512601357089
16.73 0.709586574881
16.8 0.251740713675
16.87 0.794722860359
16.94 0.429691333073
17.01 0.540464953383
17.08 0.556592185073
17.15 0.473907761602
17.22 0.842281740793
17.29 0.429475920365
17.36 0.735166461065
17.43 0.550372550157
17.5 0.507260270438
17.57 0.423337526654
17.64 0.369856975583
17.71 0.399467292126
17.78 0.183806933907
17.85 0.404242517046
17.92 0.216058992758
17.99 0.532822996239
18.06 0.271790550312
18.13 0.397324236687
18.2 0.517989548241
18.27 0.425498037565
18.34 0.662341983514
18.41 0.181577226344
18.48 0.524151432117
18.55 0.208726347629
18.62 0.768844017991
18.69 0.437115503659
18.76 0.650436679624
18.83 0.581433117099
18.9 0.246583674226
18.97 0.75240625157
19.04 0.199762060691
19.11 0.746371538893
19.18 0.262561598741
19.25 0.600299306491
19.32 0.693691799417
19.39 0.567190195505
19.46 0.568028322572
19.53 0.350537802888
19.6 0.549698966734
19.67 0.226044147981
19.74 0.375969749236
19.81 0.283083215196
19.88 0.407973938631
19.95 0.47382696595
20.02 0.408923927386
20.09 0.657355215628
20.16 0.296920675786
20.23 0.768602516299
20.3 0.412728384688
20.37 0.137214137667
20.44 0.155330352389
20.51 0.575312250441
20.58 0.620066057414
20.65 0.90803465881
20.72 0.759356678981
20.79 0.796989290297
20.86 0.683927676719
20.93 0.528286214031
21.0 0.645018373436
21.07 0.586042083359
21.14 0.592186282413
21.21 0.693250328924
21.28 0.528345292966
21.35 0.620710879992
21.42 0.296770439523
21.49 0.623408336941
21.56 0.329522292552
21.63 0.498161645463
21.7 0.567773983095
21.77 0.562975424318
21.84 0.503405246465
21.91 0.399355450889
21.98 0.528597319947
22.05 0.263260875263
22.12 0.631260084054
22.19 0.619991886631
22.26 0.565550692963
22.33 0.478268525337
22.4 0.436871888144
22.47 0.446466344063
22.54 0.237347034302
22.61 0.700246858706
22.68 0.752088805647
22.75 0.580944258703
22.82 0.573820161836
22.89 0.424891969378
22.96 0.635821085382
23.03 0.453696899003
23.1 0.666107720024
23.17 0.563461195978
23.24 0.461780938729
23.31 0.400427974165
23.38 0.443495030932
23.45 0.610138629857
23.52 0.561848470472
23.59 0.633607083215
23.66 0.498134005076
23.73 0.547984357016
23.8 0.403415075959
23.87 0.65774211385
23.94 0.494120349442
24.01 0.595630520654
24.08 0.65136097674
24.15 0.464515259753
24.22 0.424130236479
24.29 0.415057103008
24.36 0.558450033672
24.43 0.392280116568
24.5 0.734506175589
24.57 0.659722000287
24.64 0.629952764301
24.71 0.628286078612
24.78 0.504413915348
24.85 0.500679209814
24.92 0.334263690465
24.99 0.597874833607
25.06 0.640964223562
25.13 0.648079355307
25.2 0.633569598287
25.27 0.333176009604
25.34 0.357829562273
25.41 0.335238130612
25.48 0.642985258692
25.55 0.61772487236
25.62 0.555043958186
25.69 0.56980975363
25.76 0.490325485418
25.83 0.713677150581
25.9 0.46952974545
25.97 0.553416473902
26.04 0.454383628446
26.11 0.39689701222
26.18 0.668757162373
26.25 0.297339068068
26.32 0.367387114674
26.39 0.447431464107
26.46 0.723844379423
26.53 0.694436322264
26.6 0.54049674107
26.67 0.50864265062
26.74 0.408212284928
26.81 0.431774196423
26.88 0.515876663348
26.95 0.756810510094
27.02 0.620454504116
27.09 0.400551988508
27.16 0.475128841185
27.23 0.388763482455
27.3 0.601651093946
27.37 0.532102655992
27.44 0.646782674788
27.51 0.643038326307
27.58 0.465726207011
27.65 0.475604210266
27.72 0.439738778138
27.79 0.409037035163
27.86 0.588551687642
27.93 0.670312065259
28.0 0.458493713547
28.07 0.43830548945
28.14 0.408114176966
28.21 0.4467715117
28.28 0.373432846401
28.35 0.656671667876
28.42 0.722986612941
28.49 0.566786423222
28.56 0.589535544307
28.63 0.332745534788
28.7 0.593175403914
28.77 0.649683182891
28.84 0.556406506123
28.91 0.631444943477
28.98 0.379029205999
29.05 0.463345337017
29.12 0.452107814128
29.19 0.693356269863
29.26 0.512706205326
29.33 0.547875840631
29.4 0.635656419029
29.47 0.441590891514
29.54 0.560510610582
29.61 0.436259222843
29.68 0.641442480706
29.75 0.50196247406
29.82 0.645138757614
29.89 0.538789831394
29.96 0.43927047802
30.03 0.363726790283
30.1 0.395142949834
30.17 0.41940979419
30.24 0.567107341542
30.31 0.660301659568
30.38 0.606422719377
30.45 0.679556205091
30.52 0.560351496847
30.59 0.391376075337
30.66 0.341248190302
30.73 0.235642743896
30.8 0.547791746423
30.87 0.39868433481
30.94 0.277899547716
31.01 0.232266691412
31.08 0.588402352711
31.15 0.583671849678
31.22 0.33506306168
31.29 0.551903255834
31.36 0.269506945381
31.43 0.421343154614
31.5 0.288763956787
31.57 0.750048811849
31.64 0.419490080012
31.71 0.503012569195
31.78 0.578980997985
31.85 0.429007338306
31.92 0.423619778233
31.99 0.336697873493
32.06 0.503652730261
32.13 0.357228944447
32.2 0.662119536904
32.27 0.43289503523
32.34 0.449212846958
32.41 0.41572796052
32.48 0.520478243646
32.55 0.554173428422
32.62 0.441467592978
32.69 0.662169972101
32.76 0.468495355712
32.83 0.37134625647
32.9 0.235907875994
32.97 0.440870419792
33.04 0.303673670399
33.11 0.561227738461
33.18 0.522344030402
33.25 0.473036935289
33.32 0.413481115945
33.39 0.288504627111
33.46 0.349169195423
33.53 0.308018156092
33.6 0.61199905098
33.67 0.618184838437
33.74 0.511911523379
33.81 0.510147534646
33.88 0.394894406936
33.95 0.552112651379
34.02 0.367006337336
34.09 0.770277227795
34.16 0.461204249318
34.23 0.446472640245
34.3 0.264340967106
34.37 0.490532768601
34.44 0.393110886889
34.51 0.501147055614
34.58 0.634891229803
34.65 0.380612283936
34.72 0.502060887336
34.79 0.246002535124
34.86 0.603416800617
34.93 0.385157746404
35.0 0.419871999721
35.07 0.353618586326
35.14 0.463468749498
35.21 0.485046904814
35.28 0.452425369614
35.35 0.589465582179
35.42 0.346456637862
35.49 0.664596228659
35.56 0.38734148307
35.63 0.452860878455
35.7 0.285955491275
35.77 0.485170044119
35.84 0.504318061448
35.91 0.544930090586
35.98 0.702962998225
36.05 0.415025258348
36.12 0.446064964621
36.19 0.349984488237
36.26 0.554666523229
36.33 0.470419939462
36.4 0.572770970956
36.47 0.483795682439
36.54 0.425061234428
36.61 0.496351678528
36.68 0.407643314549
36.75 0.534690086056
36.82 0.482523951456
36.89 0.698766449447
36.96 0.431583845735
37.03 0.79199636793
37.1 0.558566964444
37.17 0.532029409915
37.24 0.406212705025
37.31 0.540222713971
37.38 0.570695782813
37.45 0.318810297844
37.52 0.427908838529
37.59 0.367325105312
37.66 0.473609116575
37.73 0.27874273218
37.8 0.705234983705
37.87 0.639575088496
37.94 0.434913385353
38.01 0.545333862869
38.08 0.287695572045
38.15 0.673958485459
38.22 0.434696621377
38.29 0.563904778833
38.36 0.499946274281
38.43 0.486285860588
38.5 0.432392497611
38.57 0.273191706557
38.64 0.416699490692
38.71 0.276649701445
38.78 0.585266333785
38.85 0.458313496646
38.92 0.496216352969
38.99 0.466982219451
39.06 0.462533967996
39.13 0.662100753537
39.2 0.259004173839
39.27 0.575977035278
39.34 0.579963761949
39.41 0.5750272525
39.48 0.41701114442
39.55 0.380438371982
39.62 0.437736948555
39.69 0.398725404619
39.76 0.4790857669
39.83 0.336850146155
39.9 0.520035879124
39.97 0.37191473601
40.04 0.584982767458
40.11 0.461124492317
40.18 0.499707967426
40.25 0.596506509543
40.32 0.439111596558
40.39 0.637904684992
40.46 0.263562747266
40.53 0.627095840097
40.6 0.259830666846
40.67 0.612999334692
40.74 0.58659692604
40.81 0.451349642736
40.88 0.545160197795
40.95 0.48412029374
41.02 0.701201314683
41.09 0.239774846645
41.16 0.667033515954
41.23 0.518653501864
41.3 0.656066822404
41.37 0.445762278936
41.44 0.575556508722
41.51 0.486000609923
41.58 0.396601808912
41.65 0.564096883979
41.72 0.596778222686
41.79 0.470527480012
41.86 0.352593541525
41.93 0.665804600472
42.0 0.437563379896
42.07 0.595463740477
42.14 0.768053137127
42.21 0.534469348618
42.28 0.376310162348
42.35 0.344805304048
42.42 0.474452992013
42.49 0.386315950351
42.56 0.60579417338
42.63 0.73751244787
42.7 0.481737030905
42.77 0.372447480697
42.84 0.340788500323
42.91 0.484461822927
42.98 0.327270254723
43.05 0.554297067332
43.12 0.697525939348
43.19 0.555756580862
43.26 0.427342019955
43.33 0.338956660362
43.4 0.369923284172
43.47 0.350764482987
43.54 0.699550926027
43.61 0.36196041309
43.68 0.243680976338
43.75 0.120591621385
43.82 0.245713232113
43.89 0.616956339292
43.96 0.159919267281
44.03 0.532960317293
44.1 0.0976669025466
44.17 0.588922338499
44.24 0.255128379767
44.31 0.529705838104
44.38 0.218111294059
44.45 0.361653067353
44.52 0.762759460293
44.59 0.790071765188
44.66 0.721090156035
44.73 0.12178263414
44.8 0.14595076721
44.87 0.0894157831741
44.94 0.301197416893
45.01 0.244199128782
45.08 0.251389528394
45.15 0.20251132894
45.22 0.331421243098
45.29 0.411691641551
45.36 0.160558540161
45.43 0.242555940562
45.5 0.240532439549
45.57 0.243883947146
45.64 0.119105799746
45.71 0.250879607734
45.78 0.453296105355
45.85 0.455284042433
45.92 0.955180243803
45.99 0.557826983322
46.06 0.325461370264
46.13 0.409891869757
46.2 0.83278915886
46.27 0.302683698694
46.34 0.505303449065
46.41 0.444613935599
46.48 0.495218776177
46.55 0.408805174957
46.62 0.214650498758
46.69 0.497645238712
46.76 0.49294426492
46.83 0.437756044541
46.9 0.594619103947
46.97 0.43412586294
47.04 0.679486486922
47.11 0.445084254586
47.18 0.588628109565
47.25 0.368939589659
47.32 0.591440400993
47.39 0.499020544088
47.46 0.614909901768
47.53 0.59586036053
47.6 0.446396922442
47.67 0.510590379781
47.74 0.373043996509
47.81 0.586338431959
47.88 0.390564992638
47.95 0.506737574809
48.02 0.386931749135
48.09 0.517112706225
48.16 0.428563010427
48.23 0.589906773653
48.3 0.711709701661
48.37 0.492919322688
48.44 0.440281523676
48.51 0.364336417055
48.58 0.287045987158
48.65 0.574845435988
48.72 0.591865364094
48.79 0.865342235126
48.86 0.694784866362
48.93 0.229800581918
49.0 0.210591983919
49.07 0.410314521822
49.14 0.351535552058
49.21 0.328118617834
49.28 0.35971253863
49.35 0.152619109577
49.42 0.299224716285
49.49 0.249479228651
49.56 0.445740514012
49.63 0.50542797762
49.7 0.893650292236
49.77 0.655188138281
49.84 0.2072719324
49.91 0.230977713856
49.98 0.589254259799
50.05 0.59184530396
50.12 0.250979167763
50.19 0.513969375839
50.26 0.284005340057
50.33 0.37953134189
50.4 0.352811503383
50.47 0.699970107157
50.54 0.403083107913
50.61 0.571793734778
50.68 0.516477453552
50.75 0.385848347049
50.82 0.455519526962
50.89 0.403035800355
50.96 0.719749698786
51.03 0.5112923939
51.1 0.323483498313
51.17 0.330002895791
51.24 0.27502606499
51.31 0.499777644692
51.38 0.576745045369
51.45 0.775373487901
51.52 0.468542350651
51.59 0.548384383728
51.66 0.436514061924
51.73 0.512537378525
51.8 0.432092041154
51.87 0.3923489261
51.94 0.237237942349
52.01 0.284762811711
52.08 0.305836898457
52.15 0.245588684566
52.22 0.363173301793
52.29 0.238908345854
52.36 0.269463037178
52.43 0.296873160791
52.5 0.792045184526
52.57 0.573077120272
52.64 0.432785002503
52.71 0.46399923574
52.78 0.398351009651
52.85 0.604182293695
52.92 0.364643567041
52.99 0.409433281244
53.06 0.291617963711
53.13 0.427604893607
53.2 0.344721347157
53.27 0.561203000745
53.34 0.4066068329
53.41 0.732935665182
53.48 0.77063348216
53.55 0.346622713918
53.62 0.595380915731
53.69 0.468757998553
53.76 0.812403401167
53.83 0.376111473236
53.9 0.554325619277
53.97 0.432844732969
54.04 0.600049337821
54.11 0.519781714947
54.18 0.915370295722
54.25 0.77025665637
54.32 0.500663935363
54.39 0.571162613335
54.46 0.488207212981
54.53 1.0
54.6 0.525805946161
54.67 0.578377321179
54.74 0.518370622128
54.81 0.886339724649
54.88 0.773153087293
54.95 0.509507176368
55.02 0.442682252209
55.09 0.556275573284
55.16 0.528116155749
55.23 0.781902672948
55.3 0.892745542501
55.37 0.613493186209
55.44 0.403365591763
55.51 0.292037621072
55.58 0.260500912269
55.65 0.332344416835
55.72 0.599000642162
55.79 0.788907396533
55.86 0.648380774452
55.93 0.781185844539
56.0 0.299450518424
56.07 0.364020491856
56.14 0.223761688342
56.21 0.30143558643
56.28 0.318951753051
56.35 0.275007785609
56.42 0.517905338626
56.49 0.455410160373
56.56 0.396618934236
56.63 0.53681418575
56.7 0.696353284858
56.77 0.699072351883
56.84 0.459108603694
56.91 0.474401202625
56.98 0.299229304755
57.05 0.328913908947
57.12 0.305194103512
57.19 0.464090419363
57.26 0.573231506757
57.33 0.486230945022
57.4 0.401613240011
57.47 0.344043638347
57.54 0.328066872271
57.61 0.458191236761
57.68 0.461027703485
57.75 0.399254652076
57.82 0.445422591857
57.89 0.25261426736
57.96 0.309456039095
58.03 0.245267488689
58.1 0.535234171176
58.17 0.413648686431
58.24 0.344622445963
58.31 0.286254263394
58.38 0.406104406304
58.45 0.374901097163
58.52 0.303831120247
58.59 0.684466803777
58.66 0.467146237195
58.73 0.668268433991
58.8 0.473102390753
58.87 0.583087927691
58.94 0.427606931467
59.01 0.595736924677
59.08 0.605968814289
59.15 0.430251802875
59.22 0.3448104564
59.29 0.380083129973
59.36 0.52491306714
59.43 0.287848773796
59.5 0.377039946869
59.57 0.301165601451
59.64 0.304421589679
59.71 0.279888199141
59.78 0.466336105498
59.85 0.424244347847
59.92 0.331544969657
59.99 0.422509935102
60.06 0.305654645156
60.13 0.425609943079
60.2 0.316870689444
60.27 0.411397738382
60.34 0.370867965727
60.41 0.374473963267
60.48 0.391684556139
60.55 0.323612127422
60.62 0.412474468852
60.69 0.292074309848
60.76 0.357650775525
60.83 0.210871654209
60.9 0.606333114913
60.97 0.696740935408
61.04 0.314096833945
61.11 0.267729715673
61.18 0.287296509482
61.25 0.286215992538
61.32 0.508387326543
61.39 0.885135885795
61.46 0.701335585522
61.53 0.584992267243
61.6 0.218203259226
61.67 0.766569419085
61.74 0.838648992512
61.81 0.454276168242
61.88 0.681147872716
61.95 0.609488289719
62.02 0.71118897231
62.09 0.52327820712
62.16 0.588876756183
62.23 0.514785992166
62.3 0.722880593117
62.37 0.842707583314
62.44 0.420387464235
62.51 0.517070686877
62.58 0.446311244693
62.65 0.749794120311
62.72 0.453766671223
62.79 0.364532202035
62.86 0.463024722551
62.93 0.353433094363
63.0 0.503429709544
63.07 0.489668187342
63.14 0.617938922113
63.21 0.441402206174
63.28 0.690914243633
63.35 0.635705919294
63.42 0.871942339146
63.49 0.651242003726
63.56 0.461197398019
63.63 0.656350162302
63.7 0.595738727342
63.77 0.715060559188
63.84 0.663601839401
63.91 0.68513629103
63.98 0.415626863696
64.05 0.586555631263
64.12 0.441560868511
64.19 0.367660899275
64.26 0.364173619104
64.33 0.245249064686
64.4 0.567292440542
64.47 0.162673483365
64.54 0.610197298299
64.61 0.174522334894
64.68 0.593409808889
64.75 0.495406257792
64.82 0.266061500494
64.89 0.683039174349
64.96 0.422753410377
65.03 0.752634607243
65.1 0.247359808
65.17 0.764309167002
65.24 0.505637095607
65.31 0.472585637785
65.38 0.613381704337
65.45 0.358722160814
65.52 0.869569131212
65.59 0.428118142041
65.66 0.72115415651
65.73 0.593032763974
65.8 0.495860354249
65.87 0.45905617008
65.94 0.319729886702
66.01 0.443483056499
66.08 0.159058827478
66.15 0.412749219063
66.22 0.218147370746
66.29 0.492018206041
66.36 0.345740395246
66.43 0.314131343161
66.5 0.569480052793
66.57 0.320843951634
66.64 0.70855117863
66.71 0.218052608087
66.78 0.496769077444
66.85 0.269286243003
66.92 0.710286467873
66.99 0.528944949565
67.06 0.580939448186
67.13 0.647286443888
67.2 0.147088892033
67.27 0.77329869126
67.34 0.165395593301
67.41 0.712538859224
67.48 0.376905681873
67.55 0.550654855786
67.62 0.700167534111
67.69 0.570670660899
67.76 0.58925315395
67.83 0.327741974647
67.9 0.55549131875
67.97 0.277705886785
68.04 0.350965401328
68.11 0.307102100985
68.18 0.351629552163
68.25 0.52330887581
68.32 0.334165421811
68.39 0.670467020007
68.46 0.291450271976
68.53 0.75039381197
68.6 0.486314228469
68.67 0.147449327297
68.74 0.159915242691
68.81 0.491259137698
68.88 0.656949928464
68.95 0.875995707476
69.02 0.785711642758
69.09 0.78864761692
69.16 0.683213721765
69.23 0.580463689063
69.3 0.599588617955
69.37 0.628471236044
69.44 0.543990878383
69.51 0.723386021721
69.58 0.515324289472
69.65 0.639355665807
69.72 0.306663774201
69.79 0.600085328319
69.86 0.385441052702
69.93 0.461888230937
70.0 0.584910799609
70.07 0.524111371743
70.14 0.555762092578
70.21 0.352031613813
70.28 0.554298313421
70.35 0.254619154462
70.42 0.593325285195
70.49 0.639790154987
70.56 0.552232535952
70.63 0.521798707958
70.7 0.397211191725
70.77 0.491304701023
70.84 0.175926626083
70.91 0.655425672356
70.98 0.783188750755
71.05 0.58195713478
71.12 0.580982640582
71.19 0.437468739947
71.26 0.600797698271
71.33 0.499010122519
71.4 0.640231865056
71.47 0.597573916989
71.54 0.458465399717
71.61 0.409133350686
71.68 0.409857110739
71.75 0.615175792037
71.82 0.54646288087
71.89 0.650092002346
71.96 0.498697793886
72.03 0.532496011087
72.1 0.410370023182
72.17 0.635072364107
72.24 0.531844017289
72.31 0.564469711474
72.38 0.649450666771
72.45 0.510096795596
72.52 0.41797398995
72.59 0.404075161302
72.66 0.564334406367
72.73 0.402460713476
72.8 0.701718735251
72.87 0.680927642186
72.94 0.618218779389
73.01 0.629509114248
73.08 0.532933972663
73.15 0.493103483835
73.22 0.355699107964
73.29 0.582685072811
73.36 0.639603329285
73.43 0.615777344795
73.5 0.685525608388
73.57 0.326002213799
73.64 0.355718392397
73.71 0.345660264273
73.78 0.598347907722
73.85 0.643137768009
73.92 0.538338883029
73.99 0.578958030797
74.06 0.477438530717
74.13 0.705512860094
74.2 0.531131048396
74.27 0.531871080647
74.34 0.459730768781
74.41 0.358406703081
74.48 0.666929425888
74.55 0.351962532566
74.62 0.364897174641
74.69 0.396542934493
74.76 0.723253391396
74.83 0.698467932974
74.9 0.560370591372
74.97 0.515209585007
75.04 0.425058292314
75.11 0.422221153608
75.18 0.465472910568
75.25 0.756678237672
75.32 0.668613496929
75.39 0.380290183804
75.46 0.484342268502
75.53 0.37555166519
75.6 0.583062804316
75.67 0.526109629594
75.74 0.656621080752
75.81 0.63843699289
75.88 0.492847649927
75.95 0.469430378251
76.02 0.438881778593
76.09 0.431990351233
76.16 0.54703480505
76.23 0.670208134423
76.3 0.506565880397
76.37 0.422124665707
76.44 0.410080733318
76.51 0.446031881177
76.58 0.397359965696
76.65 0.584905841548
76.72 0.744518752074
76.79 0.594127902377
76.86 0.590801998768
76.93 0.353761157608
77.0 0.553380017398
77.07 0.676356708666
77.14 0.527568018284
77.21 0.645257412167
77.28 0.411932333942
77.35 0.458512044057
77.42 0.412025837365
77.49 0.682613290925
77.56 0.56527437382
77.63 0.495862414021
77.7 0.66312991496
77.77 0.430611101613
77.84 0.568325325624
77.91 0.411037304579
77.98 0.641163266195
78.05 0.51498241699
78.12 0.636059940049
78.19 0.567597909111
78.26 0.436027461973
78.33 0.385945581435
78.4 0.36569569127
78.47 0.435732657472
78.54 0.519135155441
78.61 0.655818754276
78.68 0.640846392917
78.75 0.642509727459
78.82 0.60722630509
78.89 0.382203882902
78.96 0.377012827998
79.03 0.213688567708
79.1 0.522803910289
79.17 0.445375227327
79.24 0.259711162089
79.31 0.249790845858
79.38 0.546523495139
79.45 0.590376654391
79.52 0.330587967452
79.59 0.579163283424
79.66 0.279139751041
79.73 0.40114695584
79.8 0.313245847182
79.87 0.710237906923
79.94 0.487753462741
80.01 0.422898324832
80.08 0.628618961139
80.15 0.409113467313
80.22 0.463801185011
80.29 0.308200844721
80.36 0.485905552176
80.43 0.381476887108
80.5 0.634393434042
80.57 0.479864446902
80.64 0.422475278343
80.71 0.428605438809
80.78 0.49216655345
80.85 0.59009471543
80.92 0.363181643139
80.99 0.701644178809
81.06 0.476292458973
81.13 0.358161062854
81.2 0.275383968634
81.27 0.398403057606
81.34 0.364585379212
81.41 0.489000540737
81.48 0.561785726311
81.55 0.479911089781
81.62 0.421284138495
81.69 0.311776002653
81.76 0.333210841663
81.83 0.319015484733
81.9 0.533977824205
81.97 0.669998578188
82.04 0.50586265963
82.11 0.536588780956
82.18 0.362935620174
82.25 0.560564779663
82.32 0.31251528842
82.39 0.778664807792
82.46 0.501120547371
82.53 0.427370497398
82.6 0.300205113702
82.67 0.469074245134
82.74 0.403052396858
82.81 0.435029503904
82.88 0.672545996085
82.95 0.405394712595
83.02 0.495486206162
83.09 0.274227459251
83.16 0.568270456804
83.23 0.43995934612
83.3 0.403713709299
83.37 0.355591771931
83.44 0.439230968379
83.51 0.513510540446
83.58 0.380968493016
83.65 0.615972202147
83.72 0.363094066309
83.79 0.640679994018
83.86 0.445665273901
83.93 0.443456370035
84.0 0.293925667974
84.07 0.442262808129
84.14 0.533938292652
84.21 0.489722287764
84.28 0.735464885506
84.35 0.422854625528
84.42 0.436969664498
84.49 0.369402509536
84.56 0.527139538963
84.63 0.506299267016
84.7 0.535725778856
84.77 0.524883600714
84.84 0.378408213961
84.91 0.533951358327
84.98 0.391392797471
85.05 0.52547922688
85.12 0.446371850196
85.19 0.704541218899
85.26 0.477227415775
85.33 0.75207531341
85.4 0.616883407294
85.47 0.500217223408
85.54 0.433201895971
85.61 0.52132921288
85.68 0.590337701327
85.75 0.329917976213
85.82 0.418053570191
85.89 0.344609096888
85.96 0.483819907403
86.03 0.304756496918
86.1 0.667750973981
86.17 0.649345912027
86.24 0.447261521231
86.31 0.562343385474
86.38 0.2502774648
86.45 0.658398748709
86.52 0.477279602509
86.59 0.526536801471
86.66 0.534724963401
86.73 0.466555582238
86.8 0.478344837698
86.87 0.225740001465
86.94 0.432448073473
87.01 0.276296342447
87.08 0.568123291208
87.15 0.474547104602
87.22 0.45340012238
87.29 0.519290732503
87.36 0.390561613735
87.43 0.704062511819
87.5 0.251968204536
87.57 0.561356913921
87.64 0.577201132938
87.71 0.564748211638
87.78 0.460385468039
87.85 0.350184898208
87.92 0.46092303639
87.99 0.361742138614
88.06 0.50574791134
88.13 0.331716889038
88.2 0.508594158329
88.27 0.350497215154
88.34 0.569116031188
88.41 0.507177990582
88.48 0.453182963979
88.55 0.634165845306
88.62 0.363783812368
88.69 0.686551490245
88.76 0.219813407826
88.83 0.614730413821
88.9 0.333632685889
88.97 0.559183303736
89.04 0.623105632264
89.11 0.430519912147
89.18 0.570210941703
89.25 0.415254413095
89.32 0.736408320972
89.39 0.242472337193
89.46 0.634306275009
89.53 0.565500554315
89.6 0.613170164293
89.67 0.504661929426
89.74 0.530881167376
89.81 0.536931361942
89.88 0.363084773961
89.95 0.561797702205
90.02 0.598048327764
90.09 0.489506745043
90.16 0.307839492054
90.23 0.653940930271
90.3 0.498562833535
90.37 0.541286355394
90.44 0.760314510939
90.51 0.583176492044
90.58 0.37951928565
90.65 0.348943191689
90.72 0.455994086742
90.79 0.412673983334
90.86 0.55191915406
90.93 0.738375455814
91.0 0.538611758993
91.07 0.373050327752
91.14 0.338965298257
91.21 0.450293247036
91.28 0.391862993749
91.35 0.511868487292
91.42 0.682528857804
91.49 0.594110943588
91.56 0.444442825519
91.63 0.315138875518
91.7 0.396137529001
91.77 0.289548864312
91.84 0.693477892826
91.91 0.424647968204
91.98 0.243109646716
92.05 0.139210962442
92.12 0.150712868022
92.19 0.631720345218
92.26 0.191234852986
92.33 0.526728674345
92.4 0.156771003667
92.47 0.544315317306
92.54 0.341276753935
92.61 0.499833918831
92.68 0.27612386795
92.75 0.274762120548
92.82 0.745740402843
92.89 0.778727882101
92.96 0.777675594258
93.03 0.174660925411
93.1 0.141512345688
93.17 0.0942432824777
93.24 0.271555765521
93.31 0.274641195863
93.38 0.218623479008
93.45 0.239000178086
93.52 0.283200836942
93.59 0.440271182452
93.66 0.162813387169
93.73 0.237860681542
93.8 0.244181172244
93.87 0.246981372373
93.94 0.136466536849
94.01 0.211155645638
94.08 0.433718115736
94.15 0.427267162582
94.22 0.927807206312
94.29 0.635910375768
94.36 0.332053388583
94.43 0.322282551905
94.5 0.832448457964
94.57 0.411253766163
94.64 0.453180474722
94.71 0.475294926006
94.78 0.489743851094
94.85 0.429584898372
94.92 0.225512015383
94.99 0.443502936951
95.06 0.546023134158
95.13 0.389816042012
95.2 0.609776226853
95.27 0.410180721371
95.34 0.6816911573
95.41 0.459812513973
95.48 0.587918133915
95.55 0.365352653044
95.62 0.569072657649
95.69 0.549745250249
95.76 0.552806996134
95.83 0.645308463835
95.9 0.419244876573
95.97 0.526997740461
96.04 0.361256032424
96.11 0.571091660764
96.18 0.420062170726
96.25 0.50926257187
96.32 0.401883460184
96.39 0.492117970586
96.46 0.45229683546
96.53 0.486383980238
96.6 0.758961142864
96.67 0.528697690737
96.74 0.439234521121
96.81 0.362106087177
96.88 0.313649823981
96.95 0.2983836398
97.02 0.310572640031
97.09 0.29770544015
97.16 0.30350061011
97.23 0.322252696898
97.3 0.306971238266
97.37 0.299660141858
97.44 0.291403932949
97.51 0.286767912095
97.58 0.295864024441
97.65 0.304263537969
97.72 0.303870628427
97.79 0.304549993819
97.86 0.295813449004
97.93 0.294684750925
98.0 0.315179910266
98.07 0.692495743872
98.14 0.727141428694
98.21 0.534274663644
98.28 0.313402927439
98.35 0.191584536533
98.42 0.0940001446544
98.49 0.0676891036894
98.56 0.0709679290915
98.63 0.0630186262099
98.7 0.0569313177663
98.77 0.0487739019503
98.84 0.0447447059941
98.91 0.0333453697546
98.98 0.0302959941874
99.05 0.0235571973928
99.12 0.017478709448
99.19 0.0158528028618
99.26 0.0131328534952
99.33 0.00629701660565
99.4 0.00481276828174
99.47 0.00378613701781
99.54 0.00159046097795
99.61 0.0
99.68 0.0
99.75 0.0
99.82 0.0
99.89 0.0
99.96 0.0
100.03 0.0
100.1 0.0
100.17 0.0
100.24 0.0
100.31 0.0
100.38 0.0
100.45 0.0
100.52 0.0
100.59 0.0
100.66 0.0
100.73 0.0
100.8 0.0
100.87 0.0
100.94 0.0
101.01 0.0
101.08 0.0
101.15 0.0
101.22 0.0
101.29 0.0
101.36 0.0
101.43 0.0
101.5 0.0
101.57 0.0
101.64 0.0
101.71 0.0
101.78 0.0
101.85 0.0
101.92 0.0
101.99 0.0
102.06 0.0
102.13 0.0
102.2 0.0
102.27 0.0
102.34 0.0
102.41 0.0
102.48 0.0
