0.0 7.76612814364e-05
0.07 0.00679569980055
0.14 0.00852476641656
0.21 0.0113825068443
0.28 0.0137136861421
0.35 0.0501239945064
0.42 0.242415250022
0.49 0.160456688698
0.56 0.0324898273576
0.63 0.0233854435091
0.7 0.0231729524928
0.77 0.0489538634751
0.84 0.295697285221
0.91 0.336343130165
0.98 0.0463256779658
1.05 0.0392146528462
1.12 0.0355198754924
1.19 0.280481221575
1.26 0.298688691734
1.33 0.328559424223
1.4 0.281891277982
1.47 0.257866152263
1.54 0.211253235061
1.61 0.201974733056
1.68 0.148505122915
1.75 0.127497535608
1.82 0.0632803655094
1.89 0.0532272816617
1.96 0.130889514101
2.03 0.210184909556
2.1 0.0293662462381
2.17 0.0266913080192
2.24 0.0274858097257
2.31 0.0319471493902
2.38 0.0448553411799
2.45 0.0449000383061
2.52 0.0570536134025
2.59 0.0599459187416
2.66 0.195263478553
2.73 0.376559116972
2.8 0.350126486606
2.87 0.155619394832
2.94 0.172844184859
3.01 0.113047564679
3.08 0.0535087942083
3.15 0.0610831653601
3.22 0.103439276404
3.29 0.278923985196
3.36 0.259671592467
3.43 0.10796050758
3.5 0.140936383943
3.57 0.0978065249066
3.64 0.0524093888333
3.71 0.0792575926061
3.78 0.0533553342718
3.85 0.0491732084051
3.92 0.0777310196644
3.99 0.0907055522595
4.06 0.0837541735161
4.13 0.0611837580138
4.2 0.0479631086802
4.27 0.0413706871804
4.34 0.0349626292665
4.41 0.0338811639763
4.48 0.0358676392572
4.55 0.0426250341266
4.62 0.0458295705803
4.69 0.078183689067
4.76 0.18109912543
4.83 0.320102112053
4.9 0.379798547152
4.97 0.231312503359
5.04 0.171383540228
5.11 0.205261645441
5.18 0.177167397783
5.25 0.104476989664
5.32 0.0497933389452
5.39 0.0578840651764
5.46 0.066965875017
5.53 0.0951382023585
5.6 0.320689580671
5.67 0.0828094124008
5.74 0.0847394467552
5.81 0.0760231862016
5.88 0.0648068370501
5.95 0.0748894256084
6.02 0.0622982898446
6.09 0.0531333982041
6.16 0.0622007520163
6.23 0.0651015504197
6.3 0.0675865883663
6.37 0.0627954250218
6.44 0.0516977228079
6.51 0.0338104284753
6.58 0.0304248471004
6.65 0.0266501097165
6.72 0.038503528282
6.79 0.0466156973594
6.86 0.0526033923967
6.93 0.118059103699
7.0 0.493734728347
7.07 0.701219350441
7.14 0.495117645737
7.21 0.365377479419
7.28 0.210034905126
7.35 0.238767111179
7.42 0.224383606083
7.49 0.298372418366
7.56 0.217023939047
7.63 0.123101288435
7.7 0.128625659099
7.77 0.194750262964
7.84 0.12264508969
7.91 0.0773325288651
7.98 0.0670654310187
8.05 0.0834142727519
8.12 0.199066419172
8.19 0.116596905566
8.26 0.0728839302738
8.33 0.0538452030404
8.4 0.0865807897721
8.47 0.225860909013
8.54 0.145360509475
8.61 0.0920197375547
8.68 0.0523885553769
8.75 0.0776248726038
8.82 0.229678286955
8.89 0.187372186248
8.96 0.0752159581889
9.03 0.0431077004773
9.1 0.0750728943066
9.17 0.183654494258
9.24 0.194404291927
9.31 0.0740480510863
9.38 0.0530404411372
9.45 0.0530551442688
9.52 0.157135535294
9.59 0.219200970261
9.66 0.125150459011
9.73 0.0724022710409
9.8 0.050476594996
9.87 0.260055305315
9.94 0.330713158824
10.01 0.167071222487
10.08 0.108243223154
10.15 0.0673777704256
10.22 0.148294434472
10.29 0.150192198726
10.36 0.0972396003087
10.43 0.273549104082
10.5 0.271247135136
10.57 0.178741834906
10.64 0.152869362842
10.71 0.106191632739
10.78 0.0794487776181
10.85 0.0615293362444
10.92 0.224292272415
10.99 0.338618771299
11.06 0.239100370676
11.13 0.163718742109
11.2 0.0997313218549
11.27 0.109023158571
11.34 0.196440792312
11.41 0.161903576278
11.48 0.11039053898
11.55 0.077864820623
11.62 0.0830473383088
11.69 0.164795328342
11.76 0.139917013419
11.83 0.0751085204818
11.9 0.0514405484481
11.97 0.0718907005092
12.04 0.154528716827
12.11 0.156862442961
12.18 0.0673389831018
12.25 0.0516788770063
12.32 0.0670806825028
12.39 0.119336963842
12.46 0.139432518898
12.53 0.0699572943285
12.6 0.0533311841198
12.67 0.04980400573
12.74 0.227714404387
12.81 0.283669803629
12.88 0.242409244726
12.95 0.131364802797
13.02 0.110592964725
13.09 0.113785130268
13.16 0.153689644991
13.23 0.109571709915
13.3 0.215548460349
13.37 0.256890732633
13.44 0.195732212616
13.51 0.17566906647
13.58 0.117660924978
13.65 0.0867558353037
13.72 0.0997745973995
13.79 0.171511726726
13.86 0.343174519147
13.93 0.289008661825
14.0 0.157682559718
14.07 0.11365340852
14.14 0.116598885345
14.21 0.148548220269
14.28 0.152564802755
14.35 0.141052651405
14.42 0.109759915907
14.49 0.139092354295
14.56 0.153312427708
14.63 0.143591029183
14.7 0.100308989042
14.77 0.0777121551577
14.84 0.118091111929
14.91 0.143096400478
14.98 0.139246928657
15.05 0.103903125503
15.12 0.0689143958398
15.19 0.108496213496
15.26 0.125294471927
15.33 0.129866138732
15.4 0.0902546903526
15.47 0.0562373607091
15.54 0.111432925541
15.61 0.314158858178
15.68 0.376816592581
15.75 0.295782030783
15.82 0.262690207896
15.89 0.224834600894
15.96 0.207756129423
16.03 0.156089327985
16.1 0.164247264313
16.17 0.311623681913
16.24 0.256062560902
16.31 0.195989829989
16.38 0.176570551057
16.45 0.131641346699
16.52 0.108455581267
16.59 0.137494318325
16.66 0.326724216453
16.73 0.324150118975
16.8 0.234455876361
16.87 0.214821927769
16.94 0.217433856646
17.01 0.206154007883
17.08 0.219726262402
17.15 0.201939149213
17.22 0.179404892487
17.29 0.154293060133
17.36 0.165165164033
17.43 0.178092207531
17.5 0.159191926008
17.57 0.142905421222
17.64 0.131833654997
17.71 0.16426613768
17.78 0.201194550536
17.85 0.138264395211
17.92 0.135811593893
17.99 0.117175164423
18.06 0.148917084283
18.13 0.177516761319
18.2 0.177455535845
18.27 0.136938029993
18.34 0.0828279992856
18.41 0.186102527765
18.48 0.413425697917
18.55 0.314549510589
18.62 0.148998635225
18.69 0.0954083235468
18.76 0.116184750256
18.83 0.165581099726
18.9 0.136307637287
18.97 0.217869752566
19.04 0.33889134383
19.11 0.215907698168
19.18 0.202151070218
19.25 0.157893614385
19.32 0.0861146310954
19.39 0.0671233634245
19.46 0.204077361599
19.53 0.405949961298
19.6 0.342552495461
19.67 0.185031824754
19.74 0.119058640993
19.81 0.113149330827
19.88 0.15153323951
19.95 0.136422304978
20.02 0.102613240984
20.09 0.263186329064
20.16 0.336748728872
20.23 0.224678702414
20.3 0.229457188676
20.37 0.13454642363
20.44 0.0824374561516
20.51 0.0810916849659
20.58 0.345005590153
20.65 0.463705146906
20.72 0.271107274735
20.79 0.155700051871
20.86 0.111470640772
20.93 0.129490071316
21.0 0.114916552734
21.07 0.0895470764257
21.14 0.0820475913208
21.21 0.0643253274573
21.28 0.179400869923
21.35 0.392299976585
21.42 0.428561109447
21.49 0.323959523664
21.56 0.226826719185
21.63 0.205446164574
21.7 0.189191279149
21.77 0.186346102589
21.84 0.13835955061
21.91 0.332312487409
21.98 0.411424932984
22.05 0.338376990188
22.12 0.253033539575
22.19 0.178356750685
22.26 0.150662241156
22.33 0.216878470093
22.4 0.327650767737
22.47 0.525649200064
22.54 0.516512654407
22.61 0.387903599461
22.68 0.281146105356
22.75 0.20466092776
22.82 0.210608792915
22.89 0.326136616899
22.96 0.398760060055
23.03 0.466372675967
23.1 0.434905743554
23.17 0.339929957884
23.24 0.267747192243
23.31 0.314279761532
23.38 0.331153530167
23.45 0.435471066412
23.52 0.441095757029
23.59 0.40053128779
23.66 0.266652808674
23.73 0.246890340831
23.8 0.380526894119
23.87 0.465928015267
23.94 0.384366268182
24.01 0.324167224226
24.08 0.294925331926
24.15 0.421107873985
24.22 0.41744291342
24.29 0.358453016217
24.36 0.326559321841
24.43 0.265565047667
24.5 0.29055748882
24.57 0.314667481192
24.64 0.372390697949
24.71 0.317370603941
24.78 0.201463126099
24.85 0.294103817214
24.92 0.367267092221
24.99 0.23769357288
25.06 0.145787299003
25.13 0.15519232276
25.2 0.355332152248
25.27 0.404981519626
25.34 0.337390407597
25.41 0.278033135891
25.48 0.242237593663
25.55 0.200349585634
25.62 0.366897449488
25.69 0.40746812781
25.76 0.332973507127
25.83 0.241994412629
25.9 0.258247239516
25.97 0.325566285034
26.04 0.323477901841
26.11 0.350827166877
26.18 0.273123775514
26.25 0.338451068966
26.32 0.443542226206
26.39 0.247615203742
26.46 0.17889334066
26.53 0.129118658497
26.6 0.199556311567
26.67 0.329689391635
26.74 0.200136389734
26.81 0.130028297489
26.88 0.110875288479
26.95 0.215316026826
27.02 0.327976273511
27.09 0.40692764719
27.16 0.319754314816
27.23 0.276672406595
27.3 0.283759620222
27.37 0.323501615871
27.44 0.436001307509
27.51 0.354796706233
27.58 0.28321186138
27.65 0.277859283543
27.72 0.309692413027
27.79 0.405659616044
27.86 0.337742801347
27.93 0.233581758206
28.0 0.235826229883
28.07 0.294640463304
28.14 0.356835106654
28.21 0.325821897032
28.28 0.272056746563
28.35 0.204712523101
28.42 0.31965067029
28.49 0.508028696441
28.56 0.478647558052
28.63 0.403917249173
28.7 0.481143919428
28.77 0.367678456013
28.84 0.336241433915
28.91 0.259881368302
28.98 0.333629358352
29.05 0.394835665761
29.12 0.460155562853
29.19 0.459209689282
29.26 0.322957788037
29.33 0.245239299752
29.4 0.250191453281
29.47 0.251335387437
29.54 0.334195366403
29.61 0.36611922115
29.68 0.312596828391
29.75 0.301388982149
29.82 0.198519168319
29.89 0.385095748279
29.96 0.405549502534
30.03 0.301110526397
30.1 0.230428584758
30.17 0.321808900988
30.24 0.326809945506
30.31 0.320636592298
30.38 0.307939367558
30.45 0.223660439423
30.52 0.287528708689
30.59 0.40610584895
30.66 0.26895766213
30.73 0.230156285911
30.8 0.151845783688
30.87 0.333996834256
30.94 0.485893242593
31.01 0.473282434068
31.08 0.44546769555
31.15 0.354185711619
31.22 0.330314838339
31.29 0.347369938377
31.36 0.40206610374
31.43 0.402424247807
31.5 0.307706397496
31.57 0.233782740711
31.64 0.364004602688
31.71 0.329498947932
31.78 0.321956533818
31.85 0.228790966993
31.92 0.184497099374
31.99 0.428566926709
32.06 0.288818613881
32.13 0.191620443227
32.2 0.143801546327
32.27 0.168546253249
32.34 0.364914735885
32.41 0.258622392355
32.48 0.186561055777
32.55 0.135808842286
32.62 0.208589436174
32.69 0.282023639639
32.76 0.3730754061
32.83 0.385116942054
32.9 0.29769431801
32.97 0.247569343951
33.04 0.267307997347
33.11 0.434662410911
33.18 0.40086755092
33.25 0.313076838629
33.32 0.28740691537
33.39 0.256906356248
33.46 0.352219995959
33.53 0.394858836361
33.6 0.305691386228
33.67 0.251898598596
33.74 0.252856296695
33.81 0.358002724321
33.88 0.386606688745
33.95 0.28503332785
34.02 0.220001178968
34.09 0.261485788591
34.16 0.393107526521
34.23 0.496533786199
34.3 0.463421703804
34.37 0.345138265857
34.44 0.334417269984
34.51 0.338797527317
34.58 0.257466424963
34.65 0.254465944546
34.72 0.241555405768
34.79 0.335006446666
34.86 0.345568765871
34.93 0.420797875659
35.0 0.254205680904
35.07 0.226237328871
35.14 0.193540117953
35.21 0.249721303544
35.28 0.389348170571
35.35 0.397400621406
35.42 0.289978530986
35.49 0.154139329466
35.56 0.200582795907
35.63 0.254073814438
35.7 0.336559745146
35.77 0.274988431879
35.84 0.23377768248
35.91 0.254638293601
35.98 0.31259065278
36.05 0.340094205696
36.12 0.2500648193
36.19 0.185971646759
36.26 0.291015906571
36.33 0.402798733172
36.4 0.284683506533
36.47 0.187297142685
36.54 0.141220730793
36.61 0.321940981084
36.68 0.432003535383
36.75 0.383838671385
36.82 0.293241403481
36.89 0.279578089962
36.96 0.203269007348
37.03 0.285493485168
37.1 0.347262159057
37.17 0.349670404029
37.24 0.308617168633
37.31 0.261387263334
37.38 0.352656411682
37.45 0.275246567087
37.52 0.282183477988
37.59 0.215908502484
37.66 0.225322379623
37.73 0.379744839127
37.8 0.288745673157
37.87 0.203784631947
37.94 0.134049216586
38.01 0.164070983266
38.08 0.339721510106
38.15 0.230029176428
38.22 0.162281242482
38.29 0.122511803612
38.36 0.184539454434
38.43 0.219325604774
38.5 0.338635380374
38.57 0.38993196513
38.64 0.280625081897
38.71 0.23942867728
38.78 0.28680041193
38.85 0.371968663434
38.92 0.356469420525
38.99 0.256034456115
39.06 0.204205837534
39.13 0.247615433124
39.2 0.342826265114
39.27 0.335460653818
39.34 0.277086357587
39.41 0.219410926254
39.48 0.213432231286
39.55 0.321781280562
39.62 0.353339628354
39.69 0.300777109383
39.76 0.222565486828
39.83 0.194843888489
39.9 0.417077251903
39.97 0.572933532054
40.04 0.467348713848
40.11 0.392937287195
40.18 0.297918373652
40.25 0.280459526703
40.32 0.248837607433
40.39 0.221340134634
40.46 0.294860436329
40.53 0.335775787165
40.6 0.365245875808
40.67 0.374639600747
40.74 0.299330034753
40.81 0.221117622649
40.88 0.180893699005
40.95 0.323319188747
41.02 0.443783189218
41.09 0.365164886017
41.16 0.25073014511
41.23 0.178961048901
41.3 0.192201704732
41.37 0.321235794872
41.44 0.377263010569
41.51 0.289487404059
41.58 0.183488085524
41.65 0.342743973847
41.72 0.273125229583
41.79 0.301018464217
41.86 0.271463430163
41.93 0.206759315186
42.0 0.311379138365
42.07 0.327872714634
42.14 0.235106576813
42.21 0.2032518322
42.28 0.175751631421
42.35 0.358839069162
42.42 0.495743157416
42.49 0.388893867925
42.56 0.300883059549
42.63 0.306019808016
42.7 0.222520174405
42.77 0.330215583586
42.84 0.369123436666
42.91 0.297278017076
42.98 0.214566010584
43.05 0.203236306047
43.12 0.307007680268
43.19 0.322246646736
43.26 0.279926329228
43.33 0.204091871774
43.4 0.236636277432
43.47 0.311855293399
43.54 0.202144740045
43.61 0.144046833153
43.68 0.149544037234
43.75 0.236630063427
43.82 0.37278755452
43.89 0.223935770452
43.96 0.156840146575
44.03 0.106556262527
44.1 0.230188195694
44.17 0.284637474459
44.24 0.364596603828
44.31 0.315221178386
44.38 0.25496246738
44.45 0.253508057427
44.52 0.355287216879
44.59 0.368633182967
44.66 0.298568793529
44.73 0.279628676217
44.8 0.28718685768
44.87 0.310892430745
44.94 0.467787397801
45.01 0.394592467991
45.08 0.299847083887
45.15 0.212036344424
45.22 0.321881548339
45.29 0.32302730968
45.36 0.300044513423
45.43 0.255052326304
45.5 0.244966250736
45.57 0.321320630022
45.64 0.331111055
45.71 0.223366092278
45.78 0.174343502615
45.85 0.166659977817
45.92 0.203094593849
45.99 0.255420851659
46.06 0.239972605531
46.13 0.199402614373
46.2 0.166669386442
46.27 0.150942416785
46.34 0.248893043211
46.41 0.203922584436
46.48 0.191275213501
46.55 0.179624198038
46.62 0.125096418234
46.69 0.276139622599
46.76 0.274201466328
46.83 0.293818525269
46.9 0.306966592227
46.97 0.216599242512
47.04 0.336919803032
47.11 0.240367789479
47.18 0.255647014077
47.25 0.21874174524
47.32 0.194277275969
47.39 0.266653693717
47.46 0.203931946791
47.53 0.187431106082
47.6 0.167127263717
47.67 0.173552872848
47.74 0.239691406047
47.81 0.214613386466
47.88 0.191592220303
47.95 0.161477411892
48.02 0.155611764168
48.09 0.178940475346
48.16 0.198439168909
48.23 0.181995816608
48.3 0.159425286907
48.37 0.176438302615
48.44 0.188550511063
48.51 0.260010415232
48.58 0.209832790475
48.65 0.222830446414
48.72 0.15718390648
48.79 0.1470205457
48.86 0.156490946461
48.93 0.153637811407
49.0 0.153225563556
49.07 0.175771431179
49.14 0.206751625453
49.21 0.271759054172
49.28 0.221236375909
49.35 0.224967285458
49.42 0.217045558114
49.49 0.200200605058
49.56 0.247473521078
49.63 0.20978050797
49.7 0.216002932325
49.77 0.195615847691
49.84 0.183104716258
49.91 0.206613753691
49.98 0.302836294037
50.05 0.236741232293
50.12 0.192680961846
50.19 0.136404578524
50.26 0.184545604449
50.33 0.185285636147
50.4 0.174440275506
50.47 0.197359123232
50.54 0.185355098722
50.61 0.198426197469
50.68 0.25719548863
50.75 0.223533134029
50.82 0.216877554531
50.89 0.175423515805
50.96 0.197160556628
51.03 0.198636001853
51.1 0.174825532995
51.17 0.186955442301
51.24 0.194951963151
51.31 0.217127946844
51.38 0.310998543349
51.45 0.275370140336
51.52 0.221847312439
51.59 0.202450509067
51.66 0.170927386769
51.73 0.157277900199
51.8 0.149780207823
51.87 0.166380308207
51.94 0.130193325004
52.01 0.134387226174
52.08 0.301618369706
52.15 0.257460652987
52.22 0.17601553762
52.29 0.115103680725
52.36 0.0855222007235
52.43 0.109900007659
52.5 0.0590569901473
52.57 0.040117405436
52.64 0.0544934560885
52.71 0.0329215491048
52.78 0.193055587007
52.85 0.221053148408
52.92 0.168150679449
52.99 0.0929465044391
53.06 0.0587627414498
53.13 0.104926431958
53.2 0.167600013453
53.27 0.19092358075
53.34 0.183758935224
53.41 0.132923690141
53.48 0.180822567745
53.55 0.235791487766
53.62 0.168252931927
53.69 0.122188549333
53.76 0.133259736686
53.83 0.182498964958
53.9 0.189231857233
53.97 0.167622371861
54.04 0.11950074009
54.11 0.0836454904483
54.18 0.139668222846
54.25 0.24080423769
54.32 0.222718602198
54.39 0.137198751416
54.46 0.0954129732215
54.53 0.0937101349839
54.6 0.203254412508
54.67 0.242700604974
54.74 0.239380764859
54.81 0.211552292918
54.88 0.179177463049
54.95 0.3096236957
55.02 0.267572402675
55.09 0.238657167984
55.16 0.222683961482
55.23 0.220893734367
55.3 0.251057810821
55.37 0.191019682229
55.44 0.158709298052
55.51 0.154626084341
55.58 0.124500426032
55.65 0.227304698451
55.72 0.321993962566
55.79 0.304954642675
55.86 0.165671315031
55.93 0.0886547888033
56.0 0.0841669037594
56.07 0.054546415912
56.14 0.0665249828868
56.21 0.066257522734
56.28 0.10534282051
56.35 0.129776771061
56.42 0.112441169532
56.49 0.112715343803
56.56 0.0826341109057
56.63 0.0499668565719
56.7 0.0674331874983
56.77 0.174836619166
56.84 0.154442579217
56.91 0.157711622399
56.98 0.131621497718
57.05 0.160111640115
57.12 0.0833838446038
57.19 0.0559770242162
57.26 0.0678117604028
57.33 0.170854178267
57.4 0.154742892279
57.47 0.185586901197
57.54 0.152881910958
57.61 0.0777051132093
57.68 0.044777324503
57.75 0.0602606819255
57.82 0.135165160154
57.89 0.137987457519
57.96 0.135039178879
58.03 0.117705902679
58.1 0.0858776128732
58.17 0.22237733006
58.24 0.20350571546
58.31 0.0777508361583
58.38 0.0618916899261
58.45 0.0475157898983
58.52 0.187174251677
58.59 0.190055381257
58.66 0.104834047856
58.73 0.0720418164111
58.8 0.0380529676245
58.87 0.0450557782863
58.94 0.0353811501907
59.01 0.0402114424718
59.08 0.19289138645
59.15 0.196743030023
59.22 0.111041338864
59.29 0.0566734043008
59.36 0.0482523729816
59.43 0.0540148083641
59.5 0.0416467910223
59.57 0.180125272099
59.64 0.23820659059
59.71 0.116549477507
59.78 0.0886483119434
59.85 0.0460570138003
59.92 0.0615425675861
59.99 0.0447892425553
60.06 0.0340286875296
60.13 0.0735600646336
60.2 0.218268424509
60.27 0.203368466871
60.34 0.125924519082
60.41 0.0544925405269
60.48 0.0432436091965
60.55 0.0360866238694
60.62 0.119486716246
60.69 0.257347063297
60.76 0.145309068696
60.83 0.0962311545011
60.9 0.0497711685721
60.97 0.0677018713534
61.04 0.236876955931
61.11 0.175461984159
61.18 0.0756896530205
61.25 0.0591857899737
61.32 0.059991037223
61.39 0.215545931233
61.46 0.245867977503
61.53 0.102687028357
61.6 0.075320934709
61.67 0.0534952222383
61.74 0.0640785895152
61.81 0.0369687270997
61.88 0.0452012354269
61.95 0.221954952948
62.02 0.233242221697
62.09 0.0900688165824
62.16 0.0634287475247
62.23 0.0471051556019
62.3 0.0523529429844
62.37 0.124205523644
62.44 0.199609379683
62.51 0.180252399302
62.58 0.0764387212136
62.65 0.0602909978434
62.72 0.0411522016969
62.79 0.0832389860239
62.86 0.0473436091884
62.93 0.0420650983154
63.0 0.163306615349
63.07 0.34308445742
63.14 0.160429279935
63.21 0.0782096949542
63.28 0.0559320730954
63.35 0.0835340065496
63.42 0.0480141724051
63.49 0.228808184473
63.56 0.206153034238
63.63 0.0945808123993
63.7 0.054389374456
63.77 0.0452126336765
63.84 0.209089157567
63.91 0.218148139405
63.98 0.0921314124415
64.05 0.0625646946404
64.12 0.0475550094065
64.19 0.0977584677678
64.26 0.250516321115
64.33 0.18517168417
64.4 0.0965026421404
64.47 0.0516298737871
64.54 0.0617684248171
64.61 0.0591740186082
64.68 0.0332709549735
64.75 0.16078771836
64.82 0.219420967897
64.89 0.14857173642
64.96 0.0814219802093
65.03 0.0473390215357
65.1 0.0759361665024
65.17 0.0546157692103
65.24 0.155733653965
65.31 0.267844950593
65.38 0.151254237374
65.45 0.0753249533353
65.52 0.0644445306232
65.59 0.0395926055316
65.66 0.0927597279054
65.73 0.0455296483544
65.8 0.0477845544803
65.87 0.240900122585
65.94 0.206255489518
66.01 0.0869459816948
66.08 0.0581968072335
66.15 0.0653399341084
66.22 0.0711318289157
66.29 0.0436564536388
66.36 0.232029522959
66.43 0.185631083443
66.5 0.0824069236492
66.57 0.0461612775605
66.64 0.0482927738596
66.71 0.153003837182
66.78 0.311387724955
66.85 0.182588214492
66.92 0.0748571023463
66.99 0.0567707668926
67.06 0.192028573019
67.13 0.262239920923
67.2 0.136951668907
67.27 0.127196293202
67.34 0.103706556398
67.41 0.1050020032
67.48 0.366103820026
67.55 0.188400388497
67.62 0.16045930937
67.69 0.126918884931
67.76 0.0904437538213
67.83 0.277233215635
67.9 0.286050162367
67.97 0.21212155269
68.04 0.185013131546
68.11 0.128324950277
68.18 0.401798376794
68.25 0.289947577129
68.32 0.200094777952
68.39 0.244569807644
68.46 0.360852037645
68.53 0.315745223199
68.6 0.228840784373
68.67 0.164594976885
68.74 0.148693206831
68.81 0.212366571739
68.88 0.463443181107
68.95 0.292722158968
69.02 0.255452591127
69.09 0.193914312898
69.16 0.14804859634
69.23 0.325546301179
69.3 0.313181492241
69.37 0.243901757792
69.44 0.169822347244
69.51 0.306372779652
69.58 0.445612850457
69.65 0.400092623527
69.72 0.220964149914
69.79 0.132387395508
69.86 0.0960551815941
69.93 0.188673225851
70.0 0.349506209379
70.07 0.343563350279
70.14 0.202485477613
70.21 0.161300216267
70.28 0.129502682439
70.35 0.490922586824
70.42 0.400720863186
70.49 0.265385117171
70.56 0.205618893636
70.63 0.185366435935
70.7 0.376301971162
70.77 0.418086425238
70.84 0.283673808473
70.91 0.22869078585
70.98 0.173717455381
71.05 0.415734761972
71.12 0.280545157308
71.19 0.269883360859
71.26 0.305916127064
71.33 0.370592187463
71.4 0.381410202346
71.47 0.232684124885
71.54 0.187540506832
71.61 0.189936663438
71.68 0.224464157783
71.75 0.455542185819
71.82 0.48309020254
71.89 0.342187949354
71.96 0.25520564743
72.03 0.223094012969
72.1 0.420089620839
72.17 0.400940896264
72.24 0.321079321458
72.31 0.253678090013
72.38 0.205523659479
72.45 0.580151814722
72.52 0.516681275256
72.59 0.294192288029
72.66 0.222537432248
72.73 0.227653320678
72.8 0.206004272215
72.87 0.244519013665
72.94 0.205904573465
73.01 0.123390403096
73.08 0.12911626327
73.15 0.0879819169931
73.22 0.149850720833
73.29 0.145437153794
73.36 0.0875582994427
73.43 0.106053716676
73.5 0.0759860921744
73.57 0.110058083798
73.64 0.102344816046
73.71 0.0829786505154
73.78 0.136580850711
73.85 0.0811444114688
73.92 0.101935471412
73.99 0.1113075192
74.06 0.0848100995603
74.13 0.133768137209
74.2 0.0963798269365
74.27 0.131585543712
74.34 0.176942747518
74.41 0.114125629593
74.48 0.0710345913523
74.55 0.0501818353561
74.62 0.0340401222048
74.69 0.0339864033512
74.76 0.0225263513935
74.83 0.0261565383381
74.9 0.0172219783667
74.97 0.0737246255083
75.04 0.0648541952118
75.11 0.042317785439
75.18 0.026023341847
75.25 0.0143582326425
75.32 0.0485027574185
75.39 0.0928159168063
75.46 0.128936519824
75.53 0.095753958877
75.6 0.107104735113
75.67 0.0732151184358
75.74 0.118830537191
75.81 0.170763325023
75.88 0.124865708527
75.95 0.170602769976
76.02 0.110978715436
76.09 0.12048366831
76.16 0.239240479165
76.23 0.192762637816
76.3 0.160770957676
76.37 0.126169266416
76.44 0.125144334593
76.51 0.150255130295
76.58 0.120283147523
76.65 0.136580520912
76.72 0.112949762027
76.79 0.0989697862725
76.86 0.165869775312
76.93 0.120425992852
77.0 0.165103682595
77.07 0.141387194657
77.14 0.167413967399
77.21 0.24271451265
77.28 0.115378926105
77.35 0.0615199266339
77.42 0.0434791280635
77.49 0.328158303891
77.56 0.296628867171
77.63 0.304835191422
77.7 0.136847467169
77.77 0.205615476524
77.84 0.383106280195
77.91 0.501175490512
77.98 0.453636555611
78.05 0.391688762433
78.12 0.39862761275
78.19 0.428912719555
78.26 0.495048696073
78.33 0.408122124284
78.4 0.281114532264
78.47 0.216188669253
78.54 0.163424961038
78.61 0.22541405195
78.68 0.236366825686
78.75 0.168688864273
78.82 0.202662427119
78.89 0.123364063472
78.96 0.174578422921
79.03 0.131547586301
79.1 0.111466346493
79.17 0.158368698311
79.24 0.118107273068
79.31 0.155707361596
79.38 0.176634810682
79.45 0.117459254324
79.52 0.18249419813
79.59 0.118131235185
79.66 0.133129996686
79.73 0.172867611422
79.8 0.109782087264
79.87 0.183538141147
79.94 0.127079664438
80.01 0.179268891227
80.08 0.22029209128
80.15 0.128496374911
80.22 0.0822896471006
80.29 0.0599655698436
80.36 0.045110998464
80.43 0.0332889265615
80.5 0.029489923842
80.57 0.0247840396452
80.64 0.0217553904491
80.71 0.0449953581126
80.78 0.0299491203128
80.85 0.0230388965552
80.92 0.0183566978384
80.99 0.0167978902374
81.06 0.0285273023843
81.13 0.0821580208469
81.2 0.117240562101
81.27 0.104615162675
81.34 0.0896303551205
81.41 0.139964372565
81.48 0.115513546146
81.55 0.178626522385
81.62 0.139102250236
81.69 0.127810190047
81.76 0.123506412626
81.83 0.123317056768
81.9 0.162078156153
81.97 0.163535636682
82.04 0.173614809113
82.11 0.13658985964
82.18 0.145444790365
82.25 0.214499727863
82.32 0.228656391253
82.39 0.18639141895
82.46 0.150341860558
82.53 0.122297059133
82.6 0.157868154882
82.67 0.168848412202
82.74 0.183998614482
82.81 0.133510560199
82.88 0.484880795879
82.95 0.523575041548
83.02 0.36368147639
83.09 0.332933114124
83.16 0.255648326382
83.23 0.470434229264
83.3 0.253943798785
83.37 0.260034981817
83.44 0.504744945205
83.51 0.450093245616
83.58 0.390910812702
83.65 0.262087949512
83.72 0.253706987303
83.79 0.362870124412
83.86 0.196389459826
83.93 0.564129467174
84.0 0.500529988087
84.07 0.337568874179
84.14 0.292422056583
84.21 0.147377779128
84.28 0.389802979238
84.35 0.407482349533
84.42 0.409153242547
84.49 0.327340851123
84.56 0.205739217134
84.63 0.43448650101
84.7 0.241323137637
84.77 0.169092883883
84.84 0.384918039743
84.91 0.343358710449
84.98 0.238283228018
85.05 0.219318073542
85.12 0.206292287218
85.19 0.292496893406
85.26 0.184403626442
85.33 0.578053385948
85.4 0.431407213382
85.47 0.310739003297
85.54 0.28923914215
85.61 0.147301171235
85.68 0.355233607302
85.75 0.337894802292
85.82 0.267455978681
85.89 0.267009487843
85.96 0.204315319011
86.03 0.436387330919
86.1 0.279184585528
86.17 0.177870801111
86.24 0.476067306622
86.31 0.382364633958
86.38 0.339730514113
86.45 0.281321992614
86.52 0.215788766717
86.59 0.303527019299
86.66 0.210652717228
86.73 0.228731787257
86.8 0.583940311126
86.87 0.328372605357
86.94 0.193125989755
87.01 0.109378390562
87.08 0.11903674332
87.15 0.503527583009
87.22 0.38546531127
87.29 0.306074482794
87.36 0.275708573248
87.43 0.262863029499
87.5 0.562564321524
87.57 0.235373038709
87.64 0.328405988898
87.71 0.428994230133
87.78 0.300109291867
87.85 0.343041930077
87.92 0.286936962527
87.99 0.269354199732
88.06 0.211452268306
88.13 0.109654077971
88.2 0.627341707026
88.27 0.455315529194
88.34 0.289428803195
88.41 0.279321524008
88.48 0.115782824624
88.55 0.29198912787
88.62 0.392529837675
88.69 0.364942009776
88.76 0.300147777942
88.83 0.318464156613
88.9 0.365915188742
88.97 0.447183308333
89.04 0.313314033072
89.11 0.232494550474
89.18 0.270589845594
89.25 0.168594350751
89.32 0.391780295949
89.39 0.30850620946
89.46 0.240371507841
89.53 0.296590897946
89.6 0.193272214786
89.67 0.433791742355
89.74 0.390124279335
89.81 0.235572114287
89.88 0.234136129765
89.95 0.150357784439
90.02 0.473598671995
90.09 0.483013114223
90.16 0.373098232133
90.23 0.372160242236
90.3 0.231465427742
90.37 0.307092175774
90.44 0.444654097985
90.51 0.252300828431
90.58 0.308184847341
90.65 0.218702757083
90.72 0.342393022353
90.79 0.520712936943
90.86 0.49994372545
90.93 0.420611930022
91.0 0.327391991637
91.07 0.356529019647
91.14 0.442437140411
91.21 0.326959375987
91.28 0.285330708162
91.35 0.255934684513
91.42 0.248410467432
91.49 0.394606373698
91.56 0.42785101169
91.63 0.326570240652
91.7 0.376305900201
91.77 0.324688148253
91.84 0.442531344807
91.91 0.548381647325
91.98 0.420753097806
92.05 0.323151645898
92.12 0.273169690435
92.19 0.408543462775
92.26 0.514143917394
92.33 0.323019362999
92.4 0.286865945466
92.47 0.286944854077
92.54 0.451448904867
92.61 0.537080250377
92.68 0.409344299577
92.75 0.287930995623
92.82 0.233538904017
92.89 0.461583398877
92.96 0.38056337088
93.03 0.316817245406
93.1 0.283682742582
93.17 0.231667924369
93.24 0.418203653547
93.31 0.178759910848
93.38 0.162323481374
93.45 0.456381076511
93.52 0.331017981766
93.59 0.268047555513
93.66 0.253998425325
93.73 0.224786958219
93.8 0.263454071761
93.87 0.133609405409
93.94 0.41869237048
94.01 0.34334008517
94.08 0.203762396598
94.15 0.139640401588
94.22 0.0891457503389
94.29 0.336480241912
94.36 0.367680277292
94.43 0.250100082203
94.5 0.202047361702
94.57 0.167973496622
94.64 0.319996498577
94.71 0.268324408541
94.78 0.123701810206
94.85 0.346889152373
94.92 0.347665398963
94.99 0.246946071951
95.06 0.18578479442
95.13 0.1447573247
95.2 0.248554831805
95.27 0.180123772744
95.34 0.269937837759
95.41 0.57122755531
95.48 0.346652399959
95.55 0.276651862574
95.62 0.223721559558
95.69 0.103541919719
95.76 0.140364148104
95.83 0.211455851794
95.9 0.203711594743
95.97 0.164926745888
96.04 0.138186759526
96.11 0.674232757073
96.18 0.757066711446
96.25 0.578590526244
96.32 0.387079641283
96.39 0.393328695682
96.46 0.309085272632
96.53 0.299305072409
96.6 0.278649182829
96.67 0.234836945894
96.74 0.257465614741
96.81 0.176641380083
96.88 0.193013188629
96.95 0.167758155551
97.02 0.163765116781
97.09 0.194026809821
97.16 0.158019755145
97.23 0.233848471142
97.3 0.271304563491
97.37 0.291672580817
97.44 0.295329173346
97.51 0.503751339371
97.58 0.666401337574
97.65 0.648119159558
97.72 0.459118813395
97.79 0.320472526614
97.86 0.286409856983
97.93 0.272484997052
98.0 0.283260392051
98.07 0.339560781792
98.14 0.273561909146
98.21 0.20179287102
98.28 0.646231756901
98.35 0.710161205371
98.42 0.406924878847
98.49 0.333011003804
98.56 0.334025353507
98.63 0.266742714853
98.7 0.304118207263
98.77 0.282394292443
98.84 0.21594065051
98.91 0.257940005596
98.98 0.637634206292
99.05 0.832115735192
99.12 0.703293997257
99.19 0.338169639115
99.26 0.413551314936
99.33 0.301014730104
99.4 0.342434298429
99.47 0.290459510932
99.54 0.278448756552
99.61 0.273975327537
99.68 0.160760530119
99.75 0.207175652545
99.82 0.190889845751
99.89 0.193503175535
99.96 0.192192014546
100.03 0.379773465687
100.1 0.542382339423
100.17 0.415149156964
100.24 0.297310966464
100.31 0.258608055448
100.38 0.398942787444
100.45 0.296023824693
100.52 0.178969192477
100.59 0.453942491009
100.66 0.502181407204
100.73 0.28485297403
100.8 0.281097549089
100.87 0.240819766796
100.94 0.271541294247
101.01 0.253435308675
101.08 0.295098059019
101.15 0.558067852845
101.22 0.393013115384
101.29 0.262384814944
101.36 0.18546227259
101.43 0.21415825883
101.5 0.40108200301
101.57 0.367274973927
101.64 0.278655511034
101.71 0.231041838741
101.78 0.174744548127
101.85 0.405532420911
101.92 0.198800317594
101.99 0.295397861139
102.06 0.420868708623
102.13 0.251230895279
102.2 0.253710683021
102.27 0.198591697533
102.34 0.225414352215
102.41 0.231142561345
102.48 0.145995451439
102.55 0.586336681362
102.62 0.509204519706
102.69 0.298523476184
102.76 0.196622501754
102.83 0.15503982564
102.9 0.303147131136
102.97 0.445519375556
103.04 0.520119640233
103.11 0.492027879358
103.18 0.432479242481
103.25 0.438376444592
103.32 0.39286676631
103.39 0.348911278441
103.46 0.273294508061
103.53 0.316547006081
103.6 0.316677845739
103.67 0.316453451438
103.74 0.301874205181
103.81 0.301216512988
103.88 0.328302328621
103.95 0.383587365479
104.02 0.214955934483
104.09 0.151056497729
104.16 0.132352838473
104.23 0.112785799713
104.3 0.0884933900617
104.37 0.257985746265
104.44 0.546369376835
104.51 0.615840974599
104.58 0.495554447374
104.65 0.428749264245
104.72 0.39234688681
104.79 0.383756520898
104.86 0.238455998428
104.93 0.263097951774
105.0 0.395502943785
105.07 0.367399622223
105.14 0.323413980875
105.21 0.286625171473
105.28 0.29758369848
105.35 0.380414077241
105.42 0.301819332522
105.49 0.231689092547
105.56 0.157092786444
105.63 0.194784131851
105.7 0.28281190962
105.77 0.346386435224
105.84 0.498418045427
105.91 0.393954281198
105.98 0.314280473307
106.05 0.413439017861
106.12 0.376558118715
106.19 0.24175416336
106.26 0.1795601865
106.33 0.208763739412
106.4 0.354931429645
106.47 0.279227834492
106.54 0.474740220769
106.61 0.430772452562
106.68 0.373160048292
106.75 0.412605623492
106.82 0.335241218317
106.89 0.28549825298
106.96 0.175870390589
107.03 0.191141403682
107.1 0.422752075917
107.17 0.41773918226
107.24 0.56211027681
107.31 0.488696779805
107.38 0.385204303366
107.45 0.429921095465
107.52 0.331284344229
107.59 0.241399349771
107.66 0.202425272055
107.73 0.20436575661
107.8 0.32920509204
107.87 0.384446523555
107.94 0.471514676607
108.01 0.424329636779
108.08 0.384187082934
108.15 0.492554569455
108.22 0.51416389928
108.29 0.533540851702
108.36 0.363206205414
108.43 0.274005758638
108.5 0.189070324603
108.57 0.214643050662
108.64 0.474765539493
108.71 0.456866586025
108.78 0.33038883442
108.85 0.333690906733
108.92 0.318066930864
108.99 0.381343576043
109.06 0.38269479039
109.13 0.307852416772
109.2 0.321767077544
109.27 0.33071173232
109.34 0.332314957456
109.41 0.330501052737
109.48 0.35589636068
109.55 0.36243101615
109.62 0.425186825905
109.69 0.418079659927
109.76 0.39602601889
109.83 0.302630202108
109.9 0.301275312716
109.97 0.335632644525
110.04 0.376192168746
110.11 0.420989852189
110.18 0.306682154805
110.25 0.298198768819
110.32 0.410223785089
110.39 0.39214494838
110.46 0.561368289945
110.53 0.397011733174
110.6 0.362018279016
110.67 0.383610805825
110.74 0.451534805219
110.81 0.607112294895
110.88 0.455131833082
110.95 0.431662291795
111.02 0.391501575373
111.09 0.37177991795
111.16 0.485544861562
111.23 0.520856430056
111.3 0.562641634302
111.37 0.433691460796
111.44 0.418229486167
111.51 0.402231999562
111.58 0.36876423921
111.65 0.300744659124
111.72 0.430308854504
111.79 0.325194156502
111.86 0.393262624623
111.93 0.413665880241
112.0 0.319812982624
112.07 0.375973652744
112.14 0.3691394649
112.21 0.365404030705
112.28 0.485317555184
112.35 0.332469827161
112.42 0.398963083377
112.49 0.413690618125
112.56 0.363850938965
112.63 0.502386405382
112.7 0.301120897839
112.77 0.441488179526
112.84 0.419881437885
112.91 0.419096589938
112.98 0.539268747769
113.05 0.467167466125
113.12 0.477338485135
113.19 0.432875514274
113.26 0.359192590135
113.33 0.512740074992
113.4 0.453734963715
113.47 0.455259760664
113.54 0.366813126265
113.61 0.380501247565
113.68 0.520326379948
113.75 0.464125496984
113.82 0.424037768542
113.89 0.381013979777
113.96 0.383844879483
114.03 0.546516647378
114.1 0.612739965518
114.17 0.40485876349
114.24 0.396190685104
114.31 0.334721029692
114.38 0.4065406206
114.45 0.634123974651
114.52 0.340032762653
114.59 0.513856910494
114.66 0.489583931422
114.73 0.422560048195
114.8 0.640748770606
114.87 0.431536981932
114.94 0.504713053143
115.01 0.49177452673
115.08 0.347034199972
115.15 0.594351128515
115.22 0.41037543556
115.29 0.503032087967
115.36 0.503628445409
115.43 0.387892049602
115.5 0.622034050775
115.57 0.523318293465
115.64 0.421182899827
115.71 0.488973626925
115.78 0.378091766093
115.85 0.493228336152
115.92 0.502655458415
115.99 0.493333927969
116.06 0.485901953226
116.13 0.404219322476
116.2 0.51916118212
116.27 0.549622617227
116.34 0.475587380065
116.41 0.5239714364
116.48 0.595775580898
116.55 0.533952818977
116.62 0.567872748619
116.69 0.454263283117
116.76 0.591168513362
116.83 0.536447623898
116.9 0.523091976485
116.97 0.423235634202
117.04 0.305072052128
117.11 0.301670191477
117.18 0.206211213747
117.25 0.392915260555
117.32 0.547642269318
117.39 0.560262708959
117.46 0.431048029709
117.53 0.358917175426
117.6 0.477382730387
117.67 0.438548352602
117.74 0.343113099731
117.81 0.421118276931
117.88 0.441636124434
117.95 0.410844310403
118.02 0.490036542741
118.09 0.522564046935
118.16 0.419174681435
118.23 0.358688409072
118.3 0.466742632748
118.37 0.43146102773
118.44 0.377719382581
118.51 0.405994756872
118.58 0.521275361506
118.65 0.362559096326
118.72 0.28005309513
118.79 0.590545089753
118.86 0.555585141212
118.93 0.507047132703
119.0 0.438311322567
119.07 0.556503414047
119.14 0.538284867562
119.21 0.381368645695
119.28 0.595209649635
119.35 0.567084625324
119.42 0.46131428579
119.49 0.402828081351
119.56 0.73673104987
119.63 0.634083842535
119.7 0.48500720737
119.77 0.389562700435
119.84 0.380098227197
119.91 0.524765737274
119.98 0.562733251498
120.05 0.492461145747
120.12 0.406015168973
120.19 0.360553391298
120.26 0.296850522664
120.33 0.672364431569
120.4 0.853780991063
120.47 0.749794685313
120.54 0.49616199731
120.61 0.598465512668
120.68 0.660500778404
120.75 0.619366199791
120.82 0.499357674475
120.89 0.592223535658
120.96 0.606985158831
121.03 0.550477725173
121.1 0.502179045449
121.17 0.670299704322
121.24 0.680971548321
121.31 0.586493741523
121.38 0.570143690855
121.45 0.83538528341
121.52 0.841943906904
121.59 0.67855744277
121.66 0.439596819281
121.73 0.739686862696
121.8 0.829946093446
121.87 0.63374592155
121.94 0.568984215779
122.01 0.912710137309
122.08 0.782716957022
122.15 0.709520894081
122.22 0.52877147577
122.29 0.543626974524
122.36 0.463856185034
122.43 0.768882315349
122.5 0.725900258472
122.57 0.681532175234
122.64 0.611604455513
122.71 0.4268656656
122.78 0.444464074654
122.85 0.733422585362
122.92 0.714644730176
122.99 0.755571088424
123.06 0.553080707142
123.13 0.554074391734
123.2 0.653452808897
123.27 0.740256596001
123.34 0.916843822092
123.41 0.82995884338
123.48 0.786871984235
123.55 0.857497990967
123.62 0.768655238354
123.69 0.946914056436
123.76 0.937379036716
123.83 1.0
123.9 0.871394957773
123.97 0.688325758413
124.04 0.652549049189
124.11 0.759178813591
124.18 0.718688793292
124.25 0.746430248488
124.32 0.66875102106
124.39 0.560310470756
124.46 0.563967737649
124.53 0.739210630873
124.6 0.698549795331
124.67 0.602542185529
124.74 0.455522413626
124.81 0.39907350995
124.88 0.42843917141
124.95 0.704631158226
125.02 0.555385988845
125.09 0.496795140639
125.16 0.332739481708
125.23 0.254675539237
125.3 0.316644796919
125.37 0.510394488889
125.44 0.611347340222
125.51 0.455965121128
125.58 0.332606050912
125.65 0.354157339055
125.72 0.545693988707
125.79 0.737511012852
125.86 0.582774804173
125.93 0.441873818006
126.0 0.316000909033
126.07 0.400229917402
126.14 0.500249318251
126.21 0.689592387667
126.28 0.657494996589
126.35 0.50749016902
126.42 0.39820196915
126.49 0.377186063032
126.56 0.606990350952
126.63 0.47277742703
126.7 0.328949356982
126.77 0.238102152578
126.84 0.278916716818
126.91 0.41873774591
126.98 0.486080967175
127.05 0.632453780615
127.12 0.540958121344
127.19 0.437453794781
127.26 0.363440477936
127.33 0.40854065013
127.4 0.787016426382
127.47 0.735100804838
127.54 0.437263361908
127.61 0.264784368972
127.68 0.206395304633
127.75 0.323317812451
127.82 0.527300050154
127.89 0.599539947824
127.96 0.424175590096
128.03 0.303250099327
128.1 0.296129609466
128.17 0.316882292612
128.24 0.476200179221
128.31 0.432511759685
128.38 0.353664985472
128.45 0.363940924887
128.52 0.385247161493
128.59 0.453350023227
128.66 0.577702912908
128.73 0.482557919642
128.8 0.401074354625
128.87 0.367900207
128.94 0.468898419979
129.01 0.518256545245
129.08 0.363566285944
129.15 0.350770630456
129.22 0.448091199882
129.29 0.441621630011
129.36 0.432801388242
129.43 0.575585873622
129.5 0.546942709379
129.57 0.504557105438
129.64 0.562173203457
129.71 0.627011868578
129.78 0.594008779361
129.85 0.805389271576
129.92 0.726563511963
129.99 0.463075810542
130.06 0.248505641536
130.13 0.277891639293
130.2 0.259886292645
130.27 0.528022500117
130.34 0.589197012928
130.41 0.594268028994
130.48 0.550169503824
130.55 0.464437042905
130.62 0.517194984067
130.69 0.586385091928
130.76 0.478415583295
130.83 0.418797503532
130.9 0.341271468263
130.97 0.334419330489
131.04 0.526151237926
131.11 0.597786210268
131.18 0.678161358028
131.25 0.566666665551
131.32 0.48771429263
131.39 0.443998337332
131.46 0.614183418266
131.53 0.66867710669
131.6 0.551830464472
131.67 0.44825643906
131.74 0.346257657056
131.81 0.253239195382
131.88 0.477965380986
131.95 0.578779808266
132.02 0.567664093116
132.09 0.383937502813
132.16 0.268197558959
132.23 0.438324159134
132.3 0.604891035166
132.37 0.615025915089
132.44 0.509380868682
132.51 0.450244870492
132.58 0.416934360304
132.65 0.467396355538
132.72 0.565422483307
132.79 0.549417261684
132.86 0.404009982764
132.93 0.375836858982
133.0 0.435008623143
133.07 0.476687184153
133.14 0.565483125972
133.21 0.352048980868
133.28 0.291769333035
133.35 0.30129524144
133.42 0.30410733177
133.49 0.473276320479
133.56 0.534062100605
133.63 0.430804428304
133.7 0.372823877703
133.77 0.375073846688
133.84 0.375861412769
133.91 0.572319133126
133.98 0.588090515396
134.05 0.466604478442
134.12 0.301846782634
134.19 0.342795404781
134.26 0.325045700651
134.33 0.539094716247
134.4 0.628805495085
134.47 0.449222717841
134.54 0.303982996537
134.61 0.250159470648
134.68 0.239327566793
134.75 0.481462318278
134.82 0.420997781149
134.89 0.403400717872
134.96 0.316962805917
135.03 0.221038730774
135.1 0.318494397711
135.17 0.527786469323
135.24 0.618461552087
135.31 0.625831685075
135.38 0.537154355736
135.45 0.43478944262
135.52 0.548219165661
135.59 0.660394748495
135.66 0.570323277769
135.73 0.433293857008
135.8 0.405929986304
135.87 0.556975591803
135.94 0.616929327275
136.01 0.498674141787
136.08 0.394278236423
136.15 0.385043082814
136.22 0.396777655578
136.29 0.329024815994
136.36 0.524119815462
136.43 0.331612992446
136.5 0.346390924429
136.57 0.174515967838
136.64 0.114591643552
136.71 0.26317921328
136.78 0.459526523801
136.85 0.470727880385
136.92 0.266118200447
136.99 0.156964082111
137.06 0.200706225424
137.13 0.334465793763
137.2 0.547257607436
137.27 0.623644805175
137.34 0.355121698111
137.41 0.227098610459
137.48 0.21701488877
137.55 0.394610379526
137.62 0.652576652879
137.69 0.552765403482
137.76 0.406754442626
137.83 0.434221816092
137.9 0.546786831573
137.97 0.586998505396
138.04 0.655109475265
138.11 0.541836764146
138.18 0.664540866211
138.25 0.557998274101
138.32 0.430938301129
138.39 0.548546182603
138.46 0.644237140014
138.53 0.548042811762
138.6 0.366412927402
138.67 0.330636653316
138.74 0.365542809168
138.81 0.546250964202
138.88 0.596258053307
138.95 0.384066166782
139.02 0.361156902919
139.09 0.566643291165
139.16 0.621910048295
139.23 0.582721113869
139.3 0.525138250736
139.37 0.37064284263
139.44 0.432228732031
139.51 0.592313721428
139.58 0.56977434248
139.65 0.632042797814
139.72 0.552288334855
139.79 0.446318379266
139.86 0.397885732207
139.93 0.408228696638
140.0 0.54975984908
140.07 0.511457509059
140.14 0.268729613458
140.21 0.196358844628
140.28 0.163071969712
140.35 0.329271552951
140.42 0.523823423563
140.49 0.547877978188
140.56 0.267186868549
140.63 0.205930019186
140.7 0.24377727095
140.77 0.402645391373
140.84 0.448329109054
140.91 0.40436186754
140.98 0.325096810646
141.05 0.268703818249
141.12 0.338157091983
141.19 0.43128266944
141.26 0.574679150645
141.33 0.468113676387
141.4 0.292262249737
141.47 0.268664986624
141.54 0.29695952667
141.61 0.563052043153
141.68 0.460972898469
141.75 0.294009176695
141.82 0.258112924662
141.89 0.378139134099
141.96 0.442472289116
142.03 0.516562162662
142.1 0.4256779105
142.17 0.328931839237
142.24 0.312938373228
142.31 0.34239218358
142.38 0.378216975539
142.45 0.584946699381
142.52 0.434605746508
142.59 0.337742217554
142.66 0.284728770716
142.73 0.34707854761
142.8 0.3499126823
142.87 0.500786224242
142.94 0.490366465853
143.01 0.301408752372
143.08 0.278236678031
143.15 0.219070450557
143.22 0.369196419723
143.29 0.46900174455
143.36 0.395167787205
143.43 0.230408219911
143.5 0.171108625632
143.57 0.265783415014
143.64 0.343900095801
143.71 0.628802371346
143.78 0.546423809432
143.85 0.27325092733
143.92 0.282850598496
143.99 0.299249145379
144.06 0.433765923519
144.13 0.585929324383
144.2 0.564832223703
144.27 0.323288151209
144.34 0.252098372167
144.41 0.353604223685
144.48 0.397941159125
144.55 0.569382985185
144.62 0.383719643455
144.69 0.239398260946
144.76 0.183511585923
144.83 0.219792820777
144.9 0.380211096252
144.97 0.495024654213
145.04 0.418892115501
145.11 0.311372713682
145.18 0.250241622119
145.25 0.311157399192
145.32 0.493126566067
145.39 0.509639554211
145.46 0.456050238822
145.53 0.324404459032
145.6 0.452773580726
145.67 0.579140219579
145.74 0.521107667048
145.81 0.356445672039
145.88 0.376755035339
145.95 0.259856537878
146.02 0.248340579564
146.09 0.402721514905
146.16 0.499637561653
146.23 0.43903700456
146.3 0.290988182776
146.37 0.170958214614
146.44 0.350556371323
146.51 0.369039636199
146.58 0.55125096813
146.65 0.251667128874
146.72 0.140388312038
146.79 0.10697611643
146.86 0.236333940289
146.93 0.356303836781
147.0 0.407651777651
147.07 0.310287318369
147.14 0.134274400437
147.21 0.101298458113
147.28 0.201209469267
147.35 0.522522107322
147.42 0.45807774406
147.49 0.284118194504
147.56 0.191216458074
147.63 0.143662387856
147.7 0.200567063015
147.77 0.542832949304
147.84 0.505339615257
147.91 0.362859108139
147.98 0.300226718056
148.05 0.206438977906
148.12 0.347699393863
148.19 0.661838687573
148.26 0.53935757398
148.33 0.429874886185
148.4 0.33468292461
148.47 0.294646944102
148.54 0.290029715802
148.61 0.563083314012
148.68 0.536706703217
148.75 0.423725083584
148.82 0.285105233891
148.89 0.280730037743
148.96 0.291607898852
149.03 0.58379270783
149.1 0.592058444152
149.17 0.560109716648
149.24 0.472000626181
149.31 0.31388466914
149.38 0.337433593555
149.45 0.316493009606
149.52 0.756948172801
149.59 0.725066881824
149.66 0.583764473092
149.73 0.399506640481
149.8 0.36759525903
149.87 0.282703268884
149.94 0.335999635083
150.01 0.726693981459
150.08 0.786542124129
150.15 0.575719034672
150.22 0.467265208724
150.29 0.487335062096
150.36 0.458805608634
150.43 0.651460808743
150.5 0.710124292487
150.57 0.722343473971
150.64 0.485229886716
150.71 0.5019785286
150.78 0.459319198324
150.85 0.359201711294
150.92 0.736843358759
150.99 0.598787957709
151.06 0.426947133845
151.13 0.30570240447
151.2 0.299383301733
151.27 0.319409967179
151.34 0.599747344183
151.41 0.665236504001
151.48 0.51108606769
151.55 0.357279855957
151.62 0.312261216984
151.69 0.263040790212
151.76 0.429523522196
151.83 0.567450342957
151.9 0.478141261352
151.97 0.340139849887
152.04 0.315879289965
152.11 0.365623528229
152.18 0.536141921821
152.25 0.560795761716
152.32 0.45832720506
152.39 0.373085294165
152.46 0.369254996959
152.53 0.400658342143
152.6 0.381324340389
152.67 0.555189424663
152.74 0.610779812141
152.81 0.49649727695
152.88 0.310479436663
152.95 0.33100609817
153.02 0.359033490142
153.09 0.257441166293
153.16 0.490163888498
153.23 0.575039959686
153.3 0.314929271755
153.37 0.205691623683
153.44 0.200854816148
153.51 0.209957206435
153.58 0.271850365197
153.65 0.451281019421
153.72 0.405738109206
153.79 0.347388014319
153.86 0.218356871697
153.93 0.419374474695
154.0 0.622642670836
154.07 0.542496506015
154.14 0.544999799079
154.21 0.513059762519
154.28 0.465060234177
154.35 0.525542864968
154.42 0.449802432736
154.49 0.683360192399
154.56 0.61528739948
154.63 0.502294505641
154.7 0.323770715174
154.77 0.255370115764
154.84 0.295045968487
154.91 0.494657872364
154.98 0.457280388361
155.05 0.421616651562
155.12 0.320940327395
155.19 0.297403234399
155.26 0.413469794514
155.33 0.529992685293
155.4 0.507079130104
155.47 0.468397250424
155.54 0.374915525414
155.61 0.36359786002
155.68 0.408606446521
155.75 0.385119406194
155.82 0.525777532265
155.89 0.512278551223
155.96 0.468478304206
156.03 0.419194897626
156.1 0.394187319188
156.17 0.435573451794
156.24 0.468442981249
156.31 0.493475310369
156.38 0.389115197556
156.45 0.266660140058
156.52 0.23132592372
156.59 0.223276616314
156.66 0.434457401903
156.73 0.370578624353
156.8 0.335553632544
156.87 0.243845710655
156.94 0.187858691066
157.01 0.417744588996
157.08 0.659758572985
157.15 0.569986098093
157.22 0.416682645842
157.29 0.297138484505
157.36 0.218523792357
157.43 0.225052925908
157.5 0.357456799556
157.57 0.543395270497
157.64 0.664293583854
157.71 0.550989999604
157.78 0.373290489238
157.85 0.273568751246
157.92 0.25972383264
157.99 0.322499298419
158.06 0.652745950062
158.13 0.635386054647
158.2 0.519034609175
158.27 0.318970138281
158.34 0.18603381536
158.41 0.215109286128
158.48 0.205964273003
158.55 0.194688211515
158.62 0.190615830964
158.69 0.15766342645
158.76 0.131439151321
158.83 0.0993976203286
158.9 0.236835873797
158.97 0.43192856664
159.04 0.412174343774
159.11 0.274085946082
159.18 0.133446221815
159.25 0.327014574506
159.32 0.457067391325
159.39 0.526661906678
159.46 0.419696911861
159.53 0.388169749278
159.6 0.325404992616
159.67 0.24709368017
159.74 0.412554880706
159.81 0.530680288785
159.88 0.735449908472
159.95 0.543697752358
160.02 0.302355515909
160.09 0.319242422361
160.16 0.270739865775
160.23 0.455533469278
160.3 0.491469497049
160.37 0.528925348201
160.44 0.326272360227
160.51 0.204525796776
160.58 0.317203219593
160.65 0.364321820167
160.72 0.479325696803
160.79 0.45081248816
160.86 0.208489672449
160.93 0.164953297174
161.0 0.118670605317
161.07 0.0888287425523
161.14 0.329649497761
161.21 0.213290467895
161.28 0.193339493796
161.35 0.144295030087
161.42 0.11423468873
161.49 0.158870186836
161.56 0.34524215847
161.63 0.527897231602
161.7 0.330388778305
161.77 0.200627918327
161.84 0.13373216056
161.91 0.112570624034
161.98 0.341493273396
162.05 0.246033598657
162.12 0.210633961014
162.19 0.167781985749
162.26 0.129516660013
162.33 0.137469441631
162.4 0.410452484499
162.47 0.626747292937
162.54 0.393366505423
162.61 0.248814460461
162.68 0.165029219873
162.75 0.102561663364
162.82 0.345005806738
162.89 0.218902376091
162.96 0.184660345975
163.03 0.141209175027
163.1 0.154725513345
163.17 0.387107545237
163.24 0.658827697887
163.31 0.540947868039
163.38 0.415769639947
163.45 0.282211897807
163.52 0.423187961993
163.59 0.615212235811
163.66 0.572398534959
163.73 0.676285906896
163.8 0.551166440137
163.87 0.51795272253
163.94 0.426387266947
164.01 0.659682020222
164.08 0.678675126892
164.15 0.641521532155
164.22 0.542703708433
164.29 0.376174452137
164.36 0.634432926481
164.43 0.571890490816
164.5 0.575521056783
164.57 0.475700457829
164.64 0.382105905112
164.71 0.452821402576
164.78 0.541483785618
164.85 0.34125043102
164.92 0.236190274893
164.99 0.212250740399
165.06 0.571662015866
165.13 0.61097760987
165.2 0.691707869514
165.27 0.512408168163
165.34 0.478798737945
165.41 0.407520190776
165.48 0.414123251496
165.55 0.520236022879
165.62 0.556129715278
165.69 0.55215253935
165.76 0.4817714227
165.83 0.392132002536
165.9 0.405715215244
165.97 0.649981163748
166.04 0.676574431856
166.11 0.555057731465
166.18 0.435994411262
166.25 0.481000663573
166.32 0.509912785355
166.39 0.558845025825
166.46 0.438329771625
166.53 0.43179346519
166.6 0.359676653456
166.67 0.525428534953
166.74 0.61521517053
166.81 0.638390223892
166.88 0.541059746712
166.95 0.373773523782
167.02 0.339583970112
167.09 0.405703633882
167.16 0.513931218654
167.23 0.633423381999
167.3 0.598966592636
167.37 0.514729073482
167.44 0.490907928978
167.51 0.667928129069
167.58 0.627331960725
167.65 0.662495889498
167.72 0.507817331664
167.79 0.469407181804
167.86 0.472779463909
167.93 0.59644870178
168.0 0.38139456101
168.07 0.32901925568
168.14 0.297337876099
168.21 0.488609861507
168.28 0.757464891152
168.35 0.791221104598
168.42 0.661994974921
168.49 0.531794859994
168.56 0.51752019056
168.63 0.496269183976
168.7 0.551301869417
168.77 0.582324633367
168.84 0.635527078698
168.91 0.584663664836
168.98 0.479362535851
169.05 0.418782899832
169.12 0.595650886331
169.19 0.551060446654
169.26 0.609150701223
169.33 0.498750592164
169.4 0.409262851021
169.47 0.530655386494
169.54 0.52872195767
169.61 0.471802262379
169.68 0.350107338571
169.75 0.229288897626
169.82 0.348058795105
169.89 0.478563930853
169.96 0.494753412692
170.03 0.463614984763
170.1 0.362566329262
170.17 0.294266367791
170.24 0.282022781177
170.31 0.373036943653
170.38 0.516664683902
170.45 0.553625131568
170.52 0.478735403726
170.59 0.489342266479
170.66 0.514737963289
170.73 0.693057768603
170.8 0.692390117463
170.87 0.531636990595
170.94 0.468749274011
171.01 0.468045353834
171.08 0.493044973777
171.15 0.472087566138
171.22 0.418702859075
171.29 0.357347460828
171.36 0.343886511033
171.43 0.377678554441
171.5 0.613872205098
171.57 0.603233805678
171.64 0.554312164064
171.71 0.433023590118
171.78 0.426472566769
171.85 0.364038600541
171.92 0.524533217117
171.99 0.557353765996
172.06 0.318067057861
172.13 0.276353227057
172.2 0.289023316717
172.27 0.455847479339
172.34 0.485627858697
172.41 0.546310330003
172.48 0.417825842626
172.55 0.426202037024
172.62 0.635749557211
172.69 0.573356436844
172.76 0.542246842214
172.83 0.45096256741
172.9 0.355431592082
172.97 0.362021721724
173.04 0.419242968548
173.11 0.536512747893
173.18 0.511634034257
173.25 0.411159085401
173.32 0.337589739139
173.39 0.357774249372
173.46 0.444241813709
173.53 0.475518961033
173.6 0.414182787611
173.67 0.262688502786
173.74 0.220358875099
173.81 0.201735715365
173.88 0.479838435906
173.95 0.616598452176
174.02 0.46952281428
174.09 0.267247654947
174.16 0.203758706786
174.23 0.312466249619
174.3 0.549039857351
174.37 0.554117865158
174.44 0.305133560146
174.51 0.170915563226
174.58 0.166935026301
174.65 0.608846398085
174.72 0.736857171925
174.79 0.508324068424
174.86 0.303169838048
174.93 0.23129708353
175.0 0.223032925322
175.07 0.749892048889
175.14 0.724822134489
175.21 0.53247657042
175.28 0.345403907685
175.35 0.376332543044
175.42 0.361820836682
175.49 0.26570751102
175.56 0.285585379986
175.63 0.33026018325
175.7 0.284132069693
175.77 0.296053377642
175.84 0.640027709737
175.91 0.76664356544
175.98 0.803713511319
176.05 0.491260518639
176.12 0.398797987933
176.19 0.303892183656
176.26 0.284556522078
176.33 0.197378821589
176.4 0.180587408211
176.47 0.130718418282
176.54 0.100165256701
176.61 0.0804410524421
176.68 0.0682419877172
176.75 0.056611482803
176.82 0.0471075360621
176.89 0.0423461156712
176.96 0.0320426119455
177.03 0.0232852101888
177.1 0.0224557566724
177.17 0.0192192257712
177.24 0.0136291010492
177.31 0.013023307416
177.38 0.0096043336393
177.45 0.00868960392867
177.52 0.00777613237686
177.59 0.00571090993884
177.66 0.0039653858571
177.73 0.00372675408069
177.8 0.00261714265509
177.87 0.00292271379757
177.94 0.00169762248994
178.01 0.00185009106028
178.08 0.00129044960711
178.15 0.00167701743175
178.22 0.00129184854585
178.29 0.00090433168748
178.36 0.000741048661132
178.43 0.000715524182215
178.5 0.000552748160405
178.57 0.000479402816623
178.64 0.000454241608919
178.71 0.000444435255138
178.78 0.000393774180388
178.85 0.00038609232329
178.92 0.000397843999335
178.99 0.000377963514619
179.06 0.000367565491464
179.13 0.000402623624634
179.2 0.00037505734492
179.27 0.000367957312447
179.34 0.000372010395322
179.41 0.00037543636773
179.48 0.000362242436059
179.55 0.000314906917285
179.62 0.000290403338767
179.69 0.000274330802693
179.76 0.000260940960531
179.83 0.000254491665919
179.9 0.000250193448812
179.97 0.000247706665391
180.04 0.000228549769675
180.11 0.00021839195838
180.18 0.000214412711117
180.25 0.000105912755632
180.32 0.0
