-4.0 0.0
0.432940870881 0.0119047619048
0.508503300947 0.107142857143
0.511651735533 1.0
0.779268675352 1.0
0.785565544524 0.0714285714286
0.999659096379 0.047619047619
1.20745577906 0.047619047619
1.29876038206 0.119047619048
1.30190881665 1.0
1.54748671436 0.988636363636
1.55063514895 0.0
47.1144559324 0
47.1166012497 1
47.512996631 1.0
47.61483142 1.0
47.7811615754 1.0
47.7913450543 0.0
48.1681337736 0.0724637681159
48.2903355204 0.173913043478
48.3107024782 1.0
48.534739014 1.0
48.5585004647 1.0
48.8578451728 1
49.0722989621 0
109.93118494 0.0
110.01188439 0.0
110.014190089 1.0
110.496081095 1.0
110.828101692 1.0
110.835018788 0.027397260274
110.869604266 0.0
110.89727265 0.0
270.666666667 0.0
