0.0 0.0
0.07 0.0
0.14 0.0
0.21 0.0
0.28 0.0
0.35 0.00576567924038
0.42 0.425527042923
0.49 0.45262532078
0.56 0.3449361716
0.63 0.414263158869
0.7 0.325196320456
0.77 0.33043611194
0.84 0.286911191376
0.91 0.355131982465
0.98 0.477377003716
1.05 0.430287563955
1.12 0.362088780139
1.19 0.355797297974
1.26 0.355425371377
1.33 0.700502067404
1.4 0.398005353745
1.47 0.240501408735
1.54 0.179248010777
1.61 0.207314137753
1.68 0.237602872643
1.75 0.193118100575
1.82 0.228923008787
1.89 0.508990630522
1.96 0.431051742527
2.03 0.364861810845
2.1 0.245586380899
2.17 0.32479543155
2.24 0.280118940482
2.31 0.213970091091
2.38 0.30430955722
2.45 0.246307947736
2.52 0.449348825147
2.59 0.273723185646
2.66 0.0620613746912
2.73 0.327358891546
2.8 0.431318980897
2.87 0.231413271857
2.94 0.139677609019
3.01 0.452850435509
3.08 0.36091862271
3.15 0.225851640607
3.22 0.324587198489
3.29 0.414068240823
3.36 0.226323304411
3.43 0.145426710267
3.5 0.22860309312
3.57 0.120247713715
3.64 0.228408709888
3.71 0.170571509485
3.78 0.167252341872
3.85 0.3095773422
3.92 0.316560074031
3.99 0.229917326877
4.06 0.143872640268
4.13 0.340616622218
4.2 0.156721974972
4.27 0.0424920442572
4.34 0.195960263624
4.41 0.353043283273
4.48 0.27509823816
4.55 0.285170693958
4.62 0.223927202961
4.69 0.346948173602
4.76 0.600036332163
4.83 0.338000001748
4.9 0.132127438717
4.97 0.395272494303
5.04 0.333390573553
5.11 0.130552581066
5.18 0.365956143998
5.25 0.528949006507
5.32 0.264157295465
5.39 0.208258487039
5.46 0.323339303751
5.53 0.16238213979
5.6 0.314073715716
5.67 0.179220796756
5.74 0.238102757393
5.81 0.43193241088
5.88 0.484113715139
5.95 0.374603910431
6.02 0.210714829402
6.09 0.380920591538
6.16 0.237263600412
6.23 0.201613768476
6.3 0.249055231162
6.37 0.289713013496
6.44 0.395970653516
6.51 0.383655097222
6.58 0.218249016769
6.65 0.170937693291
6.72 0.504157721545
6.79 0.281709461409
6.86 0.137698641286
6.93 0.478202598562
7.0 0.393560535032
7.07 0.19055837075
7.14 0.334860177426
7.21 0.457034273786
7.28 0.296297113703
7.35 0.141489782525
7.42 0.270255455418
7.49 0.0942779515917
7.56 0.253227111744
7.63 0.185061204826
7.7 0.205866649345
7.77 0.319526862176
7.84 0.296952893547
7.91 0.313937839863
7.98 0.148297453264
8.05 0.396541937727
8.12 0.223542303138
8.19 0.0998316344049
8.26 0.218709745786
8.33 0.355958918648
8.4 0.325896283282
8.47 0.307631745607
8.54 0.278011638383
8.61 0.296261608226
8.68 0.552571747087
8.75 0.315834335649
8.82 0.12636274673
8.89 0.405747947526
8.96 0.326656779631
9.03 0.11419453466
9.1 0.369913542191
9.17 0.710095952312
9.24 0.373788958991
9.31 0.219037466043
9.38 0.138838707765
9.45 0.296241382436
9.52 0.261403465182
9.59 0.0791557991977
9.66 0.131068215155
9.73 0.0754757590315
9.8 0.21715367915
9.87 0.168819630988
9.94 0.086714524059
10.01 0.0645729122775
10.08 0.0851982303433
10.15 0.304352982855
10.22 0.253363330615
10.29 0.195875954869
10.36 0.215227500594
10.43 0.239893202713
10.5 0.223633205469
10.57 0.121949093512
10.64 0.0772920278577
10.71 0.0612118201957
10.78 0.285658954197
10.85 0.206912704197
10.92 0.14096956994
10.99 0.0888944415519
11.06 0.123139849256
11.13 0.156179997317
11.2 0.145887699929
11.27 0.107129614886
11.34 0.170087650701
11.41 0.107738184827
11.48 0.0953750928235
11.55 0.113813717861
11.62 0.113576322091
11.69 0.187473993689
11.76 0.224069156018
11.83 0.171268967907
11.9 0.147527440921
11.97 0.172820822425
12.04 0.189051548767
12.11 0.237644026243
12.18 0.201705627324
12.25 0.122889242974
12.32 0.15425490683
12.39 0.181175408954
12.46 0.150159007894
12.53 0.0837948892624
12.6 0.108559316745
12.67 0.152018452776
12.74 0.191759966612
12.81 0.12935536084
12.88 0.076074789619
12.95 0.116653262168
13.02 0.124055010013
13.09 0.154303553968
13.16 0.161696787826
13.23 0.109214287607
13.3 0.16251123273
13.37 0.148903679861
13.44 0.0748147687503
13.51 0.14444917426
13.58 0.16229679952
13.65 0.214637448728
13.72 0.348126018822
13.79 0.326142627037
13.86 0.199606919126
13.93 0.175678722518
14.0 0.161297418528
14.07 0.172070975628
14.14 0.184349884281
14.21 0.126734444649
14.28 0.159572007772
14.35 0.156177699462
14.42 0.174551902205
14.49 0.0793357129556
14.56 0.128583242437
14.63 0.159131360699
14.7 0.203738403454
14.77 0.185917425435
14.84 0.108239318705
14.91 0.0404728683762
14.98 0.216589406529
15.05 0.262397732864
15.12 0.214434576098
15.19 0.114580543453
15.26 0.291342310254
15.33 0.173330003096
15.4 0.112197743494
15.47 0.139661199462
15.54 0.0926394142379
15.61 0.172143756999
15.68 0.21808659326
15.75 0.121707094656
15.82 0.117102083898
15.89 0.0797312340546
15.96 0.158563014889
16.03 0.296192770952
16.1 0.271574641426
16.17 0.241809426359
16.24 0.29059682434
16.31 0.310724541986
16.38 0.330407527074
16.45 0.333163430221
16.52 0.47647240522
16.59 0.441007956894
16.66 0.467786921518
16.73 0.495980873865
16.8 0.470245897377
16.87 0.494409814006
16.94 0.455706179136
17.01 0.795137722011
17.08 0.67470694713
17.15 0.69020548659
17.22 0.671404705446
17.29 0.513609600529
17.36 0.478885781764
17.43 0.429469965495
17.5 0.491372740288
17.57 0.459177895262
17.64 0.660655945255
17.71 0.424652071872
17.78 0.247928863288
17.85 0.587790771291
17.92 0.374483126158
17.99 0.238369382264
18.06 0.287047488932
18.13 0.617933637305
18.2 0.153799730039
18.27 0.0390005387983
18.34 0.16685696462
18.41 0.0355722630617
18.48 0.187070082778
18.55 0.37554623972
18.62 0.6151840216
18.69 0.241088899643
18.76 0.0773224360072
18.83 0.173774159038
18.9 0.159338442988
18.97 0.676738632731
19.04 0.200524007672
19.11 0.123333448095
19.18 0.0557329830107
19.25 0.0272090125521
19.32 0.144878002567
19.39 0.0655540714935
19.46 0.257032780242
19.53 0.494654249645
19.6 0.580017218564
19.67 0.405609165238
19.74 0.235174603692
19.81 0.596358420186
19.88 0.344172915121
19.95 0.241782589781
20.02 0.327834685095
20.09 0.583294059675
20.16 0.153990640056
20.23 0.0423219513985
20.3 0.186794476727
20.37 0.0481259589477
20.44 0.187851647096
20.51 0.474259989502
20.58 0.546980275697
20.65 0.220377465521
20.72 0.0768719213155
20.79 0.179185478157
20.86 0.104148541685
20.93 0.683807923223
21.0 0.189672211643
21.07 0.132428362968
21.14 0.0590251111846
21.21 0.0293538007822
21.28 0.148757245435
21.35 0.0399160917524
21.42 0.336854316653
21.49 0.461890764969
21.56 0.610241004951
21.63 0.431141711701
21.7 0.215532957851
21.77 0.579570456174
21.84 0.372933702276
21.91 0.249544178666
21.98 0.312705080965
22.05 0.592184279863
22.12 0.152042701348
22.19 0.0421057170344
22.26 0.190848971254
22.33 0.0408102706039
22.4 0.187334808139
22.47 0.444739125242
22.54 0.567865558667
22.61 0.227123652365
22.68 0.0778383737719
22.75 0.203613355425
22.82 0.154051889124
22.89 0.657182096022
22.96 0.203047424268
23.03 0.227396033553
23.1 0.478564132563
23.17 0.709616107704
23.24 0.384994554509
23.31 0.201650091541
23.38 0.727177119588
23.45 0.764340753131
23.52 0.85609955803
23.59 0.817848406211
23.66 0.830961317963
23.73 0.866442445097
23.8 0.421281683869
23.87 0.559930884426
23.94 0.437514389637
24.01 0.938304437819
24.08 0.525143387187
24.15 0.310834728343
24.22 0.258152677486
24.29 0.123645393195
24.36 0.292478714182
24.43 0.406779342338
24.5 0.51245811117
24.57 0.293003740089
24.64 0.180866651835
24.71 0.223559637246
24.78 0.196063360935
24.85 0.879468221573
24.92 0.338804352814
24.99 0.237590099819
25.06 0.39957692014
25.13 0.193122559814
25.2 0.361679784196
25.27 0.170427044648
25.34 0.443262282329
25.41 0.490798205393
25.48 0.762390509192
25.55 0.427364630527
25.62 0.312040752709
25.69 0.703339809328
25.76 0.404098592184
25.83 0.339144448781
25.9 0.34370348278
25.97 0.68084280591
26.04 0.290226216949
26.11 0.543618712733
26.18 0.261192789191
26.25 0.0744813843867
26.32 0.583430863767
26.39 0.560305630168
26.46 0.568161317971
26.53 0.474435478445
26.6 0.520730317961
26.67 0.305668812447
26.74 0.320165202179
26.81 0.820896722081
26.88 0.36130165376
26.95 0.220636725947
27.02 0.281828867461
27.09 0.129250241073
27.16 0.258376118924
27.23 0.10489259897
27.3 0.355513677095
27.37 0.45382694615
27.44 0.671203190136
27.51 0.364966206462
27.58 0.217453667784
27.65 0.715570876136
27.72 0.426077016964
27.79 0.235606969146
27.86 0.292008481465
27.93 0.726828169075
28.0 0.309373804434
28.07 0.357627794072
28.14 0.337077379419
28.21 0.201471954348
28.28 0.646578058854
28.35 0.626739767581
28.42 0.572931841862
28.49 0.396119181706
28.56 0.473759576085
28.63 0.218894470407
28.7 0.121487296097
28.77 0.814108864035
28.84 0.407654371173
28.91 0.259397793652
28.98 0.24304240656
29.05 0.213062213634
29.12 0.350070147444
29.19 0.172378438129
29.26 0.519879140582
29.33 0.44404055785
29.4 0.67625390841
29.47 0.400698553376
29.54 0.320253391099
29.61 0.639412870749
29.68 0.436791163034
29.75 0.330641077105
29.82 0.298401911399
29.89 0.768847420887
29.96 0.30059862081
30.03 0.272883286073
30.1 0.21084177817
30.17 0.0674198837315
30.24 0.633720272866
30.31 0.591469047187
30.38 0.629536939896
30.45 0.375650303384
30.52 0.535880900309
30.59 0.233880383029
30.66 0.129300181599
30.73 0.774492973613
30.8 0.298067017263
30.87 0.177167344855
30.94 0.252370792778
31.01 0.0780203714586
31.08 0.61165231537
31.15 0.377200923527
31.22 0.362236919821
31.29 0.356535801804
31.36 0.636623185824
31.43 0.630904493955
31.5 0.759852727626
31.57 1.0
31.64 0.612562345605
31.71 0.659295229434
31.78 0.448472332028
31.85 0.951265890356
31.92 0.504561275914
31.99 0.652345155658
32.06 0.357264965453
32.13 0.105759924031
32.2 0.453165655881
32.27 0.479693054018
32.34 0.625078137344
32.41 0.320506898898
32.48 0.565900810829
32.55 0.331474702761
32.62 0.165377109538
32.69 0.801588286021
32.76 0.463424856298
32.83 0.341302373754
32.9 0.0985778886825
32.97 0.172944852463
33.04 0.195409566663
33.11 0.0688802027481
33.18 0.646144674181
33.25 0.387743269023
33.32 0.55510358546
33.39 0.223681430903
33.46 0.0829651671309
33.53 0.537676540083
33.6 0.358830931673
33.67 0.286173778074
33.74 0.123337954053
33.81 0.148914197862
33.88 0.181547899872
33.95 0.0890983075828
34.02 0.162452317171
34.09 0.0378079019857
34.16 0.870645401423
34.23 0.559877336675
34.3 0.359081245344
34.37 0.31251325992
34.44 0.169971235917
34.51 0.287718335767
34.58 0.181592531605
34.65 0.207149129927
34.72 0.231846613499
34.79 0.635671776998
34.86 0.137474996987
34.93 0.0775850221138
35.0 0.213573665112
35.07 0.0550619185622
35.14 0.624899733359
35.21 0.354596865178
35.28 0.598468745519
35.35 0.254002193137
35.42 0.123823772591
35.49 0.538728906965
35.56 0.364670177907
35.63 0.298004429316
35.7 0.128195714035
35.77 0.153191238783
35.84 0.202767024565
35.91 0.097532540768
35.98 0.168085642952
36.05 0.0513527869944
36.12 0.634821891779
36.19 0.220550178352
36.26 0.459960839029
36.33 0.41358648441
36.4 0.255701564002
36.47 0.260508241293
36.54 0.197600939003
36.61 0.235649294418
36.68 0.199137914637
36.75 0.659283229938
36.82 0.177312350652
36.89 0.111326427618
36.96 0.234048061235
37.03 0.0744359461305
37.1 0.596344322008
37.17 0.280666706418
37.24 0.620592324861
37.31 0.245857196988
37.38 0.188656958367
37.45 0.543847016672
37.52 0.360959661971
37.59 0.37581705335
37.66 0.229297391839
37.73 0.179962423406
37.8 0.154499863758
37.87 0.0856229153818
37.94 0.158081128154
38.01 0.0424558994632
38.08 0.843457609292
38.15 0.619719301269
38.22 0.389843319787
38.29 0.303263636378
38.36 0.150475481082
38.43 0.266255632366
38.5 0.189618307349
38.57 0.27549362156
38.64 0.168539745198
38.71 0.655589765335
38.78 0.183132416134
38.85 0.107839029773
38.92 0.282813879794
38.99 0.161351985499
39.06 0.573366674835
39.13 0.268226425443
39.2 0.655215175734
39.27 0.283624137169
39.34 0.163363408427
39.41 0.523766239678
39.48 0.370229211315
39.55 0.299243071165
39.62 0.16109255049
39.69 0.162057665298
39.76 0.145310261058
39.83 0.081362903664
39.9 0.147852500634
39.97 0.0480506535028
40.04 0.569149294524
40.11 0.222408924903
40.18 0.424727639191
40.25 0.459486435996
40.32 0.316960398617
40.39 0.242711198335
40.46 0.170981118927
40.53 0.224547540031
40.6 0.0617559112865
40.67 0.644418132325
40.74 0.133166886469
40.81 0.0708700917439
40.88 0.24286982897
40.95 0.116793266536
41.02 0.572322474004
41.09 0.286531846237
41.16 0.673784014977
41.23 0.265298601236
41.3 0.219597617525
41.37 0.536442763194
41.44 0.395031617941
41.51 0.288026910926
41.58 0.166650134369
41.65 0.242702364689
41.72 0.217911903463
41.79 0.122018070944
41.86 0.24793779529
41.93 0.159261865056
42.0 0.76929315914
42.07 0.702744004834
42.14 0.366061422365
42.21 0.328208851763
42.28 0.21471855106
42.35 0.276020776887
42.42 0.19022339301
42.49 0.191109820138
42.56 0.062466160975
42.63 0.679290987046
42.7 0.140082156788
42.77 0.0670999705237
42.84 0.196942739588
42.91 0.0657769154162
42.98 0.55738504746
43.05 0.307762488478
43.12 0.657393338793
43.19 0.251498629806
43.26 0.211691517084
43.33 0.512331547221
43.4 0.400009985155
43.47 0.286158106191
43.54 0.145714693258
43.61 0.155684741471
43.68 0.152589933701
43.75 0.175262395326
43.82 0.166705747608
43.89 0.0850555875617
43.96 0.598501986336
44.03 0.327695786008
44.1 0.462919056632
44.17 0.454666363776
44.24 0.348165508968
44.31 0.227516387516
44.38 0.210103713256
44.45 0.290325869323
44.52 0.142435021938
44.59 0.65700830004
44.66 0.16927921661
44.73 0.135250536283
44.8 0.25399028462
44.87 0.125801378086
44.94 0.521821271338
45.01 0.332894105463
45.08 0.651716742288
45.15 0.259991751502
45.22 0.167605220499
45.29 0.46862392818
45.36 0.443848126994
45.43 0.300735228189
45.5 0.146309741636
45.57 0.219548666711
45.64 0.132410112914
45.71 0.137495536289
45.78 0.159427348682
45.85 0.0697950536825
45.92 0.681042582768
45.99 0.784523527072
46.06 0.432476580656
46.13 0.370073735466
46.2 0.248353236045
46.27 0.253411511789
46.34 0.205899726645
46.41 0.238285107934
46.48 0.0886588051336
46.55 0.626900913684
46.62 0.204859495729
46.69 0.143839303553
46.76 0.540155817958
46.83 0.711825233397
46.9 0.61674358481
46.97 0.410732003435
47.04 0.69742792557
47.11 0.272050584968
47.18 0.184097581349
47.25 0.132783079632
47.32 0.0942392163328
47.39 0.252360277236
47.46 0.133268256393
47.53 0.785921398301
47.6 0.545744459139
47.67 0.544325516255
47.74 0.487507767722
47.81 0.519620947324
47.88 0.527414380364
47.95 0.39150258332
48.02 0.901412894082
48.09 0.52173158371
48.16 0.514314385283
48.23 0.465207800704
48.3 0.478870262333
48.37 0.620386254414
48.44 0.577962999482
48.51 0.317899847289
48.58 0.138624696258
48.65 0.137607955339
48.72 0.257004924444
48.79 0.267876043842
48.86 0.342382384968
48.93 0.268998320084
49.0 0.671166564624
49.07 0.352206554469
49.14 0.28750577133
49.21 0.439952340558
49.28 0.536250766337
49.35 0.318504237078
49.42 0.177650197943
49.49 0.708012121768
49.56 0.357699900471
49.63 0.407109498148
49.7 0.397584186182
49.77 0.351254910817
49.84 0.333675882476
49.91 0.32324478067
49.98 0.683749972788
50.05 0.328272671624
50.12 0.43073746146
50.19 0.402758351732
50.26 0.213147279735
50.33 0.597822128815
50.4 0.55134391708
50.47 0.406983697692
50.54 0.195895349546
50.61 0.148764968881
50.68 0.147114312774
50.75 0.0844422854422
50.82 0.223021102069
50.89 0.149153661578
50.96 0.671905362295
51.03 0.375489953968
51.1 0.298455521853
51.17 0.462574966161
51.24 0.583145047079
51.31 0.297363793918
51.38 0.200047616607
51.45 0.653626676034
51.52 0.373886111879
51.59 0.31708050423
51.66 0.249247941104
51.73 0.209716243868
51.8 0.191115987092
51.87 0.149865477595
51.94 0.662148389972
52.01 0.284117809475
52.08 0.255742656129
52.15 0.175552210207
52.22 0.185756729313
52.29 0.687224811733
52.36 0.486755642742
52.43 0.361343173738
52.5 0.134280358573
52.57 0.125218346417
52.64 0.181816537364
52.71 0.288544182651
52.78 0.31714141028
52.85 0.282507448807
52.92 0.672684734491
52.99 0.359577803185
53.06 0.322928277975
53.13 0.366027151263
53.2 0.650210689945
53.27 0.329402683607
53.34 0.215962944307
53.41 0.684890405644
53.48 0.560475054202
53.55 0.367480716874
53.62 0.2583262411
53.69 0.41086939029
53.76 0.321738527926
53.83 0.380782029322
53.9 0.676261892501
53.97 0.31014005587
54.04 0.418991047664
54.11 0.371409029813
54.18 0.241898619746
54.25 0.575575911179
54.32 0.533992730403
54.39 0.307789713565
54.46 0.135016457586
54.53 0.155439978796
54.6 0.129226329372
54.67 0.113973613607
54.74 0.219847648421
54.81 0.155926498124
54.88 0.656407524854
54.95 0.404013157246
55.02 0.295634163668
55.09 0.338189895005
55.16 0.648433629719
55.23 0.384294959292
55.3 0.265879787491
55.37 0.840686730135
55.44 0.565802802239
55.51 0.79991234491
55.58 0.580439576241
55.65 0.419212426074
55.72 0.393556814696
55.79 0.298306629743
55.86 0.772777259582
55.93 0.493878227718
56.0 0.960850376068
56.07 0.616551433042
56.14 0.487008850554
56.21 0.592407729908
56.28 0.629272488704
56.35 0.43458649658
56.42 0.107264327672
56.49 0.115448722986
56.56 0.163671197964
56.63 0.277386079811
56.7 0.295192150668
56.77 0.309527595928
56.84 0.636468334539
56.91 0.398021271519
56.98 0.283744387858
57.05 0.270172390873
57.12 0.669466548294
57.19 0.354481415517
57.26 0.242782366658
57.33 0.549785074331
57.4 0.534251073655
57.47 0.399918825867
57.54 0.408429061599
57.61 0.343937626638
57.68 0.291490272894
57.75 0.249440180164
57.82 0.646321931083
57.89 0.367390340751
57.96 0.371400363374
58.03 0.389644789598
58.1 0.243517999707
58.17 0.528483475233
58.24 0.624026406091
58.31 0.38060642481
58.38 0.225464013848
58.45 0.154005737783
58.52 0.119847357163
58.59 0.140149903534
58.66 0.198980942539
58.73 0.184109460358
58.8 0.645591874849
58.87 0.396487129782
58.94 0.294982052522
59.01 0.249408531493
59.08 0.709474189072
59.15 0.346871948523
59.22 0.27713990449
59.29 0.550536802196
59.36 0.492010893413
59.43 0.310627580893
59.5 0.269513227564
59.57 0.22024151836
59.64 0.163689200896
59.71 0.154609651772
59.78 0.611388299405
59.85 0.332154472992
59.92 0.267206854315
59.99 0.153697200737
60.06 0.20484035432
60.13 0.548678740452
60.2 0.598189288809
60.27 0.381002679894
60.34 0.212416869417
60.41 0.154060103123
60.48 0.10702030759
60.55 0.308930522635
60.62 0.241343779516
60.69 0.305250580826
60.76 0.635058343327
60.83 0.410598970086
60.9 0.303199473498
60.97 0.234469893935
61.04 0.596661888183
61.11 0.254122421695
61.18 0.223261180514
61.25 0.606331939155
61.32 0.498891704523
61.39 0.293892322454
61.46 0.20844513699
61.53 0.450223858901
61.6 0.300971052714
61.67 0.379855278478
61.74 0.61229989228
61.81 0.370951774011
61.88 0.384115116842
61.95 0.30272879326
62.02 0.267624955613
62.09 0.492618826496
62.16 0.652812800368
62.23 0.365291539114
62.3 0.225929184892
62.37 0.719669745439
62.44 0.593203969019
62.51 0.797659733338
62.58 0.549866288544
62.65 0.340423516391
62.72 0.729686597834
62.79 0.511392558366
62.86 0.885372107715
62.93 0.670379819377
63.0 0.636130370449
63.07 0.34876914264
63.14 0.24413925887
63.21 0.843752248561
63.28 0.612711082803
63.35 0.749494715784
63.42 0.413948307333
63.49 0.360855545441
63.56 0.293954733359
63.63 0.360188921789
63.7 0.664314571976
63.77 0.490085802926
63.84 0.386641975916
63.91 0.291192022711
63.98 0.41073287512
64.05 0.47849466089
64.12 0.66745319389
64.19 0.379719422296
64.26 0.151187150793
64.33 0.339823142007
64.4 0.373647384607
64.47 0.319407180725
64.54 0.305610173515
64.61 0.302527124268
64.68 0.648258926398
64.75 0.512007118219
64.82 0.199914221798
64.89 0.11425489606
64.96 0.706944060873
65.03 0.304515577258
65.1 0.224768750006
65.17 0.595671022407
65.24 0.559303749691
65.31 0.426686234829
65.38 0.385049115333
65.45 0.386962666141
65.52 0.392212631378
65.59 0.363039593908
65.66 0.608529848515
65.73 0.490074986167
65.8 0.333868174403
65.87 0.36533919654
65.94 0.384537638037
66.01 0.292218996397
66.08 0.591350696008
66.15 0.275063213401
66.22 0.202076510113
66.29 0.127569855476
66.36 0.0693939201142
66.43 0.0792514423133
66.5 0.169807728027
66.57 0.213967613736
66.64 0.575559620879
66.71 0.512959862235
66.78 0.365149322954
66.85 0.209796414273
66.92 0.731090129481
66.99 0.287792817476
67.06 0.244915804545
67.13 0.576950321917
67.2 0.554383798877
67.27 0.284013496232
67.34 0.237907004546
67.41 0.259448158341
67.48 0.20701002798
67.55 0.261813425019
67.62 0.586247391417
67.69 0.485622419419
67.76 0.273399619722
67.83 0.23943640181
67.9 0.314005115727
67.97 0.331108591493
68.04 0.587560522351
68.11 0.265499542389
68.18 0.194370990595
68.25 0.141389248632
68.32 0.0651124629852
68.39 0.0885085815227
68.46 0.160419400883
68.53 0.293525741534
68.6 0.551003684643
68.67 0.462879023067
68.74 0.180023082334
68.81 0.109972177508
68.88 0.698912570615
68.95 0.35114897715
69.02 0.23583060115
69.09 0.547552700844
69.16 0.588314486598
69.23 0.42513481185
69.3 0.262440685159
69.37 0.177302164604
69.44 0.151381793441
69.51 0.30723382092
69.58 0.5644950219
69.65 0.437780799353
69.72 0.298682483226
69.79 0.34837423627
69.86 0.230832472881
69.93 0.33145549619
70.0 0.632875161627
70.07 0.286267284394
70.14 0.149349569337
70.21 0.157505261758
70.28 0.0861977096918
70.35 0.0840752311808
70.42 0.117109193845
70.49 0.27859874693
70.56 0.509736919271
70.63 0.478695620485
70.7 0.16420048148
70.77 0.095694294176
70.84 0.704571955957
70.91 0.278126731501
70.98 0.194442209327
71.05 0.51299353705
71.12 0.507396106484
71.19 0.338907295213
71.26 0.32406398603
71.33 0.347530997493
71.4 0.287944072601
71.47 0.287297042799
71.54 0.545076162198
71.61 0.507241144547
71.68 0.281993173268
71.75 0.245360289982
71.82 0.294205788392
71.89 0.273704790516
71.96 0.71530369678
72.03 0.316915011998
72.1 0.218279367134
72.17 0.223479565198
72.24 0.169516440257
72.31 0.117795573634
72.38 0.192475392313
72.45 0.319705535412
72.52 0.521591160097
72.59 0.590380662145
72.66 0.312293493327
72.73 0.147372432265
72.8 0.687689822947
72.87 0.375192687351
72.94 0.299123960182
73.01 0.470800960138
73.08 0.634783454049
73.15 0.444447217825
73.22 0.350670505845
73.29 0.37504262111
73.36 0.419531653245
73.43 0.407511927564
73.5 0.528476161195
73.57 0.603875255003
73.64 0.410585930469
73.71 0.386488378677
73.78 0.39907486417
73.85 0.386748062036
73.92 0.665904148681
73.99 0.315780267837
74.06 0.210225580681
74.13 0.144797083423
74.2 0.076774250826
74.27 0.0857191965854
74.34 0.0683971922895
74.41 0.26786353658
74.48 0.460813713058
74.55 0.518352398945
74.62 0.276819351965
74.69 0.122736577663
74.76 0.728438889973
74.83 0.377407913607
74.9 0.258349913057
74.97 0.442630467052
75.04 0.617536894126
75.11 0.260921862451
75.18 0.219276455189
75.25 0.23837323784
75.32 0.181850908052
75.39 0.344399009726
75.46 0.471359803479
75.53 0.61623890395
75.6 0.290721692868
75.67 0.26924138242
75.74 0.328543930317
75.81 0.261357634729
75.88 0.633223852725
75.95 0.2779651514
76.02 0.249517851083
76.09 0.148419559203
76.16 0.0755606984981
76.23 0.090589514237
76.3 0.0732093873814
76.37 0.367336059013
76.44 0.435115628873
76.51 0.588128010001
76.58 0.234614152222
76.65 0.0984949298705
76.72 0.586077244463
76.79 0.38329829294
76.86 0.292286558725
76.93 0.374247600391
77.0 0.55904597076
77.07 0.325597910153
77.14 0.249593547495
77.21 0.206397679919
77.28 0.0739886046661
77.35 0.297447529747
77.42 0.472576661815
77.49 0.53268522915
77.56 0.23815694938
77.63 0.339657698953
77.7 0.244662451658
77.77 0.154687033769
77.84 0.720695131897
77.91 0.3440380757
77.98 0.297457673993
78.05 0.167105641884
78.12 0.110092042148
78.19 0.0845884629115
78.26 0.0266391385273
78.33 0.276501842345
78.4 0.408130952804
78.47 0.57156289114
78.54 0.191584648563
78.61 0.135260937485
78.68 0.638782382056
78.75 0.366113850081
78.82 0.240161321374
78.89 0.328984314287
78.96 0.655681605742
79.03 0.339580576372
79.1 0.334829571334
79.17 0.291282176303
79.24 0.264474426412
79.31 0.393048766355
79.38 0.451771423844
79.45 0.629999232782
79.52 0.364319624182
79.59 0.279074111398
79.66 0.268881150413
79.73 0.168102918046
79.8 0.694568991504
79.87 0.316658242451
79.94 0.174761411441
80.01 0.148495952717
80.08 0.183240492744
80.15 0.106134560351
80.22 0.0608420844895
80.29 0.350242208663
80.36 0.364438856881
80.43 0.594604499562
80.5 0.227757458132
80.57 0.137636473814
80.64 0.609815300693
80.71 0.508692984002
80.78 0.320592954711
80.85 0.324087295297
80.92 0.663854489653
80.99 0.368353364253
81.06 0.360152612248
81.13 0.293946454198
81.2 0.245113161833
81.27 0.288771641954
81.34 0.370789395993
81.41 0.640791888261
81.48 0.352485521855
81.55 0.399112655206
81.62 0.369051111597
81.69 0.308033181622
81.76 0.648562910766
81.83 0.361585829124
81.9 0.31522189169
81.97 0.230362470073
82.04 0.117557457402
82.11 0.099987443437
82.18 0.0451598617575
82.25 0.301268699234
82.32 0.340655662382
82.39 0.634491941288
82.46 0.361158785988
82.53 0.204605456805
82.6 0.570476307252
82.67 0.460373824559
82.74 0.263079878405
82.81 0.275510054477
82.88 0.704709457151
82.95 0.286588980314
83.02 0.314292136054
83.09 0.273615965967
83.16 0.173120892203
83.23 0.26236057131
83.3 0.340673900141
83.37 0.656847208033
83.44 0.29580357049
83.51 0.250594084176
83.58 0.269355232558
83.65 0.192392454402
83.72 0.639579657599
83.79 0.364523495131
83.86 0.316294912213
83.93 0.203360505385
84.0 0.0993743527841
84.07 0.0906822005096
84.14 0.0305150434211
84.21 0.328819862175
84.28 0.31969264456
84.35 0.637999947283
84.42 0.271808948802
84.49 0.273924908734
84.56 0.569500024061
84.63 0.474797424315
84.7 0.285679629968
84.77 0.242835266486
84.84 0.615945393322
84.91 0.284816407604
84.98 0.312936936804
85.05 0.207051111501
85.12 0.0840256484264
85.19 0.30390783843
85.26 0.313777039237
85.33 0.612927351592
85.4 0.266715446668
85.47 0.258637432543
85.54 0.216923921993
85.61 0.183778747604
85.68 0.688172966187
85.75 0.339006346382
85.82 0.365267983956
85.89 0.22892800161
85.96 0.190792336336
86.03 0.125009005616
86.1 0.0827417072505
86.17 0.289680726737
86.24 0.29025098927
86.31 0.651130297647
86.38 0.245752613264
86.45 0.170918795314
86.52 0.648897799985
86.59 0.410361120646
86.66 0.279183442054
86.73 0.218260619151
86.8 0.714483954148
86.87 0.36167690112
86.94 0.349927525563
87.01 0.299134336796
87.08 0.207186302547
87.15 0.282393843331
87.22 0.332221651728
87.29 0.688841115594
87.36 0.34054686654
87.43 0.294058906444
87.5 0.300403180245
87.57 0.186332713737
87.64 0.644216598573
87.71 0.462391102159
87.78 0.349659670006
87.85 0.215619994771
87.92 0.215853340712
87.99 0.156499978145
88.06 0.109396092269
88.13 0.351726091444
88.2 0.227170952019
88.27 0.64674874554
88.34 0.228522907962
88.41 0.141008016277
88.48 0.60906650877
88.55 0.575350935379
88.62 0.374889226731
88.69 0.189555032137
88.76 0.757359711803
88.83 0.403262497779
88.9 0.426065988738
88.97 0.321811858864
89.04 0.285359432756
89.11 0.246104188667
89.18 0.135733790173
89.25 0.701129884488
89.32 0.3133786867
89.39 0.368022866653
89.46 0.30038101806
89.53 0.316838354151
89.6 0.54436287944
89.67 0.384496237316
89.74 0.323135704512
89.81 0.161325408337
89.88 0.0987615670364
89.95 0.0859028417439
90.02 0.0486067490077
90.09 0.266095924728
90.16 0.125061926345
90.23 0.670483559694
90.3 0.318912142493
90.37 0.242481473144
90.44 0.618708869921
90.51 0.48291656745
90.58 0.22767859587
90.65 0.123666845982
90.72 0.73698886543
90.79 0.266777010477
90.86 0.234956340724
90.93 0.220640179491
91.0 0.127118080591
91.07 0.217452587092
91.14 0.20370090134
91.21 0.750811729342
91.28 0.383252751409
91.35 0.36094129266
91.42 0.328909221538
91.49 0.179694827263
91.56 0.578351972495
91.63 0.374519545121
91.7 0.294630890216
91.77 0.170087781024
91.84 0.315672573588
91.91 0.135923664989
91.98 0.121245395598
92.05 0.33991422138
92.12 0.19810184912
92.19 0.710513145042
92.26 0.264862767485
92.33 0.177577090766
92.4 0.500878964941
92.47 0.510103694446
92.54 0.2545415041
92.61 0.132346916387
92.68 0.680870993661
92.75 0.293024310127
92.82 0.30819990454
92.89 0.238414205792
92.96 0.151388684545
93.03 0.316789978723
93.1 0.206520179284
93.17 0.668608568333
93.24 0.269448099561
93.31 0.412081324653
93.38 0.317243783441
93.45 0.169352963104
93.52 0.707324664975
93.59 0.555195113585
93.66 0.517318772669
93.73 0.260239346845
93.8 0.248502081435
93.87 0.271911428925
93.94 0.15386556375
94.01 0.550983881786
94.08 0.298920287176
94.15 0.659698524387
94.22 0.258048971594
94.29 0.153759984166
94.36 0.534067459232
94.43 0.406153537874
94.5 0.232921228627
94.57 0.113533850513
94.64 0.231212465943
94.71 0.126606378304
94.78 0.122789948373
94.85 0.262373859277
94.92 0.151520922435
94.99 0.605909776961
95.06 0.47824391568
95.13 0.383980715108
95.2 0.209960739751
95.27 0.261787656839
95.34 0.254603584281
95.41 0.24408647461
95.48 0.282431985992
95.55 0.139203923989
95.62 0.652223958287
95.69 0.180459511142
95.76 0.175815218017
95.83 0.186669305753
95.9 0.15472139831
95.97 0.540832826829
96.04 0.369356024205
96.11 0.637577476496
96.18 0.260186236779
96.25 0.171622168652
96.32 0.484445246711
96.39 0.448426184376
96.46 0.241562306817
96.53 0.117923289584
96.6 0.138912690314
96.67 0.133253667662
96.74 0.199812601065
96.81 0.205186841002
96.88 0.110515028077
96.95 0.840735041631
97.02 0.734696436677
97.09 0.440425624786
97.16 0.363658447024
97.23 0.239459136921
97.3 0.200860304618
97.37 0.23114136524
97.44 0.250159396279
97.51 0.153771852111
97.58 0.60978017143
97.65 0.17349327493
97.72 0.0766378217179
97.79 0.227313795202
97.86 0.168708334431
97.93 0.532476350625
98.0 0.378387843366
98.07 0.642265115342
98.14 0.304174103071
98.21 0.191261367874
98.28 0.490801971219
98.35 0.45093673102
98.42 0.26409551896
98.49 0.173200178629
98.56 0.168731703942
98.63 0.105648407402
98.7 0.138270429575
98.77 0.254595602649
98.84 0.128472592575
98.91 0.687545342128
98.98 0.6155960334
99.05 0.36842416251
99.12 0.276492186193
99.19 0.192828985254
99.26 0.262160763715
99.33 0.275079228303
99.4 0.28258683113
99.47 0.161866788476
99.54 0.626953133623
99.61 0.23032181932
99.68 0.0697022690535
99.75 0.173619897892
99.82 0.149617846598
99.89 0.525871663168
99.96 0.358387220794
100.03 0.623336153514
100.1 0.30751832332
100.17 0.208838956521
100.24 0.388037450934
100.31 0.512004977735
100.38 0.233246260063
100.45 0.118056818404
100.52 0.687679897544
100.59 0.436578125257
100.66 0.78334342334
100.73 0.527459751
100.8 0.422344476543
100.87 0.606170345529
100.94 0.432734930056
101.01 0.73369263456
101.08 0.492525215672
101.15 0.657882051471
101.22 0.413467979549
101.29 0.447216845395
101.36 0.726700712541
101.43 0.588088301012
101.5 0.367480403363
101.57 0.210860033142
101.64 0.25453130084
101.71 0.295421197199
101.78 0.258650761082
101.85 0.326507854326
101.92 0.298134371812
101.99 0.70847114307
102.06 0.444514126082
102.13 0.415257625723
102.2 0.475875920837
102.27 0.612648220688
102.34 0.365391636551
102.41 0.264964571408
102.48 0.703789923217
102.55 0.386711113178
102.62 0.536760728943
102.69 0.374565950959
102.76 0.239279856333
102.83 0.367158499665
102.9 0.471457593225
102.97 0.638224135002
103.04 0.314297475583
103.11 0.554238252119
103.18 0.371550048483
103.25 0.263286347195
103.32 0.61547316028
103.39 0.545031010405
103.46 0.417450650452
103.53 0.234621163813
103.6 0.23814665514
103.67 0.189164282559
103.74 0.193840307958
103.81 0.290544412606
103.88 0.257121591268
103.95 0.655905097588
104.02 0.326949659548
104.09 0.301528575618
104.16 0.413235898719
104.23 0.665369411296
104.3 0.324669399956
104.37 0.194487672172
104.44 0.667957319036
104.51 0.466072552512
104.58 0.380458548232
104.65 0.307567135205
104.72 0.22794210038
104.79 0.367962606068
104.86 0.529647035397
104.93 0.667282048617
105.0 0.298214777042
105.07 0.497167823212
105.14 0.321098187598
105.21 0.207642364546
105.28 0.663199920824
105.35 0.595161286021
105.42 0.422129683102
105.49 0.246207723665
105.56 0.282788712818
105.63 0.230319973906
105.7 0.313554668655
105.77 0.350008985668
105.84 0.379995327106
105.91 0.656284649275
105.98 0.383569179108
106.05 0.360692958414
106.12 0.354017298117
106.19 0.655434632504
106.26 0.368795253077
106.33 0.225836922782
106.4 0.684615119251
106.47 0.444779549774
106.54 0.408643761601
106.61 0.253596176167
106.68 0.185933684998
106.75 0.320873426952
106.82 0.501236385181
106.89 0.652094918213
106.96 0.331734502919
107.03 0.485756238391
107.1 0.405547386274
107.17 0.27095350398
107.24 0.575457354681
107.31 0.592559083389
107.38 0.419914662165
107.45 0.210277428094
107.52 0.222858388409
107.59 0.37258294692
107.66 0.522033930442
107.73 0.336871981485
107.8 0.242344370293
107.87 0.640383669334
107.94 0.382524626652
108.01 0.329988479094
108.08 0.316101491645
108.15 0.778184050611
108.22 0.336785240865
108.29 0.24410011789
108.36 0.604833912705
108.43 0.462570320045
108.5 0.778418911242
108.57 0.573519143434
108.64 0.298040972454
108.71 0.293500333584
108.78 0.406005269099
108.85 0.699217687312
108.92 0.728244061678
108.99 0.56947213138
109.06 0.448487810887
109.13 0.240354402612
109.2 0.526564476703
109.27 0.659732542221
109.34 0.347538023837
109.41 0.122808058268
109.48 0.117741539018
109.55 0.145145297492
109.62 0.245367879417
109.69 0.250638846231
109.76 0.300192712032
109.83 0.620254369378
109.9 0.399053494985
109.97 0.300206544648
110.04 0.253313331075
110.11 0.645857015766
110.18 0.282208159733
110.25 0.225450740635
110.32 0.610447050809
110.39 0.414175076911
110.46 0.386872744916
110.53 0.33949949371
110.6 0.29899726837
110.67 0.282944315301
110.74 0.304367641666
110.81 0.63496962697
110.88 0.371852105063
110.95 0.26645899555
111.02 0.284126504192
111.09 0.207116967343
111.16 0.486784219002
111.23 0.664854748477
111.3 0.410074268755
111.37 0.231025823369
111.44 0.106217366711
111.51 0.0855408024359
111.58 0.14155321019
111.65 0.188719031171
111.72 0.190836591855
111.79 0.610194383958
111.86 0.423203580228
111.93 0.336024583456
112.0 0.242584138915
112.07 0.644789279447
112.14 0.269633383585
112.21 0.20379379539
112.28 0.540607777261
112.35 0.407984823283
112.42 0.229524904008
112.49 0.198598132792
112.56 0.222369653601
112.63 0.190421033073
112.7 0.230080775752
112.77 0.591899947129
112.84 0.335151901653
112.91 0.270161335599
112.98 0.152057626951
113.05 0.210631365283
113.12 0.478343333227
113.19 0.552111768039
113.26 0.3604046656
113.33 0.187317968273
113.4 0.113501828087
113.47 0.0889662332099
113.54 0.258341549064
113.61 0.291541178544
113.68 0.321037366381
113.75 0.601186056023
113.82 0.424656851999
113.89 0.363675508193
113.96 0.237705124088
114.03 0.680189746853
114.1 0.291743043019
114.17 0.242102549708
114.24 0.653555132726
114.31 0.518649999975
114.38 0.305436341879
114.45 0.205140111816
114.52 0.407277508307
114.59 0.278531607535
114.66 0.376750649809
114.73 0.603691849588
114.8 0.350661496387
114.87 0.369476619142
114.94 0.320692530859
115.01 0.262295279789
115.08 0.34191391898
115.15 0.637672658566
115.22 0.378487171163
115.29 0.26949593034
115.36 0.761191300934
115.43 0.386873594471
115.5 0.404649168658
115.57 0.285410865842
115.64 0.241996842261
115.71 0.661483391663
115.78 0.445035859505
115.85 0.528955275506
115.92 0.307106413565
115.99 0.69251817064
116.06 0.338719413347
116.13 0.284809885336
116.2 0.74449625925
116.27 0.760799673524
116.34 0.735812227536
116.41 0.641785860873
116.48 0.401050480404
116.55 0.285607335462
116.62 0.344143018425
116.69 0.731199578165
116.76 0.817234156181
116.83 0.455853872525
116.9 0.343346469491
116.97 0.32855887928
117.04 0.44653665715
117.11 0.637960412878
117.18 0.353125173688
117.25 0.11133121758
117.32 0.207687338068
117.39 0.175653725207
117.46 0.142570195771
117.53 0.177495480668
117.6 0.32529904893
117.67 0.586735257
117.74 0.435751549305
117.81 0.214269794492
117.88 0.140053966578
117.95 0.671554035242
118.02 0.252816979783
118.09 0.231792459625
118.16 0.627918736525
118.23 0.515163969286
118.3 0.432013526737
118.37 0.400489468302
118.44 0.344265709585
118.51 0.250924892828
118.58 0.348481004738
118.65 0.603034326375
118.72 0.473647527101
118.79 0.310781721552
118.86 0.248862647854
118.93 0.312327463212
119.0 0.377898449569
119.07 0.665959780362
119.14 0.332349277927
119.21 0.236264155488
119.28 0.090800174245
119.35 0.0824175290578
119.42 0.0801136024271
119.49 0.143468139219
119.56 0.202752818194
119.63 0.531813361247
119.7 0.498554589989
119.77 0.266014936734
119.84 0.118463531246
119.91 0.673168052314
119.98 0.244546281535
120.05 0.216325399171
120.12 0.509895715882
120.19 0.491621657296
120.26 0.266719773126
120.33 0.216402878295
120.4 0.235840135586
120.47 0.221143055509
120.54 0.26571666688
120.61 0.550951518801
120.68 0.452529021135
120.75 0.226387280413
120.82 0.233066378271
120.89 0.306867806779
120.96 0.332972645608
121.03 0.548537279178
121.1 0.335014566436
121.17 0.21698349777
121.24 0.110312295606
121.31 0.0729264242616
121.38 0.0826299680894
121.45 0.164530454101
121.52 0.314659194003
121.59 0.559306629078
121.66 0.443696895229
121.73 0.208500966613
121.8 0.104922439111
121.87 0.638728288425
121.94 0.30808384015
122.01 0.222339290941
122.08 0.487007814122
122.15 0.531800311795
122.22 0.314841641671
122.29 0.191497911631
122.36 0.199797525468
122.43 0.166206079242
122.5 0.395816485808
122.57 0.541291228485
122.64 0.467225498778
122.71 0.245988815233
122.78 0.169395266246
122.85 0.195212926148
122.92 0.256549896418
122.99 0.693191997677
123.06 0.426346860553
123.13 0.330208554281
123.2 0.199568390416
123.27 0.120746330895
123.34 0.116267052973
123.41 0.130356704044
123.48 0.245063302451
123.55 0.513801101915
123.62 0.458459060278
123.69 0.173067796892
123.76 0.0952790575113
123.83 0.707500957983
123.9 0.27456283441
123.97 0.195581728697
124.04 0.509446484743
124.11 0.507042121346
124.18 0.302112494955
124.25 0.278336501383
124.32 0.304860998002
124.39 0.250878088646
124.46 0.282720048898
124.53 0.532547790658
124.6 0.45505522245
124.67 0.221035355113
124.74 0.19012196776
124.81 0.254112561454
124.88 0.227718756069
124.95 0.617033134129
125.02 0.281523838055
125.09 0.201803560917
125.16 0.143098701041
125.23 0.0726272409211
125.3 0.0724580357301
125.37 0.183162647241
125.44 0.332798324648
125.51 0.472591762001
125.58 0.518037549869
125.65 0.24293007726
125.72 0.150236670207
125.79 0.607915227189
125.86 0.307455694802
125.93 0.239626863076
126.0 0.432778758953
126.07 0.59838322206
126.14 0.391998188332
126.21 0.342138453406
126.28 0.289346673549
126.35 0.151436875554
126.42 0.205887484946
126.49 0.480531087276
126.56 0.463658500997
126.63 0.275019670967
126.7 0.22862286647
126.77 0.293441399583
126.84 0.366784385864
126.91 0.549461210879
126.98 0.252700840397
127.05 0.236034405708
127.12 0.118946113854
127.19 0.0725669041101
127.26 0.0763121337525
127.33 0.0665356745434
127.4 0.256749774091
127.47 0.456958759334
127.54 0.557830874234
127.61 0.362391425629
127.68 0.266163098547
127.75 0.616135784509
127.82 0.344001123153
127.89 0.253872532187
127.96 0.4256514627
128.03 0.603030244579
128.1 0.306431792298
128.17 0.32802856425
128.24 0.27215234463
128.31 0.291945115273
128.38 0.348808824581
128.45 0.466205395295
128.52 0.577534552306
128.59 0.395011389692
128.66 0.323631219773
128.73 0.293541467513
128.8 0.316184382837
128.87 0.599221989304
128.94 0.285793047337
129.01 0.202722229314
129.08 0.1590550471
129.15 0.0755894136859
129.22 0.0771823000876
129.29 0.0663932604407
129.36 0.301266888244
129.43 0.441913428304
129.5 0.467973691955
129.57 0.177693812915
129.64 0.110407892002
129.71 0.579620534399
129.78 0.309014599024
129.85 0.289343280249
129.92 0.350976933143
129.99 0.503664154973
130.06 0.317124795404
130.13 0.232441240173
130.2 0.125780134306
130.27 0.0691102119437
130.34 0.348635163839
130.41 0.453393672128
130.48 0.46491147585
130.55 0.246289038693
130.62 0.301643516284
130.69 0.212091090472
130.76 0.175954653147
130.83 0.630726868216
130.9 0.395751516405
130.97 0.391908980192
131.04 0.222645838726
131.11 0.128277574943
131.18 0.0820445598808
131.25 0.0551328176347
131.32 0.248599481444
131.39 0.39658939721
131.46 0.542018235666
131.53 0.155694180009
131.6 0.121448832548
131.67 0.637277698099
131.74 0.269769800398
131.81 0.196204174285
131.88 0.362364715685
131.95 0.61060951243
132.02 0.392765591768
132.09 0.304633659186
132.16 0.390545632104
132.23 0.273050189721
132.3 0.331755940953
132.37 0.454249007528
132.44 0.539374712228
132.51 0.342438231803
132.58 0.26453207809
132.65 0.255550964177
132.72 0.151715654833
132.79 0.679679176896
132.86 0.31618774786
132.93 0.20327764493
133.0 0.139361548928
133.07 0.109344382555
133.14 0.0727719073883
133.21 0.0248665584406
133.28 0.29371185913
133.35 0.39342524686
133.42 0.61977452477
133.49 0.345914778464
133.56 0.28400196147
133.63 0.574817272539
133.7 0.376647722163
133.77 0.249000425676
133.84 0.253761797492
133.91 0.637390053218
133.98 0.386015345258
134.05 0.373996930177
134.12 0.268202735044
134.19 0.0799468782795
134.26 0.313468418588
134.33 0.541342831236
134.4 0.605899956062
134.47 0.354821484436
134.54 0.355322660115
134.61 0.384635681052
134.68 0.314842780148
134.75 0.659120184324
134.82 0.449654113969
134.89 0.458405335485
134.96 0.311561238825
135.03 0.301032680455
135.1 0.154169179281
135.17 0.0916171038807
135.24 0.255371491794
135.31 0.401533387588
135.38 0.550937517749
135.45 0.264159315462
135.52 0.12394465522
135.59 0.552028605137
135.66 0.373386343927
135.73 0.209595582541
135.8 0.319378368411
135.87 0.597646526761
135.94 0.276796611936
136.01 0.283043557036
136.08 0.242856365191
136.15 0.192600215351
136.22 0.212892407239
136.29 0.33336754952
136.36 0.589483774801
136.43 0.325210183809
136.5 0.219710449673
136.57 0.274790837132
136.64 0.175601756078
136.71 0.696332987524
136.78 0.270906793236
136.85 0.204998033355
136.92 0.14866144249
136.99 0.0993861813858
137.06 0.0755517591193
137.13 0.0250932481034
137.2 0.301026884796
137.27 0.335376219694
137.34 0.554150484902
137.41 0.243102735994
137.48 0.130327797061
137.55 0.551725020342
137.62 0.363581072403
137.69 0.206643370833
137.76 0.213334581297
137.83 0.589898721314
137.9 0.331301573145
137.97 0.198662698933
138.04 0.187990580607
138.11 0.0874196665849
138.18 0.271357910361
138.25 0.389124972898
138.32 0.540677244017
138.39 0.215794567769
138.46 0.232431470911
138.53 0.204707261957
138.6 0.115223174259
138.67 0.670260441602
138.74 0.39989875253
138.81 0.350041482664
138.88 0.27929001135
138.95 0.156910705163
139.02 0.174412341671
139.09 0.156550728883
139.16 0.297498206718
139.23 0.323333257283
139.3 0.575432209835
139.37 0.19953473896
139.44 0.0997772616877
139.51 0.594513550512
139.58 0.387894526607
139.65 0.224242934787
139.72 0.220859855104
139.79 0.668671861987
139.86 0.326704812041
139.93 0.300620744881
140.0 0.27722218956
140.07 0.200628145103
140.14 0.302434633479
140.21 0.361285604434
140.28 0.636284383245
140.35 0.319959198123
140.42 0.229332613311
140.49 0.246022964619
140.56 0.15077786101
140.63 0.624948895639
140.7 0.303635687151
140.77 0.215455593067
140.84 0.0918860339832
140.91 0.0770031903943
140.98 0.113475399688
141.05 0.0582909768432
141.12 0.304871706569
141.19 0.307264242594
141.26 0.625427509561
141.33 0.218024754053
141.4 0.123449888698
141.47 0.570789226082
141.54 0.366726337071
141.61 0.221643722194
141.68 0.238363013679
141.75 0.600217384398
141.82 0.30027574707
141.89 0.264667998203
141.96 0.198201428955
142.03 0.185707364172
142.1 0.240635838747
142.17 0.280523721848
142.24 0.5804161846
142.31 0.259204681678
142.38 0.331702286239
142.45 0.266980221207
142.52 0.169430038967
142.59 0.530375267117
142.66 0.342175097359
142.73 0.304709086347
142.8 0.152598214091
142.87 0.0894131960016
142.94 0.0708559308631
143.01 0.0266062026151
143.08 0.249463199279
143.15 0.23239835058
143.22 0.593150556507
143.29 0.197091432526
143.36 0.0833733295025
143.43 0.576762360137
143.5 0.440507585279
143.57 0.225794366372
143.64 0.187098757394
143.71 0.601974716764
143.78 0.189230392898
143.85 0.207006859671
143.92 0.192946927024
143.99 0.0956050577586
144.06 0.205903567468
144.13 0.242142682859
144.2 0.632752936431
144.27 0.260820293355
144.34 0.266586745924
144.41 0.27726234853
144.48 0.160118951203
144.55 0.608492037807
144.62 0.280700169767
144.69 0.20459908822
144.76 0.110387676047
144.83 0.093261800812
144.9 0.0759404690289
144.97 0.0290647825887
145.04 0.322490363983
145.11 0.238134570812
145.18 0.616857165697
145.25 0.267073105422
145.32 0.113743308112
145.39 0.521882157716
145.46 0.399892841302
145.53 0.215094729119
145.6 0.163247811231
145.67 0.582179924894
145.74 0.295490748787
145.81 0.221852402776
145.88 0.21292403378
145.95 0.0804050647803
146.02 0.305385044033
146.09 0.358050548864
146.16 0.633040985812
146.23 0.222001978464
146.3 0.28060328613
146.37 0.22589366835
146.44 0.123643001902
146.51 0.645728509276
146.58 0.494557635259
146.65 0.25980573841
146.72 0.0903317795662
146.79 0.0593687897881
146.86 0.0367448007182
146.93 0.070635703224
147.0 0.0784444970944
147.07 0.0878580920301
147.14 0.0807039247737
147.21 0.08867858709
147.28 0.0896270009595
147.35 0.0993454531778
147.42 0.0990380681325
147.49 0.104533879195
147.56 0.0967166426463
147.63 0.104538387612
147.7 0.115756368676
147.77 0.128846469091
147.84 0.138509860096
147.91 0.128602875629
147.98 0.14906883891
148.05 0.138458428239
148.12 0.171788705922
148.19 0.20836653906
148.26 0.33507871948
148.33 0.365702264903
148.4 0.379601908378
148.47 0.665642752688
148.54 0.480268994182
148.61 0.320081318815
148.68 0.195557551434
148.75 0.227741871082
148.82 0.152808023315
148.89 0.122151553044
148.96 0.121517173121
149.03 0.0804125386468
149.1 0.145331401564
149.17 0.151792070477
149.24 0.0947602895376
149.31 0.0643632198519
149.38 0.042036571167
149.45 0.202543414691
149.52 0.212378871832
149.59 0.226335375215
149.66 0.147786976745
149.73 0.232244091893
149.8 0.289726450227
149.87 0.174518816299
149.94 0.0668938164741
150.01 0.0420889779831
150.08 0.19905512549
150.15 0.329051481959
150.22 0.628826993884
150.29 0.304589683983
150.36 0.127940739495
150.43 0.628048012655
150.5 0.504309786882
150.57 0.300577426208
150.64 0.140052342466
150.71 0.164772154199
150.78 0.0970953324848
150.85 0.0714032738666
150.92 0.120693900719
150.99 0.0645229053607
151.06 0.209157898458
151.13 0.13408586346
151.2 0.132739291307
151.27 0.11882008226
151.34 0.122170143657
151.41 0.204256570223
151.48 0.12991205386
151.55 0.147076495919
151.62 0.0968589756049
151.69 0.13637212157
151.76 0.161322546162
151.83 0.0767916255064
151.9 0.0907060064773
151.97 0.0813698390285
152.04 0.175920220986
152.11 0.156708095636
152.18 0.104894520611
152.25 0.092671067827
152.32 0.0709129825661
152.39 0.545857591275
152.46 0.405083453293
152.53 0.245670189266
152.6 0.128003044666
152.67 0.172927498684
152.74 0.137172522392
152.81 0.0670781611934
152.88 0.160493201473
152.95 0.101392278308
153.02 0.268176653352
153.09 0.19848831773
153.16 0.120279549263
153.23 0.134077516679
153.3 0.122739948833
153.37 0.155973805154
153.44 0.125136433872
153.51 0.882672803832
153.58 0.569665144997
153.65 0.313832157005
153.72 0.323842664175
153.79 0.448556026055
153.86 0.680322801103
153.93 0.41151859623
154.0 0.490991748907
154.07 0.41678113266
154.14 0.729494371069
154.21 0.301531601311
154.28 0.143984487622
154.35 0.76997976146
154.42 0.532314367262
154.49 0.265744759963
154.56 0.180147090242
154.63 0.253189685856
154.7 0.21302835563
154.77 0.105394390608
154.84 0.128767204796
154.91 0.0488282528227
154.98 0.20653041451
155.05 0.173150133599
155.12 0.147417309889
155.19 0.102939396959
155.26 0.0442846374381
155.33 0.27922758938
155.4 0.241774609379
155.47 0.693069079067
155.54 0.486045915573
155.61 0.816121777064
155.68 0.659787524749
155.75 0.770407920943
155.82 0.639111535859
155.89 0.448668645507
155.96 0.743968383462
156.03 0.606330286765
156.1 0.428274787396
156.17 0.564411434836
156.24 0.486062084157
156.31 0.571623057057
156.38 0.539208969187
156.45 0.318739021483
156.52 0.169719064537
156.59 0.299984643719
156.66 0.288049055898
156.73 0.138757884519
156.8 0.11776406881
156.87 0.0519076223063
156.94 0.192842811723
157.01 0.155143945323
157.08 0.0995446226845
157.15 0.0732807610242
157.22 0.0413294983943
157.29 0.219898052452
157.36 0.200069121032
157.43 0.151927080793
157.5 0.105646130448
157.57 0.250155010807
157.64 0.153656374172
157.71 0.122633764356
157.78 0.0764976144897
157.85 0.0427557749878
157.92 0.165554845928
157.99 0.202942974554
158.06 0.577447817833
158.13 0.271385795666
158.2 0.10730587101
158.27 0.543470609935
158.34 0.528927386513
158.41 0.278124383239
158.48 0.137890606177
158.55 0.19144167014
158.62 0.158937198769
158.69 0.0830190296236
158.76 0.11600016008
158.83 0.0811361967888
158.9 0.245639664318
158.97 0.212342173783
159.04 0.233840361759
159.11 0.170693818284
159.18 0.114283185856
159.25 0.138596588422
159.32 0.127116980228
159.39 0.142496382886
159.46 0.113887481568
159.53 0.119306455282
159.6 0.121156429661
159.67 0.114945079787
159.74 0.187562208428
159.81 0.139670888809
159.88 0.199247457989
159.95 0.168361277281
160.02 0.12968814277
160.09 0.135001715172
160.16 0.131258855922
160.23 0.50064313181
160.3 0.5326530346
160.37 0.306438562916
160.44 0.154583211079
160.51 0.180685813526
160.58 0.0853419353755
160.65 0.0731122308048
160.72 0.14267175995
160.79 0.0973813618693
160.86 0.218465851108
160.93 0.196247697048
161.0 0.146096373135
161.07 0.150078887897
161.14 0.126792942193
161.21 0.167878436487
161.28 0.201243100841
161.35 0.875124067076
161.42 0.581436908958
161.49 0.293512457255
161.56 0.325056083721
161.63 0.482011378815
161.7 0.61614661848
161.77 0.607518310656
161.84 0.445937143386
161.91 0.315865756871
161.98 0.854080044048
162.05 0.256234993245
162.12 0.135153385853
162.19 0.717283612424
162.26 0.53388443372
162.33 0.296424516141
162.4 0.142195807801
162.47 0.274567210046
162.54 0.210750997556
162.61 0.0749553337503
162.68 0.110624545611
162.75 0.0452408079491
162.82 0.203959958906
162.89 0.149549761752
162.96 0.0918357356851
163.03 0.0673964711899
163.1 0.0392377280203
163.17 0.23558048911
163.24 0.174366896038
163.31 0.232030911499
163.38 0.198577359893
163.45 0.248842874504
163.52 0.26781812906
163.59 0.253399936455
163.66 0.361356435886
163.73 0.343400075027
163.8 0.38648036262
163.87 0.388736774442
163.94 0.407991863151
164.01 0.386672795934
164.08 0.40045386201
164.15 0.61071743167
164.22 0.661479469696
164.29 0.628728098855
164.36 0.581251329865
164.43 0.56771245321
164.5 0.452433443181
164.57 0.439913274576
164.64 0.431858463985
164.71 0.405874839739
164.78 0.619462226816
164.85 0.414299339317
164.92 0.329086994812
164.99 0.401103445393
165.06 0.543220200366
165.13 0.317687811519
165.2 0.212434407616
165.27 0.622238465174
165.34 0.333461436971
165.41 0.373240880772
165.48 0.304621745752
165.55 0.180909641014
165.62 0.193485491707
165.69 0.213144660992
165.76 0.58066666056
165.83 0.324171585611
165.9 0.292829583877
165.97 0.230635896298
166.04 0.188151897605
166.11 0.479724592038
166.18 0.460232027644
166.25 0.35184999116
166.32 0.176480963836
166.39 0.132939969357
166.46 0.131883331343
166.53 0.134839811723
166.6 0.208479152365
166.67 0.170395054188
166.74 0.5961047919
166.81 0.395341748363
166.88 0.330659145199
166.95 0.348498552772
167.02 0.525488113287
167.09 0.275068246797
167.16 0.213081305865
167.23 0.511013558704
167.3 0.41741282622
167.37 0.239056970609
167.44 0.171136854191
167.51 0.135231753874
167.58 0.184243440389
167.65 0.181971234968
167.72 0.573353298348
167.79 0.307595428689
167.86 0.175454856917
167.93 0.141224393258
168.0 0.184186691132
168.07 0.449171032202
168.14 0.424929276217
168.21 0.306298752802
168.28 0.169439531601
168.35 0.148953897015
168.42 0.17302132958
168.49 0.18513239528
168.56 0.236167775928
168.63 0.249542328334
168.7 0.565035916404
168.77 0.3809623279
168.84 0.357237562095
168.91 0.330782122823
168.98 0.598043333872
169.05 0.404526761502
169.12 0.419355678666
169.19 0.588128702185
169.26 0.433063327743
169.33 0.258947663781
169.4 0.221301707045
169.47 0.243824681503
169.54 0.197038826537
169.61 0.188655044103
169.68 0.568269272865
169.75 0.330422366615
169.82 0.486821633824
169.89 0.397587880699
169.96 0.236963640055
170.03 0.511377424985
170.1 0.479802310907
170.17 0.367819521912
170.24 0.268439238229
170.31 0.276956929386
170.38 0.277632203494
170.45 0.331599078277
170.52 0.275637755673
170.59 0.230695389702
170.66 0.631253348571
170.73 0.48257815215
170.8 0.341135138153
170.87 0.317363532511
170.94 0.676665272287
171.01 0.373748709041
171.08 0.288909923853
171.15 0.596417134115
171.22 0.435398920258
171.29 0.402196477781
171.36 0.204980136156
171.43 0.23800796875
171.5 0.178473960898
171.57 0.150786083615
171.64 0.587317011264
171.71 0.408079117685
171.78 0.204482123868
171.85 0.1502976365
171.92 0.225128832019
171.99 0.567464396822
172.06 0.671581303359
172.13 0.518554452757
172.2 0.227016184336
172.27 0.155206718917
172.34 0.20239807694
172.41 0.33781020316
172.48 0.295038921036
172.55 0.3530711194
172.62 0.57745099229
172.69 0.402876476691
172.76 0.446753761969
172.83 0.36232644762
172.9 0.618026809213
172.97 0.324079488248
173.04 0.273275556489
173.11 0.558931089108
173.18 0.340887789931
173.25 0.291804187583
173.32 0.242630381236
173.39 0.173744144315
173.46 0.218996195645
173.53 0.228283634811
173.6 0.563219330378
173.67 0.337801415004
173.74 0.249780680622
173.81 0.210198867048
173.88 0.2684889636
173.95 0.408475335886
174.02 0.551019998303
174.09 0.346185233093
174.16 0.274865781117
174.23 0.18142555296
174.3 0.128623400177
174.37 0.265884897112
174.44 0.259689482226
174.51 0.293180647826
174.58 0.565065079114
174.65 0.475927100656
174.72 0.360020702623
174.79 0.298375877656
174.86 0.661913337546
174.93 0.341838767218
175.0 0.316923034202
175.07 0.542061854327
175.14 0.394186833737
175.21 0.276010644935
175.28 0.258883301729
175.35 0.323724817073
175.42 0.376234367796
175.49 0.357640000117
175.56 0.547489697341
175.63 0.377988116296
175.7 0.268445631403
175.77 0.212485294823
175.84 0.400559073986
175.91 0.500699769186
175.98 0.606995508836
176.05 0.301392472316
176.12 0.157864874118
176.19 0.176316603934
176.26 0.128270326067
176.33 0.313748042504
176.4 0.274606284635
176.47 0.372386825236
176.54 0.555693754125
176.61 0.489436080615
176.68 0.388620801032
176.75 0.194525427554
176.82 0.675248500622
176.89 0.345693288173
176.96 0.334559294976
177.03 0.525523653189
177.1 0.436738416888
177.17 0.230171519483
177.24 0.15519576323
177.31 0.238493601639
177.38 0.181692884769
177.45 0.217663200381
177.52 0.534490826294
177.59 0.401744651259
177.66 0.308784487783
177.73 0.206219202167
177.8 0.228348064483
177.87 0.426676562694
177.94 0.664186896599
178.01 0.487473901111
178.08 0.250464094962
178.15 0.645536372261
178.22 0.532782498837
178.29 0.386920940843
178.36 0.457072374645
178.43 0.715605904584
178.5 0.854161431615
178.57 0.691432136319
178.64 0.763941469895
178.71 0.646665742468
178.78 0.81209714112
178.85 0.496999213078
178.92 0.47212606352
178.99 0.796212326074
179.06 0.552149988155
179.13 0.583235725649
179.2 0.375761320854
179.27 0.403704658313
179.34 0.26451241908
179.41 0.299834310686
179.48 0.475625103089
179.55 0.418410678998
179.62 0.30102060965
179.69 0.247432714857
179.76 0.359563149292
179.83 0.492153054248
179.9 0.745292924982
179.97 0.488959737499
180.04 0.335357626622
180.11 0.357137261798
180.18 0.234103148267
180.25 0.29685680045
180.32 0.254562097498
180.39 0.404073159645
180.46 0.585810183134
180.53 0.590354880441
180.6 0.373439146628
180.67 0.193157836611
180.74 0.669554009376
180.81 0.314903743982
180.88 0.34053272656
180.95 0.537815553509
181.02 0.450920959551
181.09 0.377108301186
181.16 0.350432819922
181.23 0.231347471341
181.3 0.268336257717
181.37 0.428681187956
181.44 0.566600570794
181.51 0.377361872917
181.58 0.45189229172
181.65 0.411462158025
181.72 0.267611585273
181.79 0.371711426953
181.86 0.697318018299
181.93 0.390955561205
182.0 0.241454104802
182.07 0.258569764483
182.14 0.165611089878
182.21 0.215217466999
182.28 0.190357189852
182.35 0.30032972882
182.42 0.527361297347
182.49 0.509544744143
182.56 0.318729805476
182.63 0.24071436168
182.7 0.691195647887
182.77 0.33915675933
182.84 0.311826015823
182.91 0.50608193543
182.98 0.526829259848
183.05 0.337533714358
183.12 0.332264819178
183.19 0.255844153917
183.26 0.21740069173
183.33 0.538037137238
183.4 0.54566710542
183.47 0.404860077016
183.54 0.33341069361
183.61 0.451790675905
183.68 0.207968353729
183.75 0.271797077169
183.82 0.717549036116
183.89 0.384314109307
183.96 0.244373096593
184.03 0.251612326262
184.1 0.208329735277
184.17 0.303686463708
184.24 0.216460266869
184.31 0.451875380545
184.38 0.551589101458
184.45 0.484098688721
184.52 0.407586826059
184.59 0.271911628097
184.66 0.657448060676
184.73 0.335314753013
184.8 0.355756947209
184.87 0.512250186703
184.94 0.545738967157
185.01 0.322576400125
185.08 0.29060840828
185.15 0.233806549244
185.22 0.154888647435
185.29 0.513085968825
185.36 0.618590076138
185.43 0.428030581665
185.5 0.328990808276
185.57 0.424740193172
185.64 0.225343023027
185.71 0.260124961893
185.78 0.651638575897
185.85 0.36500894852
185.92 0.217383206398
185.99 0.259959555723
186.06 0.208222990169
186.13 0.417655250469
186.2 0.28956004082
186.27 0.346449482654
186.34 0.472401197461
186.41 0.526840751579
186.48 0.360246880831
186.55 0.187724603659
186.62 0.742068767315
186.69 0.397786863328
186.76 0.326568786194
186.83 0.462540294256
186.9 0.536743651791
186.97 0.610020251105
187.04 0.67206089347
187.11 0.300518998743
187.18 0.197742331427
187.25 0.426858299736
187.32 0.561759643302
187.39 0.426450832007
187.46 0.520586261304
187.53 0.42375429809
187.6 0.237991342809
187.67 0.243732250958
187.74 0.677551133864
187.81 0.310321259328
187.88 0.112346784368
187.95 0.0646545973726
188.02 0.0959623304635
188.09 0.170792796915
188.16 0.140414175226
188.23 0.33002588777
188.3 0.520788382736
188.37 0.595661870332
188.44 0.45230957543
188.51 0.399680355551
188.58 0.683501719686
188.65 0.475083357801
188.72 0.59803885865
188.79 0.57336863213
188.86 0.580660707531
188.93 0.32978801374
189.0 0.242233550766
189.07 0.193237955379
189.14 0.0679386467874
189.21 0.181668167774
189.28 0.466564135971
189.35 0.51510040761
189.42 0.338315531943
189.49 0.19200363507
189.56 0.349376665085
189.63 0.417571873641
189.7 0.672911406941
189.77 0.42968990913
189.84 0.399662731291
189.91 0.250403422509
189.98 0.122252072185
190.05 0.300009252521
190.12 0.366487870444
190.19 0.379334322071
190.26 0.525058957945
190.33 0.518726040635
190.4 0.372110020464
190.47 0.474504111629
190.54 0.581625880123
190.61 0.29452608519
190.68 0.415205673805
190.75 0.426896275191
190.82 0.464287869655
190.89 0.218614049804
190.96 0.232583560837
191.03 0.183991098115
191.1 0.0840029760177
191.17 0.19227508187
191.24 0.430524694163
191.31 0.524904774254
191.38 0.374524866209
191.45 0.204316430005
191.52 0.208514811523
191.59 0.231600289415
191.66 0.574707984914
191.73 0.31052396721
191.8 0.254849802632
191.87 0.138008345087
191.94 0.21359217704
192.01 0.187604614844
192.08 0.143467965865
192.15 0.329257832721
192.22 0.47564082538
192.29 0.514686775386
192.36 0.347259849451
192.43 0.298198634278
192.5 0.637559796911
192.57 0.325532130538
192.64 0.475951564383
192.71 0.519554678385
192.78 0.540437168031
192.85 0.354098707814
192.92 0.31884199216
192.99 0.259692099739
193.06 0.200942072087
193.13 0.461741630657
193.2 0.50587145984
193.27 0.578946402456
193.34 0.485374948252
193.41 0.430911203346
193.48 0.473389335072
193.55 0.365851527079
193.62 0.743824742361
193.69 0.495391466234
193.76 0.379740643946
193.83 0.215469049469
193.9 0.122821206077
193.97 0.148164866208
194.04 0.0755571121733
194.11 0.275603699725
194.18 0.448728721674
194.25 0.619759990134
194.32 0.416260450422
194.39 0.256779553989
194.46 0.679069811496
194.53 0.401090731583
194.6 0.34257464124
194.67 0.359390544653
194.74 0.604936354715
194.81 0.634042222054
194.88 0.548749769847
194.95 0.515079589222
195.02 0.356076433796
195.09 0.361797723506
195.16 0.624055582325
195.23 0.8580583971
195.3 0.518393630001
195.37 0.388005419902
195.44 0.297914707264
195.51 0.175495357676
195.58 0.635834545984
195.65 0.251862242818
195.72 0.195739717556
195.79 0.101803071716
195.86 0.103079176336
195.93 0.141391691562
196.0 0.066524571321
196.07 0.328288411127
196.14 0.460315370046
196.21 0.632350776266
196.28 0.394506483841
196.35 0.275827287469
196.42 0.583021896102
196.49 0.429251007885
196.56 0.288490996359
196.63 0.286180892939
196.7 0.677714279064
196.77 0.278036346772
196.84 0.151205713128
196.91 0.361508681953
196.98 0.375509852723
197.05 0.314604137708
197.12 0.533167412185
197.19 0.577980594235
197.26 0.390076890718
197.33 0.410123389233
197.4 0.25589391986
197.47 0.148544051517
197.54 0.646691927434
197.61 0.362001727236
197.68 0.270544987525
197.75 0.146565128045
197.82 0.41117979611
197.89 0.308201652827
197.96 0.125762221123
198.03 0.262457432817
198.1 0.390854931413
198.17 0.554780020767
198.24 0.364212469665
198.31 0.242988858808
198.38 0.585878452399
198.45 0.376018164169
198.52 0.407606884643
198.59 0.317725557066
198.66 0.633153280688
198.73 0.459134714288
198.8 0.314398362331
198.87 0.485024031837
198.94 0.341641007898
199.01 0.447305324467
199.08 0.493749508532
199.15 0.615873436917
199.22 0.546501313838
199.29 0.357551625549
199.36 0.359970222365
199.43 0.176580169917
199.5 0.611686418036
199.57 0.426158888936
199.64 0.344468989165
199.71 0.218050761978
199.78 0.374327910953
199.85 0.191062002883
199.92 0.101912467533
199.99 0.363093133053
200.06 0.406778294841
200.13 0.672875607625
200.2 0.41924309118
200.27 0.262428018068
200.34 0.516419484196
200.41 0.383599239321
200.48 0.267894244717
200.55 0.212302054156
200.62 0.707283928161
200.69 0.344394080835
200.76 0.212512393276
200.83 0.344782553459
200.9 0.353957172773
200.97 0.325720028387
201.04 0.571812297472
201.11 0.629124657616
201.18 0.388089345067
201.25 0.391935338512
201.32 0.269050059305
201.39 0.151927964772
201.46 0.801198752375
201.53 0.533584392219
201.6 0.324543477784
201.67 0.152080635001
201.74 0.0946188356404
201.81 0.0441987512899
201.88 0.0419821148468
201.95 0.815206504426
202.02 0.493443662767
202.09 0.248198217553
202.16 0.143915446258
202.23 0.0884814437276
202.3 0.0360457931807
202.37 0.121068344015
202.44 0.674421125523
202.51 0.597901111564
202.58 0.673895620127
202.65 0.702386944825
202.72 0.687875542199
202.79 0.729806819016
202.86 0.599035779499
202.93 0.31560426621
203.0 0.194753328231
203.07 0.163951488245
203.14 0.133290455461
203.21 0.103943446197
203.28 0.0889369561604
203.35 0.124830408606
203.42 0.63045805983
203.49 0.62295315443
203.56 0.603138370367
203.63 0.654330072731
203.7 0.430468173586
203.77 0.417668243366
203.84 0.272586857944
203.91 0.557768533409
203.98 0.312888883493
204.05 0.539817146931
204.12 0.229143511824
204.19 0.114933521666
204.26 0.471795494612
204.33 0.355782996935
204.4 0.205172086293
204.47 0.0982670058332
204.54 0.151819772593
204.61 0.159824565202
204.68 0.0784982563128
204.75 0.230643912355
204.82 0.119805020826
204.89 0.585066376658
204.96 0.318065752619
205.03 0.321422749381
205.1 0.261558645962
205.17 0.154439533095
205.24 0.230587799957
205.31 0.188791899833
205.38 0.275000018104
205.45 0.217439836398
205.52 0.572790856388
205.59 0.17325010686
205.66 0.145954774162
205.73 0.191322457112
205.8 0.119792270131
205.87 0.586875389231
205.94 0.289797741496
206.01 0.567097670825
206.08 0.248098894674
206.15 0.118224426531
206.22 0.481564861086
206.29 0.349920741422
206.36 0.251182246368
206.43 0.178297263399
206.5 0.164458500155
206.57 0.147526486862
206.64 0.112500248827
206.71 0.180119460665
206.78 0.0516378783036
206.85 0.897712184291
206.92 0.501306156842
206.99 0.36231950119
207.06 0.291684624161
207.13 0.201480843319
207.2 0.221584099697
207.27 0.176841902781
207.34 0.252410670202
207.41 0.237715666678
207.48 0.555954783739
207.55 0.146388943228
207.62 0.162947061563
207.69 0.261987693113
207.76 0.182795907721
207.83 0.537350463609
207.9 0.30082552071
207.97 0.5740586966
208.04 0.280239862454
208.11 0.152578968177
208.18 0.508681468912
208.25 0.347548516019
208.32 0.295528257049
208.39 0.162791489816
208.46 0.181004614076
208.53 0.211155877278
208.6 0.166826471638
208.67 0.208793563754
208.74 0.0949066698672
208.81 0.607714713886
208.88 0.322725244286
208.95 0.340455032281
209.02 0.238877299054
209.09 0.19470785555
209.16 0.272404802473
209.23 0.201450499101
209.3 0.229462469744
209.37 0.1874129733
209.44 0.585109454357
209.51 0.166940541848
209.58 0.193951544271
209.65 0.260435887773
209.72 0.155833017622
209.79 0.522574102025
209.86 0.254064685185
209.93 0.591086959131
210.0 0.25842970233
210.07 0.148606662823
210.14 0.472443825179
210.21 0.358094915034
210.28 0.315411738228
210.35 0.192621537816
210.42 0.201841047048
210.49 0.219199475225
210.56 0.204917256828
210.63 0.202274057967
210.7 0.118207265776
210.77 0.826148055703
210.84 0.358601736378
210.91 0.464340487937
210.98 0.291759675108
211.05 0.252640209745
211.12 0.268007300626
211.19 0.215427352449
211.26 0.27077621757
211.33 0.191339593278
211.4 0.577408439569
211.47 0.156236010129
211.54 0.129033512467
211.61 0.226480285115
211.68 0.171337192911
211.75 0.535821081099
211.82 0.292310660991
211.89 0.602443620438
211.96 0.301576540408
212.03 0.204984549905
212.1 0.468185339217
212.17 0.349117837427
212.24 0.27382396789
212.31 0.181344389154
212.38 0.169583675549
212.45 0.141361124812
212.52 0.216436775642
212.59 0.200978945948
212.66 0.0912388910714
212.73 0.62069402428
212.8 0.323919105637
212.87 0.366174990957
212.94 0.241121914241
213.01 0.255119242959
213.08 0.274534130287
213.15 0.216750143223
213.22 0.257840517231
213.29 0.152063728744
213.36 0.581539889471
213.43 0.175464966739
213.5 0.167033877274
213.57 0.190310222152
213.64 0.14022728922
213.71 0.493988341538
213.78 0.266833071238
213.85 0.570882404137
213.92 0.293756728147
213.99 0.174938523268
214.06 0.462900922148
214.13 0.360796015153
214.2 0.250003962231
214.27 0.13260485146
214.34 0.146912593374
214.41 0.154710030754
214.48 0.155409091158
214.55 0.218843542627
214.62 0.138616024901
214.69 0.775210301283
214.76 0.388931897807
214.83 0.476950566702
214.9 0.270497362065
214.97 0.208011459706
215.04 0.198522636781
215.11 0.192774508033
215.18 0.243040562375
215.25 0.168613206458
215.32 0.584000511572
215.39 0.182003568446
215.46 0.148732091983
215.53 0.207574915329
215.6 0.148030407918
215.67 0.489871177921
215.74 0.322132747031
215.81 0.566146675097
215.88 0.22868320574
215.95 0.314943252569
216.02 0.469033922442
216.09 0.37302448412
216.16 0.288446076934
216.23 0.1874578374
216.3 0.156096882364
216.37 0.166870181278
216.44 0.226105959847
216.51 0.210173697613
216.58 0.123158850507
216.65 0.638571706065
216.72 0.337730616747
216.79 0.403738867942
216.86 0.229128644006
216.93 0.266858315669
217.0 0.256791999778
217.07 0.228304518361
217.14 0.256655543621
217.21 0.192475689841
217.28 0.631531179939
217.35 0.231262749488
217.42 0.247735607468
217.49 0.291341109075
217.56 0.254713507534
217.63 0.502856537241
217.7 0.367941171722
217.77 0.556850801858
217.84 0.25465598495
217.91 0.25636380464
217.98 0.436638656322
218.05 0.39571763504
218.12 0.24444246991
218.19 0.221496322644
218.26 0.71924698573
218.33 0.514783179536
218.4 0.797639743603
218.47 0.585782685108
218.54 0.437512083176
218.61 0.416520583763
218.68 0.353135306869
218.75 0.764124445
218.82 0.499495177138
218.89 0.47811882462
218.96 0.498885458884
219.03 0.567910039177
219.1 0.673004150998
219.17 0.603415306691
219.24 0.492937954081
219.31 0.297588550875
219.38 0.262199693228
219.45 0.332458869228
219.52 0.258224065882
219.59 0.336634156634
219.66 0.249995926503
219.73 0.693784101506
219.8 0.414835475824
219.87 0.343920591288
219.94 0.552800909187
220.01 0.466735967282
220.08 0.379319808336
220.15 0.221733852426
220.22 0.637267589507
220.29 0.311873552761
220.36 0.457569212802
220.43 0.261630012228
220.5 0.157105491657
220.57 0.372834872409
220.64 0.35803028496
220.71 0.628715283
220.78 0.276114380334
220.85 0.491347670439
220.92 0.336383305691
220.99 0.277496503453
221.06 0.571394241664
221.13 0.576772731832
221.2 0.378494878627
221.27 0.21682813749
221.34 0.273931669516
221.41 0.242628189115
221.48 0.200280533468
221.55 0.290211131517
221.62 0.221660753855
221.69 0.640976507149
221.76 0.373722130649
221.83 0.284662143998
221.9 0.518078793219
221.97 0.561570534438
222.04 0.349559132424
222.11 0.210130891623
222.18 0.64859315171
222.25 0.414528591167
222.32 0.384304545365
222.39 0.325570431798
222.46 0.237049792995
222.53 0.420607081045
222.6 0.466855139737
222.67 0.61403395718
222.74 0.315046627737
222.81 0.406634980776
222.88 0.261164242439
222.95 0.184900575094
223.02 0.574296565712
223.09 0.571647520784
223.16 0.365747325716
223.23 0.22638493461
223.3 0.297245541096
223.37 0.294397222158
223.44 0.319516715471
223.51 0.418198248572
223.58 0.376409828462
223.65 0.625761206207
223.72 0.342780589971
223.79 0.368113424736
223.86 0.404381528255
223.93 0.541118483688
224.0 0.350819263944
224.07 0.224540360005
224.14 0.670387946085
224.21 0.386688493636
224.28 0.331474396626
224.35 0.238680223312
224.42 0.183604749991
224.49 0.382545933134
224.56 0.443154787252
224.63 0.632800115597
224.7 0.250925928031
224.77 0.447290757866
224.84 0.323906190196
224.91 0.189520933159
224.98 0.611698981853
225.05 0.525633755943
225.12 0.295391256243
225.19 0.161319525387
225.26 0.244778209912
225.33 0.249218430458
225.4 0.489729594931
225.47 0.346889848182
225.54 0.261217075877
225.61 0.601978053509
225.68 0.412976483381
225.75 0.334726426074
225.82 0.396276052989
225.89 0.640668638927
225.96 0.33973383797
226.03 0.199962088231
226.1 0.558818038116
226.17 0.367715147196
226.24 0.76319578235
226.31 0.447702816385
226.38 0.270595169024
226.45 0.338292515287
226.52 0.420285858465
226.59 0.655519128137
226.66 0.589138580277
226.73 0.602460862337
226.8 0.356296410626
226.87 0.199389293017
226.94 0.661904009659
227.01 0.58639197797
227.08 0.384352159759
227.15 0.295494523219
227.22 0.37621288796
227.29 0.298573960323
227.36 0.321062505079
227.43 0.32795283956
227.5 0.311181372396
227.57 0.621560251436
227.64 0.487166840642
227.71 0.362192966748
227.78 0.340679923249
227.85 0.631243710861
227.92 0.353064305751
227.99 0.21068666747
228.06 0.628188977228
228.13 0.368357162044
228.2 0.473978850895
228.27 0.318172237083
228.34 0.182069630836
228.41 0.302926883304
228.48 0.404207449498
228.55 0.569502904678
228.62 0.28230158368
228.69 0.456535470958
228.76 0.404707363756
228.83 0.27626574488
228.9 0.558194352007
228.97 0.606590594688
229.04 0.387918351017
229.11 0.251550643196
229.18 0.30257555748
229.25 0.238849274821
229.32 0.260663691324
229.39 0.303504568066
229.46 0.259393204091
229.53 0.625644340212
229.6 0.352930838404
229.67 0.325623861522
229.74 0.407625673198
229.81 0.627106773894
229.88 0.341517907328
229.95 0.191347519584
230.02 0.593949976222
230.09 0.466082098013
230.16 0.361590129763
230.23 0.316481422006
230.3 0.23635381115
230.37 0.386792970397
230.44 0.455845172891
230.51 0.611628590546
230.58 0.320301338676
230.65 0.390384693779
230.72 0.226256033464
230.79 0.1879061403
230.86 0.557327478156
230.93 0.572712763765
231.0 0.392800530465
231.07 0.216458923073
231.14 0.286942495799
231.21 0.233096708965
231.28 0.283938780926
231.35 0.340426444956
231.42 0.362204462167
231.49 0.577107453845
231.56 0.4226933496
231.63 0.377424350212
231.7 0.352914066158
231.77 0.621025761171
231.84 0.314932389091
231.91 0.286039841074
231.98 0.638891340186
232.05 0.444408306754
232.12 0.359369974615
232.19 0.236200972485
232.26 0.191352950094
232.33 0.294658712819
232.4 0.489268096274
232.47 0.626753648146
232.54 0.322436532227
232.61 0.39329753214
232.68 0.402481114191
232.75 0.234109215635
232.82 0.510077151708
232.89 0.606038890802
232.96 0.355476118426
233.03 0.212074915742
233.1 0.302434322427
233.17 0.318119290535
233.24 0.446158268528
233.31 0.292366306196
233.38 0.25021152032
233.45 0.581172691363
233.52 0.405465465124
233.59 0.774626003274
233.66 0.668721133689
233.73 0.872404568139
233.8 0.600413092984
233.87 0.325697081809
233.94 0.778390551368
234.01 0.753207259094
234.08 0.489427324425
234.15 0.394835699117
234.22 0.297058855492
234.29 0.180315148351
234.36 0.405696825492
234.43 0.55435444806
234.5 0.299322341607
234.57 0.406409371805
234.64 0.341190176006
234.71 0.223859156228
234.78 0.527743322701
234.85 0.633701545784
234.92 0.364670299623
234.99 0.16606827929
235.06 0.232703904965
235.13 0.260821719525
235.2 0.318768342793
235.27 0.261820689878
235.34 0.30265051253
235.41 0.568157812791
235.48 0.429507206964
235.55 0.333838484256
235.62 0.266481740496
235.69 0.563621982325
235.76 0.308102491007
235.83 0.262345546121
235.9 0.522960771037
235.97 0.426829723476
236.04 0.395027986126
236.11 0.313860738182
236.18 0.33179773633
236.25 0.300699962456
236.32 0.260858300776
236.39 0.582966023447
236.46 0.41945243567
236.53 0.250235417268
236.6 0.50028831433
236.67 0.235833164567
236.74 0.425927290054
236.81 0.565368340562
236.88 0.368735101914
236.95 0.19198080898
237.02 0.132601767982
237.09 0.123209333224
237.16 0.178158771263
237.23 0.181124387735
237.3 0.211391516155
237.37 0.560656536747
237.44 0.4332474069
237.51 0.330009495425
237.58 0.243865785925
237.65 0.529601894669
237.72 0.263271055214
237.79 0.21753342878
237.86 0.431970503134
237.93 0.390606400454
238.0 0.252395910576
238.07 0.192077733189
238.14 0.181274570774
238.21 0.167338621447
238.28 0.208213561466
238.35 0.546258138392
238.42 0.344731384706
238.49 0.220170559044
238.56 0.132475138873
238.63 0.200004682754
238.7 0.55657041322
238.77 0.550879898037
238.84 0.310148633788
238.91 0.145813219449
238.98 0.137695900827
239.05 0.0913403642701
239.12 0.276289308645
239.19 0.274172325805
239.26 0.330994972493
239.33 0.544853238361
239.4 0.442147358237
239.47 0.378949481262
239.54 0.234044360571
239.61 0.647781250551
239.68 0.289175252877
239.75 0.283914410638
239.82 0.568960330736
239.89 0.524728148063
239.96 0.280581414098
240.03 0.158562670641
240.1 0.457728584799
240.17 0.297805529061
240.24 0.425140426778
240.31 0.546152678066
240.38 0.383267235637
240.45 0.395775884234
240.52 0.387418510527
240.59 0.221969913007
240.66 0.431969053604
240.73 0.674987693539
240.8 0.344029124026
240.87 0.192773810931
240.94 0.211455477404
241.01 0.133512783012
241.08 0.152735235797
241.15 0.174068359391
241.22 0.297769939981
241.29 0.566294302095
241.36 0.457424585678
241.43 0.365876015395
241.5 0.22689416323
241.57 0.615514092578
241.64 0.301481176379
241.71 0.320892361813
241.78 0.714460421119
241.85 0.56764154922
241.92 0.732567391639
241.99 0.615176207174
242.06 0.406842819181
242.13 0.344029168287
242.2 0.346643878181
242.27 0.685479923926
242.34 0.795685207631
242.41 0.69039815473
242.48 0.39836685578
242.55 0.502875567999
242.62 0.516132731891
242.69 0.573272221834
242.76 0.426761146847
242.83 0.358027430162
242.9 0.455185889095
242.97 0.431279762462
243.04 0.414873159897
243.11 0.339019121666
243.18 0.381420880779
243.25 0.531118344526
243.32 0.44117339503
243.39 0.341539443719
243.46 0.231074075852
243.53 0.58424535662
243.6 0.307282650018
243.67 0.312780406081
243.74 0.452928971966
243.81 0.490139633453
243.88 0.403314452155
243.95 0.336999611372
244.02 0.278708380032
244.09 0.267136341292
244.16 0.309587054907
244.23 0.552391939063
244.3 0.395098517591
244.37 0.319614624475
244.44 0.46105248459
244.51 0.243156541932
244.58 0.366812360919
244.65 0.561739552752
244.72 0.385632142085
244.79 0.221328080118
244.86 0.209405249139
244.93 0.140268087507
245.0 0.161061246067
245.07 0.152254365822
245.14 0.258506154858
245.21 0.536156577669
245.28 0.485878788164
245.35 0.373775107933
245.42 0.203899057774
245.49 0.655249789855
245.56 0.240030053525
245.63 0.292546030618
245.7 0.505278999469
245.77 0.431579956416
245.84 0.225804224155
245.91 0.162040118494
245.98 0.176403996166
246.05 0.163377136539
246.12 0.294782666631
246.19 0.503644846357
246.26 0.398302702736
246.33 0.244641087391
246.4 0.155153756387
246.47 0.18749679765
246.54 0.328981314413
246.61 0.646744914554
246.68 0.332077671298
246.75 0.233895083642
246.82 0.141792568174
246.89 0.0892044355041
246.96 0.279744735701
247.03 0.203859603283
247.1 0.365603329303
247.17 0.533547231894
247.24 0.460092767097
247.31 0.339458011845
247.38 0.219336960436
247.45 0.585076070923
247.52 0.221366758822
247.59 0.249257509964
247.66 0.48483800768
247.73 0.565355417744
247.8 0.262478613895
247.87 0.188226005559
247.94 0.389632452001
248.01 0.274675730489
248.08 0.390112827734
248.15 0.518227601725
248.22 0.423855414746
248.29 0.364339224179
248.36 0.328016145509
248.43 0.24274218187
248.5 0.300802929445
248.57 0.686150030628
248.64 0.375535756144
248.71 0.242843716541
248.78 0.552715910707
248.85 0.482177480858
248.92 0.675995943831
248.99 0.476388653409
249.06 0.303817738934
249.13 0.614334581444
249.2 0.623580451454
249.27 0.798016579421
249.34 0.777966703589
249.41 0.547757458231
249.48 0.352974420181
249.55 0.224966528997
249.62 0.600325461008
249.69 0.674943238848
249.76 0.718619371506
249.83 0.43608737291
249.9 0.437034375364
249.97 0.331635432078
250.04 0.45294025346
250.11 0.598906220594
250.18 0.600571778945
250.25 0.420344252735
250.32 0.320431921718
250.39 0.401163403532
250.46 0.480335229925
250.53 0.695491750303
250.6 0.242589691141
250.67 0.189859642299
250.74 0.317021485397
250.81 0.133210114162
250.88 0.270907581317
250.95 0.119578894254
251.02 0.204263922373
251.09 0.321758532414
251.16 0.419418380952
251.23 0.309581576449
251.3 0.220181198761
251.37 0.337626476857
251.44 0.189064490027
251.51 0.177093582378
251.58 0.158097020109
251.65 0.294431777265
251.72 0.342264728432
251.79 0.389000055192
251.86 0.0946189991581
251.93 0.153068764007
252.0 0.463224071285
252.07 0.217355145281
252.14 0.110525393626
252.21 0.413361731141
252.28 0.429481805162
252.35 0.71242253168
252.42 0.356747450295
252.49 0.184921683634
252.56 0.134986090008
252.63 0.100364383759
252.7 0.0542935204954
252.77 0.0499946493435
252.84 0.0271388794311
252.91 0.0183953911971
252.98 0.0154492480872
253.05 0.0157667749198
253.12 0.00915296981242
253.19 0.00477352622363
253.26 0.00626297598441
253.33 0.00199343106022
253.4 0.00172832456772
253.47 0.000849195494207
253.54 0.000660750537186
253.61 0.000545759463428
253.68 0.00051487674364
253.75 0.000488399166772
253.82 0.00046230026253
253.89 0.000441540888208
253.96 0.000443559655909
254.03 0.000424837491136
254.1 0.000437060748437
254.17 0.000428036537153
254.24 0.000412416291327
254.31 0.000430597495205
254.38 0.000430741341625
254.45 0.000428019324761
254.52 0.00045188799477
254.59 0.00041344288757
254.66 0.000442648628585
254.73 0.000425967361732
254.8 0.000414380962939
254.87 0.000294786803752
254.94 0.000196267989229
255.01 0.000141494469214
255.08 9.30600273162e-05
255.15 6.99991102792e-05
255.22 5.77524933038e-05
255.29 5.52210422093e-05
255.36 5.65562320532e-05
255.43 5.64824646586e-05
255.5 5.40272398719e-05
255.57 4.74582533747e-05
255.64 4.03544532659e-05
