-4.0 0.0
0.618698511461 0.0
0.757229633249 0.0
0.810753021213 0.0
0.876870147521 0.261904761905
0.876870147521 1.0
0.987065358035 1.0
1.15078395651 1.0
1.1539323911 0.0
1.29561194747 0.0714285714286
1.29876038206 1.0
1.55063514895 1.0
1.55378358353 0.0119047619048
47.7845560684 0.0
47.8320789699 1.0
47.920335787 1.0
48.025565069 1.0
48.0844029471 1.0
48.1070329002 1.0
48.127399858 1.0
48.1873692337 1.0
48.258653586 1.0
48.327674943 1.0
48.3989592953 1.0
48.5958398874 1.0
48.8601879523 1
49.0889675844 0
270.666666667 0.0
