0.0 0.0435527962488
0.07 0.464013779384
0.14 0.756233529102
0.21 0.543439105296
0.28 0.3894126388
0.35 0.380158078897
0.42 0.476723971206
0.49 0.389344985789
0.56 0.318576033525
0.63 0.341132253601
0.7 0.3282604281
0.77 0.299710279446
0.84 0.367064989776
0.91 0.366128504356
0.98 0.326953562014
1.05 0.337806735778
1.12 0.326785267879
1.19 0.274033529237
1.26 0.357338555328
1.33 0.565471899606
1.4 0.516211044835
1.47 0.313819075728
1.54 0.104365524701
1.61 0.28981255635
1.68 0.572117075485
1.75 0.539368422341
1.82 0.468084160733
1.89 0.582520799441
1.96 0.51834894748
2.03 0.393071626507
2.1 0.424083740467
2.17 0.5171013074
2.24 0.372233238886
2.31 0.317241552573
2.38 0.275196784376
2.45 0.304161488146
2.52 0.409784370731
2.59 0.361473552089
2.66 0.453286163317
2.73 0.413611663345
2.8 0.37988767331
2.87 0.279189520233
2.94 0.524429664868
3.01 0.514120257295
3.08 0.503498601742
3.15 0.363608115529
3.22 0.327806919183
3.29 0.254419312112
3.36 0.501041864266
3.43 0.455380562943
3.5 0.589326576717
3.57 0.528507421193
3.64 0.389047595477
3.71 0.111241208053
3.78 0.483352235627
3.85 0.458910224677
3.92 0.577234464554
3.99 0.523063565594
4.06 0.415108452997
4.13 0.340250209788
4.2 0.303940773879
4.27 0.360552491642
4.34 0.413805304918
4.41 0.42598188281
4.48 0.347192574909
4.55 0.241258503555
4.62 0.314045419967
4.69 0.443411814656
4.76 0.535737304429
4.83 0.521023866095
4.9 0.477435932793
4.97 0.301087545308
5.04 0.586508959152
5.11 0.721346034386
5.18 0.428609176463
5.25 0.394701564265
5.32 0.22941888376
5.39 0.192268142339
5.46 0.444697686837
5.53 0.877722419704
5.6 0.69347892729
5.67 0.576697847133
5.74 0.469223718288
5.81 0.403482621312
5.88 0.385838804411
5.95 0.341000504012
6.02 0.358687333822
6.09 0.800857389708
6.16 0.435802244066
6.23 0.252038511029
6.3 0.0861953018837
6.37 0.0365674595093
6.44 0.044898300168
6.51 0.0423339110325
6.58 0.0469952275364
6.65 0.0541383058055
6.72 0.0414709617278
6.79 0.0347576355482
6.86 0.0952982098185
6.93 0.0731430013309
7.0 0.499238325551
7.07 0.602820009585
7.14 0.396371640702
7.21 0.118987156441
7.28 0.166320340245
7.35 0.201297611103
7.42 0.259415378528
7.49 0.531525076884
7.56 0.45863386597
7.63 0.343349074585
7.7 0.088183563264
7.77 0.106748417274
7.84 0.222523529618
7.91 0.500243697333
7.98 0.504193572879
8.05 0.358997167162
8.12 0.112239357458
8.19 0.181505545407
8.26 0.18988058565
8.33 0.529786923751
8.4 0.518767716098
8.47 0.417294774114
8.54 0.173483473492
8.61 0.228623553356
8.68 0.184217529197
8.75 0.555751924545
8.82 0.641005787855
8.89 0.501116161577
8.96 0.343881948864
9.03 0.296962097596
9.1 0.234384337207
9.17 0.529079260044
9.24 0.614080268341
9.31 0.507983782365
9.38 0.34063500828
9.45 0.180262118829
9.52 0.287375733821
9.59 0.332252027551
9.66 0.696425960591
9.73 0.487459278216
9.8 0.422896294045
9.87 0.428786258452
9.94 0.398881733647
10.01 0.26906354273
10.08 0.437247886434
10.15 0.445278613353
10.22 0.333784316902
10.29 0.292406617733
10.36 0.299924169887
10.43 0.460953787601
10.5 0.507082290376
10.57 0.426370480095
10.64 0.375486035646
10.71 0.280016066818
10.78 0.240170202796
10.85 0.239204554986
10.92 0.215212457024
10.99 0.174337035322
11.06 0.141910181002
11.13 0.11442402513
11.2 0.124466608683
11.27 0.130431588508
11.34 0.146856879248
11.41 0.109227721313
11.48 0.0728053969365
11.55 0.0861195378362
11.62 0.0903777225364
11.69 0.0715023206685
11.76 0.0932980996462
11.83 0.127033288585
11.9 0.105053016737
11.97 0.0918869426486
12.04 0.0908640292683
12.11 0.0883073059421
12.18 0.129862850091
12.25 0.650529211207
12.32 0.614881481849
12.39 0.273982514803
12.46 0.140077373975
12.53 0.0781501355961
12.6 0.0576346814108
12.67 0.0409028983323
12.74 0.0430091000732
12.81 0.0559710051159
12.88 0.0343556922142
12.95 0.040808540658
13.02 0.0399474530498
13.09 0.0679855364168
13.16 0.0381459824869
13.23 0.0424819832298
13.3 0.0370572813828
13.37 0.0404243274252
13.44 0.0483246619805
13.51 0.0376672141
13.58 0.0699544196367
13.65 0.0376973333698
13.72 0.0378630512905
13.79 0.044645723422
13.86 0.0394901381572
13.93 0.0409012951548
14.0 0.0371367436895
14.07 0.30337705145
14.14 0.326863789463
14.21 0.274913074032
14.28 0.197381321496
14.35 0.258511716057
14.42 0.216937664454
14.49 0.302764007527
14.56 0.343586590798
14.63 0.237536158922
14.7 0.210815192642
14.77 0.163065611773
14.84 0.127874062696
14.91 0.14956662972
14.98 0.3542226552
15.05 0.231674498766
15.12 0.19519993558
15.19 0.11151898682
15.26 0.268074831066
15.33 0.150272271951
15.4 0.494109529327
15.47 0.487504057673
15.54 0.267310147742
15.61 0.150051530755
15.68 0.492320115807
15.75 0.55238413167
15.82 0.382911784797
15.89 0.371885202169
15.96 0.29193888847
16.03 0.275926605323
16.1 0.286682685419
16.17 0.253864268025
16.24 0.276663027484
16.31 0.347812632958
16.38 0.259700499956
16.45 0.256982904147
16.52 0.197428871056
16.59 0.485005438308
16.66 0.346731770009
16.73 0.410277747242
16.8 0.338765633368
16.87 0.248415403619
16.94 0.210361190025
17.01 0.205177677517
17.08 0.196523574888
17.15 0.310814658369
17.22 0.32724085572
17.29 0.251218881626
17.36 0.170822834466
17.43 0.180155117058
17.5 0.325208471952
17.57 0.269793835833
17.64 0.358113681747
17.71 0.311463539501
17.78 0.253065013157
17.85 0.244797554559
17.92 0.210377747814
17.99 0.279216465463
18.06 0.438849882586
18.13 0.247570417801
18.2 0.253266367217
18.27 0.227711770871
18.34 0.309604096031
18.41 0.309232762076
18.48 0.306159332686
18.55 0.37648748117
18.62 0.314195138428
18.69 0.31277472501
18.76 0.304799321178
18.83 0.28601881377
18.9 0.402344548447
18.97 0.475575410365
19.04 0.333447976379
19.11 0.226516773538
19.18 0.208438436306
19.25 0.33381538228
19.32 0.44639470671
19.39 0.452466277189
19.46 0.342271276165
19.53 0.254390329249
19.6 0.210838583234
19.67 0.262888754911
19.74 0.191083905862
19.81 0.529379192462
19.88 0.348683224733
19.95 0.171976519012
20.02 0.153799438258
20.09 0.312515527303
20.16 0.208310372409
20.23 0.368039572652
20.3 0.248074616208
20.37 0.132990324334
20.44 0.117546833463
20.51 0.424869101729
20.58 0.264537365287
20.65 0.415026315736
20.72 0.555733905405
20.79 0.443741672454
20.86 0.375729223122
20.93 0.325215010331
21.0 0.24895077153
21.07 0.3392053923
21.14 0.696027866319
21.21 0.408033178542
21.28 0.111441677044
21.35 0.0625166098518
21.42 0.0581669040063
21.49 0.0431509426784
21.56 0.0388834010232
21.63 0.0355470684854
21.7 0.0542677700137
21.77 0.0485860086278
21.84 0.0527104348303
21.91 0.0389207893473
21.98 0.0440889415125
22.05 0.0446323827596
22.12 0.0550904406073
22.19 0.0368876012978
22.26 0.0447262844349
22.33 0.0376481393404
22.4 0.0331071311602
22.47 0.0443917786792
22.54 0.0394118840682
22.61 0.105825225839
22.68 0.0348746746824
22.75 0.0645376869998
22.82 0.0455136169045
22.89 0.077776268513
22.96 0.112383158705
23.03 0.0830217304544
23.1 0.284507477033
23.17 0.271079567984
23.24 0.555119199061
23.31 0.564482527283
23.38 0.485755515304
23.45 0.335960108752
23.52 0.362985739785
23.59 0.289508518147
23.66 0.484183405036
23.73 0.541697501651
23.8 0.529651829571
23.87 0.26657831609
23.94 0.172099148622
24.01 0.0962247637968
24.08 0.178759929
24.15 0.379852218493
24.22 0.585882283732
24.29 0.41590166139
24.36 0.183018562518
24.43 0.0938019641333
24.5 0.0532598220165
24.57 0.325209743004
24.64 0.42861335765
24.71 0.56661048951
24.78 0.301737142754
24.85 0.203516713877
24.92 0.160730967121
24.99 0.412493325899
25.06 0.297379072739
25.13 0.42219938222
25.2 0.238119088961
25.27 0.141941549781
25.34 0.123145893872
25.41 0.208463133856
25.48 0.275539516065
25.55 0.423897328452
25.62 0.356639410185
25.69 0.366793530364
25.76 0.271361398678
25.83 0.314256118414
25.9 0.393290698101
25.97 0.354227624512
26.04 0.343237990366
26.11 0.235522882229
26.18 0.198869089909
26.25 0.0842927431737
26.32 0.451249856881
26.39 0.467819963195
26.46 0.549728774333
26.53 0.456296088569
26.6 0.302517730388
26.67 0.162830129602
26.74 0.128258807329
26.81 0.107190666249
26.88 0.970139538338
26.95 0.694629252883
27.02 0.502900756588
27.09 0.197993808884
27.16 0.0842608806953
27.23 0.0456581093304
27.3 0.651342296846
27.37 0.850495750578
27.44 0.602667915979
27.51 0.365190333175
27.58 0.173187531963
27.65 0.0834278136845
27.72 0.0557734588269
27.79 0.0718180676324
27.86 0.0384841416201
27.93 0.0618416272674
28.0 0.043694387516
28.07 0.557080885038
28.14 0.58357319836
28.21 0.655160661574
28.28 0.739111155987
28.35 0.44972093905
28.42 0.307322602187
28.49 0.16607329114
28.56 0.116506321036
28.63 0.100147640255
28.7 0.922271158969
28.77 0.73310576819
28.84 0.420525840908
28.91 0.241728728245
28.98 0.110810269289
29.05 0.0876923069687
29.12 0.0504705751269
29.19 0.0547625683797
29.26 0.0667227478362
29.33 0.0536124833528
29.4 0.158589727066
29.47 0.657529412795
29.54 0.619536270746
29.61 0.838901354097
29.68 0.690555498219
29.75 0.457596967425
29.82 0.13764206486
29.89 0.0640827454561
29.96 0.108222268743
30.03 0.831145456314
30.1 0.81994468747
30.17 0.528282412636
30.24 0.263780911487
30.31 0.0899733753339
30.38 0.601509569113
30.45 0.666107363598
30.52 0.645064227058
30.59 0.553331444373
30.66 0.582798348413
30.73 0.401190154768
30.8 0.165563753595
30.87 0.189319211436
30.94 0.501281768191
31.01 0.811727798079
31.08 0.814723564024
31.15 0.622234079073
31.22 0.461514549627
31.29 0.548359520767
31.36 0.485484908646
31.43 0.375156869028
31.5 0.405111458569
31.57 0.244648767843
31.64 0.129642031698
31.71 0.160182763018
31.78 0.219920691153
31.85 0.631350042222
31.92 0.324672242311
31.99 0.260066913072
32.06 0.201453920005
32.13 0.166499115175
32.2 0.196701453977
32.27 0.827785022257
32.34 0.898240541662
32.41 0.535041643907
32.48 0.553809683154
32.55 0.594827414232
32.62 0.549650496905
32.69 0.387856142009
32.76 0.530484860677
32.83 0.428123031305
32.9 0.305778338375
32.97 0.246201548423
33.04 0.282415395102
33.11 0.463369980665
33.18 0.466297490389
33.25 0.107525997829
33.32 0.0485960675339
33.39 0.04086373628
33.46 0.172901746285
33.53 0.395301412942
33.6 0.24003549819
33.67 0.308805686736
33.74 0.196620808587
33.81 0.0678594006419
33.88 0.0463368601897
33.95 0.0459671581364
34.02 0.0477662804841
34.09 0.0374281413862
34.16 0.036773249685
34.23 0.0431650463312
34.3 0.0364627108037
34.37 0.11463685277
34.44 0.527783700578
34.51 0.334768307001
34.58 0.564853028232
34.65 0.376341105504
34.72 0.0996377651989
34.79 0.0549438620759
34.86 0.0439774443813
34.93 0.0446977539804
35.0 0.325398901785
35.07 0.327095862413
35.14 0.131224138037
35.21 0.0624641753574
35.28 0.04325278843
35.35 0.0410034317404
35.42 0.150288897961
35.49 0.378345156297
35.56 0.193764253378
35.63 0.0630896551258
35.7 0.043441830518
35.77 0.0478292945135
35.84 0.0366468123045
35.91 0.0384268742548
35.98 0.0424140573377
36.05 0.0367586325845
36.12 0.0456140605491
36.19 0.0351571516751
36.26 0.0311035992005
36.33 0.0391502250437
36.4 0.087712570198
36.47 0.0408264197668
36.54 0.0471412944154
36.61 0.327046083125
36.68 0.818857874991
36.75 0.611925964095
36.82 0.386723726044
36.89 0.153650556393
36.96 0.112105859275
37.03 0.086533593867
37.1 0.046465161062
37.17 0.0386798208267
37.24 0.0447297923954
37.31 0.0532873578906
37.38 0.0367466078561
37.45 0.0356917188952
37.52 0.434782375466
37.59 0.741469812395
37.66 0.413443026312
37.73 0.223225461023
37.8 0.116457520171
37.87 0.0670977172161
37.94 0.0498004290038
38.01 0.0453397664039
38.08 0.30592309291
38.15 0.651853241884
38.22 0.410198618856
38.29 0.272105438176
38.36 0.152665472974
38.43 0.116687031269
38.5 0.189026725805
38.57 0.342814105224
38.64 0.331359827888
38.71 0.12335715424
38.78 0.0727985156609
38.85 0.0670608207964
38.92 0.193592652353
38.99 0.201506108548
39.06 0.387015877754
39.13 0.228460483461
39.2 0.105214264432
39.27 0.0536228689984
39.34 0.0430861459445
39.41 0.0475121975054
39.48 0.0371654069941
39.55 0.0359928146485
39.62 0.0399920763179
39.69 0.0409507171837
39.76 0.0374853351453
39.83 0.0368863140882
39.9 0.0477033041555
39.97 0.0403701874229
40.04 0.0368150184715
40.11 0.149811037981
40.18 0.778331660523
40.25 0.495897203228
40.32 0.209956024179
40.39 0.694709047315
40.46 0.855190205998
40.53 0.63857875135
40.6 0.500093788573
40.67 0.457666817848
40.74 0.301881782392
40.81 0.408706651303
40.88 0.508837988697
40.95 0.312204914816
41.02 0.114567228551
41.09 0.0654862725499
41.16 0.0376265709487
41.23 0.0417373925839
41.3 0.0394246304958
41.37 0.041018955453
41.44 0.0472075812247
41.51 0.03493129575
41.58 0.586896236913
41.65 0.72612324105
41.72 0.57201798727
41.79 0.718667139244
41.86 0.567529508734
41.93 0.483427949407
42.0 0.474996471214
42.07 0.281074607361
42.14 0.282393539467
42.21 0.558247913837
42.28 0.30470388275
42.35 0.133767572764
42.42 0.0679375380382
42.49 0.107869600225
42.56 0.162206531278
42.63 0.55070756353
42.7 0.317209722409
42.77 0.187345206306
42.84 0.147927956172
42.91 0.66296954141
42.98 0.839568349519
43.05 0.664451532639
43.12 0.518287755651
43.19 0.550652384066
43.26 0.472075912782
43.33 0.440611841019
43.4 0.408637809822
43.47 0.228542793068
43.54 0.719391610283
43.61 0.500405587735
43.68 0.313004623887
43.75 0.0712389776793
43.82 0.135519441771
43.89 0.315430315733
43.96 0.30048352442
44.03 0.167121307802
44.1 0.0686086518126
44.17 0.0721408520606
44.24 0.122797857155
44.31 0.283684941085
44.38 0.295926728622
44.45 0.630568463597
44.52 0.578116957184
44.59 0.501583361234
44.66 0.493566824141
44.73 0.447353433748
44.8 0.382307227122
44.87 0.475943699539
44.94 0.434600286465
45.01 0.325555668482
45.08 0.263383799229
45.15 0.18355674721
45.22 0.173769429721
45.29 0.20503080097
45.36 0.366040896902
45.43 0.27283771685
45.5 0.239769550262
45.57 0.176691348969
45.64 0.315414045187
45.71 0.577947104753
45.78 0.597965873742
45.85 0.45689533224
45.92 0.374232164179
45.99 0.346285874838
46.06 0.284221675197
46.13 0.509075903461
46.2 0.486705553229
46.27 0.405170724071
46.34 0.32281411657
46.41 0.292388954056
46.48 0.280555089902
46.55 0.378523972519
46.62 0.437621798399
46.69 0.36627622468
46.76 0.308880156393
46.83 0.233023639905
46.9 0.0896253727271
46.97 0.233411134894
47.04 0.40330627718
47.11 0.412942992935
47.18 0.295282680361
47.25 0.209662219023
47.32 0.192608355262
47.39 0.159447834523
47.46 0.350314794393
47.53 0.512428131333
47.6 0.38131587282
47.67 0.203667620808
47.74 0.0908807917182
47.81 0.109750642607
47.88 0.416368905929
47.95 0.42019476053
48.02 0.369608417321
48.09 0.273562841367
48.16 0.110895810385
48.23 0.0489950325125
48.3 0.042785055577
48.37 0.0397177660153
48.44 0.042034215591
48.51 0.0400611188689
48.58 0.0403305316709
48.65 0.0590126366575
48.72 0.0363522136387
48.79 0.0350020904859
48.86 0.0294318549555
48.93 0.0443885400094
49.0 0.0515893685717
49.07 0.0434988537263
49.14 0.0387626869682
49.21 0.0383911357853
49.28 0.0360244975997
49.35 0.0639752356229
49.42 0.0440905572569
49.49 0.0433263245456
49.56 0.0455778858285
49.63 0.0343155373767
49.7 0.0487443515732
49.77 0.351119794129
49.84 0.564880348674
49.91 0.259535322412
49.98 0.124437089034
50.05 0.0536519793256
50.12 0.0422490054627
50.19 0.0299063900922
50.26 0.0401667616198
50.33 0.05362344169
50.4 0.0400767628647
50.47 0.0333559593793
50.54 0.0409863174173
50.61 0.0360356982986
50.68 0.0386730275194
50.75 0.0529901919866
50.82 0.0417881179798
50.89 0.0452926423225
50.96 0.0487620224305
51.03 0.033740271352
51.1 0.0811919430743
51.17 0.0303264171959
51.24 0.0522532420162
51.31 0.0415532803115
51.38 0.0369191208794
51.45 0.0382206765525
51.52 0.0302786450216
51.59 0.100778602782
51.66 0.82278154496
51.73 0.692205467616
51.8 0.507595190465
51.87 0.365293223775
51.94 0.368501876604
52.01 0.33168792991
52.08 0.374564224775
52.15 0.483822966584
52.22 0.302825763071
52.29 0.26739474632
52.36 0.221154399926
52.43 0.196703760901
52.5 0.214091125065
52.57 0.451022273905
52.64 0.397109425474
52.71 0.32227501988
52.78 0.257459591814
52.85 0.20231240447
52.92 0.239175828847
52.99 0.31936472681
53.06 0.284463754991
53.13 0.195657044016
53.2 0.140213670987
53.27 0.0900993100384
53.34 0.406749029821
53.41 0.44568709327
53.48 0.530286461634
53.55 0.468204973528
53.62 0.399986455754
53.69 0.35089890572
53.76 0.353490958194
53.83 0.442755154612
53.9 0.414653947704
53.97 0.458410622165
54.04 0.385637489847
54.11 0.346981774131
54.18 0.257638540885
54.25 0.457913822071
54.32 0.509083377176
54.39 0.56007147342
54.46 0.445320829162
54.53 0.355948975699
54.6 0.31202594061
54.67 0.418975428291
54.74 0.529801901701
54.81 0.473847267666
54.88 0.271117906006
54.95 0.196539308647
55.02 0.133730959997
55.09 0.0884357055543
55.16 0.200090380789
55.23 0.843152501333
55.3 0.660410758907
55.37 0.540866298132
55.44 0.500972724771
55.51 0.443740491165
55.58 0.380273175547
55.65 0.55143505242
55.72 0.517926547027
55.79 0.415563259895
55.86 0.344154025849
55.93 0.239609049401
56.0 0.265750121447
56.07 0.276408761387
56.14 0.520727434457
56.21 0.400152504004
56.28 0.247454549183
56.35 0.15726851676
56.42 0.156368778752
56.49 0.128284158358
56.56 0.471915747636
56.63 0.321697357168
56.7 0.192034803722
56.77 0.152310772209
56.84 0.129745396249
56.91 0.337027882376
56.98 0.483899179449
57.05 0.619526956878
57.12 0.539500931329
57.19 0.502452303155
57.26 0.402835267956
57.33 0.340214738814
57.4 0.355637532
57.47 0.446142031224
57.54 0.44953439957
57.61 0.399072752329
57.68 0.312049508934
57.75 0.51029735053
57.82 0.613062324272
57.89 0.535532144393
57.96 0.529159989813
58.03 0.486942252593
58.1 0.449658817271
58.17 0.400093373147
58.24 0.294319280231
58.31 0.408911744913
58.38 0.3749677659
58.45 0.274381285892
58.52 0.167168579095
58.59 0.123692193192
58.66 0.134282241195
58.73 0.270626313995
58.8 0.574106530721
58.87 0.633648627051
58.94 0.586305615931
59.01 0.467797053735
59.08 0.431785133808
59.15 0.408786711435
59.22 0.446274448653
59.29 0.451781485242
59.36 0.360067502639
59.43 0.119384288447
59.5 0.0541541239426
59.57 0.0492498497573
59.64 0.0556169560347
59.71 0.683149067984
59.78 0.632532704245
59.85 0.515281754863
59.92 0.450757844776
59.99 0.373007625653
60.06 0.401217065888
60.13 0.387971680296
60.2 0.333262609211
60.27 0.240714968954
60.34 0.117589779947
60.41 0.0546591427892
60.48 0.146801938554
60.55 0.216522947763
60.62 0.389700774489
60.69 0.392878475042
60.76 0.245027464207
60.83 0.190561117418
60.9 0.767710890039
60.97 0.961646322554
61.04 0.688717256905
61.11 0.320130428054
61.18 0.228445598865
61.25 0.153449889923
61.32 0.327276172301
61.39 0.904793322098
61.46 0.673361317834
61.53 0.335165970408
61.6 0.164618620352
61.67 0.106256317201
61.74 0.0718118326545
61.81 0.793154928181
61.88 0.685222926114
61.95 0.404882091093
62.02 0.225899591514
62.09 0.103949788296
62.16 0.056766547362
62.23 0.042482685181
62.3 0.0384141421894
62.37 0.490879433775
62.44 0.651410326864
62.51 0.288090366771
62.58 0.0916306838008
62.65 0.0490944654193
62.72 0.0435267396784
62.79 0.0368305314124
62.86 0.0411906929191
62.93 0.0483521547681
63.0 0.0591731662436
63.07 0.0368760702691
63.14 0.0357339239327
63.21 0.0401236786945
63.28 0.186397347841
63.35 0.351891654949
63.42 0.135166487805
63.49 0.0468452290129
63.56 0.0373971190948
63.63 0.0349330228012
63.7 0.108037314488
63.77 0.349911274811
63.84 0.15704176679
63.91 0.0704111025937
63.98 0.0411548162136
64.05 0.0413129921988
64.12 0.035144864837
64.19 0.235044036645
64.26 0.270832852799
64.33 0.11686217257
64.4 0.0706044964197
64.47 0.0463581916055
64.54 0.042829935569
64.61 0.0451021334978
64.68 0.0375751974598
64.75 0.0555606976121
64.82 0.0402295620118
64.89 0.0367121188955
64.96 0.0438668466812
65.03 0.0328878459287
65.1 0.041363170037
65.17 0.0400863406381
65.24 0.0346358443303
65.31 0.0343018215026
65.38 0.175174895708
65.45 1.0
65.52 0.747345829337
65.59 0.53360625613
65.66 0.386230310037
65.73 0.295191345924
65.8 0.212428127383
65.87 0.147845881745
65.94 0.140922262849
66.01 0.649834916887
66.08 0.288766859179
66.15 0.124118275746
66.22 0.0692952677563
66.29 0.0438851045922
66.36 0.0402462921468
66.43 0.642429003691
66.5 0.722466249686
66.57 0.44845002148
66.64 0.198710156319
66.71 0.0929659780111
66.78 0.0648489439897
66.85 0.0628085443347
66.92 0.257316402755
66.99 0.126344789401
67.06 0.0828284389589
67.13 0.0610926328205
67.2 0.0440349882184
67.27 0.0351581749799
67.34 0.570936397237
67.41 0.357515509853
67.48 0.176214596672
67.55 0.0550757750345
67.62 0.0551642855095
67.69 0.0466361068133
67.76 0.522162217228
67.83 0.454542140637
67.9 0.29770221263
67.97 0.177617859861
68.04 0.149920339495
68.11 0.178629118338
68.18 0.201849122095
68.25 0.173963762474
68.32 0.142317334214
68.39 0.136349261135
68.46 0.141409467216
68.53 0.159142390623
68.6 0.163766209291
68.67 0.157500636388
68.74 0.15968060763
68.81 0.146583735872
68.88 0.183859848282
68.95 0.189367938695
69.02 0.0697994733449
69.09 0.102084082919
69.16 0.191383308674
69.23 0.19272538542
69.3 0.172826102521
69.37 0.164115394982
69.44 0.108192926826
69.51 0.119937501357
69.58 0.279870008915
69.65 0.142316099067
69.72 0.0928004144837
69.79 0.081701412399
69.86 0.0687475501725
69.93 0.0706895025248
70.0 0.222855380167
70.07 0.250508774555
70.14 0.166941733975
70.21 0.133047532455
70.28 0.121546010755
70.35 0.105886536156
70.42 0.124800453779
70.49 0.152517345123
70.56 0.100712213643
70.63 0.0685076606102
70.7 0.0725539188967
70.77 0.0556285642602
70.84 0.132452249153
70.91 0.179606656232
70.98 0.120471011162
71.05 0.0995209881743
71.12 0.107039060957
71.19 0.085367552467
71.26 0.103767848302
71.33 0.161120246609
71.4 0.100098419296
71.47 0.0663321075315
71.54 0.0906916167801
71.61 0.090676777066
71.68 0.0684874853491
71.75 0.223473359291
71.82 0.161664242595
71.89 0.122399184806
71.96 0.0902480500766
72.03 0.0704893764307
72.1 0.0621187561463
72.17 0.172649821223
72.24 0.0901461271283
72.31 0.0603539827279
72.38 0.0639670384133
72.45 0.0652790066611
72.52 0.0549342142869
72.59 0.0989298196347
72.66 0.142575548112
72.73 0.121726387067
72.8 0.112739940189
72.87 0.0905727464689
72.94 0.0762434010847
73.01 0.574297540426
73.08 0.621514891518
73.15 0.393684792508
73.22 0.281985906918
73.29 0.142184963461
73.36 0.250837727536
73.43 0.3507032696
73.5 0.735695784826
73.57 0.283030580784
73.64 0.247470940012
73.71 0.125904899414
73.78 0.153919972786
73.85 0.147787016588
73.92 0.363295443865
73.99 0.351075481443
74.06 0.31417233848
74.13 0.242237152721
74.2 0.097403232066
74.27 0.0549654933021
74.34 0.157070970471
74.41 0.1273077461
74.48 0.0950770557094
74.55 0.0820720282455
74.62 0.0876476424093
74.69 0.146127429922
74.76 0.223258188822
74.83 0.348174083943
74.9 0.341752848435
74.97 0.287607287938
75.04 0.106226284105
75.11 0.273413433488
75.18 0.311758538512
75.25 0.390037414822
75.32 0.318092094756
75.39 0.235761463038
75.46 0.202852185158
75.53 0.203467995595
75.6 0.190146589231
75.67 0.392417334426
75.74 0.362506971398
75.81 0.284597495536
75.88 0.195987758159
75.95 0.120777126495
76.02 0.137684891061
76.09 0.486425621931
76.16 0.322428528159
76.23 0.120941092231
76.3 0.063392853142
76.37 0.637289766168
76.44 0.878573238359
76.51 0.694155227604
76.58 0.606098114287
76.65 0.579151703198
76.72 0.58052039664
76.79 0.560271651577
76.86 0.476343287477
76.93 0.465573916986
77.0 0.391792167035
77.07 0.303804336836
77.14 0.162768257365
77.21 0.0638436547896
77.28 0.734897359374
77.35 0.72131518085
77.42 0.612390251822
77.49 0.546862481572
77.56 0.494820695608
77.63 0.506368266023
77.7 0.466683042894
77.77 0.428483559521
77.84 0.453017427332
77.91 0.425232245655
77.98 0.239605988463
78.05 0.184510928622
78.12 0.146887766894
78.19 0.872218034732
78.26 0.722659819449
78.33 0.495013911702
78.4 0.417442950437
78.47 0.37710913701
78.54 0.35525931677
78.61 0.44370008499
78.68 0.560354638002
78.75 0.449390792213
78.82 0.327213490397
78.89 0.259177282442
78.96 0.239622908896
79.03 0.346087578126
79.1 0.435942930517
79.17 0.374563422288
79.24 0.510612232173
79.31 0.48124824207
79.38 0.400307238454
79.45 0.322992015408
79.52 0.396894870783
79.59 0.419932397759
79.66 0.731680087446
79.73 0.356981960552
79.8 0.293351400898
79.87 0.245798991106
79.94 0.226229411611
80.01 0.20815683361
80.08 0.751524436833
80.15 0.593137424643
80.22 0.40173785799
80.29 0.357255069818
80.36 0.331772058127
80.43 0.318679760721
80.5 0.342997353971
80.57 0.709193635211
80.64 0.517038408268
80.71 0.446204506671
80.78 0.272951987676
80.85 0.185978880828
80.92 0.17069579926
80.99 0.278157754369
81.06 0.530898686913
81.13 0.468975821815
81.2 0.323233904903
81.27 0.194131289454
81.34 0.377586318377
81.41 0.356845031605
81.48 0.41449260127
81.55 0.323125448961
81.62 0.271604069116
81.69 0.162399264444
81.76 0.293104874217
81.83 0.596128057907
81.9 0.477861844796
81.97 0.639138357222
82.04 0.491175840279
82.11 0.496824565079
82.18 0.411249978313
82.25 0.391970532644
82.32 0.433747638428
82.39 0.34174408392
82.46 0.385926043834
82.53 0.333028337054
82.6 0.312200432023
82.67 0.274207241502
82.74 0.70170261717
82.81 0.760221911426
82.88 0.427378690202
82.95 0.22639375974
83.02 0.12677543015
83.09 0.0891152086324
83.16 0.0707982115994
83.23 0.0666248498866
83.3 0.0508676640467
83.37 0.0387383915591
83.44 0.0397048472416
83.51 0.0479290146637
83.58 0.0606437018458
83.65 0.0717882535587
83.72 0.622634236112
83.79 0.508388896148
83.86 0.469596167107
83.93 0.333617636716
84.0 0.385019119354
84.07 0.325463348441
84.14 0.452888422714
84.21 0.426442980339
84.28 0.277520100865
84.35 0.245190690291
84.42 0.258454285322
84.49 0.604704252935
84.56 0.599160093723
84.63 0.555983087293
84.7 0.50667682831
84.77 0.505599144787
84.84 0.473206273161
84.91 0.385679405846
84.98 0.236928942451
85.05 0.393383079181
85.12 0.297798559466
85.19 0.224618053118
85.26 0.127270964577
85.33 0.139066585858
85.4 0.620017791284
85.47 0.593120816587
85.54 0.486042724632
85.61 0.395889211757
85.68 0.355198676089
85.75 0.330866440605
85.82 0.585134833219
85.89 0.648500060723
85.96 0.532313612185
86.03 0.423873526743
86.1 0.418650482356
86.17 0.334361151994
86.24 0.336232419122
86.31 0.338281691008
86.38 0.570092248015
86.45 0.557316329508
86.52 0.472843500856
86.59 0.365302638179
86.66 0.253913255598
86.73 0.349098864193
86.8 0.550350954392
86.87 0.443601023704
86.94 0.288815471541
87.01 0.241704481308
87.08 0.237248831106
87.15 0.434380432132
87.22 0.40199260881
87.29 0.553914720899
87.36 0.491783710229
87.43 0.453274664603
87.5 0.395363649619
87.57 0.450842023261
87.64 0.539830381601
87.71 0.495697274614
87.78 0.275880745113
87.85 0.218948127957
87.92 0.154813967721
87.99 0.370047201422
88.06 0.570040129488
88.13 0.476951502119
88.2 0.356108862577
88.27 0.323741679491
88.34 0.182367984855
88.41 0.125030503458
88.48 0.601133635672
88.55 0.296394822325
88.62 0.340525318987
88.69 0.526768887463
88.76 0.442357929252
88.83 0.373814596597
88.9 0.246095494555
88.97 0.0998567972971
89.04 0.471314083939
89.11 0.618935964274
89.18 0.391818600613
89.25 0.245856039448
89.32 0.198447624793
89.39 0.072107183539
89.46 0.0753618689247
89.53 0.0692877994269
89.6 0.0621600689338
89.67 0.103781822695
89.74 0.0503469670942
89.81 0.0458082640426
89.88 0.0845663533205
89.95 0.0828271176391
90.02 0.0968117385823
90.09 0.0973566950385
90.16 0.0533950149361
90.23 0.0622233127579
90.3 0.0758413015621
90.37 0.0674095217638
90.44 0.0972908552518
90.51 0.0720803244823
90.58 0.0524847835661
90.65 0.112325961355
90.72 0.0810881602247
90.79 0.0782650257904
90.86 0.111996229226
90.93 0.0518429829846
91.0 0.0509409344621
91.07 0.109694579869
91.14 0.084084949475
91.21 0.0613742786025
91.28 0.118696153704
91.35 0.0560432109353
91.42 0.0484279331778
91.49 0.0915145099874
91.56 0.0691360487183
91.63 0.0663525125873
91.7 0.108920665258
91.77 0.091604347168
91.84 0.0563518504194
91.91 0.0955166746109
91.98 0.0790163882004
92.05 0.115755281775
92.12 0.103024390472
92.19 0.0544536219042
92.26 0.319631145099
92.33 0.606619328278
92.4 0.465784380253
92.47 0.355890354699
92.54 0.302684803739
92.61 0.308293109797
92.68 0.473699814837
92.75 0.462229949158
92.82 0.419414074156
92.89 0.303730064659
92.96 0.21913855779
93.03 0.187007826321
93.1 0.593704981772
93.17 0.510507580412
93.24 0.355549508044
93.31 0.285028421733
93.38 0.26605310403
93.45 0.189148222598
93.52 0.299287683309
93.59 0.190905423561
93.66 0.129564872724
93.73 0.310780763643
93.8 0.180065378617
93.87 0.109090946759
93.94 0.434709697491
94.01 0.353341304363
94.08 0.279710499044
94.15 0.284810666073
94.22 0.263595599973
94.29 0.289302999057
94.36 0.291049898752
94.43 0.160299197146
94.5 0.210017680983
94.57 0.190743017916
94.64 0.136383836269
94.71 0.327484472266
94.78 0.348635761346
94.85 0.269227810071
94.92 0.333577169501
94.99 0.330431821535
95.06 0.239721605742
95.13 0.37120166332
95.2 0.505964608205
95.27 0.453665385695
95.34 0.351694553887
95.41 0.382081381969
95.48 0.267616692144
95.55 0.406659993331
95.62 0.404078599384
95.69 0.365354771068
95.76 0.276898403734
95.83 0.23762568193
95.9 0.351899496695
95.97 0.64472877699
96.04 0.543336286507
96.11 0.356794658082
96.18 0.317795260977
96.25 0.169616363552
96.32 0.380786644737
96.39 0.723962459466
96.46 0.542576988997
96.53 0.405628512915
96.6 0.297616847471
96.67 0.23613201246
96.74 0.291937565355
96.81 0.316907405871
96.88 0.258473665277
96.95 0.2200916387
97.02 0.217879521327
97.09 0.156001882708
97.16 0.423913787501
97.23 0.579401705525
97.3 0.389799893223
97.37 0.350038712157
97.44 0.312503919078
97.51 0.276578297851
97.58 0.459013982393
97.65 0.454815287604
97.72 0.351548966346
97.79 0.356086971037
97.86 0.430215895974
97.93 0.3188242711
98.0 0.654787591592
98.07 0.40632584663
98.14 0.182603337766
98.21 0.762316776028
98.28 0.735392202622
98.35 0.57200942203
98.42 0.558736918862
98.49 0.379668748928
98.56 0.461290490769
98.63 0.362851428344
98.7 0.248663355746
98.77 0.207451412198
98.84 0.448461304761
98.91 0.486251990453
98.98 0.323656380757
99.05 0.383361460809
99.12 0.320247643125
99.19 0.290057361366
99.26 0.507510098187
99.33 0.498739354974
99.4 0.425587025412
99.47 0.341783675042
99.54 0.267988018918
99.61 0.233524639139
99.68 0.469466002743
99.75 0.418529348208
99.82 0.358403321873
99.89 0.331861137703
99.96 0.316255591265
100.03 0.293225503894
100.1 0.368477123401
100.17 0.220443375471
100.24 0.201760252566
100.31 0.28899166487
100.38 0.188339538965
100.45 0.142253939587
100.52 0.42609622006
100.59 0.301064449141
100.66 0.246589036231
100.73 0.24320679142
100.8 0.218300526853
100.87 0.251105757979
100.94 0.306170167149
101.01 0.233327109007
101.08 0.239960244
101.15 0.232955381888
101.22 0.157224950907
101.29 0.325423890169
101.36 0.374178020586
101.43 0.274017714691
101.5 0.367687634811
101.57 0.319918778112
101.64 0.227540582758
101.71 0.375600460865
101.78 0.433782346412
101.85 0.397986898525
101.92 0.291839426839
101.99 0.353484543689
102.06 0.350059551669
102.13 0.418258262213
102.2 0.35383478859
102.27 0.332977146682
102.34 0.259525547159
102.41 0.273090027896
102.48 0.464523087134
102.55 0.551987114561
102.62 0.396462160086
102.69 0.276320486093
102.76 0.278703779012
102.83 0.272995704332
102.9 0.664111192251
102.97 0.586327225614
103.04 0.419393315432
103.11 0.380667941386
103.18 0.33422173121
103.25 0.363752537939
103.32 0.36409084249
103.39 0.313128546092
103.46 0.2271183744
103.53 0.223252582189
103.6 0.169676275352
103.67 0.248157570318
103.74 0.648552602934
103.81 0.452267100794
103.88 0.382840806943
103.95 0.345666992693
104.02 0.311413860748
104.09 0.421548949973
104.16 0.484593066242
104.23 0.412441808788
104.3 0.343429845645
104.37 0.478232205714
104.44 0.41126001029
104.51 0.398938103376
104.58 0.70518619967
104.65 0.38983220811
104.72 0.196914965616
104.79 0.935845122331
104.86 0.672104661901
104.93 0.520456079171
105.0 0.460974862293
105.07 0.406354788202
105.14 0.578757842177
105.21 0.662794292392
105.28 0.253448431085
105.35 0.105905724018
105.42 0.470973445536
105.49 0.618709221485
105.56 0.487375383384
105.63 0.48626188599
105.7 0.400006939801
105.77 0.229347308081
105.84 0.526735865239
105.91 0.319027698698
105.98 0.169188465978
106.05 0.423521391421
106.12 0.55403474557
106.19 0.309799249223
106.26 0.505335243469
106.33 0.336068961448
106.4 0.269146714067
106.47 0.523956206894
106.54 0.252579255779
106.61 0.159106955554
106.68 0.476450651893
106.75 0.530018589175
106.82 0.489114723191
106.89 0.506932625773
106.96 0.39841721792
107.03 0.328782342247
107.1 0.540768050105
107.17 0.444804527034
107.24 0.325311224316
107.31 0.355237357009
107.38 0.511368237155
107.45 0.521200610573
107.52 0.512812324817
107.59 0.514031041278
107.66 0.37185657477
107.73 0.499465359174
107.8 0.266520463467
107.87 0.390212931335
107.94 0.562374106587
108.01 0.37099997175
108.08 0.272077426555
108.15 0.447460171615
108.22 0.481030244048
108.29 0.358442582665
108.36 0.480551987314
108.43 0.407793172287
108.5 0.458448628062
108.57 0.431668807396
108.64 0.28953290691
108.71 0.299501042349
108.78 0.444459536893
108.85 0.443186784556
108.92 0.538998678996
108.99 0.334966273383
109.06 0.357815799529
109.13 0.309983636172
109.2 0.506546908103
109.27 0.214554560038
109.34 0.265536471572
109.41 0.449470931337
109.48 0.481485716992
109.55 0.510782368257
109.62 0.314811158911
109.69 0.332161307097
109.76 0.321908834764
109.83 0.524356945601
109.9 0.228091828051
109.97 0.247840898789
110.04 0.463481445481
110.11 0.417084212107
110.18 0.390640663744
110.25 0.386561020589
110.32 0.260521474018
110.39 0.493032102528
110.46 0.816281813001
110.53 0.620380701825
110.6 0.504688911622
110.67 0.443020344936
110.74 0.402257596268
110.81 0.41214362676
110.88 0.361176571098
110.95 0.384149376742
111.02 0.421369923705
111.09 0.390067460486
111.16 0.416356279785
111.23 0.700823693539
111.3 0.564206945928
111.37 0.263479255609
111.44 0.352534342395
111.51 0.942111560555
111.58 0.828850514091
111.65 0.712346392263
111.72 0.632051648683
111.79 0.567886945492
111.86 0.70723588806
111.93 0.559529782563
112.0 0.308077023739
112.07 0.294995435127
112.14 0.481089509551
112.21 0.402987605719
112.28 0.31058877731
112.35 0.266846915635
112.42 0.244652780275
112.49 0.495490082331
112.56 0.536788798531
112.63 0.363828657451
112.7 0.291578792915
112.77 0.215973540829
112.84 0.234418361192
112.91 0.366799077753
112.98 0.300442917174
113.05 0.219061662721
113.12 0.189190161935
113.19 0.194844170219
113.26 0.169639816979
113.33 0.315335178911
113.4 0.161979160144
113.47 0.122729529122
113.54 0.343139909299
113.61 0.17118242555
113.68 0.122267097706
113.75 0.344626404865
113.82 0.316850642977
113.89 0.276694238279
113.96 0.272012915269
114.03 0.254078526496
114.1 0.264581484084
114.17 0.288479195647
114.24 0.192579007959
114.31 0.188380934335
114.38 0.201118583039
114.45 0.114134241383
114.52 0.308317708607
114.59 0.29135498719
114.66 0.227059153779
114.73 0.374713977346
114.8 0.272960660632
114.87 0.250601810909
114.94 0.471319685186
115.01 0.420925841758
115.08 0.369298864044
115.15 0.332776085252
115.22 0.294321172447
115.29 0.298214805727
115.36 0.543932828294
115.43 0.420643718434
115.5 0.330564161768
115.57 0.233102613898
115.64 0.265328141087
115.71 0.501650822151
115.78 0.556482542593
115.85 0.432420150058
115.92 0.284603759238
115.99 0.249570589012
116.06 0.208517072788
116.13 0.615104670001
116.2 0.496013773797
116.27 0.400885299717
116.34 0.406309660462
116.41 0.314344964605
116.48 0.306619722878
116.55 0.261574892651
116.62 0.218194499914
116.69 0.255602058513
116.76 0.20231458393
116.83 0.275447357599
116.9 0.373246664256
116.97 0.589301295703
117.04 0.411755375962
117.11 0.354992498135
117.18 0.314388625608
117.25 0.289941018797
117.32 0.469855181696
117.39 0.411551986064
117.46 0.330978539152
117.53 0.329613172349
117.6 0.294350956001
117.67 0.349898438619
117.74 0.852782199372
117.81 0.590389248179
117.88 0.465722567261
117.95 0.374908437563
118.02 0.289818048085
118.09 0.295028760752
118.16 0.713477451002
118.23 0.539187798281
118.3 0.370112139982
118.37 0.289375186924
118.44 0.208547886828
118.51 0.219144040549
118.58 0.987370527174
118.65 0.478137447694
118.72 0.380644744683
118.79 0.392148058065
118.86 0.393633754735
118.93 0.432695901964
119.0 0.671464482449
119.07 0.453958980804
119.14 0.457514998919
119.21 0.395627462969
119.28 0.32245319878
119.35 0.442463602522
119.42 0.955308050132
119.49 0.57054630808
119.56 0.407633770131
119.63 0.360156783285
119.7 0.285364433721
119.77 0.528743124182
119.84 0.571998946621
119.91 0.452154149493
119.98 0.381750969432
120.05 0.344092930965
120.12 0.267224804126
120.19 0.904246898905
120.26 0.666402315932
120.33 0.462232665404
120.4 0.421390156414
120.47 0.387016305029
120.54 0.33872669752
120.61 0.615038691978
120.68 0.555757150581
120.75 0.502750885528
120.82 0.505989610951
120.89 0.467640705337
120.96 0.361466300988
121.03 0.932144351476
121.1 0.605334619432
121.17 0.487106282959
121.24 0.432054191146
121.31 0.3626002555
121.38 0.367925373638
121.45 0.721391002346
121.52 0.62901044262
121.59 0.533547153998
121.66 0.481126413152
121.73 0.40578764578
121.8 0.563881228027
121.87 0.748631990557
121.94 0.5349954408
122.01 0.553112412274
122.08 0.502981683836
122.15 0.483283645485
122.22 0.485954032835
122.29 0.522740285671
122.36 0.43000561762
122.43 0.427481356393
122.5 0.386312368306
122.57 0.319042550979
122.64 0.75910251118
122.71 0.798920627486
122.78 0.599378095335
122.85 0.488973264774
122.92 0.421546802828
122.99 0.322607514932
123.06 0.598339037078
123.13 0.791437323726
123.2 0.595487126237
123.27 0.461150330333
123.34 0.516413546073
123.41 0.414199801466
123.48 0.926421708167
123.55 0.649808052445
123.62 0.516448842906
123.69 0.47428217398
123.76 0.402217224202
123.83 0.41279192802
123.9 0.901447063505
123.97 0.704219203611
124.04 0.550909998344
124.11 0.431470907439
124.18 0.275357084167
124.25 0.199440293234
124.32 0.741428294947
124.39 0.643873708927
124.46 0.422268239858
124.53 0.432865700537
124.6 0.399272327274
124.67 0.278283547247
124.74 0.554346151567
124.81 0.425629059899
124.88 0.194345774129
124.95 0.481846652735
125.02 0.464229723615
125.09 0.459779671069
125.16 0.554193115444
125.23 0.418844761251
125.3 0.228165159505
125.37 0.506867588473
125.44 0.315529175948
125.51 0.158867067787
125.58 0.465651955642
125.65 0.530785105471
125.72 0.478575285687
125.79 0.474643648304
125.86 0.319746864709
125.93 0.294144050961
126.0 0.489869464302
126.07 0.412019857153
126.14 0.464844720793
126.21 0.419088115688
126.28 0.366198792825
126.35 0.414083760503
126.42 0.432693932551
126.49 0.395722930121
126.56 0.398795720394
126.63 0.334879615629
126.7 0.159688899989
126.77 0.412601040393
126.84 0.528369749003
126.91 0.432170492424
126.98 0.513161453059
127.05 0.367869291152
127.12 0.304434525601
127.19 0.329897600802
127.26 0.242747727933
127.33 0.23988466307
127.4 0.435827796166
127.47 0.20622309642
127.54 0.0802172453004
127.61 0.511825349182
127.68 0.468219127449
127.75 0.350241604765
127.82 0.384106362037
127.89 0.352412355492
127.96 0.264925353976
128.03 0.512257408195
128.1 0.266135551873
128.17 0.167133312782
128.24 0.601930335869
128.31 0.400189176015
128.38 0.363694633253
128.45 0.33566527311
128.52 0.320051328392
128.59 0.193553836788
128.66 0.517511665171
128.73 0.310748486457
128.8 0.32999918983
128.87 0.551693318382
128.94 0.451550995721
129.01 0.318861327299
129.08 0.367565868726
129.15 0.294561525189
129.22 0.343291266843
129.29 0.796206275732
129.36 0.479853019902
129.43 0.349314934094
129.5 0.267115046613
129.57 0.203281757721
129.64 0.274722297711
129.71 0.785692526767
129.78 0.493315389188
129.85 0.448819168794
129.92 0.159020583247
129.99 0.111072436375
130.06 0.198756942889
130.13 0.672755271879
130.2 0.429959999771
130.27 0.295693824461
130.34 0.220521320773
130.41 0.56793024026
130.48 0.334453533074
130.55 0.524564216876
130.62 0.367279804781
130.69 0.273907903319
130.76 0.137538256876
130.83 0.526192989502
130.9 0.441358454936
130.97 0.583593497495
131.04 0.3668279529
131.11 0.234237128535
131.18 0.18939981733
131.25 0.814245564013
131.32 0.883939859583
131.39 0.624342914477
131.46 0.594192927587
131.53 0.483202614111
131.6 0.420960122467
131.67 0.436395252759
131.74 0.355170899649
131.81 0.499993887101
131.88 0.900340971606
131.95 0.367646343566
132.02 0.302169900128
132.09 0.182965564309
132.16 0.297016438669
132.23 0.422495844377
132.3 0.362851729949
132.37 0.108909355048
132.44 0.0533107377112
132.51 0.129981786827
132.58 0.479531686053
132.65 0.406164516353
132.72 0.528363115475
132.79 0.590305414387
132.86 0.488724120587
132.93 0.427656485127
133.0 0.38179535752
133.07 0.456038424023
133.14 0.503882502598
133.21 0.506822561269
133.28 0.416350990915
133.35 0.330159207764
133.42 0.222474768249
133.49 0.458134319111
133.56 0.604409796096
133.63 0.548687893875
133.7 0.371851628797
133.77 0.348643303281
133.84 0.267863509659
133.91 0.25515763367
133.98 0.317925299672
134.05 0.368609819098
134.12 0.440277311925
134.19 0.496501730383
134.26 0.44014555695
134.33 0.436500028394
134.4 0.532748039161
134.47 0.3781100637
134.54 0.183306924411
134.61 0.121795230343
134.68 0.0878729346191
134.75 0.0858800073282
134.82 0.287286036671
134.89 0.54967777067
134.96 0.305377768424
135.03 0.11978483506
135.1 0.0577434694773
135.17 0.102759891328
135.24 0.150857194742
135.31 0.471747336808
135.38 0.362289696871
135.45 0.270076973486
135.52 0.215013041857
135.59 0.63394116295
135.66 0.686959145739
135.73 0.499615249981
135.8 0.311720168175
135.87 0.145960047784
135.94 0.0920717101952
136.01 0.174658010116
136.08 0.288176931172
136.15 0.717374549157
136.22 0.276673581885
136.29 0.0670064132986
136.36 0.0457983290101
136.43 0.822539996566
136.5 0.77648535485
136.57 0.61330946314
136.64 0.572793578664
136.71 0.522381791498
136.78 0.546604994758
136.85 0.462056987317
136.92 0.41713611161
136.99 0.47275726858
137.06 0.704928231724
137.13 0.447061766761
137.2 0.388601508212
137.27 0.434232972123
137.34 0.515739207991
137.41 0.508133919124
137.48 0.475008030967
137.55 0.339917752437
137.62 0.271138391849
137.69 0.222897427221
137.76 0.264461376831
137.83 0.44374997738
137.9 0.572679632783
137.97 0.428363147072
138.04 0.402442688758
138.11 0.414051713111
138.18 0.388521282915
138.25 0.344428147648
138.32 0.332089429812
138.39 0.307868174421
138.46 0.281671549494
138.53 0.20890901646
138.6 0.221423731941
138.67 0.172997642507
138.74 0.572905043481
138.81 0.603887966327
138.88 0.349873979841
138.95 0.127751772393
139.02 0.101686020962
139.09 0.100634228844
139.16 0.116250353022
139.23 0.653950917881
139.3 0.506767326151
139.37 0.419800023416
139.44 0.375929367169
139.51 0.461410337708
139.58 0.514563061008
139.65 0.497728457345
139.72 0.371414918235
139.79 0.246783148166
139.86 0.228248384701
139.93 0.36316173743
140.0 0.506540319457
140.07 0.414756193802
140.14 0.437360905955
140.21 0.226989834756
140.28 0.10530914812
140.35 0.0903139006349
140.42 0.401343600213
140.49 0.308246989272
140.56 0.48781096831
140.63 0.429747836382
140.7 0.401282343755
140.77 0.240088552054
140.84 0.167363861547
140.91 0.186976996124
140.98 0.596596528617
141.05 0.438509529631
141.12 0.420429790293
141.19 0.25835346467
141.26 0.336714429769
141.33 0.390855888071
141.4 0.476557183303
141.47 0.394460523933
141.54 0.365550369487
141.61 0.364181300834
141.68 0.318779687327
141.75 0.330951421576
141.82 0.432672021263
141.89 0.342775018573
141.96 0.261258515547
142.03 0.19689664487
142.1 0.181929245636
142.17 0.187248924101
142.24 0.961365516959
142.31 0.486039460829
142.38 0.33736945432
142.45 0.222361529705
142.52 0.142681427839
142.59 0.103504963107
142.66 0.423916326015
142.73 0.629900534635
142.8 0.452696772096
142.87 0.299271865172
142.94 0.109926387119
143.01 0.15492769817
143.08 0.272266912075
143.15 0.751898447538
143.22 0.54509401169
143.29 0.47224947963
143.36 0.334559755698
143.43 0.313807462116
143.5 0.324476810852
143.57 0.560950607098
143.64 0.565793570966
143.71 0.454009038359
143.78 0.240096402776
143.85 0.220394328654
143.92 0.277092014788
143.99 0.609659521807
144.06 0.409386929938
144.13 0.322197600592
144.2 0.167211353234
144.27 0.793572765054
144.34 0.510390552049
144.41 0.395113562914
144.48 0.299241318627
144.55 0.142590495543
144.62 0.07461050831
144.69 0.139523135965
144.76 0.440212673175
144.83 0.534596664325
144.9 0.692365632762
144.97 0.606115700767
145.04 0.423794635332
145.11 0.37504552988
145.18 0.449648490869
145.25 0.44349139545
145.32 0.66686155356
145.39 0.541753767255
145.46 0.484545058887
145.53 0.284645502891
145.6 0.252370040225
145.67 0.333035627651
145.74 0.566023898913
145.81 0.387797169135
145.88 0.332949310998
145.95 0.29455158118
146.02 0.666761187112
146.09 0.50867537121
146.16 0.366512301085
146.23 0.21102433818
146.3 0.125362438385
146.37 0.103219434153
146.44 0.109201174633
146.51 0.169634352172
146.58 0.586380823444
146.65 0.619473226197
146.72 0.502395191979
146.79 0.348770778329
146.86 0.321154955383
146.93 0.579620866883
147.0 0.516089968135
147.07 0.540888241736
147.14 0.445441877138
147.21 0.388551752263
147.28 0.246640643105
147.35 0.587597785925
147.42 0.397695572639
147.49 0.7360931951
147.56 0.598615733297
147.63 0.401450982582
147.7 0.231017406062
147.77 0.15365496558
147.84 0.170037142875
147.91 0.728245444046
147.98 0.652141336281
148.05 0.550893713436
148.12 0.482473256343
148.19 0.596259692599
148.26 0.586804064084
148.33 0.525255864965
148.4 0.474036851926
148.47 0.426882010392
148.54 0.371435131197
148.61 0.403400597153
148.68 0.388837665405
148.75 0.420279876147
148.82 0.402684793686
148.89 0.456666993454
148.96 0.515851408869
149.03 0.463705066293
149.1 0.465462809429
149.17 0.83985673475
149.24 0.666415997696
149.31 0.432959399346
149.38 0.271999283773
149.45 0.204710266017
149.52 0.155599668288
149.59 0.101100967117
149.66 0.0683978384673
149.73 0.0406626730541
149.8 0.0311602238586
149.87 0.0114355131587
149.94 0.00633629403284
150.01 0.0
