0.0 0.0
0.07 0.0
0.14 0.0
0.21 0.0
0.28 0.0
0.35 2.41459779018e-05
0.42 0.0358008166711
0.49 0.0782576595886
0.56 0.0692797727128
0.63 0.0854264867534
0.7 0.088248945246
0.77 0.0898047626106
0.84 0.0818492508622
0.91 0.138588478907
0.98 0.177591568592
1.05 0.150561210023
1.12 0.164497225444
1.19 0.167919447436
1.26 0.158807360807
1.33 0.311662705989
1.4 0.473641939967
1.47 0.447438278247
1.54 0.418497429755
1.61 0.328564290078
1.68 0.341706372846
1.75 0.239444598321
1.82 0.201749102782
1.89 0.196308307684
1.96 0.328740916339
2.03 0.356081293799
2.1 0.359691582526
2.17 0.287106023747
2.24 0.338924753341
2.31 0.250362735323
2.38 0.116709887082
2.45 0.170724494882
2.52 0.377429734238
2.59 0.361691645261
2.66 0.296166762757
2.73 0.203000077176
2.8 0.181155610788
2.87 0.309141804961
2.94 0.132686105788
3.01 0.145712741491
3.08 0.26358065378
3.15 0.273442003359
3.22 0.283229845968
3.29 0.182523728452
3.36 0.103527057976
3.43 0.144756757112
3.5 0.149425775345
3.57 0.133067035672
3.64 0.197879633209
3.71 0.245161541661
3.78 0.476594870838
3.85 0.336932606824
3.92 0.197997973801
3.99 0.156642085561
4.06 0.211127322559
4.13 0.199178564593
4.2 0.205733000273
4.27 0.213394478794
4.34 0.199101998396
4.41 0.159863202131
4.48 0.194430785074
4.55 0.242339131275
4.62 0.290629647443
4.69 0.289540412972
4.76 0.24824799701
4.83 0.223033830409
4.9 0.196275124781
4.97 0.162476480411
5.04 0.173575104677
5.11 0.141806521996
5.18 0.119463912966
5.25 0.118954632742
5.32 0.224090159927
5.39 0.248186922938
5.46 0.224950397806
5.53 0.10487907951
5.6 0.158913020841
5.67 0.20147343917
5.74 0.199250184714
5.81 0.286864653054
5.88 0.307539789171
5.95 0.43250671874
6.02 0.373425924155
6.09 0.316441541028
6.16 0.284308773142
6.23 0.366557795662
6.3 0.36394585546
6.37 0.355835459878
6.44 0.264174156287
6.51 0.213460570212
6.58 0.120407603421
6.65 0.137319311288
6.72 0.281451790106
6.79 0.369327108772
6.86 0.319603905117
6.93 0.37758690581
7.0 0.402384026901
7.07 0.326180656939
7.14 0.337971619728
7.21 0.223918483307
7.28 0.191821779378
7.35 0.151101087862
7.42 0.0976981348132
7.49 0.109528559314
7.56 0.0826769561696
7.63 0.0921460618925
7.7 0.123318457003
7.77 0.176961225296
7.84 0.27115907705
7.91 0.387565175944
7.98 0.318351786854
8.05 0.279288611955
8.12 0.265635787945
8.19 0.427679659452
8.26 0.437829800415
8.33 0.289660121931
8.4 0.160258054437
8.47 0.30961790941
8.54 0.432896840559
8.61 0.353508872324
8.68 0.323358699112
8.75 0.414071216506
8.82 0.401082219808
8.89 0.241320282188
8.96 0.28559414914
9.03 0.398806625309
9.1 0.50684487427
9.17 0.455890234651
9.24 0.412736976617
9.31 0.346729472104
9.38 0.456051837381
9.45 0.303913821237
9.52 0.229802485028
9.59 0.260010845913
9.66 0.267624814657
9.73 0.218158454221
9.8 0.209711153472
9.87 0.163741072552
9.94 0.155739440774
10.01 0.173505123746
10.08 0.16870188438
10.15 0.304032691003
10.22 0.46234015951
10.29 0.373854076958
10.36 0.240945921535
10.43 0.252570089638
10.5 0.32776368129
10.57 0.345649990812
10.64 0.253574731227
10.71 0.248199860065
10.78 0.293772152391
10.85 0.293030233724
10.92 0.319732430066
10.99 0.209359226557
11.06 0.272670436738
11.13 0.288876332656
11.2 0.135216756432
11.27 0.229366695739
11.34 0.392068805275
11.41 0.388243362201
11.48 0.335060775054
11.55 0.335416089034
11.62 0.252841847702
11.69 0.174206917899
11.76 0.212263813802
11.83 0.332641783523
11.9 0.281836479436
11.97 0.12469531048
12.04 0.214017048411
12.11 0.240122544045
12.18 0.233068804037
12.25 0.304044090499
12.32 0.232884608996
12.39 0.396099562213
12.46 0.415869072711
12.53 0.409555624653
12.6 0.289213745615
12.67 0.275498611014
12.74 0.26438650263
12.81 0.237187058073
12.88 0.221957848431
12.95 0.283642604641
13.02 0.254823569329
13.09 0.24430999327
13.16 0.210782714983
13.23 0.189385405308
13.3 0.294366237523
13.37 0.294476011567
13.44 0.230558251285
13.51 0.290506581708
13.58 0.30739074406
13.65 0.190020258158
13.72 0.146131586546
13.79 0.227320577117
13.86 0.235996687376
13.93 0.177103084698
14.0 0.180427040826
14.07 0.207490455795
14.14 0.262718915686
14.21 0.282911597276
14.28 0.185725021516
14.35 0.268217233873
14.42 0.377899294399
14.49 0.402457989994
14.56 0.439655394561
14.63 0.473212600534
14.7 0.425089744971
14.77 0.385653789813
14.84 0.297894522219
14.91 0.305831630499
14.98 0.3441992954
15.05 0.23948871747
15.12 0.266134940827
15.19 0.341957031687
15.26 0.32200640141
15.33 0.228275928982
15.4 0.27039810102
15.47 0.408048901022
15.54 0.354756422236
15.61 0.285449807791
15.68 0.374470672441
15.75 0.301013852231
15.82 0.485294899013
15.89 0.610874669965
15.96 0.327040125112
16.03 0.242094745899
16.1 0.256994414256
16.17 0.166710876387
16.24 0.114260164306
16.31 0.0943594152864
16.38 0.280271454101
16.45 0.36882964675
16.52 0.404455271451
16.59 0.594890641945
16.66 0.506313630685
16.73 0.431950108694
16.8 0.246268874925
16.87 0.139387028017
16.94 0.220846292472
17.01 0.619577406367
17.08 0.538876587888
17.15 0.458136703241
17.22 0.23434700858
17.29 0.213316585209
17.36 0.217227697329
17.43 0.447905803675
17.5 0.335494994641
17.57 0.408729772343
17.64 0.297219184945
17.71 0.221471349382
17.78 0.389081943176
17.85 0.62592603999
17.92 0.552828658461
17.99 0.451405117474
18.06 0.285421752702
18.13 0.163274218835
18.2 0.451737628899
18.27 0.422852079899
18.34 0.236041082692
18.41 0.367379295211
18.48 0.627740959804
18.55 0.532039286853
18.62 0.467378141542
18.69 0.605522120291
18.76 0.566678997709
18.83 0.56615594651
18.9 0.476135794364
18.97 0.19450315352
19.04 0.436694971524
19.11 0.677110426308
19.18 0.627606863391
19.25 0.600630715678
19.32 0.390457943206
19.39 0.290553189931
19.46 0.609837435226
19.53 0.373946596748
19.6 0.296298170542
19.67 0.256095895951
19.74 0.462717454669
19.81 0.656058909059
19.88 0.87510183266
19.95 0.763848275562
20.02 0.707135541813
20.09 0.606088059466
20.16 0.508881770668
20.23 0.495242428995
20.3 0.709090549992
20.37 0.698183728745
20.44 0.645597532285
20.51 0.693694743436
20.58 0.638727515161
20.65 0.502916495424
20.72 0.871848930062
20.79 0.687698478598
20.86 0.572406602909
20.93 0.52672592985
21.0 0.505960729165
21.07 0.525509563741
21.14 0.782301700199
21.21 0.673733103862
21.28 0.595805206493
21.35 0.569135503524
21.42 0.500245936371
21.49 0.449981035733
21.56 0.692832406682
21.63 0.472216885402
21.7 0.369531455156
21.77 0.489807736315
21.84 0.442639824602
21.91 0.535738467772
21.98 0.791186805371
22.05 0.63926842462
22.12 0.480332711691
22.19 0.657058055799
22.26 0.521601541138
22.33 0.664660309681
22.4 0.732337232755
22.47 0.492383505657
22.54 0.406798343552
22.61 0.423374445133
22.68 0.34711803491
22.75 0.585367209554
22.82 0.539918070267
22.89 0.319643126295
22.96 0.316473647766
23.03 0.439109767086
23.1 0.465879596042
23.17 0.877513731132
23.24 0.841337794792
23.31 0.670816534496
23.38 0.705362453409
23.45 0.595317041527
23.52 0.422145984655
23.59 0.832997354962
23.66 0.68293811117
23.73 0.546273552852
23.8 0.675450948008
23.87 0.694387930061
23.94 0.579956577329
24.01 0.783968850619
24.08 0.623173721001
24.15 0.636517281572
24.22 0.638377484004
24.29 0.591392049746
24.36 0.476845992928
24.43 0.749669916625
24.5 0.698961257028
24.57 0.642121097656
24.64 0.514910833556
24.71 0.373514794966
24.78 0.487480131394
24.85 0.462322746683
24.92 0.286766314141
24.99 0.268573363884
25.06 0.3634667488
25.13 0.330494530456
25.2 0.552825323066
25.27 0.524674920385
25.34 0.41213188397
25.41 0.487992057484
25.48 0.494879629975
25.55 0.498401398892
25.62 0.631093040509
25.69 0.545862602633
25.76 0.507747631306
25.83 0.448677617957
25.9 0.416122370291
25.97 0.411644950179
26.04 0.567961590648
26.11 0.497201173457
26.18 0.263240760656
26.25 0.348637072064
26.32 0.419616048484
26.39 0.50197367267
26.46 0.805586611718
26.53 0.631794538895
26.6 0.541541522026
26.67 0.468281365391
26.74 0.444805678909
26.81 0.381015882332
26.88 0.650835629097
26.95 0.520722835648
27.02 0.510717342491
27.09 0.506274286567
27.16 0.441367442746
27.23 0.47022095984
27.3 0.607045911095
27.37 0.550282269814
27.44 0.5201306926
27.51 0.430333304561
27.58 0.403415291069
27.65 0.588004045841
27.72 0.617117198122
27.79 0.531812945036
27.86 0.444770667954
27.93 0.416797613133
28.0 0.356479077048
28.07 0.619938206288
28.14 0.397651441958
28.21 0.325162866198
28.28 0.365897836482
28.35 0.473946223476
28.42 0.453506482136
28.49 0.649390596016
28.56 0.431138139608
28.63 0.335463675426
28.7 0.550485254958
28.77 0.512762422366
28.84 0.44740548198
28.91 0.672494840316
28.98 0.678149104246
29.05 0.577943832254
29.12 0.514789332178
29.19 0.38563028882
29.26 0.491641978969
29.33 0.553970585755
29.4 0.355944669114
29.47 0.246496203819
29.54 0.489501810053
29.61 0.483746292302
29.68 0.676030132548
29.75 0.785576931412
29.82 0.604327787031
29.89 0.56311488959
29.96 0.504695819876
30.03 0.469258165697
30.1 0.554369136929
30.17 0.667399320942
30.24 0.552947364307
30.31 0.466093697388
30.38 0.493188091261
30.45 0.440924702936
30.52 0.634364781317
30.59 0.614296571245
30.66 0.448818944622
30.73 0.477191200947
30.8 0.44142000194
30.87 0.34707490462
30.94 0.617702663253
31.01 0.598055454128
31.08 0.558918218141
31.15 0.535677967416
31.22 0.436661695972
31.29 0.382062349986
31.36 0.53121311205
31.43 0.38188720256
31.5 0.321290161007
31.57 0.351182933319
31.64 0.342500023987
31.71 0.313405875617
31.78 0.570963209018
31.85 0.492055710465
31.92 0.45826925846
31.99 0.541625165247
32.06 0.507520420006
32.13 0.432937061287
32.2 0.576086926019
32.27 0.508960138192
32.34 0.411327339345
32.41 0.392973634461
32.48 0.332809030767
32.55 0.403988054262
32.62 0.550180789713
32.69 0.471744665121
32.76 0.265114099768
32.83 0.44576337731
32.9 0.414773096182
32.97 0.67044531503
33.04 0.754255370032
33.11 0.528357655955
33.18 0.526130533367
33.25 0.477492892041
33.32 0.457710852431
33.39 0.482859112914
33.46 0.626596750116
33.53 0.496034154087
33.6 0.460219635927
33.67 0.461879345852
33.74 0.561236328233
33.81 0.588461304952
33.88 0.607895446134
33.95 0.481079802715
34.02 0.48662244495
34.09 0.422132211897
34.16 0.442834196873
34.23 0.585517749534
34.3 0.560132214552
34.37 0.514920301658
34.44 0.521096982493
34.51 0.460882919811
34.58 0.433949139808
34.65 0.700559896444
34.72 0.694923203915
34.79 0.571819746248
34.86 0.591649172696
34.93 0.547573428552
35.0 0.497039235762
35.07 0.595055898999
35.14 0.641356353271
35.21 0.519128921375
35.28 0.513861568589
35.35 0.541740198953
35.42 0.481446238242
35.49 0.647342129077
35.56 0.704288126656
35.63 0.443399785047
35.7 0.710911025234
35.77 0.703622995121
35.84 0.530980942201
35.91 0.758145810544
35.98 0.745124890625
36.05 0.559749217864
36.12 0.725292191143
36.19 0.754760621769
36.26 0.71134320296
36.33 0.846242970381
36.4 0.85576283219
36.47 0.581863491323
36.54 0.505525255242
36.61 0.507998208187
36.68 0.400385412711
36.75 0.507434777686
36.82 0.504560166233
36.89 0.366569831234
36.96 0.359375755202
37.03 0.670949661649
37.1 0.600218797981
37.17 0.620719520743
37.24 0.601405549988
37.31 0.546459326504
37.38 0.345995344933
37.45 0.448261033914
37.52 0.483063302506
37.59 0.491126245327
37.66 0.670894935874
37.73 0.27070411815
37.8 0.352015582922
37.87 0.549001804258
37.94 0.369778349206
38.01 0.652219226415
38.08 0.616752720714
38.15 0.570019199634
38.22 0.437876871887
38.29 0.426942353678
38.36 0.361827464605
38.43 0.50280512317
38.5 0.353762494178
38.57 0.276504245025
38.64 0.468862417182
38.71 0.511110730217
38.78 0.401354505263
38.85 0.427082495494
38.92 0.295647834476
38.99 0.266363140987
39.06 0.717512190293
39.13 0.4926143499
39.2 0.479153439378
39.27 0.607534020827
39.34 0.342685770913
39.41 0.218634414349
39.48 0.364565718632
39.55 0.1933313805
39.62 0.439652048476
39.69 0.500344073949
39.76 0.343434194669
39.83 0.34444713911
39.9 0.696633106899
39.97 0.633869867166
40.04 0.538753470483
40.11 0.4755856413
40.18 0.343840589009
40.25 0.483857481038
40.32 0.575554112732
40.39 0.570918872499
40.46 0.65814875485
40.53 0.499591737518
40.6 0.491712932723
40.67 0.415065062604
40.74 0.400528517541
40.81 0.431638514755
40.88 0.488691604878
40.95 0.397862567818
41.02 0.328171481414
41.09 0.309933282393
41.16 0.343211501831
41.23 0.300155470913
41.3 0.425766245714
41.37 0.368887098569
41.44 0.330593528609
41.51 0.622265219674
41.58 0.34140079224
41.65 0.402393703466
41.72 0.78369067299
41.79 0.702690485009
41.86 0.415762336513
41.93 0.705394838097
42.0 0.54752213973
42.07 0.361071616388
42.14 0.667134098257
42.21 0.46948868923
42.28 0.524278521539
42.35 0.500528048056
42.42 0.244624206348
42.49 0.380802456262
42.56 0.516243206193
42.63 0.46312566459
42.7 0.280657210686
42.77 0.306039659715
42.84 0.274515490918
42.91 0.461061486373
42.98 0.567746621601
43.05 0.429429401874
43.12 0.309328006228
43.19 0.414484775174
43.26 0.388157258414
43.33 0.418099247399
43.4 0.457170876597
43.47 0.446511631802
43.54 0.377817956734
43.61 0.56552269187
43.68 0.536134829202
43.75 0.584843023393
43.82 0.467771899867
43.89 0.332241537926
43.96 0.332941744559
44.03 0.426912254947
44.1 0.396270146633
44.17 0.732118563059
44.24 0.623637661593
44.31 0.388916231782
44.38 0.404545539137
44.45 0.312047042537
44.52 0.242240833341
44.59 0.585831802257
44.66 0.569997936492
44.73 0.329492187296
44.8 0.27862086306
44.87 0.257732432721
44.94 0.292632511054
45.01 0.48379974236
45.08 0.328914795174
45.15 0.310683915492
45.22 0.435126870927
45.29 0.394403654702
45.36 0.386240423758
45.43 0.453564502327
45.5 0.345843696717
45.57 0.270337094653
45.64 0.497219863784
45.71 0.331160301632
45.78 0.358799168421
45.85 0.585830941683
45.92 0.328673021811
45.99 0.281762405876
46.06 0.353422713303
46.13 0.221355107665
46.2 0.53376893851
46.27 0.490999856669
46.34 0.340351456005
46.41 0.432973339051
46.48 0.520657859591
46.55 0.451678046133
46.62 0.522179952408
46.69 0.394439022003
46.76 0.286335871818
46.83 0.602247817359
46.9 0.668365001485
46.97 0.5524045288
47.04 0.574754270087
47.11 0.512978772252
47.18 0.546077158319
47.25 0.54163319015
47.32 0.469503951512
47.39 0.507081975942
47.46 0.486938958239
47.53 0.416151759894
47.6 0.352912524398
47.67 0.29027860961
47.74 0.301504080438
47.81 0.36608995665
47.88 0.450312039816
47.95 0.344484462748
48.02 0.45200838385
48.09 0.519364795437
48.16 0.284526801416
48.23 0.413941371296
48.3 0.486524346569
48.37 0.444391988392
48.44 0.401625710991
48.51 0.33655866666
48.58 0.314754725675
48.65 0.465765608211
48.72 0.487828115345
48.79 0.455174544801
48.86 0.387863663492
48.93 0.382516091966
49.0 0.312096729586
49.07 0.456766411869
49.14 0.431095720228
49.21 0.225874100836
49.28 0.348358133636
49.35 0.471993160944
49.42 0.431375528139
49.49 0.844465636119
49.56 0.747872372222
49.63 0.588185787443
49.7 0.592269107138
49.77 0.561165059113
49.84 0.405859581357
49.91 0.739157653699
49.98 0.621375061237
50.05 0.574810237727
50.12 0.625046878377
50.19 0.556905261041
50.26 0.525882306585
50.33 0.718417504109
50.4 0.563691091518
50.47 0.582637751918
50.54 0.593330922596
50.61 0.554570151482
50.68 0.475841237309
50.75 0.66371413906
50.82 0.592315599548
50.89 0.588572935557
50.96 0.503694089631
51.03 0.446330357013
51.1 0.459790982459
51.17 0.471453249252
51.24 0.323316457904
51.31 0.346406432345
51.38 0.515244977044
51.45 0.495897873275
51.52 0.764642377479
51.59 0.746623753273
51.66 0.465709127434
51.73 0.435625956103
51.8 0.613286833915
51.87 0.470793856662
51.94 0.693864317617
52.01 0.624663797948
52.08 0.44415090634
52.15 0.411534012666
52.22 0.423057561244
52.29 0.28672553395
52.36 0.57757779049
52.43 0.331286806102
52.5 0.204501393262
52.57 0.514378018487
52.64 0.439600722238
52.71 0.494398174997
52.78 0.883370793125
52.85 0.698042056424
52.92 0.622811566968
52.99 0.583086793699
53.06 0.537405268974
53.13 0.488088694848
53.2 0.800253333214
53.27 0.723133567088
53.34 0.526353429322
53.41 0.558926503176
53.48 0.565520008587
53.55 0.669672456656
53.62 0.777728962984
53.69 0.572110256999
53.76 0.543843821064
53.83 0.494820175493
53.9 0.479692645505
53.97 0.637438420696
54.04 0.712527758097
54.11 0.596589229174
54.18 0.637774139232
54.25 0.458300419101
54.32 0.383824696352
54.39 0.498978466739
54.46 0.445559385489
54.53 0.313479845837
54.6 0.280537915087
54.67 0.369315351148
54.74 0.314923198748
54.81 0.625515456807
54.88 0.49716432554
54.95 0.372879129648
55.02 0.512737007798
55.09 0.446875544401
55.16 0.463592621647
55.23 0.624374014142
55.3 0.567548140665
55.37 0.451906062774
55.44 0.456536467398
55.51 0.404001192724
55.58 0.428062023627
55.65 0.574826043436
55.72 0.45439278135
55.79 0.277674908029
55.86 0.390074429817
55.93 0.44235267419
56.0 0.567061247853
56.07 0.88644403518
56.14 0.659941994598
56.21 0.605232607308
56.28 0.532902537634
56.35 0.464700678292
56.42 0.478021231409
56.49 0.690380994828
56.56 0.53084963241
56.63 0.515685054952
56.7 0.60281312402
56.77 0.517348902049
56.84 0.575238123271
56.91 0.693424768882
56.98 0.547201729801
57.05 0.60462888481
57.12 0.505553916118
57.19 0.465705692262
57.26 0.592663148758
57.33 0.634169452257
57.4 0.513987449454
57.47 0.491500135603
57.54 0.512859948811
57.61 0.34951839313
57.68 0.554849968302
57.75 0.517670519989
57.82 0.300392187732
57.89 0.386459250246
57.96 0.440969942792
58.03 0.371189973105
58.1 0.69276767294
58.17 0.548831911148
58.24 0.385287174332
58.31 0.567939985414
58.38 0.581956249865
58.45 0.455487193523
58.52 0.866139352386
58.59 0.678889955659
58.66 0.521287146323
58.73 0.524304365504
58.8 0.517988970017
58.87 0.47623878537
58.94 0.619616969637
59.01 0.406055083244
59.08 0.285514290309
59.15 0.553286551867
59.22 0.608855606883
59.29 0.616050247723
59.36 0.823567538124
59.43 0.654773638183
59.5 0.575409267154
59.57 0.580866723191
59.64 0.482682563268
59.71 0.475978939939
59.78 0.71274390843
59.85 0.61685275227
59.92 0.588712182946
59.99 0.523301314998
60.06 0.451240469771
60.13 0.572767058957
60.2 0.556194527959
60.27 0.604445131637
60.34 0.46842445953
60.41 0.50241480358
60.48 0.411093150798
60.55 0.578412031175
60.62 0.628967223412
60.69 0.49607002918
60.76 0.49021961125
60.83 0.457738075453
60.9 0.407874585662
60.97 0.64952587906
61.04 0.653846448311
61.11 0.445131785022
61.18 0.483437778971
61.25 0.485220467326
61.32 0.477326934768
61.39 0.671507148306
61.46 0.561021785019
61.53 0.557908849628
61.6 0.682124201783
61.67 0.68418766909
61.74 0.532873267406
61.81 0.681650363692
61.88 0.604965378397
61.95 0.493297692478
62.02 0.448321949413
62.09 0.4489855255
62.16 0.489133341575
62.23 0.611940433733
62.3 0.437331910778
62.37 0.332711937281
62.44 0.584422172112
62.51 0.499239306374
62.58 0.520340277265
62.65 0.873189682166
62.72 0.591002389395
62.79 0.563364819704
62.86 0.554914408058
62.93 0.516723036235
63.0 0.658049325518
63.07 0.79999321518
63.14 0.6979904558
63.21 0.58606098593
63.28 0.532373207625
63.35 0.447745825881
63.42 0.563300944755
63.49 0.623540201071
63.56 0.550540260465
63.63 0.563837936195
63.7 0.549794881682
63.77 0.426969084943
63.84 0.621126993029
63.91 0.72086493202
63.98 0.449615482162
64.05 0.363744119307
64.12 0.473009494232
64.19 0.414405158658
64.26 0.726313058929
64.33 0.866518053328
64.4 0.665005888299
64.47 0.508070462603
64.54 0.378504224909
64.61 0.322862673163
64.68 0.553698968448
64.75 0.604754954538
64.82 0.433109863959
64.89 0.333672600477
64.96 0.410373811969
65.03 0.444907371035
65.1 0.699743300211
65.17 0.776385677262
65.24 0.639078713349
65.31 0.561981664255
65.38 0.445700598123
65.45 0.354722694125
65.52 0.62000706473
65.59 0.669989107139
65.66 0.427852659896
65.73 0.320875586753
65.8 0.304477729242
65.87 0.334185666873
65.94 0.547620788664
66.01 0.6745451264
66.08 0.411138536755
66.15 0.391128337966
66.22 0.380708730242
66.29 0.323476843714
66.36 0.322413396193
66.43 0.587169231439
66.5 0.43656760648
66.57 0.391120966957
66.64 0.365664556617
66.71 0.383734948931
66.78 0.513503104514
66.85 0.755775791589
66.92 0.531657100851
66.99 0.481048342744
67.06 0.477427064318
67.13 0.660780083816
67.2 0.613532491445
67.27 0.592503830203
67.34 0.478029265221
67.41 0.376395608614
67.48 0.422284838281
67.55 0.342281247387
67.62 0.620361910115
67.69 0.61586463799
67.76 0.500152694981
67.83 0.537306821375
67.9 0.471368579756
67.97 0.404714477241
68.04 0.654403657018
68.11 0.612308802434
68.18 0.45499349451
68.25 0.421607095675
68.32 0.374731763299
68.39 0.32637260606
68.46 0.571719176611
68.53 0.539944999304
68.6 0.39455604768
68.67 0.413406589199
68.74 0.379619787975
68.81 0.394866248307
68.88 0.581243779598
68.95 0.634111359016
69.02 0.311053839642
69.09 0.431453856465
69.16 0.368950610045
69.23 0.377308731744
69.3 0.829686152443
69.37 0.57098694698
69.44 0.483111954371
69.51 0.415616783589
69.58 0.361859779806
69.65 0.323374540456
69.72 0.607336024521
69.79 0.572256344442
69.86 0.43907820912
69.93 0.47320557518
70.0 0.42298470995
70.07 0.446760685306
70.14 0.569183932673
70.21 0.476497951962
70.28 0.337101254507
70.35 0.361447669682
70.42 0.309626019835
70.49 0.570316794535
70.56 0.466115762307
70.63 0.423283284802
70.7 0.453332517777
70.77 0.408438304804
70.84 0.340175501456
70.91 0.527163962335
70.98 0.46620328435
71.05 0.347897603272
71.12 0.330835720678
71.19 0.298768294104
71.26 0.32767816191
71.33 0.627425504861
71.4 0.548128509876
71.47 0.451368285593
71.54 0.429738645713
71.61 0.462804271148
71.68 0.397155141623
71.75 0.570293133187
71.82 0.543530871231
71.89 0.374635585621
71.96 0.685990246874
72.03 0.645117981975
72.1 0.354222039247
72.17 0.456967045132
72.24 0.342217463306
72.31 0.30502610236
72.38 0.632901239645
72.45 0.541308728572
72.52 0.322359557718
72.59 0.69632506929
72.66 0.55694120384
72.73 0.359501632504
72.8 0.628943223536
72.87 0.48671128369
72.94 0.483870140215
73.01 0.578845707335
73.08 0.462593453527
73.15 0.470069479107
73.22 0.662412747109
73.29 0.444027564437
73.36 0.47850097771
73.43 0.628896882572
73.5 0.480531520465
73.57 0.572031677449
73.64 0.595097945998
73.71 0.540822405914
73.78 0.571824498117
73.85 0.672027681924
73.92 0.494353847386
73.99 0.634058368643
74.06 0.729340585406
74.13 0.604442744122
74.2 0.522914154412
74.27 0.638809921862
74.34 0.516237194643
74.41 0.525300224955
74.48 0.402384864313
74.55 0.435442349032
74.62 0.705334733285
74.69 0.600724758845
74.76 0.394785746272
74.83 0.441618855258
74.9 0.393468267099
74.97 0.291856449132
75.04 0.678438959322
75.11 0.651888079793
75.18 0.482188696773
75.25 0.383607890343
75.32 0.337282256691
75.39 0.249032798307
75.46 0.509857215079
75.53 0.366656453505
75.6 0.27350432286
75.67 0.459596419543
75.74 0.484177477606
75.81 0.548764451362
75.88 0.73874830169
75.95 0.703411532514
76.02 0.444526033135
76.09 0.378350369133
76.16 0.335124919044
76.23 0.557360989648
76.3 0.784405368635
76.37 0.729775955989
76.44 0.544469649462
76.51 0.644646199999
76.58 0.590417416021
76.65 0.554363818471
76.72 0.659927158149
76.79 0.487573834252
76.86 0.418029995195
76.93 0.482170904437
77.0 0.539971926559
77.07 0.517931976101
77.14 0.540293426905
77.21 0.468359852291
77.28 0.291779360889
77.35 0.50903670439
77.42 0.360759348956
77.49 0.32371249506
77.56 0.742401848992
77.63 0.596088882535
77.7 0.406074085373
77.77 0.342132783119
77.84 0.369241790726
77.91 0.324568460355
77.98 0.611296208993
78.05 0.439452117214
78.12 0.370528659812
78.19 0.570607782789
78.26 0.437702884366
78.33 0.459196692429
78.4 0.49248167887
78.47 0.544137396387
78.54 0.528747293143
78.61 0.594564970574
78.68 0.532641245441
78.75 0.585537412685
78.82 0.839900679711
78.89 0.595919488308
78.96 0.325876772538
79.03 0.283586710052
79.1 0.256315843146
79.17 0.583148746164
79.24 0.744729445004
79.31 0.505586890558
79.38 0.491196849862
79.45 0.433507827162
79.52 0.458569217714
79.59 0.446012240168
79.66 0.633766817363
79.73 0.405028342883
79.8 0.420789426841
79.87 0.507824821108
79.94 0.546485092072
80.01 0.641185617403
80.08 0.618280499025
80.15 0.592634250911
80.22 0.510053331663
80.29 0.615790689151
80.36 0.524599457077
80.43 0.509356244835
80.5 0.548571007371
80.57 0.596462498425
80.64 0.46640303744
80.71 0.498832580632
80.78 0.487517332093
80.85 0.771002624405
80.92 0.85083982863
80.99 0.662917968557
81.06 0.505161264246
81.13 0.651396217742
81.2 0.518276710181
81.27 0.669224761861
81.34 0.656055817761
81.41 0.552825269614
81.48 0.593323376978
81.55 0.573896724399
81.62 0.436541481002
81.69 0.74728709239
81.76 0.641513375178
81.83 0.431485168553
81.9 0.479843069674
81.97 0.590349526839
82.04 0.528041290549
82.11 0.604639147563
82.18 0.560707334971
82.25 0.346771524448
82.32 0.551856018489
82.39 0.480858554859
82.46 0.349102856743
82.53 0.645316291865
82.6 0.681434396877
82.67 0.618142381252
82.74 0.490258955368
82.81 0.522994740187
82.88 0.35400011077
82.95 0.586033415471
83.02 0.630372203247
83.09 0.355003938109
83.16 0.431768862413
83.23 0.38102839719
83.3 0.318349075064
83.37 0.642535755651
83.44 0.547392111002
83.51 0.376316050895
83.58 0.435107181051
83.65 0.394624622827
83.72 0.256269452294
83.79 0.577177669614
83.86 0.634264133283
83.93 0.475661810172
84.0 0.615747133028
84.07 0.306626024619
84.14 0.316614527218
84.21 0.651267177874
84.28 0.468528236278
84.35 0.273369267877
84.42 0.676328739471
84.49 0.641845384156
84.56 0.501156556172
84.63 0.599226936727
84.7 0.389125137608
84.77 0.24962636852
84.84 0.452193617638
84.91 0.488724638115
84.98 0.437276577433
85.05 0.489840395389
85.12 0.457257203101
85.19 0.320886572888
85.26 0.539887845033
85.33 0.526565793482
85.4 0.514966605206
85.47 0.70670534715
85.54 0.486195120651
85.61 0.312924759168
85.68 0.388081397781
85.75 0.270817601752
85.82 0.531545436394
85.89 0.697727811275
85.96 0.513313491238
86.03 0.427373367936
86.1 0.410030886344
86.17 0.380383545282
86.24 0.456303800446
86.31 0.483542934776
86.38 0.276165873496
86.45 0.39222769087
86.52 0.642563450831
86.59 0.547602351343
86.66 0.61361799479
86.73 0.555001808944
86.8 0.528758781725
86.87 0.506129783081
86.94 0.448644926811
87.01 0.486535564329
87.08 0.568606043449
87.15 0.592354216721
87.22 0.316021277717
87.29 0.293678652651
87.36 0.279056716491
87.43 0.293542922393
87.5 0.449156393216
87.57 0.383338425363
87.64 0.331269209756
87.71 0.553565944635
87.78 0.593182647192
87.85 0.294636940804
87.92 0.738461529005
87.99 0.61247755702
88.06 0.500342990658
88.13 0.576241679787
88.2 0.482073044808
88.27 0.339507841648
88.34 0.65597426807
88.41 0.602463632727
88.48 0.393675804559
88.55 0.44204103749
88.62 0.330478293569
88.69 0.302281111619
88.76 0.562537116178
88.83 0.512223374812
88.9 0.26456630393
88.97 0.27728012521
89.04 0.265087404137
89.11 0.246560481439
89.18 0.658760101362
89.25 0.562445408856
89.32 0.539748542411
89.39 0.512322519067
89.46 0.385942133982
89.53 0.399452735117
89.6 0.554185786427
89.67 0.471455749017
89.74 0.337070523262
89.81 0.457098447572
89.88 0.383859473901
89.95 0.428936953635
90.02 0.529764046919
90.09 0.347309670447
90.16 0.324269987062
90.23 0.416654100288
90.3 0.414255541613
90.37 0.429474433268
90.44 0.502409404944
90.51 0.400933604093
90.58 0.432175520449
90.65 0.364381405997
90.72 0.263875134221
90.79 0.532367370684
90.86 0.58005355322
90.93 0.410437572888
91.0 0.396419574816
91.07 0.557595611155
91.14 0.490246125145
91.21 0.497670266805
91.28 0.416241610656
91.35 0.358957847335
91.42 0.343068256245
91.49 0.522549844487
91.56 0.494688438088
91.63 0.567933451818
91.7 0.54087037894
91.77 0.338897831431
91.84 0.338877982981
91.91 0.365970869513
91.98 0.346607502131
92.05 0.389914473403
92.12 0.45331522967
92.19 0.273104079044
92.26 0.259967172196
92.33 0.28787308616
92.4 0.28006468813
92.47 0.552448368217
92.54 0.44214218797
92.61 0.346753044365
92.68 0.37698314055
92.75 0.33315964633
92.82 0.309077374113
92.89 0.378119523107
92.96 0.527744328161
93.03 0.361920493969
93.1 0.393226527589
93.17 0.477895054777
93.24 0.438500993389
93.31 0.486834442074
93.38 0.456017505264
93.45 0.45550540991
93.52 0.389478862287
93.59 0.376827413959
93.66 0.399919619123
93.73 0.516445562388
93.8 0.398002707852
93.87 0.282868042935
93.94 0.312730222977
94.01 0.322845940955
94.08 0.343432678419
94.15 0.470163707574
94.22 0.387543520822
94.29 0.362355983928
94.36 0.520821762532
94.43 0.49374979705
94.5 0.307484544913
94.57 0.632374138578
94.64 0.563438818431
94.71 0.510542594172
94.78 0.492408597732
94.85 0.34288975917
94.92 0.478653652201
94.99 0.564514014667
95.06 0.535104008684
95.13 0.391394736592
95.2 0.362305046106
95.27 0.310889469889
95.34 0.379158028218
95.41 0.441262333266
95.48 0.384470838231
95.55 0.268084438121
95.62 0.423072499252
95.69 0.436133957046
95.76 0.529085336834
95.83 0.86312604588
95.9 0.686000035688
95.97 0.5656081186
96.04 0.602687054291
96.11 0.48726441224
96.18 0.536246639761
96.25 0.763337368621
96.32 0.574887432875
96.39 0.590837950154
96.46 0.591403807369
96.53 0.575206454837
96.6 0.549373520826
96.67 0.650619808384
96.74 0.612101419985
96.81 0.578366953457
96.88 0.619512408929
96.95 0.490053258434
97.02 0.536177492679
97.09 0.635985740439
97.16 0.570492578038
97.23 0.496918247522
97.3 0.475270132905
97.37 0.418182646523
97.44 0.463316166948
97.51 0.483206585509
97.58 0.269632590492
97.65 0.434258463825
97.72 0.506156040407
97.79 0.454138468186
97.86 0.639495700062
97.93 0.771084133116
98.0 0.506442472782
98.07 0.45128488825
98.14 0.776106419905
98.21 0.517822510296
98.28 0.632957351605
98.35 0.688937036129
98.42 0.487373967131
98.49 0.390242628504
98.56 0.457119153034
98.63 0.327458277075
98.7 0.54611657727
98.77 0.365221508568
98.84 0.233351368281
98.91 0.345933379996
98.98 0.400462712981
99.05 0.457463883549
99.12 1.0
99.19 0.651077188653
99.26 0.663217883268
99.33 0.67009010439
99.4 0.583891194004
99.47 0.409066228514
99.54 0.617239957399
99.61 0.702605772751
99.68 0.593610860573
99.75 0.603764194392
99.82 0.573861471129
99.89 0.541854477205
99.96 0.713217172804
100.03 0.536584761848
100.1 0.532384491309
100.17 0.540435313033
100.24 0.473074823071
100.31 0.454304359535
100.38 0.698083415677
100.45 0.574282160273
100.52 0.531912746749
100.59 0.462452675634
100.66 0.337265522702
100.73 0.323825652605
100.8 0.594028622338
100.87 0.302678016476
100.94 0.34965967347
101.01 0.417513003652
101.08 0.402086745584
101.15 0.434757625615
101.22 0.628207109738
101.29 0.464609528651
101.36 0.388247477993
101.43 0.465133333522
101.5 0.463584140622
101.57 0.486830185526
101.64 0.663111018786
101.71 0.480589464042
101.78 0.424281357159
101.85 0.467368575444
101.92 0.359364548133
101.99 0.365901651162
102.06 0.579269193792
102.13 0.402715513833
102.2 0.252629617171
102.27 0.48546027188
102.34 0.548058404224
102.41 0.644918301936
102.48 0.822138868433
102.55 0.615856402843
102.62 0.551953165426
102.69 0.575796185425
102.76 0.436198683661
102.83 0.468887735537
102.9 0.646163054535
102.97 0.537300216509
103.04 0.457810336996
103.11 0.541686691879
103.18 0.481585902555
103.25 0.522441823663
103.32 0.646738504574
103.39 0.540549765895
103.46 0.484846069257
103.53 0.495826757384
103.6 0.431946044572
103.67 0.480495185686
103.74 0.698353778647
103.81 0.569582070485
103.88 0.536704663234
103.95 0.437310207549
104.02 0.371252417326
104.09 0.446600693258
104.16 0.438145506581
104.23 0.305309491544
104.3 0.348914241235
104.37 0.497992984072
104.44 0.383911707039
104.51 0.591750014938
104.58 0.575124559491
104.65 0.354396671753
104.72 0.617041161097
104.79 0.601097801019
104.86 0.555035415897
104.93 0.686616661461
105.0 0.7182316093
105.07 0.570419329418
105.14 0.557967660906
105.21 0.533016796288
105.28 0.456173661251
105.35 0.486237181904
105.42 0.447286371681
105.49 0.301471690404
105.56 0.441692150203
105.63 0.64480304017
105.7 0.599150883667
105.77 0.700863627617
105.84 0.745063657979
105.91 0.599815737253
105.98 0.576570077202
106.05 0.522160200171
106.12 0.497922988887
106.19 0.643029957111
106.26 0.675330112997
106.33 0.542257366886
106.4 0.550292983344
106.47 0.494349280818
106.54 0.4370604271
106.61 0.639489123704
106.68 0.569084166595
106.75 0.525701083466
106.82 0.547741876681
106.89 0.442630736007
106.96 0.35333427367
107.03 0.573360586407
107.1 0.665664780224
107.17 0.606559615162
107.24 0.510309572657
107.31 0.380661049419
107.38 0.325631580038
107.45 0.667408110207
107.52 0.524595102534
107.59 0.402345473871
107.66 0.483514359423
107.73 0.391226863961
107.8 0.433547536534
107.87 0.603205316206
107.94 0.591639116623
108.01 0.444515259026
108.08 0.578698062662
108.15 0.525073774452
108.22 0.468874531151
108.29 0.572366763471
108.36 0.544753307687
108.43 0.488942612937
108.5 0.448750114688
108.57 0.477743570481
108.64 0.414312617488
108.71 0.529438665969
108.78 0.513617352477
108.85 0.324069633529
108.92 0.38929149577
108.99 0.509382024658
109.06 0.523743746569
109.13 0.644388432063
109.2 0.616862865358
109.27 0.520704428616
109.34 0.545742450023
109.41 0.517728916124
109.48 0.506320157155
109.55 0.634316680006
109.62 0.63801568097
109.69 0.549555508306
109.76 0.539691726668
109.83 0.585136782234
109.9 0.443584450464
109.97 0.629544155848
110.04 0.619061877623
110.11 0.493496463836
110.18 0.445392845591
110.25 0.486583836686
110.32 0.504509531305
110.39 0.630831766133
110.46 0.609636443835
110.53 0.467203851127
110.6 0.488213316031
110.67 0.402234122997
110.74 0.429776575139
110.81 0.766235789305
110.88 0.735896626422
110.95 0.555454353603
111.02 0.556509168652
111.09 0.430132175977
111.16 0.436516948389
111.23 0.865201764349
111.3 0.843102981233
111.37 0.690856593265
111.44 0.49538535387
111.51 0.558190841938
111.58 0.623440165952
111.65 0.881295826545
111.72 0.716681833775
111.79 0.663580227947
111.86 0.692295953324
111.93 0.603382669411
112.0 0.704916479763
112.07 0.885504848933
112.14 0.732727486421
112.21 0.567509609015
112.28 0.572750096906
112.35 0.434582132534
112.42 0.536989638156
112.49 0.777754393588
112.56 0.760606139947
112.63 0.722694764897
112.7 0.747696964663
112.77 0.710032724196
112.84 0.810636871637
112.91 0.829733975804
112.98 0.696719517144
113.05 0.767992409197
113.12 0.800771392012
113.19 0.645319103432
113.26 0.655897758888
113.33 0.69731625705
113.4 0.722582938303
113.47 0.68613875034
113.54 0.612473840335
113.61 0.520936420292
113.68 0.657604848524
113.75 0.710869913642
113.82 0.505321874554
113.89 0.496374601328
113.96 0.412290897849
114.03 0.438760222341
114.1 0.586318732485
114.17 0.873208433072
114.24 0.622479481375
114.31 0.542650474881
114.38 0.527480345558
114.45 0.383542798474
114.52 0.555974821297
114.59 0.711980662478
114.66 0.581107142441
114.73 0.605654602459
114.8 0.592574306454
114.87 0.475156366009
114.94 0.59746297077
115.01 0.697089175816
115.08 0.574725213667
115.15 0.569947738087
115.22 0.553295212847
115.29 0.470876377395
115.36 0.684316413192
115.43 0.658160644321
115.5 0.590352402548
115.57 0.561077309009
115.64 0.426083254323
115.71 0.36475680896
115.78 0.561439938764
115.85 0.496467254748
115.92 0.423556357781
115.99 0.429906420349
116.06 0.455864155498
116.13 0.303871223684
116.2 0.658811347423
116.27 0.513448685196
116.34 0.381574625107
116.41 0.513442237122
116.48 0.487162153524
116.55 0.46208485036
116.62 0.635023639388
116.69 0.556405297473
116.76 0.449492772772
116.83 0.543091846324
116.9 0.481591757313
116.97 0.341928374374
117.04 0.571253575449
117.11 0.443281911267
117.18 0.269865619134
117.25 0.390200447875
117.32 0.320850904475
117.39 0.37943235197
117.46 0.723086538378
117.53 0.649698384184
117.6 0.495368520104
117.67 0.436127168663
117.74 0.338011453821
117.81 0.367355810254
117.88 0.571331559902
117.95 0.512001034756
118.02 0.402071538535
118.09 0.419752258026
118.16 0.316120070971
118.23 0.300473657245
118.3 0.514822424212
118.37 0.387520753902
118.44 0.309856550495
118.51 0.286728684045
118.58 0.208223478295
118.65 0.280862731229
118.72 0.40621462986
118.79 0.319202914757
118.86 0.227373982632
118.93 0.17930090855
119.0 0.170874209923
119.07 0.258463486411
119.14 0.22941059039
119.21 0.165037709071
119.28 0.202490684703
119.35 0.222410564136
119.42 0.172037633766
119.49 0.215088884308
119.56 0.198186197329
119.63 0.151640158578
119.7 0.183803347687
119.77 0.204946226603
119.84 0.14957194831
119.91 0.187741722027
119.98 0.1690862138
120.05 0.17253260315
120.12 0.166220922566
120.19 0.17337711728
120.26 0.166569184467
120.33 0.180379000094
120.4 0.0865250503519
120.47 0.0713224258736
120.54 0.0857717909856
120.61 0.0700697249856
120.68 0.0909314383136
120.75 0.183094918379
120.82 0.12614615734
120.89 0.117725140643
120.96 0.113184966289
121.03 0.0908273052204
121.1 0.077436060263
121.17 0.127782922171
121.24 0.0937127299807
121.31 0.0873873158374
121.38 0.0858232722345
121.45 0.0655693437448
121.52 0.0670751622582
121.59 0.0915848745867
121.66 0.0759009519229
121.73 0.0633613640425
121.8 0.0656189078544
121.87 0.0461120579164
121.94 0.043860616523
122.01 0.0700699067218
122.08 0.0533856524696
122.15 0.038289634123
122.22 0.0365929016722
122.29 0.0271487668674
122.36 0.0266033140016
122.43 0.0402359848852
122.5 0.0261026252702
122.57 0.0274265738977
122.64 0.0280249797197
122.71 0.0231025498764
122.78 0.0273364487501
122.85 0.02597122283
122.92 0.0163581089412
122.99 0.0193317541819
123.06 0.0208291611574
123.13 0.0185746035216
123.2 0.0179384250659
123.27 0.0159320567959
123.34 0.0112135350322
123.41 0.0127890921614
123.48 0.00975712383631
123.55 0.00635448659913
123.62 0.0100816495566
123.69 0.00977921548182
123.76 0.00691546366099
123.83 0.00561945609207
123.9 0.00539760422973
123.97 0.00501516700417
124.04 0.00899575938936
124.11 0.0092344467996
124.18 0.00633384528021
124.25 0.00542641120809
124.32 0.00340510849392
124.39 0.00254113254953
124.46 0.00383717753474
124.53 0.00341659351263
124.6 0.00283474528893
124.67 0.00273165628838
124.74 0.00216160844925
124.81 0.00170783617962
124.88 0.00256678408759
124.95 0.00202642161873
125.02 0.0014628895589
125.09 0.00125724785794
125.16 0.00102589404015
125.23 0.000737596195384
125.3 0.00144291460626
125.37 0.00103997503657
125.44 0.000685085107668
125.51 0.000635695607414
125.58 0.000462137482605
125.65 0.000404357825183
125.72 0.000693202660451
125.79 0.000522550534016
125.86 0.000373662215141
125.93 0.000367096547449
126.0 0.000301504012732
126.07 0.000246942156085
126.14 0.00026854204467
126.21 0.000204519212324
126.28 0.00017798393717
126.35 0.000168196905247
126.42 0.000151610799264
126.49 0.000142696814063
126.56 0.000138039377062
126.63 0.000115514771643
126.7 4.15570239509e-05
126.77 3.2692927134e-05
126.84 1.70725177284e-05
126.91 8.13893351944e-06
126.98 1.20712072229e-05
127.05 0.0
