0.0 0.0823913596922
0.07 0.0836431046285
0.14 0.0736774773387
0.21 0.0613952763177
0.28 0.0565458206787
0.35 0.0337715948878
0.42 0.122467568351
0.49 0.0767078714855
0.56 0.0576425906223
0.63 0.0743164123728
0.7 0.0480379743319
0.77 0.039177149974
0.84 0.0943693681907
0.91 0.112632354715
0.98 0.0897280918327
1.05 0.0798381181919
1.12 0.0736612377193
1.19 0.0487340630134
1.26 0.117932105945
1.33 0.241997308185
1.4 0.242726958342
1.47 0.208859596543
1.54 0.198634618918
1.61 0.192500357603
1.68 0.174798191181
1.75 0.174661862574
1.82 0.175939585248
1.89 0.174144092707
1.96 0.170120470072
2.03 0.186184849779
2.1 0.334183877089
2.17 0.507826133656
2.24 0.402149873422
2.31 0.31906639056
2.38 0.324522842104
2.45 0.270023245774
2.52 0.219397779953
2.59 0.1943712615
2.66 0.187557452979
2.73 0.171036365021
2.8 0.179776042383
2.87 0.223707894673
2.94 0.298002153483
3.01 0.295026510255
3.08 0.247380869217
3.15 0.245570382842
3.22 0.22557256561
3.29 0.263385108018
3.36 0.426239328684
3.43 0.36893696041
3.5 0.292552346797
3.57 0.252580042021
3.64 0.219787830655
3.71 0.327536639251
3.78 0.427720351485
3.85 0.344147544843
3.92 0.278851030593
3.99 0.259133116114
4.06 0.243073902274
4.13 0.197227791976
4.2 0.162162735532
4.27 0.190739990331
4.34 0.205469559337
4.41 0.207635982714
4.48 0.217963634592
4.55 0.361525565999
4.62 0.408368485658
4.69 0.328280614921
4.76 0.32041230631
4.83 0.279320980101
4.9 0.266061095641
4.97 0.282452427163
5.04 0.256102526114
5.11 0.209380396069
5.18 0.205185192355
5.25 0.196698296188
5.32 0.192913660257
5.39 0.429034374544
5.46 0.445361973181
5.53 0.404401998498
5.6 0.283276271353
5.67 0.262610362277
5.74 0.2600174596
5.81 0.209028233775
5.88 0.176924912999
5.95 0.152800203246
6.02 0.147585301655
6.09 0.161310229211
6.16 0.308815484665
6.23 0.547238967088
6.3 0.494990253079
6.37 0.382941045671
6.44 0.324334231938
6.51 0.309926003668
6.58 0.387756785373
6.65 0.38914368178
6.72 0.358954335329
6.79 0.29549738653
6.86 0.269231465898
6.93 0.254237066719
7.0 0.446084037581
7.07 0.497644882664
7.14 0.381649874783
7.21 0.238370663782
7.28 0.235086304239
7.35 0.216064337104
7.42 0.190701346781
7.49 0.115656374564
7.56 0.0894870022351
7.63 0.075212436351
7.7 0.0867023123385
7.77 0.187776432425
7.84 0.39958862821
7.91 0.419092502972
7.98 0.377818992382
8.05 0.33005608304
8.12 0.357682527608
8.19 0.332635608171
8.26 0.308596396188
8.33 0.246235321862
8.4 0.213157533063
8.47 0.212963735829
8.54 0.207236728956
8.61 0.299188824853
8.68 0.324492440519
8.75 0.302447974927
8.82 0.261157093012
8.89 0.216308084846
8.96 0.250498040234
9.03 0.242184160724
9.1 0.240254989646
9.17 0.191327529181
9.24 0.192411801906
9.31 0.202486530242
9.38 0.212051717552
9.45 0.21159873353
9.52 0.325802966497
9.59 0.340710935082
9.66 0.257985218526
9.73 0.227443488689
9.8 0.255787602076
9.87 0.351177940177
9.94 0.457408685587
10.01 0.384751023233
10.08 0.301774287147
10.15 0.298202002968
10.22 0.273021677572
10.29 0.35681063591
10.36 0.3357971166
10.43 0.269235607071
10.5 0.259368710731
10.57 0.215060996963
10.64 0.132748748629
10.71 0.104645095889
10.78 0.0751407148988
10.85 0.017915796263
10.92 0.00876974680578
10.99 0.0215591254962
11.06 0.0728855965071
11.13 0.238969707462
11.2 0.104039128716
11.27 0.256716877599
11.34 0.137340350085
11.41 0.261083808777
11.48 0.209465767646
11.55 0.355490465702
11.62 0.256334111809
11.69 0.225879590929
11.76 0.269862111518
11.83 0.186610603212
11.9 0.324000746316
11.97 0.240906667218
12.04 0.3056527355
12.11 0.179065897739
12.18 0.287278826701
12.25 0.188023309772
12.32 0.396004004303
12.39 0.292916076514
12.46 0.313771900095
12.53 0.317981681709
12.6 0.280906968832
12.67 0.33322252211
12.74 0.357941802228
12.81 0.33079851309
12.88 0.311095296647
12.95 0.3511891482
13.02 0.285993273959
13.09 0.31701799366
13.16 0.280761601725
13.23 0.295610467222
13.3 0.22633686251
13.37 0.356399478549
13.44 0.236377225768
13.51 0.374434870129
13.58 0.413121720089
13.65 0.359731141562
13.72 0.31323580286
13.79 0.29685816992
13.86 0.35010676939
13.93 0.295785898724
14.0 0.302966276826
14.07 0.2976640946
14.14 0.28064211443
14.21 0.343720614274
14.28 0.237369178185
14.35 0.136496166493
14.42 0.0906376023878
14.49 0.067427816396
14.56 0.0495109722202
14.63 0.0501340189582
14.7 0.175937432888
14.77 0.399621336617
14.84 0.337640731354
14.91 0.332219860387
14.98 0.289576057457
15.05 0.263417993096
15.12 0.243825676717
15.19 0.326878552046
15.26 0.327054619564
15.33 0.26599192835
15.4 0.260863546193
15.47 0.22158304456
15.54 0.244231735851
15.61 0.351294759232
15.68 0.273340341992
15.75 0.220042957034
15.82 0.203218922337
15.89 0.247343513852
15.96 0.238007526671
16.03 0.286944790875
16.1 0.287166680853
16.17 0.244563007531
16.24 0.239557841946
16.31 0.288989547339
16.38 0.333966771368
16.45 0.412067387584
16.52 0.238983373739
16.59 0.184200061587
16.66 0.233075388897
16.73 0.199272254661
16.8 0.197216491075
16.87 0.277899585355
16.94 0.269443286625
17.01 0.205738195513
17.08 0.191854402159
17.15 0.214588317633
17.22 0.194947454019
17.29 0.254417872055
17.36 0.226305942016
17.43 0.139136716895
17.5 0.114008331831
17.57 0.0864157051653
17.64 0.13332971228
17.71 0.15325964334
17.78 0.127270196019
17.85 0.0986765622827
17.92 0.0840901736981
17.99 0.0674311347865
18.06 0.15314577318
18.13 0.361830068453
18.2 0.439387387323
18.27 0.341249170544
18.34 0.31458072824
18.41 0.307041131089
18.48 0.31311213098
18.55 0.2852927372
18.62 0.324255050921
18.69 0.301848365899
18.76 0.287426672253
18.83 0.255754246548
18.9 0.256274039553
18.97 0.24743791989
19.04 0.345399316028
19.11 0.271157084371
19.18 0.22989456576
19.25 0.217107083004
19.32 0.330542635605
19.39 0.330741681489
19.46 0.249754479488
19.53 0.277262875369
19.6 0.274115324978
19.67 0.250512161817
19.74 0.236312844753
19.81 0.268865160819
19.88 0.352747319792
19.95 0.259721163776
20.02 0.19778683729
20.09 0.192396763651
20.16 0.198261523606
20.23 0.20596621043
20.3 0.287632424576
20.37 0.303533394501
20.44 0.272995856315
20.51 0.250492917777
20.58 0.187213196469
20.65 0.195698658067
20.72 0.334564974093
20.79 0.241152532997
20.86 0.198872581939
20.93 0.179761844074
21.0 0.213115797261
21.07 0.200767632251
21.14 0.185127793508
21.21 0.129465508676
21.28 0.102314440956
21.35 0.0845075226286
21.42 0.0796165795373
21.49 0.291785071725
21.56 0.442526667482
21.63 0.354641893597
21.7 0.326753069034
21.77 0.278905109152
21.84 0.270493639484
21.91 0.278380051344
21.98 0.285806995853
22.05 0.339870763441
22.12 0.293065105258
22.19 0.255561139847
22.26 0.212108796493
22.33 0.23359953508
22.4 0.33087041929
22.47 0.313435332317
22.54 0.275088482605
22.61 0.257676382074
22.68 0.238362611613
22.75 0.266936272414
22.82 0.312596699231
22.89 0.294711720487
22.96 0.250408569885
23.03 0.23575926918
23.1 0.195354837683
23.17 0.25421147261
23.24 0.313037457604
23.31 0.213183520896
23.38 0.207835183059
23.45 0.182416846183
23.52 0.160228808464
23.59 0.13805114387
23.66 0.181003680278
23.73 0.168056159637
23.8 0.161983590905
23.87 0.166863553123
23.94 0.153843870866
24.01 0.233532440395
24.08 0.317075607662
24.15 0.347016463505
24.22 0.301324709346
24.29 0.277538871163
24.36 0.274915604255
24.43 0.233230748528
24.5 0.218458065684
24.57 0.268072058432
24.64 0.240976037429
24.71 0.233707769933
24.78 0.21437845846
24.85 0.215881311767
24.92 0.261032590273
24.99 0.305155817886
25.06 0.28990826196
25.13 0.250539814398
25.2 0.376058678617
25.27 0.326653985751
25.34 0.311882073194
25.41 0.279943608886
25.48 0.243703597907
25.55 0.23253393499
25.62 0.244265821284
25.69 0.219546198929
25.76 0.274765763833
25.83 0.268350342876
25.9 0.222489267011
25.97 0.188376570457
26.04 0.183857184123
26.11 0.22566846881
26.18 0.291137542392
26.25 0.336824867656
26.32 0.295845898292
26.39 0.268372145115
26.46 0.23998377407
26.53 0.224704179069
26.6 0.269358382471
26.67 0.29065387613
26.74 0.23215255935
26.81 0.207222571028
26.88 0.24828201868
26.95 0.298640305106
27.02 0.277716876008
27.09 0.247478692582
27.16 0.216154027534
27.23 0.192651975842
27.3 0.157104381812
27.37 0.174926702842
27.44 0.155079757792
27.51 0.168876143308
27.58 0.0769300754335
27.65 0.0772925048505
27.72 0.0708238462902
27.79 0.129597583039
27.86 0.165988209774
27.93 0.10993454971
28.0 0.0760218096534
28.07 0.0657426373709
28.14 0.055709258179
28.21 0.214132450336
28.28 0.471331330459
28.35 0.42355464177
28.42 0.389499704594
28.49 0.370003667977
28.56 0.343440765028
28.63 0.316752311427
28.7 0.356286210081
28.77 0.369073235511
28.84 0.306444470957
28.91 0.330963081835
28.98 0.316138392029
29.05 0.29671200426
29.12 0.328514647765
29.19 0.271931944191
29.26 0.269948102958
29.33 0.260781018519
29.4 0.283062439602
29.47 0.286995178519
29.54 0.313477187246
29.61 0.297357941532
29.68 0.278527044836
29.75 0.276422731996
29.82 0.303204822358
29.89 0.339575780033
29.96 0.343938435766
30.03 0.277952094064
30.1 0.238457924226
30.17 0.221671144949
30.24 0.21188653601
30.31 0.222444987143
30.38 0.32638930903
30.45 0.289517883154
30.52 0.24244003619
30.59 0.231412706681
30.66 0.228306890072
30.73 0.237703812675
30.8 0.340603266587
30.87 0.29999894926
30.94 0.259460929075
31.01 0.247931261679
31.08 0.236984433678
31.15 0.277180510232
31.22 0.408605230153
31.29 0.364997123348
31.36 0.173048329285
31.43 0.0734081667836
31.5 0.1548997288
31.57 0.238642231691
31.64 0.412781777386
31.71 0.448794567963
31.78 0.365790877904
31.85 0.32525994173
31.92 0.313391777307
31.99 0.326173356215
32.06 0.311285210142
32.13 0.38831754894
32.2 0.362304633623
32.27 0.29424057971
32.34 0.329411803449
32.41 0.308059620535
32.48 0.345909218472
32.55 0.342073289332
32.62 0.251292387395
32.69 0.233650753584
32.76 0.314503271535
32.83 0.335629545453
32.9 0.275766988966
32.97 0.300374708774
33.04 0.297868406296
33.11 0.281493675812
33.18 0.289186154149
33.25 0.285990497697
33.32 0.389248270138
33.39 0.288443817988
33.46 0.205422757614
33.53 0.199072874617
33.6 0.209625840865
33.67 0.209571446318
33.74 0.272606456773
33.81 0.291509074921
33.88 0.259974496186
33.95 0.239430975851
34.02 0.226600232873
34.09 0.223892041619
34.16 0.366522445197
34.23 0.325727838823
34.3 0.286107486356
34.37 0.290788395623
34.44 0.274547658657
34.51 0.381592394042
34.58 0.369870645647
34.65 0.27174285247
34.72 0.155819328797
34.79 0.099858523093
34.86 0.192196879842
34.93 0.305017637765
35.0 0.508720904783
35.07 0.442482965077
35.14 0.328352418147
35.21 0.285631496711
35.28 0.275915100029
35.35 0.250027463795
35.42 0.349880115346
35.49 0.352303124911
35.56 0.298736166915
35.63 0.246965999741
35.7 0.220960335011
35.77 0.262610473327
35.84 0.32361133365
35.91 0.311868321106
35.98 0.274663964861
36.05 0.232372741169
36.12 0.270065523704
36.19 0.293609616082
36.26 0.339258312939
36.33 0.319131733677
36.4 0.310838088576
36.47 0.233404082185
36.54 0.25208475483
36.61 0.284011242848
36.68 0.252027145876
36.75 0.214054085036
36.82 0.197810234618
36.89 0.178097506196
36.96 0.181148750577
37.03 0.217448243225
37.1 0.1882923003
37.17 0.156884950088
37.24 0.178719012361
37.31 0.188531279938
37.38 0.201995533638
37.45 0.391169352703
37.52 0.432852027802
37.59 0.321453152238
37.66 0.280153298453
37.73 0.286075238304
37.8 0.281853409731
37.87 0.273940070147
37.94 0.285686097207
38.01 0.117455521675
38.08 0.0803401421092
38.15 0.0449558417632
38.22 0.0217078180601
38.29 0.130333815462
38.36 0.135944841207
38.43 0.0366901460509
38.5 0.0109387384779
38.57 0.127098266646
38.64 0.369446978953
38.71 0.327946832492
38.78 0.434962811857
38.85 0.235918643791
38.92 0.0886045132921
38.99 0.0784061898023
39.06 0.0653808358939
39.13 0.0553019270119
39.2 0.26485760517
39.27 0.0934682591097
39.34 0.0343430687701
39.41 0.0175220485896
39.48 0.0101739034877
39.55 0.00753162170693
39.62 0.330388964951
39.69 0.410823507041
39.76 0.151286634576
39.83 0.107165603744
39.9 0.0768763502174
39.97 0.0377818308917
40.04 0.212213734156
40.11 0.0908322971111
40.18 0.0224549950133
40.25 0.0237391333767
40.32 0.268306005464
40.39 0.383201743756
40.46 0.307838744145
40.53 0.349799987372
40.6 0.165466535978
40.67 0.0972326485169
40.74 0.082221854248
40.81 0.072284971872
40.88 0.296118576706
40.95 0.241563602527
41.02 0.115008751344
41.09 0.0803788159461
41.16 0.0643657678127
41.23 0.0552406554104
41.3 0.212200307142
41.37 0.356010355623
41.44 0.356571044484
41.51 0.276287099979
41.58 0.281909323651
41.65 0.235001380903
41.72 0.263940083836
41.79 0.279551060558
41.86 0.242223028395
41.93 0.229235709278
42.0 0.232968357428
42.07 0.185036510008
42.14 0.227278968402
42.21 0.263892769262
42.28 0.2708560265
42.35 0.26011688411
42.42 0.23541290473
42.49 0.271861410979
42.56 0.332995728748
42.63 0.290114439304
42.7 0.263394207091
42.77 0.260304395886
42.84 0.220131317887
42.91 0.224177964317
42.98 0.253714033059
43.05 0.32941184585
43.12 0.349364295929
43.19 0.294596240095
43.26 0.251945962922
43.33 0.218672068049
43.4 0.215518654192
43.47 0.375872887114
43.54 0.271009055081
43.61 0.204840184741
43.68 0.184727335357
43.75 0.251334530046
43.82 0.330302724152
43.89 0.300590992722
43.96 0.276488017568
44.03 0.223364679009
44.1 0.208311246401
44.17 0.2060898601
44.24 0.192764039917
44.31 0.354447062584
44.38 0.405140337852
44.45 0.285957337012
44.52 0.258141741159
44.59 0.221027414553
44.66 0.256779836158
44.73 0.290480299171
44.8 0.36724667912
44.87 0.295142034057
44.94 0.25875372424
45.01 0.244484121303
45.08 0.322605705869
45.15 0.37646601786
45.22 0.361108142361
45.29 0.219490963426
45.36 0.170347587499
45.43 0.182407144408
45.5 0.21651596732
45.57 0.266329044313
45.64 0.379051979882
45.71 0.350343301879
45.78 0.297208475653
45.85 0.274603068812
45.92 0.267934985787
45.99 0.364387070527
46.06 0.34109159495
46.13 0.274314501093
46.2 0.237061260424
46.27 0.257231019144
46.34 0.33255181856
46.41 0.369112315186
46.48 0.383309899863
46.55 0.315431119554
46.62 0.299128052979
46.69 0.29617324686
46.76 0.309043342092
46.83 0.371006681023
46.9 0.464185745484
46.97 0.333942561353
47.04 0.253383988993
47.11 0.240681049982
47.18 0.258614115606
47.25 0.3261431101
47.32 0.347300784048
47.39 0.229192808456
47.46 0.099150869008
47.53 0.084455557058
47.6 0.0641841164739
47.67 0.0950097095277
47.74 0.214566037876
47.81 0.0738060566403
47.88 0.0175820774351
47.95 0.0114571766668
48.02 0.0110705241099
48.09 0.0785186829361
48.16 0.313455098294
48.23 0.302332620728
48.3 0.279014589789
48.37 0.282914175087
48.44 0.328892125533
48.51 0.347633390352
48.58 0.445526974014
48.65 0.352024034847
48.72 0.301186321258
48.79 0.257249589814
48.86 0.250537888177
48.93 0.231880208031
49.0 0.340395348779
49.07 0.328581049899
49.14 0.238802456343
49.21 0.22552263832
49.28 0.203800598731
49.35 0.303825605685
49.42 0.537088687067
49.49 0.371308030654
49.56 0.297600275904
49.63 0.248296128149
49.7 0.26663641187
49.77 0.271909632129
49.84 0.307086333685
49.91 0.363304816901
49.98 0.385718728282
50.05 0.34199723792
50.12 0.338641559735
50.19 0.29895651733
50.26 0.372815557167
50.33 0.520890862029
50.4 0.346623500252
50.47 0.28184883546
50.54 0.271863365468
50.61 0.329364284945
50.68 0.33997887109
50.75 0.348866421262
50.82 0.27312483136
50.89 0.295031008809
50.96 0.261815021718
51.03 0.2544076332
51.1 0.257000925563
51.17 0.487874800138
51.24 0.418983502881
51.31 0.283836844116
51.38 0.252350010023
51.45 0.282530612763
51.52 0.251416959794
51.59 0.295947697264
51.66 0.304202181925
51.73 0.314799357372
51.8 0.289752038154
51.87 0.303860200941
51.94 0.322140793006
52.01 0.445634620299
52.08 0.390548600672
52.15 0.289504140152
52.22 0.23633924953
52.29 0.269552620878
52.36 0.252949209174
52.43 0.305637213671
52.5 0.325630181025
52.57 0.271302843182
52.64 0.269328530081
52.71 0.218519302961
52.78 0.169887919247
52.85 0.299265714191
52.92 0.370561601777
52.99 0.194441381807
53.06 0.158617834384
53.13 0.17936950977
53.2 0.256106353318
53.27 0.324846041422
53.34 0.435416105811
53.41 0.433806895415
53.48 0.41180792115
53.55 0.359715598532
53.62 0.324616755482
53.69 0.438274188975
53.76 0.43295901687
53.83 0.300211764395
53.9 0.283152415735
53.97 0.241255538381
54.04 0.394091302011
54.11 0.462025917496
54.18 0.378199524038
54.25 0.293817327942
54.32 0.28184352119
54.39 0.246172510697
54.46 0.430826054014
54.53 0.406875102939
54.6 0.393559280329
54.67 0.267907017217
54.74 0.0637158448377
54.81 0.0370249804315
54.88 0.0490155063389
54.95 0.146680363351
55.02 0.133948593615
55.09 0.0940724262553
55.16 0.0696008270863
55.23 0.0567049741984
55.3 0.0480347245908
55.37 0.0493292360792
55.44 0.47063079471
55.51 0.410916783393
55.58 0.397219057149
55.65 0.34342434268
55.72 0.338574138965
55.79 0.332401085696
55.86 0.355965126779
55.93 0.328097743037
56.0 0.398747758971
56.07 0.382282908998
56.14 0.339996671474
56.21 0.390141300801
56.28 0.399834610087
56.35 0.365510802519
56.42 0.336387408492
56.49 0.346983229123
56.56 0.289006313943
56.63 0.384304371108
56.7 0.359410167292
56.77 0.328902017102
56.84 0.324193350261
56.91 0.30456089216
56.98 0.291443887275
57.05 0.318176912504
57.12 0.393610669446
57.19 0.179906667033
57.26 0.0784292610457
57.33 0.0456214682866
57.4 0.0660729338247
57.47 0.0451294994861
57.54 0.249980402618
57.61 0.204366916842
57.68 0.156539325639
57.75 0.117474890899
57.82 0.0986755537424
57.89 0.0782418350816
57.96 0.250186531503
58.03 0.237112616226
58.1 0.0911531199489
58.17 0.0445732051958
58.24 0.0182132964794
58.31 0.0174165576938
58.38 0.0709198494362
58.45 0.15000364609
58.52 0.101642589548
58.59 0.0734490000477
58.66 0.0568856846368
58.73 0.0476576991016
58.8 0.0401054351282
58.87 0.445211541163
58.94 0.486827027689
59.01 0.385227158253
59.08 0.352821462145
59.15 0.339954112889
59.22 0.340602883967
59.29 0.349153210154
59.36 0.425224314109
59.43 0.422871033144
59.5 0.3922082502
59.57 0.340247961563
59.64 0.311540885716
59.71 0.325330004492
59.78 0.487726010658
59.85 0.359070992856
59.92 0.338859632604
59.99 0.33693155184
60.06 0.350631292136
60.13 0.332113393256
60.2 0.379283856327
60.27 0.236737758241
60.34 0.0936088459975
60.41 0.0727811595814
60.48 0.0628626701947
60.55 0.0543256518944
60.62 0.283876522455
60.69 0.251147308011
60.76 0.0960365196836
60.83 0.0297554096064
60.9 0.0494344029094
60.97 0.0406533249158
61.04 0.115578452456
61.11 0.137390452026
61.18 0.101212027629
61.25 0.0846836345673
61.32 0.0869954058696
61.39 0.0759745950245
61.46 0.184289282577
61.53 0.236030456488
61.6 0.059771976643
61.67 0.00421097187372
61.74 0.053516610734
61.81 0.0395734507991
61.88 0.112949916707
61.95 0.169630599116
62.02 0.105696650112
62.09 0.0879072969434
62.16 0.0766396057225
62.23 0.0577974293258
62.3 0.0686104808626
62.37 0.459451984261
62.44 0.39075851335
62.51 0.337038396542
62.58 0.354292194604
62.65 0.333916197967
62.72 0.300406153224
62.79 0.340405355438
62.86 0.343488657065
62.93 0.289071275449
63.0 0.278887595481
63.07 0.248186938263
63.14 0.32987878589
63.21 0.336950500081
63.28 0.333286065198
63.35 0.262061589133
63.42 0.255597891501
63.49 0.257178398375
63.56 0.352280312113
63.63 0.262205767999
63.7 0.256335577676
63.77 0.245353310436
63.84 0.218155982112
63.91 0.269925718208
63.98 0.278423907201
64.05 0.115097212143
64.12 0.0780609287906
64.19 0.0301545755341
64.26 0.0230607128277
64.33 0.0172397875287
64.4 0.030949550636
64.47 0.0846253330616
64.54 0.0851636674595
64.61 0.0805698268219
64.68 0.0759380816244
64.75 0.0697801928042
64.82 0.0590762049602
64.89 0.271869849807
64.96 0.462564434622
65.03 0.36719157284
65.1 0.348685139418
65.17 0.337143965173
65.24 0.366224974258
65.31 0.343197512975
65.38 0.393037497501
65.45 0.336685515448
65.52 0.32644405692
65.59 0.3029413046
65.66 0.307540392878
65.73 0.28828457058
65.8 0.444399559184
65.87 0.373942503566
65.94 0.321313286168
66.01 0.286243919956
66.08 0.279614178626
66.15 0.292875774273
66.22 0.319458400799
66.29 0.344273160106
66.36 0.3692266033
66.43 0.334835713161
66.5 0.354501314785
66.57 0.287300593606
66.64 0.518676861594
66.71 0.398157611444
66.78 0.305870783131
66.85 0.313774701596
66.92 0.305141415648
66.99 0.374705609197
67.06 0.305532443594
67.13 0.354590968872
67.2 0.36245112133
67.27 0.361342249912
67.34 0.321422544704
67.41 0.327949002014
67.48 0.313145000915
67.55 0.518213893123
67.62 0.560522822301
67.69 0.422162560314
67.76 0.35709280914
67.83 0.264243139606
67.9 0.288514812564
67.97 0.482303325529
68.04 0.493144492021
68.11 0.363771655986
68.18 0.24702743388
68.25 0.268729009893
68.32 0.222339322605
68.39 0.546287203841
68.46 0.503680840069
68.53 0.279645784604
68.6 0.188139950136
68.67 0.268600375066
68.74 0.1537734588
68.81 0.589841012006
68.88 0.66223854869
68.95 0.44528663855
69.02 0.333433958199
69.09 0.28782945136
69.16 0.381081680928
69.23 0.339634920474
69.3 0.297700618096
69.37 0.25415250985
69.44 0.259986836923
69.51 0.260571929634
69.58 0.26655887743
69.65 0.29774409739
69.72 0.304030691706
69.79 0.314307490536
69.86 0.277189377109
69.93 0.254206249199
70.0 0.221952799271
70.07 0.239741909138
70.14 0.259941205269
70.21 0.279934196852
70.28 0.242369063823
70.35 0.253516281419
70.42 0.208541819518
70.49 0.276102176689
70.56 0.266823480454
70.63 0.293296912045
70.7 0.271350714019
70.77 0.247719328891
70.84 0.206146768426
70.91 0.181691280664
70.98 0.24575030886
71.05 0.223646350493
71.12 0.232394291021
71.19 0.205829657704
71.26 0.177221041237
71.33 0.209174383282
71.4 0.199864072992
71.47 0.227797800315
71.54 0.185432452443
71.61 0.13605628239
71.68 0.11776879308
71.75 0.650999391387
71.82 0.578145623968
71.89 0.454291903248
71.96 0.315322677744
72.03 0.248557846889
72.1 0.191250195641
72.17 0.15485489469
72.24 0.144833694708
72.31 1.0
72.38 0.629651872593
72.45 0.232700551102
72.52 0.107012469161
72.59 0.0782532318902
72.66 0.0292418334098
72.73 0.016751934663
72.8 0.00990599519743
72.87 0.00729453093635
72.94 0.00426895032342
73.01 0.00231298276221
73.08 0.0497287442442
73.15 0.554777702083
73.22 0.4766899546
73.29 0.213544626793
73.36 0.416316928301
73.43 0.4597649104
73.5 0.215562240499
73.57 0.106218578315
73.64 0.395885455889
73.71 0.238502674544
73.78 0.0735243669846
73.85 0.72320153272
73.92 0.358943905669
73.99 0.168118617459
74.06 0.671769970595
74.13 0.428687110585
74.2 0.20839981825
74.27 0.0764624801958
74.34 0.0231201036376
74.41 0.0177468733291
74.48 0.0430612598826
74.55 0.0105484303409
74.62 0.00707128109465
74.69 0.0033649791685
74.76 0.0235850356828
74.83 0.0217999415059
74.9 0.110723090951
74.97 0.125021343904
75.04 0.116156167376
75.11 0.0989946118869
75.18 0.102908725618
75.25 0.0851166052727
75.32 0.0847763859531
75.39 0.0700691431426
75.46 0.0727904757077
75.53 0.0663895549159
75.6 0.0755270191609
75.67 0.0649634849442
75.74 0.120641559137
75.81 0.154536195945
75.88 0.118429821104
75.95 0.0987183344281
76.02 0.0818591583098
76.09 0.205355617499
76.16 0.247575409479
76.23 0.256753354656
76.3 0.15959094961
76.37 0.127140795954
76.44 0.124985038471
76.51 0.108979304526
76.58 0.13914047545
76.65 0.211612207992
76.72 0.22809994648
76.79 0.184502319812
76.86 0.157587674541
76.93 0.118701063937
77.0 0.232539087732
77.07 0.314106142879
77.14 0.210723633483
77.21 0.180695801889
77.28 0.149321537656
77.35 0.135415113222
77.42 0.198646832452
77.49 0.232724757079
77.56 0.228587676181
77.63 0.199501504258
77.7 0.154886059495
77.77 0.160208616457
77.84 0.218613414211
77.91 0.465063563239
77.98 0.202576994998
78.05 0.129299294364
78.12 0.0891603623709
78.19 0.159611383909
78.26 0.0592676580188
78.33 0.149308430669
78.4 0.128242473319
78.47 0.0868532905232
78.54 0.0724029973391
78.61 0.0751048647729
78.68 0.219141694501
78.75 0.409832749931
78.82 0.30841323961
78.89 0.199168212469
78.96 0.144411286923
79.03 0.124657158879
79.1 0.133416069177
79.17 0.187170899358
79.24 0.413388323031
79.31 0.285130418742
79.38 0.110500418571
79.45 0.0441511729633
79.52 0.023179471228
79.59 0.0525797322911
79.66 0.437295229464
79.73 0.293730621741
79.8 0.0785787551922
79.87 0.0317476210179
79.94 0.0305775880395
80.01 0.113677369075
80.08 0.494605634765
80.15 0.410780731403
80.22 0.14820588711
80.29 0.0436517789234
80.36 0.0324738215437
80.43 0.0265713538913
80.5 0.261660819031
80.57 0.055436468715
80.64 0.0262572677799
80.71 0.013560311362
80.78 0.0146359595029
80.85 0.0156893460594
80.92 0.168027340016
80.99 0.274456032919
81.06 0.153016820345
81.13 0.0908960956159
81.2 0.0694415261723
81.27 0.0408748686182
81.34 0.128080401191
81.41 0.270040745312
81.48 0.1084485256
81.55 0.0777691698844
81.62 0.0679558382419
81.69 0.0610416077746
81.76 0.135041462658
81.83 0.287728218745
81.9 0.130059471291
81.97 0.0479658642029
82.04 0.0264661587936
82.11 0.0211088430294
82.18 0.166540743491
82.25 0.205119246538
82.32 0.113996573604
82.39 0.0405257309349
82.46 0.0366362118581
82.53 0.24249496277
82.6 0.336359383387
82.67 0.503770089326
82.74 0.519001336983
82.81 0.435376582943
82.88 0.388646207904
82.95 0.377726729619
83.02 0.396255461978
83.09 0.389428194137
83.16 0.341699987062
83.23 0.370606142108
83.3 0.339731047795
83.37 0.324686124683
83.44 0.306026437551
83.51 0.319687023465
83.58 0.385097377588
83.65 0.360102855809
83.72 0.341371185752
83.79 0.3345960228
83.86 0.335717324806
83.93 0.28003620682
84.0 0.405719632717
84.07 0.386598814496
84.14 0.264994730311
84.21 0.263280953767
84.28 0.334475883335
84.35 0.317521062461
84.42 0.333700819586
84.49 0.266104150924
84.56 0.272959306571
84.63 0.254667981981
84.7 0.255488097904
84.77 0.30146539517
84.84 0.410427710991
84.91 0.284037110545
84.98 0.250065367345
85.05 0.225417922759
85.12 0.271081659889
85.19 0.232349648726
85.26 0.344984997766
85.33 0.365708331049
85.4 0.305145392265
85.47 0.232237051608
85.54 0.207120161279
85.61 0.288678405075
85.68 0.345507418629
85.75 0.338529065591
85.82 0.286082973475
85.89 0.277612229096
85.96 0.199851509144
86.03 0.223876980144
86.1 0.313254480542
86.17 0.335681935034
86.24 0.245637279655
86.31 0.117500830274
86.38 0.0977875758767
86.45 0.220037812368
86.52 0.319569439171
86.59 0.31531333436
86.66 0.226619406245
86.73 0.202999166548
86.8 0.211422083501
86.87 0.219524335107
86.94 0.208377847416
87.01 0.26625817694
87.08 0.316435663078
87.15 0.291093752157
87.22 0.247448828077
87.29 0.200833398369
87.36 0.21249468684
87.43 0.301023070985
87.5 0.277488866139
87.57 0.249100109446
87.64 0.238019708909
87.71 0.192877259927
87.78 0.291915582295
87.85 0.300346287926
87.92 0.297477716549
87.99 0.281085265436
88.06 0.272215542906
88.13 0.264154965519
88.2 0.347236210209
88.27 0.408527995549
88.34 0.352253298577
88.41 0.340340723045
88.48 0.302972025203
88.55 0.283326027019
88.62 0.272221426562
88.69 0.303332353747
88.76 0.492676751408
88.83 0.304261402121
88.9 0.325277362523
88.97 0.290019734439
89.04 0.247144607287
89.11 0.272556712212
89.18 0.279389914186
89.25 0.293906150159
89.32 0.247839912558
89.39 0.207063051042
89.46 0.236493599611
89.53 0.284539052689
89.6 0.26246008371
89.67 0.223010771203
89.74 0.234246794863
89.81 0.212763734912
89.88 0.169943228447
89.95 0.228750847709
90.02 0.369293023606
90.09 0.283816120076
90.16 0.209520709369
90.23 0.226039409742
90.3 0.191086956473
90.37 0.198438651152
90.44 0.213934434193
90.51 0.275834526843
90.58 0.255513220552
90.65 0.224620791258
90.72 0.210579822093
90.79 0.197076205033
90.86 0.260613102106
90.93 0.323475604716
91.0 0.240612070468
91.07 0.185764942649
91.14 0.155042391323
91.21 0.145709358084
91.28 0.159825325701
91.35 0.248389367148
91.42 0.236732970955
91.49 0.217922389431
91.56 0.179452166666
91.63 0.177275551883
91.7 0.177535295944
91.77 0.262701411562
91.84 0.155383396072
91.91 0.0984511903671
91.98 0.0745526086821
92.05 0.0529244430982
92.12 0.0836861074153
92.19 0.174312204973
92.26 0.113600355562
92.33 0.0879335644217
92.4 0.0842752403441
92.47 0.0835570617017
92.54 0.243978523579
92.61 0.402728929024
92.68 0.379998082582
92.75 0.329112373983
92.82 0.323622585083
92.89 0.263560279056
92.96 0.252439826648
93.03 0.361064227951
93.1 0.460504877148
93.17 0.310153561259
93.24 0.19113204398
93.31 0.170723885103
93.38 0.142764108365
93.45 0.143317914115
93.52 0.186881172676
93.59 0.199302323095
93.66 0.144770236421
93.73 0.129534866772
93.8 0.134285814572
93.87 0.242616091594
93.94 0.278703514155
94.01 0.260120821355
94.08 0.229185496286
94.15 0.217046045619
94.22 0.17538655988
94.29 0.181640995994
94.36 0.269574423117
94.43 0.402068573361
94.5 0.33312733468
94.57 0.322417422797
94.64 0.328807992674
94.71 0.334874756494
94.78 0.389639046706
94.85 0.495329669806
94.92 0.327817330461
94.99 0.220237791075
95.06 0.169601278759
95.13 0.142414157994
95.2 0.144721473143
95.27 0.244706901704
95.34 0.212746129372
95.41 0.136721125502
95.48 0.159434602639
95.55 0.127763316716
95.62 0.260350700911
95.69 0.282116335892
95.76 0.253399503755
95.83 0.22456693581
95.9 0.213017041073
95.97 0.208829920825
96.04 0.171784247649
96.11 0.225606919582
96.18 0.15944368253
96.25 0.131387292878
96.32 0.115552349535
96.39 0.094913905263
96.46 0.0847236884588
96.53 0.130883057037
96.6 0.33212172911
96.67 0.293630941814
96.74 0.217165690404
96.81 0.185507726501
96.88 0.176330180097
96.95 0.19108238725
97.02 0.28631601797
97.09 0.186676011949
97.16 0.116127835368
97.23 0.127069185552
97.3 0.10516270019
97.37 0.133438941539
97.44 0.162509055561
97.51 0.19038835805
97.58 0.15472801547
97.65 0.107884722277
97.72 0.112794799368
97.79 0.269540827316
97.86 0.369303830837
97.93 0.20310589818
98.0 0.0678414027342
98.07 0.0270529061561
98.14 0.0666954273294
98.21 0.108037008839
98.28 0.185491883635
98.35 0.340247977716
98.42 0.278790164831
98.49 0.230919761646
98.56 0.207851762897
98.63 0.167339465032
98.7 0.244314189829
98.77 0.302267174638
98.84 0.1794687778
98.91 0.125681492609
98.98 0.0966542370078
99.05 0.195626436887
99.12 0.263420046521
99.19 0.20728778997
99.26 0.0833510852585
99.33 0.0595059743829
99.4 0.0513919009483
99.47 0.121040052704
99.54 0.153893463994
99.61 0.313390945438
99.68 0.35100729697
99.75 0.21348773361
99.82 0.197246445429
99.89 0.156112344593
99.96 0.17257909151
100.03 0.203837117179
100.1 0.211578561714
100.17 0.169999364468
100.24 0.131289071751
100.31 0.106750628265
100.38 0.262568714306
100.45 0.263785191627
100.52 0.249429600279
100.59 0.0702694186576
100.66 0.0279400329713
100.73 0.118495286375
100.8 0.200424287365
100.87 0.211209738818
100.94 0.296489934582
101.01 0.30153308448
101.08 0.221687801513
101.15 0.213647399981
101.22 0.201557459658
101.29 0.215566682518
101.36 0.451176017388
101.43 0.344956375007
101.5 0.188151691202
101.57 0.168271100883
101.64 0.151300499734
101.71 0.145814772254
101.78 0.589161164963
101.85 0.417883463005
101.92 0.292054783071
101.99 0.214460585343
102.06 0.187030786959
102.13 0.168771612494
102.2 0.189464004083
102.27 0.15519152405
102.34 0.142524967198
102.41 0.147314210254
102.48 0.144844309115
102.55 0.150169142612
102.62 0.23640148828
102.69 0.226004158279
102.76 0.180345456784
102.83 0.199085014454
102.9 0.249638140979
102.97 0.226711572092
103.04 0.19440674516
103.11 0.163165780884
103.18 0.124337906901
103.25 0.117450040829
103.32 0.128021300121
103.39 0.106418354103
103.46 0.175395386375
103.53 0.491983013968
103.6 0.370331192207
103.67 0.304270491098
103.74 0.294115784202
103.81 0.265497138867
103.88 0.301219257823
103.95 0.347593340499
104.02 0.255724900952
104.09 0.208921076112
104.16 0.2149108456
104.23 0.259916936699
104.3 0.196351373457
104.37 0.299483823405
104.44 0.303521963367
104.51 0.269082084821
104.58 0.224640912597
104.65 0.443068729138
104.72 0.357609756224
104.79 0.277375902555
104.86 0.143837319452
104.93 0.051855672011
105.0 0.0375647413234
105.07 0.232275890002
105.14 0.247340560919
105.21 0.303547440368
105.28 0.412836029587
105.35 0.3443732489
105.42 0.291811920704
105.49 0.265486015646
105.56 0.294589451882
105.63 0.272096570481
105.7 0.307914865216
105.77 0.258814321462
105.84 0.242004049959
105.91 0.186876220834
105.98 0.343421801643
106.05 0.317240639791
106.12 0.162826908303
106.19 0.106145802893
106.26 0.0908244216125
106.33 0.191890887292
106.4 0.520780371842
106.47 0.255720730502
106.54 0.431931541421
106.61 0.391234326324
106.68 0.288995335088
106.75 0.242208211231
106.82 0.224736655279
106.89 0.251969125025
106.96 0.255986451098
107.03 0.273100639516
107.1 0.232402350258
107.17 0.195976434707
107.24 0.174585517383
107.31 0.374419620878
107.38 0.390868343292
107.45 0.150208365644
107.52 0.0586075961344
107.59 0.0425816641254
107.66 0.127034315699
107.73 0.215118565536
107.8 0.283992550023
107.87 0.359090331794
107.94 0.317310068555
108.01 0.326022353801
108.08 0.278721617404
108.15 0.282881107281
108.22 0.313002347478
108.29 0.270729949873
108.36 0.283155260647
108.43 0.223652808584
108.5 0.31216214858
108.57 0.408286767643
108.64 0.337515531016
108.71 0.384654583962
108.78 0.311993134786
108.85 0.325777378446
108.92 0.324897725328
108.99 0.370017451362
109.06 0.384845181932
109.13 0.475007584143
109.2 0.398849844655
109.27 0.292399426238
109.34 0.296698424804
109.41 0.25483011973
109.48 0.263089576424
109.55 0.487297937279
109.62 0.325742123954
109.69 0.267836942341
109.76 0.221345780147
109.83 0.200325240426
109.9 0.0954778458842
109.97 0.172112100992
110.04 0.222294527867
110.11 0.0819365877571
110.18 0.0252268858366
110.25 0.0465841599104
110.32 0.323713846373
110.39 0.364067910418
110.46 0.43552997799
110.53 0.36043380847
110.6 0.316280963692
110.67 0.289765141102
110.74 0.292894066308
110.81 0.368042499215
110.88 0.459259433822
110.95 0.346575767724
111.02 0.302159301205
111.09 0.325030247932
111.16 0.305103316245
111.23 0.336030353918
111.3 0.394552529008
111.37 0.375798467135
111.44 0.338598294465
111.51 0.375632172059
111.58 0.303974443624
111.65 0.371171668732
111.72 0.450919310054
111.79 0.414490703043
111.86 0.329727356436
111.93 0.282588847638
112.0 0.313496123373
112.07 0.368254036259
112.14 0.35261748663
112.21 0.359502944926
112.28 0.310051040459
112.35 0.324573194414
112.42 0.302782986988
112.49 0.283747130466
112.56 0.33300839658
112.63 0.357666933091
112.7 0.32773004175
112.77 0.30276396202
112.84 0.273466118783
112.91 0.292256298313
112.98 0.30599472658
113.05 0.327319726354
113.12 0.374953255821
113.19 0.333581375701
113.26 0.292627712724
113.33 0.220775934668
113.4 0.266519780591
113.47 0.338387182441
113.54 0.358405407724
113.61 0.276108064384
113.68 0.262777127803
113.75 0.18799960756
113.82 0.175160316723
113.89 0.265810155865
113.96 0.551921870216
114.03 0.233435705326
114.1 0.122902395619
114.17 0.101617566845
114.24 0.106207614603
114.31 0.242732027292
114.38 0.224742694406
114.45 0.227612045156
114.52 0.181088632891
114.59 0.210766549448
114.66 0.214794426327
114.73 0.200731666027
114.8 0.388212596134
114.87 0.440816064962
114.94 0.313346435393
115.01 0.291662421509
115.08 0.257420605545
115.15 0.233334585781
115.22 0.278913522741
115.29 0.417532438473
115.36 0.280633080977
115.43 0.213479487606
115.5 0.159735301109
115.57 0.228172293853
115.64 0.379639382442
115.71 0.349212315262
115.78 0.308684370384
115.85 0.276545067231
115.92 0.261588514059
115.99 0.242855902091
116.06 0.250250611672
116.13 0.234364917247
116.2 0.209337314538
116.27 0.20090283319
116.34 0.185516270322
116.41 0.169312805938
116.48 0.172339046796
116.55 0.255521072831
116.62 0.231034982583
116.69 0.226892244167
116.76 0.19611685401
116.83 0.189572377244
116.9 0.146449729662
116.97 0.231100717405
117.04 0.169866794416
117.11 0.0604572732363
117.18 0.0243086184458
117.25 0.0296962247446
117.32 0.0191102704441
117.39 0.150825875001
117.46 0.239047115709
117.53 0.173904245866
117.6 0.14627344408
117.67 0.127917477002
117.74 0.213399393957
117.81 0.277619450406
117.88 0.288888005802
117.95 0.191399373798
118.02 0.164789888198
118.09 0.157925171105
118.16 0.134131998542
118.23 0.154135254219
118.3 0.243702539899
118.37 0.244097496004
118.44 0.212434480314
118.51 0.198050288417
118.58 0.193830804019
118.65 0.224084493122
118.72 0.295226310272
118.79 0.203927974649
118.86 0.151581073838
118.93 0.146142572091
119.0 0.14461003297
119.07 0.169750053096
119.14 0.264942343758
119.21 0.284153535875
119.28 0.223552222081
119.35 0.205626428246
119.42 0.164790149672
119.49 0.200805115829
119.56 0.261134028836
119.63 0.194565908775
119.7 0.120210930587
119.77 0.0975230182825
119.84 0.0800008354227
119.91 0.0542500164173
119.98 0.165577555169
120.05 0.172895673228
120.12 0.154047230556
120.19 0.150542253067
120.26 0.134585864911
120.33 0.236445981162
120.4 0.285241136077
120.47 0.324591988194
120.54 0.276631808767
120.61 0.264276238708
120.68 0.213991177964
120.75 0.222882647208
120.82 0.266950820028
120.89 0.396925672867
120.96 0.349565759685
121.03 0.304974318989
121.1 0.345140513877
121.17 0.360494771149
121.24 0.379878420635
121.31 0.449786356833
121.38 0.32960672633
121.45 0.299787228478
121.52 0.313537492708
121.59 0.286974597835
121.66 0.317177001804
121.73 0.308752770417
121.8 0.309198004125
121.87 0.304674285812
121.94 0.294705617758
122.01 0.282274468757
122.08 0.259852456748
122.15 0.427184212858
122.22 0.315145103977
122.29 0.282482222008
122.36 0.217609998354
122.43 0.22073286828
122.5 0.215547753458
122.57 0.245861208924
122.64 0.333852643773
122.71 0.270297477885
122.78 0.222644287433
122.85 0.176914951771
122.92 0.180040431382
122.99 0.187716475257
123.06 0.226809306616
123.13 0.174788263267
123.2 0.152773758087
123.27 0.120499840544
123.34 0.0917640359355
123.41 0.0759766878214
123.48 0.227553305506
123.55 0.187006497188
123.62 0.0998254209619
123.69 0.0674408052648
123.76 0.0786273377612
123.83 0.0876982918505
123.9 0.326001610579
123.97 0.165349967291
124.04 0.077307248317
124.11 0.0423092845387
124.18 0.0139549272483
124.25 0.00490107190534
124.32 0.0391286814842
124.39 0.0134293464941
124.46 0.00866515339985
124.53 0.00532473859907
124.6 0.00523274235656
124.67 0.115613551477
124.74 0.165029508901
124.81 0.142045784347
124.88 0.140687520793
124.95 0.124143818917
125.02 0.122366577019
125.09 0.102613843164
125.16 0.0952471808986
125.23 0.0890665287476
125.3 0.0813055312503
125.37 0.11728460589
125.44 0.100506202848
125.51 0.0853633594548
125.58 0.0664962461664
125.65 0.0527140165591
125.72 0.0369141187304
125.79 0.0330756000944
125.86 0.0201907300998
125.93 0.0148312730803
126.0 0.0147958802805
126.07 0.10373106356
126.14 0.107612325528
126.21 0.0870668234473
126.28 0.0730649157857
126.35 0.0770398407635
126.42 0.073525893424
126.49 0.0702427312065
126.56 0.0591779221585
126.63 0.0541404176631
126.7 0.0526158428808
126.77 0.0848323826564
126.84 0.137656408856
126.91 0.107860940311
126.98 0.0702035041363
127.05 0.0357364444689
127.12 0.0344329368815
127.19 0.0333372996529
127.26 0.0315715322989
127.33 0.0369661751604
127.4 0.0108391413344
127.47 0.144188717518
127.54 0.151293778151
127.61 0.0656767430406
127.68 0.0602116578265
127.75 0.0663250779936
127.82 0.0685501299707
127.89 0.0564834022287
127.96 0.0455972572613
128.03 0.0376679809229
128.1 0.0362581253319
128.17 0.179741795422
128.24 0.124098408354
128.31 0.116247278243
128.38 0.0848377292325
128.45 0.0373564479632
128.52 0.0406689689008
128.59 0.0270770939617
128.66 0.02439448773
128.73 0.0169983960756
128.8 0.181384980201
128.87 0.159502173831
128.94 0.143565095336
129.01 0.139284738109
129.08 0.121377928859
129.15 0.127365317828
129.22 0.101215233959
129.29 0.10067757495
129.36 0.094955889414
129.43 0.0915922307367
129.5 0.12652552275
129.57 0.141615331459
129.64 0.111030054688
129.71 0.0901406898216
129.78 0.0778883472479
129.85 0.113669042307
129.92 0.110874032792
129.99 0.0930094267649
130.06 0.0736710616492
130.13 0.0607560989917
130.2 0.125281855222
130.27 0.218338192741
130.34 0.124148750569
130.41 0.0284692440669
130.48 0.0311283156717
130.55 0.117488303779
130.62 0.328256988425
130.69 0.289870282693
130.76 0.210190316548
130.83 0.201284396606
130.9 0.158662492832
130.97 0.0277559102543
131.04 0.0217491036025
131.11 0.00634009137331
131.18 0.0219070113377
131.25 0.064142800645
131.32 0.243340228599
131.39 0.218376559675
131.46 0.163865888583
131.53 0.154737463848
131.6 0.163907070142
131.67 0.0803175574688
131.74 0.0601145643667
131.81 0.00860053110239
131.88 0.038545400916
131.95 0.0541348257663
132.02 0.0326873605251
132.09 0.0201863052426
132.16 0.012043442474
132.23 0.00725422970508
132.3 0.0335453608166
132.37 0.0100262447029
132.44 0.000141130025688
132.51 0.0
132.58 0.041469718628
132.65 0.0778516430428
132.72 0.106770127721
132.79 0.0829150435023
132.86 0.0616932641467
132.93 0.0447340032722
133.0 0.106156303221
133.07 0.280701166031
133.14 0.144287664511
133.21 0.0231478127532
133.28 0.0257690221993
133.35 0.0614189583388
133.42 0.284634266367
133.49 0.272159907621
133.56 0.20957271835
133.63 0.155409019458
133.7 0.115644985832
133.77 0.0247779662621
133.84 0.0131077836562
133.91 0.00858577148312
133.98 0.0326993701305
134.05 0.0379994696552
134.12 0.243633979348
134.19 0.175151024826
134.26 0.112076532894
134.33 0.0270705399639
134.4 0.0333483643196
134.47 0.0114736555495
134.54 0.00585798082739
134.61 0.00251225377512
134.68 0.0303763110509
134.75 0.0335550030276
134.82 0.0264618813308
134.89 0.0130176328709
134.96 0.00936531763424
135.03 0.00616541198596
135.1 0.0266244117948
135.17 0.004170651461
135.24 0.00246068798628
135.31 0.00706768103977
135.38 0.0280618301167
135.45 0.07725713628
135.52 0.125402365191
135.59 0.0884166673552
135.66 0.0690542759618
135.73 0.0505145183086
135.8 0.0589894119378
135.87 0.159246683005
135.94 0.116242906892
136.01 0.0247275765989
136.08 0.0335981330176
136.15 0.0557746830686
136.22 0.229578621067
136.29 0.289402889366
136.36 0.2708608047
136.43 0.180963168051
136.5 0.173745767735
136.57 0.0348326610902
136.64 0.0145263183476
136.71 0.0447522730965
136.78 0.035463049275
136.85 0.0392137542336
136.92 0.225343462398
136.99 0.272799410022
137.06 0.206165611675
137.13 0.178950986733
137.2 0.26650785175
137.27 0.0944444151002
137.34 0.0452033268594
137.41 0.0145400118822
137.48 0.0311847434528
137.55 0.0350805701973
137.62 0.0370311639245
137.69 0.0225840800994
137.76 0.0157816774724
137.83 0.100833041594
137.9 0.0295251555076
137.97 0.0212323604479
138.04 0.0044084065154
138.11 0.00075914920531
138.18 0.0281517527438
138.25 0.0307255315173
138.32 0.224696162233
138.39 0.313034947863
138.46 0.29330425652
138.53 0.27406063867
138.6 0.293482278527
138.67 0.241049641692
138.74 0.276855202974
138.81 0.28335513739
138.88 0.187293139696
138.95 0.261701290876
139.02 0.309682988859
139.09 0.283929634874
139.16 0.0897816827786
139.23 0.0361774693633
139.3 0.0274166096251
139.37 0.0374369797572
139.44 0.0159595692475
139.51 0.0470504174945
139.58 0.0811976356067
139.65 0.0350357552685
139.72 0.0575957969757
139.79 0.251529255055
139.86 0.207138373559
139.93 0.193246293819
140.0 0.171965754622
140.07 0.176896313461
140.14 0.226029489905
140.21 0.225026311293
140.28 0.139414822649
140.35 0.209911932158
140.42 0.196534031317
140.49 0.383371314821
140.56 0.189770018843
140.63 0.0661330030522
140.7 0.0392262262128
140.77 0.0290428834337
140.84 0.0443309525966
140.91 0.0167407458217
140.98 0.0115993677294
141.05 0.0341652809787
141.12 0.0349181840989
141.19 0.134416681513
141.26 0.153728518687
141.33 0.116296775465
141.4 0.0591706463325
141.47 0.0169913605225
141.54 0.115456390809
141.61 0.307112679909
141.68 0.168683239526
141.75 0.0295413476782
141.82 0.0370246715092
141.89 0.0557634326447
141.96 0.23981010928
142.03 0.234673330697
142.1 0.179580465313
142.17 0.182970675152
142.24 0.107030908589
142.31 0.0241627435356
142.38 0.0124948162642
142.45 0.0121120262452
142.52 0.034040140204
142.59 0.0762626731119
142.66 0.243111431281
142.73 0.235469286072
142.8 0.201870070817
142.87 0.167731013906
142.94 0.198516554078
143.01 0.0808214318911
143.08 0.0383154204052
143.15 0.010419306892
143.22 0.0324100078957
143.29 0.0425275865764
143.36 0.036797930644
143.43 0.0282619753998
143.5 0.0182689115729
143.57 0.012310272565
143.64 0.0364638877506
143.71 0.0134117046099
143.78 0.00115538541921
143.85 0.00103997367675
143.92 0.0181858548946
143.99 0.221392444571
144.06 0.387673230986
144.13 0.151203577898
144.2 0.07368036768
144.27 0.0390358907259
144.34 0.0340097689054
144.41 0.208962001245
144.48 0.198404289103
144.55 0.0339077084601
144.62 0.0350004634238
144.69 0.0425363747082
144.76 0.152513203358
144.83 0.268056411418
144.9 0.211800554666
144.97 0.173523764687
145.04 0.276695568909
145.11 0.386441126843
145.18 0.249093924943
145.25 0.104461412326
145.32 0.0498254490274
145.39 0.0381720007204
145.46 0.10504869576
145.53 0.22150310941
145.6 0.141478262852
145.67 0.0785546733893
145.74 0.0321956441121
145.81 0.0330977657716
145.88 0.0102035075284
145.95 0.00885619355258
146.02 0.0181150248749
146.09 0.0232135092118
146.16 0.425121061386
146.23 0.357501462818
146.3 0.10343897554
146.37 0.0636545550644
146.44 0.0379753060788
146.51 0.0641381526773
146.58 0.0470123564544
146.65 0.0131883719851
146.72 0.0134284903958
146.79 0.0267087788689
146.86 0.113571120007
146.93 0.12728614186
147.0 0.0981656624028
147.07 0.0825131053506
147.14 0.0667063960889
147.21 0.0565639784429
147.28 0.185840182382
147.35 0.134552235795
147.42 0.0229487163925
147.49 0.0316823394844
147.56 0.0456223425568
147.63 0.20875946131
147.7 0.262656338188
147.77 0.227797127955
147.84 0.146086538034
147.91 0.221433993606
147.98 0.0641912984117
148.05 0.02526810172
148.12 0.0162507385766
148.19 0.0361633588846
148.26 0.0431797557999
148.33 0.160262125629
148.4 0.243025889091
148.47 0.239225247757
148.54 0.184954092375
148.61 0.251049235287
148.68 0.188055994959
148.75 0.0993814532296
148.82 0.0418494880738
148.89 0.0359540327548
148.96 0.0445820165471
149.03 0.0304518829264
149.1 0.0179395883251
149.17 0.0138084758852
149.24 0.0115976121222
149.31 0.0366765857769
149.38 0.00943324620756
149.45 0.000110202465067
149.52 0.00900840742642
149.59 0.0181127685309
149.66 0.385400235485
149.73 0.377848032085
149.8 0.25524894967
149.87 0.22528341538
149.94 0.202997727939
150.01 0.17561647578
150.08 0.191155874405
150.15 0.201582010902
150.22 0.159826707775
150.29 0.198873129115
150.36 0.285060255025
150.43 0.178684760353
150.5 0.112109135298
150.57 0.0323067491147
150.64 0.0280862299278
150.71 0.345442592402
150.78 0.379065603758
150.85 0.134347505136
150.92 0.0496432424361
150.99 0.0347275982436
151.06 0.0366876888065
151.13 0.239388929108
151.2 0.2667094629
151.27 0.21262353973
151.34 0.203737685601
151.41 0.180614092959
151.48 0.161488603551
151.55 0.180272674294
151.62 0.152979601269
151.69 0.201306747031
151.76 0.271249679276
151.83 0.508512444847
151.9 0.230080786322
151.97 0.119215073231
152.04 0.0766750015509
152.11 0.0545569226099
152.18 0.0535508718283
152.25 0.0255876999738
152.32 0.0213992501483
152.39 0.0228964802625
152.46 0.102279500435
152.53 0.611816116474
152.6 0.478167169378
152.67 0.316641338675
152.74 0.238103114892
152.81 0.18450335763
152.88 0.162188094415
152.95 0.143291853594
153.02 0.127089476495
153.09 0.0927391369465
153.16 0.205622205298
153.23 0.308482815769
153.3 0.250234230716
153.37 0.209017310445
153.44 0.545967613664
153.51 0.575846610348
153.58 0.347949366341
153.65 0.116410779894
153.72 0.060653048178
153.79 0.104422606238
153.86 0.202548224845
153.93 0.58251138003
154.0 0.533346987294
154.07 0.357285993577
154.14 0.286515282926
154.21 0.219637202784
154.28 0.220903226794
154.35 0.250776663886
154.42 0.195537604574
154.49 0.165647848108
154.56 0.550132262341
154.63 0.344768494746
154.7 0.256978036039
154.77 0.163365795935
154.84 0.408793552598
154.91 0.616399566824
154.98 0.576872214092
155.05 0.479256298039
155.12 0.322166234672
155.19 0.223770217216
155.26 0.125198295788
155.33 0.493496062719
155.4 0.401947915997
155.47 0.32945598539
155.54 0.483540473384
155.61 0.536464792307
155.68 0.356830375639
155.75 0.263840974305
155.82 0.191908005219
155.89 0.392595710397
155.96 0.343400940304
156.03 0.585064791135
156.1 0.341748767503
156.17 0.241502165359
156.24 0.177142017711
156.31 0.156313277325
156.38 0.456180802372
156.45 0.380664094754
156.52 0.178332703051
156.59 0.612555555227
156.66 0.667139858849
156.73 0.572965468056
156.8 0.454033172775
156.87 0.413970720243
156.94 0.414358445951
157.01 0.345472477098
157.08 0.3845699645
157.15 0.380906632046
157.22 0.403243251278
157.29 0.381469313758
157.36 0.507774034824
157.43 0.435122198583
157.5 0.260720782716
157.57 0.198291901972
157.64 0.242750797853
157.71 0.43910331614
157.78 0.37581870861
157.85 0.337765159387
157.92 0.312191382116
157.99 0.273122462956
158.06 0.298745281132
158.13 0.526315639954
158.2 0.40410827198
158.27 0.295472059952
158.34 0.230012744679
158.41 0.201629350715
158.48 0.17724451832
158.55 0.176542577278
158.62 0.122351209651
158.69 0.473758100598
158.76 0.480979357394
158.83 0.236105500369
158.9 0.113394345803
158.97 0.0883656255227
159.04 0.583403390038
159.11 0.437198113794
159.18 0.249699240957
159.25 0.108484960255
159.32 0.053368988293
159.39 0.187174421678
159.46 0.326814446638
159.53 0.603651815913
159.6 0.52350934569
159.67 0.477708237088
159.74 0.415103549289
159.81 0.342620019146
159.88 0.333524430021
159.95 0.276365433983
160.02 0.179421536923
160.09 0.479438230032
160.16 0.461718862899
160.23 0.387244886038
160.3 0.294003639363
160.37 0.344883212928
160.44 0.249522662606
160.51 0.296252792324
160.58 0.467317821494
160.65 0.41752522322
160.72 0.321666323743
160.79 0.200870293379
160.86 0.404874445633
160.93 0.542510706902
161.0 0.424744765801
161.07 0.31664592708
161.14 0.317733219369
161.21 0.233608095054
161.28 0.186043399726
161.35 0.158033481673
161.42 0.164326013152
161.49 0.343282359585
161.56 0.361830643896
161.63 0.442928387571
161.7 0.370709567465
161.77 0.267410819412
161.84 0.231567918918
161.91 0.246173286031
161.98 0.34281415256
162.05 0.235793887655
162.12 0.12443838942
162.19 0.473120643545
162.26 0.697748875186
162.33 0.629082113936
162.4 0.549773258327
162.47 0.459480473759
162.54 0.523285647608
162.61 0.574061619145
162.68 0.427752290614
162.75 0.396861089942
162.82 0.358759296349
162.89 0.261495772768
162.96 0.226499881596
163.03 0.518509119833
163.1 0.350804284565
163.17 0.308976996493
163.24 0.284411737344
163.31 0.323515306274
163.38 0.461984559266
163.45 0.353590062757
163.52 0.33045721759
163.59 0.28474951961
163.66 0.242950558498
163.73 0.264962047143
163.8 0.419072865208
163.87 0.45652387468
163.94 0.400486620811
164.01 0.357260913329
164.08 0.370558609471
164.15 0.386916226065
164.22 0.476534541462
164.29 0.407224182068
164.36 0.381129693102
164.43 0.346624497687
164.5 0.359347699374
164.57 0.31860088711
164.64 0.392266636508
164.71 0.438504013005
164.78 0.363057146048
164.85 0.35051514746
164.92 0.330718819222
164.99 0.422244692245
165.06 0.491456156133
165.13 0.37462358226
165.2 0.324007181187
165.27 0.319571574369
165.34 0.306052932178
165.41 0.258724966202
165.48 0.383851256854
165.55 0.404623759254
165.62 0.411532716842
165.69 0.338698169235
165.76 0.323960282547
165.83 0.523662082511
165.9 0.337131739524
165.97 0.295083619482
166.04 0.327837686016
166.11 0.433535763632
166.18 0.444642000569
166.25 0.520053469679
166.32 0.511560875612
166.39 0.420677075304
166.46 0.424889459538
166.53 0.409741783429
166.6 0.554170933327
166.67 0.505849675261
166.74 0.422309496262
166.81 0.337242959615
166.88 0.32768527427
166.95 0.287319647851
167.02 0.36088426357
167.09 0.431285151871
167.16 0.369724670791
167.23 0.343691371653
167.3 0.316598439872
167.37 0.357344535355
167.44 0.535458539616
167.51 0.577855718596
167.58 0.475706942756
167.65 0.384678992859
167.72 0.294746991131
167.79 0.3120629916
167.86 0.379716481767
167.93 0.371237387401
168.0 0.298655500851
168.07 0.314436275786
168.14 0.235956075882
168.21 0.445744646092
168.28 0.374745923553
168.35 0.289947846411
168.42 0.215861503389
168.49 0.176948862551
168.56 0.349935926292
168.63 0.498093160165
168.7 0.494742577177
168.77 0.404640123048
168.84 0.346133183075
168.91 0.355894985273
168.98 0.514537743424
169.05 0.418829295146
169.12 0.357259298049
169.19 0.311558705281
169.26 0.305932133478
169.33 0.303055404937
169.4 0.354101587548
169.47 0.350937625914
169.54 0.335914801848
169.61 0.30312737272
169.68 0.291737884354
169.75 0.453600093039
169.82 0.441402399419
169.89 0.374161746504
169.96 0.279130126715
170.03 0.244277812718
170.1 0.223049928614
170.17 0.368826798327
170.24 0.406946084391
170.31 0.387121516014
170.38 0.347709991968
170.45 0.328662786086
170.52 0.33428744984
170.59 0.540412708797
170.66 0.413539984681
170.73 0.315279538668
170.8 0.327311476312
170.87 0.305599331321
170.94 0.273300941279
171.01 0.355155667665
171.08 0.343952180788
171.15 0.277727483349
171.22 0.265369171353
171.29 0.236567510777
171.36 0.445800058266
171.43 0.347525195882
171.5 0.319222209537
171.57 0.241693110614
171.64 0.232941354997
171.71 0.274768503751
171.78 0.440517958007
171.85 0.41014468772
171.92 0.372768346576
171.99 0.352732292642
172.06 0.327159383584
172.13 0.49665536629
172.2 0.455639407019
172.27 0.32695621268
172.34 0.231998501028
172.41 0.195783151335
172.48 0.145445776725
172.55 0.240741561393
172.62 0.196838933553
172.69 0.121331031228
172.76 0.0828854737862
172.83 0.0913323958169
172.9 0.21765739975
172.97 0.5352084731
173.04 0.340715090389
173.11 0.272489820446
173.18 0.224891533355
173.25 0.232822353295
173.32 0.341901578021
173.39 0.551379839856
173.46 0.429315251512
173.53 0.383711661344
173.6 0.340841074138
173.67 0.341055048235
173.74 0.529488556296
173.81 0.3888951518
173.88 0.337709006203
173.95 0.283785356062
174.02 0.294687926406
174.09 0.34507432072
174.16 0.444432465462
174.23 0.397996870912
174.3 0.356547433132
174.37 0.322990026366
174.44 0.28957304395
174.51 0.507904072926
174.58 0.454539992055
174.65 0.309047416636
174.72 0.281884024331
174.79 0.261184620409
174.86 0.239726938523
174.93 0.391098936599
175.0 0.49689728069
175.07 0.460025412632
175.14 0.393711816249
175.21 0.3802408763
175.28 0.348183039785
175.35 0.537732718309
175.42 0.373846715454
175.49 0.3560020652
175.56 0.356111505455
175.63 0.33052001664
175.7 0.516011824559
175.77 0.473453304365
175.84 0.475693019044
175.91 0.418201083551
175.98 0.436415369389
176.05 0.330744719224
176.12 0.495328126204
176.19 0.355657374584
176.26 0.178572142035
176.33 0.108673849057
176.4 0.119580024503
176.47 0.252272755228
176.54 0.633332652089
176.61 0.62353126645
176.68 0.498732603002
176.75 0.421679825867
176.82 0.386656459794
176.89 0.371463489221
176.96 0.531270260404
177.03 0.336270198741
177.1 0.255283987109
177.17 0.190793770063
177.24 0.167670191554
177.31 0.255984994317
177.38 0.417397944219
177.45 0.334707556861
177.52 0.28113231248
177.59 0.263193567129
177.66 0.256947900975
177.73 0.384972319596
177.8 0.395733548918
177.87 0.28959284829
177.94 0.262946710982
178.01 0.225690939371
178.08 0.222378603181
178.15 0.312702126525
178.22 0.489084987963
178.29 0.345197444414
178.36 0.30920066227
178.43 0.44159220994
178.5 0.413268042229
178.57 0.459069765647
178.64 0.40496634092
178.71 0.363895529775
178.78 0.374120593213
178.85 0.542332852481
178.92 0.527983845417
178.99 0.588679738892
179.06 0.420543083805
179.13 0.29132318852
179.2 0.104124544712
179.27 0.0611107498269
179.34 0.0383950476426
179.41 0.0298535923706
179.48 0.0256802312777
179.55 0.0212049128057
179.62 0.0204786749265
179.69 0.0155281875736
179.76 0.0108442355231
179.83 0.00802385198086
179.9 0.00628047442416
179.97 0.00723456771159
180.04 0.00503983453655
180.11 0.00532908975906
