0.0 0.00275675518706
0.07 0.0133721079147
0.14 0.191897912255
0.21 0.0915819988907
0.28 0.283455756545
0.35 0.071615442853
0.42 0.0210188620933
0.49 0.0164143584248
0.56 0.181945152891
0.63 0.21430503184
0.7 0.203017508189
0.77 0.213871250153
0.84 0.23644104613
0.91 0.208619474475
0.98 0.0511503387793
1.05 0.0932909463087
1.12 0.236674131678
1.19 0.222900635225
1.26 0.264875736232
1.33 0.236651574167
1.4 0.238954841482
1.47 0.214885889293
1.54 0.239512519295
1.61 0.199854214125
1.68 0.16741189485
1.75 0.131568054352
1.82 0.207551785975
1.89 0.189684901164
1.96 0.0429919082508
2.03 0.18940326579
2.1 0.297959880451
2.17 0.386907355864
2.24 0.180662219886
2.31 0.0954450034156
2.38 0.362103824013
2.45 0.124210421056
2.52 0.0607347523123
2.59 0.0608766328568
2.66 0.0334826128609
2.73 0.0273252453344
2.8 0.226268045273
2.87 0.182336598571
2.94 0.0428834606473
3.01 0.0192214238545
3.08 0.0141178160981
3.15 0.227141942154
3.22 0.273111593891
3.29 0.269527358454
3.36 0.302069966578
3.43 0.304716148447
3.5 0.170254028961
3.57 0.0417906675197
3.64 0.109074129557
3.71 0.194500375467
3.78 0.214456093477
3.85 0.23251021697
3.92 0.204540747938
3.99 0.224448468433
4.06 0.326808076287
4.13 0.263058672846
4.2 0.225507026957
4.27 0.185220289468
4.34 0.176191214838
4.41 0.294993489902
4.48 0.116932815617
4.55 0.0336182384433
4.62 0.328221189056
4.69 0.193017111622
4.76 0.356137900469
4.83 0.10734976728
4.9 0.121376832193
4.97 0.333727621611
5.04 0.103397934064
5.11 0.0546172559616
5.18 0.0379462284007
5.25 0.0842088547344
5.32 0.16096045309
5.39 0.260876486488
5.46 0.0937811984471
5.53 0.0292127103943
5.6 0.015597620203
5.67 0.162984526174
5.74 0.245464501642
5.81 0.226595281902
5.88 0.228395651258
5.95 0.172202617356
6.02 0.152443746758
6.09 0.0520185305167
6.16 0.0412392334485
6.23 0.191776777689
6.3 0.225610140949
6.37 0.237749190984
6.44 0.202935480538
6.51 0.176691906044
6.58 0.1666152518
6.65 0.207438337643
6.72 0.160228120078
6.79 0.173487045219
6.86 0.127705335334
6.93 0.185163789095
7.0 0.24186227306
7.07 0.0632122858398
7.14 0.188802288229
7.21 0.365094290618
7.28 0.316269690638
7.35 0.175849548285
7.42 0.0622847922738
7.49 0.343132518852
7.56 0.14970277547
7.63 0.0562355294936
7.7 0.0454475487874
7.77 0.115337312791
7.84 0.145543744295
7.91 0.153361888426
7.98 0.0675167508061
8.05 0.0186502162733
8.12 0.0983032829841
8.19 0.107283036047
8.26 0.268996614256
8.33 0.236788751958
8.4 0.191458148646
8.47 0.294819187534
8.54 0.288645437667
8.61 0.0817461276511
8.68 0.0427604995867
8.75 0.177684634738
8.82 0.309103877843
8.89 0.30571901948
8.96 0.332196488665
9.03 0.29306438577
9.1 0.308103709771
9.17 0.326888374691
9.24 0.275869919987
9.31 0.238484320464
9.38 0.24322428639
9.45 0.302221528163
9.52 0.308270807151
9.59 0.0938134120631
9.66 0.284713351779
9.73 0.376541848791
9.8 0.424698910783
9.87 0.220173962952
9.94 0.0843709638538
10.01 0.420903718426
10.08 0.153683567028
10.15 0.0794274965931
10.22 0.0535067502075
10.29 0.233019044488
10.36 0.311934111692
10.43 0.43232280075
10.5 0.133353160952
10.57 0.0401421028656
10.64 0.0323618924557
10.71 0.155512430935
10.78 0.172578453682
10.85 0.194850588516
10.92 0.14580977655
10.99 0.0844118424065
11.06 0.194817242848
11.13 0.103948896862
11.2 0.0166489363363
11.27 0.143213528404
11.34 0.236096010849
11.41 0.200387612661
11.48 0.208117451737
11.55 0.160613025288
11.62 0.118596523339
11.69 0.202908503287
11.76 0.13010145212
11.83 0.0640301149709
11.9 0.191566821911
11.97 0.222212569441
12.04 0.244078492047
12.11 0.2039648002
12.18 0.163177610883
12.25 0.281848469404
12.32 0.171249560357
12.39 0.156260914392
12.46 0.0490953175341
12.53 0.271585486609
12.6 0.332252371896
12.67 0.260075705464
12.74 0.325610396284
12.81 0.24953500584
12.88 0.233333056803
12.95 0.368275010555
13.02 0.126199442913
13.09 0.0144962332037
13.16 0.190440837713
13.23 0.338870320075
13.3 0.277179471179
13.37 0.326433001728
13.44 0.283152026205
13.51 0.19168036749
13.58 0.268393606981
13.65 0.156994656235
13.72 0.042562526357
13.79 0.198676687891
13.86 0.308119605877
13.93 0.261893011966
14.0 0.299515998335
14.07 0.270077407382
14.14 0.150280229286
14.21 0.258918874091
14.28 0.167203304268
14.35 0.0681850854693
14.42 0.0453882768809
14.49 0.328096253138
14.56 0.324697459812
14.63 0.413672077048
14.7 0.340067386676
14.77 0.247551023361
14.84 0.285366291531
14.91 0.284116588245
14.98 0.247157367187
15.05 0.249166556528
15.12 0.359992879641
15.19 0.482744948232
15.26 0.296883937196
15.33 0.281924491444
15.4 0.281571744992
15.47 0.372803361275
15.54 0.47765136188
15.61 0.541783008713
15.68 0.481575080805
15.75 0.427367515513
15.82 0.251265924794
15.89 0.395596033136
15.96 0.477574404776
16.03 0.302981111466
16.1 0.177044736028
16.17 0.227009524468
16.24 0.148998902099
16.31 0.064817909811
16.38 0.10524389096
16.45 0.47385137825
16.52 0.422260560224
16.59 0.55028423286
16.66 0.471775826715
16.73 0.146736434791
16.8 0.348941528499
16.87 0.165221322828
16.94 0.0560269850412
17.01 0.154427979835
17.08 0.418067606134
17.15 0.339883335942
17.22 0.493858142087
17.29 0.431495795513
17.36 0.19894679329
17.43 0.382898302898
17.5 0.168669007591
17.57 0.0794907431497
17.64 0.137774338251
17.71 0.480030739754
17.78 0.33963855086
17.85 0.432181746803
17.92 0.452528045245
17.99 0.184207615212
18.06 0.583864848024
18.13 0.342515677601
18.2 0.0729755548848
18.27 0.0379397091268
18.34 0.437762411059
18.41 0.524134560097
18.48 0.460943854313
18.55 0.532174399436
18.62 0.322832547275
18.69 0.369971102698
18.76 0.229756720797
18.83 0.114571509435
18.9 0.0111423978075
18.97 0.40175159287
19.04 0.480438175047
19.11 0.495433309117
19.18 0.478888779657
19.25 0.279414086014
19.32 0.374721127431
19.39 0.228479461766
19.46 0.145750530825
19.53 0.0243838596732
19.6 0.384891521327
19.67 0.494951133448
19.74 0.590354464129
19.81 0.585763602437
19.88 0.330801064835
19.95 0.407320416708
20.02 0.372509532652
20.09 0.559588241565
20.16 0.446170796956
20.23 0.411976645684
20.3 0.616372321389
20.37 0.528005658545
20.44 0.574361456012
20.51 0.429744883621
20.58 0.503567583797
20.65 0.251735747631
20.72 0.232030757977
20.79 0.074872556362
20.86 0.0213044845852
20.93 0.182053826157
21.0 0.570044812758
21.07 0.8127998573
21.14 0.697102994523
21.21 0.36689971556
21.28 0.366955216037
21.35 0.197915086095
21.42 0.0724337943738
21.49 0.205313364801
21.56 0.476295706992
21.63 0.36971607803
21.7 0.577621513106
21.77 0.478803872005
21.84 0.21477936543
21.91 0.367833361854
21.98 0.264964973858
22.05 0.146325073472
22.12 0.162664676559
22.19 0.511629233841
22.26 0.404547008635
22.33 0.524587077995
22.4 0.413059691693
22.47 0.193036117131
22.54 0.358419992923
22.61 0.222452859977
22.68 0.201141081884
22.75 0.110051432171
22.82 0.471787376639
22.89 0.400942054649
22.96 0.48661972211
23.03 0.418572937756
23.1 0.169257285721
23.17 0.636587675808
23.24 0.412858333528
23.31 0.196963725927
23.38 0.140376222969
23.45 0.471521550099
23.52 0.340071739092
23.59 0.451812370106
23.66 0.440501580789
23.73 0.186917709404
23.8 0.242048262495
23.87 0.206877796038
23.94 0.100392319404
24.01 0.125329100526
24.08 0.274617231974
24.15 0.317521810132
24.22 0.409831502865
24.29 0.358211958392
24.36 0.185376067574
24.43 0.32364545173
24.5 0.183638515891
24.57 0.158469452131
24.64 0.142369726905
24.71 0.449365850818
24.78 0.365999282778
24.85 0.442165566536
24.92 0.299750547572
24.99 0.520218796706
25.06 0.458967448354
25.13 0.394292662101
25.2 0.305588026834
25.27 0.36842441027
25.34 0.670690643272
25.41 0.482449351713
25.48 0.397466150868
25.55 0.355136233799
25.62 0.430311629071
25.69 0.548294894328
25.76 0.645291912563
25.83 0.61551181464
25.9 0.578902452553
25.97 0.371640646473
26.04 0.581420996789
26.11 0.749603499982
26.18 0.551969306196
26.25 0.304206746175
26.32 0.405419746036
26.39 0.174036948277
26.46 0.0622219908082
26.53 0.279631390156
26.6 0.565908523614
26.67 0.477943336581
26.74 0.683973618288
26.81 0.513725833068
26.88 0.350259051433
26.95 0.373007669259
27.02 0.208433628416
27.09 0.135230953699
27.16 0.320986365963
27.23 0.58436042754
27.3 0.443477364378
27.37 0.574509914428
27.44 0.356568772233
27.51 0.3975774099
27.58 0.355314527025
27.65 0.216177179287
27.72 0.103897049372
27.79 0.395966836318
27.86 0.524056364966
27.93 0.443229506049
28.0 0.53040884193
28.07 0.429742451204
28.14 0.596680229399
28.21 0.425231626098
28.28 0.188122540785
28.35 0.0741474682342
28.42 0.357376189726
28.49 0.51217066895
28.56 0.481107488411
28.63 0.487281290642
28.7 0.323744442709
28.77 0.346377503944
28.84 0.304866387226
28.91 0.149177009559
28.98 0.0555984322384
29.05 0.346992674545
29.12 0.408864378746
29.19 0.531717045381
29.26 0.487979480064
29.33 0.214664561878
29.4 0.342916518814
29.47 0.211838899873
29.54 0.190403562278
29.61 0.21459895397
29.68 0.354296505443
29.75 0.48084758021
29.82 0.618188059475
29.89 0.519684258637
29.96 0.320403456354
30.03 0.32056456433
30.1 0.361424081556
30.17 0.427652508395
30.24 0.407580159092
30.31 0.423898507525
30.38 0.536358697316
30.45 0.485207508251
30.52 0.392779895081
30.59 0.428024776512
30.66 0.43781762977
30.73 0.4086208666
30.8 0.489327471158
30.87 0.257693607174
30.94 0.0876837025155
31.01 0.224637600934
31.08 0.451868351831
31.15 0.63662016745
31.22 0.400792456701
31.29 0.252106244111
31.36 0.350597968895
31.43 0.543174748387
31.5 0.494150165411
31.57 0.389926068916
31.64 0.435534381576
31.71 0.400464657786
31.78 0.310355917544
31.85 0.30636302001
31.92 0.256924357792
31.99 0.355216370124
32.06 0.463922385747
32.13 0.246412769861
32.2 0.120908867019
32.27 0.201182279606
32.34 0.696683772423
32.41 0.818178263234
32.48 0.954302180415
32.55 0.844513533953
32.62 0.672329226418
32.69 0.448940101964
32.76 0.154671624137
32.83 0.600312345156
32.9 0.745480418944
32.97 0.846390541245
33.04 0.606985787579
33.11 0.557581906042
33.18 0.44524496656
33.25 0.4231368783
33.32 0.299992222004
33.39 0.127475730722
33.46 0.1074785619
33.53 0.224726897157
33.6 0.308925090903
33.67 0.239595150374
33.74 0.191995720065
33.81 0.140131547601
33.88 0.376889984749
33.95 0.344034785609
34.02 0.104345447997
34.09 0.0928094763018
34.16 0.267228062049
34.23 0.927712434847
34.3 0.85489968103
34.37 0.878467378481
34.44 0.705664080292
34.51 0.808039111733
34.58 0.403819892039
34.65 0.143250133086
34.72 0.534348833481
34.79 0.536588790655
34.86 0.722796991362
34.93 0.581816407144
35.0 0.362169909428
35.07 0.208797578194
35.14 0.532423230233
35.21 0.642439694709
35.28 0.416168339306
35.35 0.131419807884
35.42 0.19532100356
35.49 0.479286678532
35.56 0.421997331918
35.63 0.325690238376
35.7 0.294456782483
35.77 0.489645925656
35.84 0.402526215759
35.91 0.264685980354
35.98 0.15261283645
36.05 0.243902797055
36.12 0.42031286201
36.19 0.309315657621
36.26 0.221826569581
36.33 0.183757034769
36.4 0.478555173364
36.47 0.517398908416
36.54 0.409564135337
36.61 0.379827102773
36.68 0.289562336322
36.75 0.271327883654
36.82 0.216710023017
36.89 0.179452437647
36.96 0.167938595826
37.03 0.54868417315
37.1 0.500342580424
37.17 0.225698408601
37.24 0.0964576053602
37.31 0.342914964113
37.38 0.743055408646
37.45 0.559102124908
37.52 0.384990377656
37.59 0.291362769262
37.66 0.557323124906
37.73 0.5468525801
37.8 0.413063645149
37.87 0.555802133054
37.94 0.490317513099
38.01 0.409955962523
38.08 0.350741900349
38.15 0.251499959121
38.22 0.239955146698
38.29 0.705276084379
38.36 0.731938250116
38.43 0.627432726455
38.5 0.54781384323
38.57 0.530866126166
38.64 0.702529450337
38.71 0.377247976292
38.78 0.313675288934
38.85 0.284365416549
38.92 0.160736214505
38.99 0.0743833003796
39.06 0.224017418383
39.13 0.22042984788
39.2 0.329012472312
39.27 0.31061252933
39.34 0.308070317973
39.41 0.259684080252
39.48 0.229238902939
39.55 0.279857632274
39.62 0.205522661046
39.69 0.180796171078
39.76 0.168577751471
39.83 0.384001920339
39.9 0.168672328942
39.97 0.132218768649
40.04 0.4376158128
40.11 0.346903227465
40.18 0.276941195397
40.25 0.133385764802
40.32 0.379671391992
40.39 0.228035527766
40.46 0.115057113677
40.53 0.0897789739496
40.6 0.0529625859558
40.67 0.118994430942
40.74 0.124138832472
40.81 0.237282581032
40.88 0.081533460185
40.95 0.0367823428969
41.02 0.111742897612
41.09 0.1911333569
41.16 0.313757710559
41.23 0.248477448459
41.3 0.254146845406
41.37 0.253029214456
41.44 0.271557424682
41.51 0.104249861902
41.58 0.0949837657239
41.65 0.282656130014
41.72 0.25787654331
41.79 0.329955784686
41.86 0.238758280824
41.93 0.274580677162
42.0 0.304186119886
42.07 0.347034577929
42.14 0.260762014572
42.21 0.241053214839
42.28 0.204605767378
42.35 0.188884764712
42.42 0.389963383
42.49 0.171979979603
42.56 0.279262518195
42.63 0.434434831044
42.7 0.403987114095
42.77 0.250548899421
42.84 0.122910924931
42.91 0.463713788931
42.98 0.204201836709
43.05 0.135044544108
43.12 0.100565476006
43.19 0.0826937425713
43.26 0.160961142544
43.33 0.270611814541
43.4 0.185118482074
43.47 0.0515415151599
43.54 0.170138151954
43.61 0.146704187513
43.68 0.38889017637
43.75 0.608365954887
43.82 0.416890228265
43.89 0.275755857006
43.96 0.252342900361
44.03 0.612140600747
44.1 0.542347759358
44.17 0.432018070515
44.24 0.345366030311
44.31 0.400466865786
44.38 0.359675274183
44.45 0.32021308458
44.52 0.331248835096
44.59 0.337026421568
44.66 0.412778993878
44.73 0.322200744982
44.8 0.202419086473
44.87 0.152075070537
44.94 0.315921033538
45.01 0.935287907143
45.08 0.945445142803
45.15 0.861808696273
45.22 0.745975402512
45.29 0.803123747543
45.36 0.544250462239
45.43 0.11766481824
45.5 0.678931025399
45.57 0.722999626203
45.64 0.633673440697
45.71 0.550504389575
45.78 0.52619907537
45.85 0.497453357681
45.92 0.508765493493
45.99 0.306115076901
46.06 0.125299778131
46.13 0.106555014308
46.2 0.155297014378
46.27 0.19832413344
46.34 0.157360112092
46.41 0.123040675811
46.48 0.122469154048
46.55 0.534450115992
46.62 0.525253758216
46.69 0.290227019244
46.76 0.115120804077
46.83 0.155203924283
46.9 0.88847339292
46.97 1.0
47.04 0.848519173308
47.11 0.74481284106
47.18 0.577284968216
47.25 0.456785470203
47.32 0.135458700648
47.39 0.400844241853
47.46 0.587028922556
47.53 0.453935983987
47.6 0.495023991227
47.67 0.233324952906
47.74 0.135913308105
47.81 0.304170024298
47.88 0.597151457327
47.95 0.438404673614
48.02 0.329607000417
48.09 0.280552835721
48.16 0.390620672675
48.23 0.44363601251
48.3 0.339184026936
48.37 0.266676915978
48.44 0.31977107058
48.51 0.468910089067
48.58 0.319014021927
48.65 0.214564937548
48.72 0.133050989055
48.79 0.447919255239
48.86 0.326161958771
48.93 0.195164023584
49.0 0.175787569676
49.07 0.384648424349
49.14 0.501366475462
49.21 0.374911368296
49.28 0.328647869235
49.35 0.244380989348
49.42 0.195635766421
49.49 0.168412444429
49.56 0.143937570506
49.63 0.135999393938
49.7 0.319822580199
49.77 0.63476387372
49.84 0.398032880111
49.91 0.160556325434
49.98 0.153058079541
50.05 0.574705834255
50.12 0.542616585587
50.19 0.406537605142
50.26 0.333558100542
50.33 0.428671038652
50.4 0.533576869917
50.47 0.49339414533
50.54 0.448702818597
50.61 0.337172508659
50.68 0.327079348647
50.75 0.313836797119
50.82 0.291608858449
50.89 0.247178090724
50.96 0.430618205748
51.03 0.670970631685
51.1 0.54188346338
51.17 0.466793039343
51.24 0.458855539763
51.31 0.68637576562
51.38 0.589245956921
51.45 0.395345320988
51.52 0.364207110825
51.59 0.269704308927
51.66 0.067963700703
51.73 0.146791662229
51.8 0.261735645496
51.87 0.307360205848
51.94 0.325274406199
52.01 0.288072474657
52.08 0.294762106173
52.15 0.264910524394
52.22 0.308132453672
52.29 0.267902677856
52.36 0.190569621112
52.43 0.173336194283
52.5 0.34215202455
52.57 0.243782662385
52.64 0.12498219262
52.71 0.434748397022
52.78 0.350850754394
52.85 0.407606443148
52.92 0.149208677097
52.99 0.327202759786
53.06 0.29645619603
53.13 0.126913468597
53.2 0.09977424262
53.27 0.0693147874865
53.34 0.112894086179
53.41 0.205619333063
53.48 0.368186963579
53.55 0.113295237834
53.62 0.0532008829329
53.69 0.0344306342228
53.76 0.211791952125
53.83 0.486581632545
53.9 0.395648350651
53.97 0.210195061661
54.04 0.232747050259
54.11 0.299377864285
54.18 0.386403815828
54.25 0.218492516422
54.32 0.363561450868
54.39 0.367550662999
54.46 0.282170636734
54.53 0.166922837101
54.6 0.217241615007
54.67 0.198947264563
54.74 0.369273178835
54.81 0.323504977524
54.88 0.112079012373
54.95 0.044131907205
55.02 0.116113590122
55.09 0.380639315279
55.16 0.271170079574
55.23 0.0914377208393
55.3 0.126640944497
55.37 0.379830551293
55.44 0.435183647384
55.51 0.266872780947
55.58 0.45169727606
55.65 0.374607513281
55.72 0.380705084018
55.79 0.264276646256
55.86 0.237668094658
55.93 0.25070707254
56.0 0.291605604422
56.07 0.401875303229
56.14 0.190072829752
56.21 0.0704083523546
56.28 0.144767282444
56.35 0.335956060029
56.42 0.257356374075
56.49 0.126943964187
56.56 0.144314902936
56.63 0.416232456097
56.7 0.37004428588
56.77 0.25168364705
56.84 0.126138742227
56.91 0.155585097961
56.98 0.399546220637
57.05 0.381033633479
57.12 0.241680673443
57.19 0.326915603787
57.26 0.351940454326
57.33 0.196037768362
57.4 0.0929349695187
57.47 0.396422835151
57.54 0.435734297247
57.61 0.420876181382
57.68 0.374623945492
57.75 0.352850260201
57.82 0.358027689477
57.89 0.556377555908
57.96 0.631544403439
58.03 0.345129614685
58.1 0.353519193306
58.17 0.305113827893
58.24 0.261959943926
58.31 0.232215913334
58.38 0.250444392806
58.45 0.264040770474
58.52 0.231701539009
58.59 0.195340173641
58.66 0.159022799969
58.73 0.13194731551
58.8 0.299618649782
58.87 0.773799986324
58.94 0.587929162091
59.01 0.451144728638
59.08 0.372663405718
59.15 0.331168483082
59.22 0.288417255601
59.29 0.116893516701
59.36 0.346775623494
59.43 0.358896694098
59.5 0.546470264396
59.57 0.375291788935
59.64 0.296754150161
59.71 0.227294103428
59.78 0.327922018094
59.85 0.252111914346
59.92 0.108267513727
59.99 0.105233628933
60.06 0.388439501173
60.13 0.638612783697
60.2 0.419177542122
60.27 0.19144734802
60.34 0.277525507603
60.41 0.243624067864
60.48 0.121995143367
60.55 0.394213677775
60.62 0.477247173134
60.69 0.38306839498
60.76 0.233426118222
60.83 0.391824386965
60.9 0.40099459658
60.97 0.392315748714
61.04 0.41879495712
61.11 0.30757176869
61.18 0.251197884471
61.25 0.327838829716
61.32 0.609617598121
61.39 0.468681903261
61.46 0.292968603935
61.53 0.260065322501
61.6 0.534473698334
61.67 0.546833820201
61.74 0.282309971408
61.81 0.167805181984
61.88 0.240096902567
61.95 0.367339595118
62.02 0.259282245376
62.09 0.184014004373
62.16 0.200943123616
62.23 0.504113209244
62.3 0.371428929033
62.37 0.236396692876
62.44 0.182349549846
62.51 0.248881410296
62.58 0.384729728883
62.65 0.313766112431
62.72 0.478009287346
62.79 0.253428702942
62.86 0.328198928273
62.93 0.241671070948
63.0 0.37250543208
63.07 0.298037069452
63.14 0.398943530037
63.21 0.233832549878
63.28 0.236558129995
63.35 0.380676048377
63.42 0.438385139481
63.49 0.534830556579
63.56 0.253321785105
63.63 0.132923418747
63.7 0.237054489979
63.77 0.33271287899
63.84 0.364050679421
63.91 0.303422909777
63.98 0.256588767914
64.05 0.545156590191
64.12 0.554019445155
64.19 0.438640080616
64.26 0.351368870226
64.33 0.313462584066
64.4 0.411990640492
64.47 0.364708879226
64.54 0.301533555886
64.61 0.330632576078
64.68 0.504715571948
64.75 0.476561474935
64.82 0.24986388569
64.89 0.1350608105
64.96 0.107980560949
65.03 0.792335799252
65.1 0.918990617622
65.17 0.856468268942
65.24 0.807717395729
65.31 0.733965443824
65.38 0.592120036596
65.45 0.182691969439
65.52 0.44382915831
65.59 0.640363279175
65.66 0.616864789008
65.73 0.579299213142
65.8 0.524348646368
65.87 0.411227743319
65.94 0.490120440025
66.01 0.357379017363
66.08 0.20451469079
66.15 0.119702184209
66.22 0.244530203296
66.29 0.388481859622
66.36 0.26974131631
66.43 0.197942458567
66.5 0.189875312834
66.57 0.404137568563
66.64 0.441537328711
66.71 0.276438248814
66.78 0.130931696422
66.85 0.122507749795
66.92 0.768349137779
66.99 0.831141251493
67.06 0.843179016523
67.13 0.662194275229
67.2 0.816283180511
67.27 0.603383608866
67.34 0.119719274706
67.41 0.415523816387
67.48 0.480611866506
67.55 0.537397224252
67.62 0.496916438314
67.69 0.244404048053
67.76 0.151071223295
67.83 0.525886976821
67.9 0.644191599018
67.97 0.425014371826
68.04 0.357361333411
68.11 0.371849468951
68.18 0.416444447822
68.25 0.441501893484
68.32 0.389842336953
68.39 0.347816092872
68.46 0.505934181201
68.53 0.467633292582
68.6 0.250757688237
68.67 0.1243610189
68.74 0.299576085619
68.81 0.417513608738
68.88 0.301907130601
68.95 0.220099180186
69.02 0.191325656155
69.09 0.485295974136
69.16 0.488066003508
69.23 0.357207290787
69.3 0.307057032807
69.37 0.314425803352
69.44 0.269702054796
69.51 0.224161334876
69.58 0.179908037519
69.65 0.282723335013
69.72 0.568416552731
69.79 0.544305377989
69.86 0.258733271149
69.93 0.108492168728
70.0 0.375259980513
70.07 0.609647836879
70.14 0.473717352252
70.21 0.389436632154
70.28 0.313264019875
70.35 0.580270134871
70.42 0.511819459745
70.49 0.388352916639
70.56 0.368912803499
70.63 0.381856564325
70.7 0.348463952103
70.77 0.297834481987
70.84 0.282841132021
70.91 0.408518469491
70.98 0.6148883444
71.05 0.511879498405
71.12 0.204670457675
71.19 0.11141762462
71.26 0.397573603562
71.33 0.391671159717
71.4 0.423896710954
71.47 0.336924425914
71.54 0.303013797601
71.61 0.168688349724
71.68 0.0918535106269
71.75 0.30509721241
71.82 0.24069274849
71.89 0.454007808208
71.96 0.415103416105
72.03 0.378601238661
72.1 0.377667973873
72.17 0.332926560067
72.24 0.181354292735
72.31 0.064436758575
72.38 0.196898862331
72.45 0.165730888424
72.52 0.495973764278
72.59 0.400417445726
72.66 0.364543108391
72.73 0.602371685156
72.8 0.46895537988
72.87 0.416388255397
72.94 0.266842678085
73.01 0.569114395555
73.08 0.487605126128
73.15 0.469042591532
73.22 0.401252576054
73.29 0.369612780765
73.36 0.368967377638
73.43 0.390483433793
73.5 0.262950778802
73.57 0.178012891211
73.64 0.0996388289857
73.71 0.0585642717221
73.78 0.379957418432
73.85 0.446777123089
73.92 0.384042447308
73.99 0.421256321501
74.06 0.371185151328
74.13 0.176551713603
74.2 0.0775369844678
74.27 0.224516281847
74.34 0.272017167516
74.41 0.460258850556
74.48 0.443925842795
74.55 0.420731357253
74.62 0.384991659319
74.69 0.375134434933
74.76 0.221111914286
74.83 0.108195497506
74.9 0.298652251274
74.97 0.262418483643
75.04 0.509993477086
75.11 0.400345569141
75.18 0.554755007259
75.25 0.52902471992
75.32 0.540634637809
75.39 0.370327893618
75.46 0.278237154482
75.53 0.596959047111
75.6 0.511523828316
75.67 0.449381943912
75.74 0.375395016381
75.81 0.290640170901
75.88 0.271733630843
75.95 0.302162087945
76.02 0.305268991349
76.09 0.159213849977
76.16 0.0847552307267
76.23 0.0935239395965
76.3 0.329482790109
76.37 0.438365955685
76.44 0.396111318837
76.51 0.401727935723
76.58 0.385038715535
76.65 0.270879490017
76.72 0.0818774319859
76.79 0.220758258951
76.86 0.25364996802
76.93 0.368590345676
77.0 0.425718872314
77.07 0.343478496679
77.14 0.323137894654
77.21 0.284358101846
77.28 0.354189141268
77.35 0.105039193989
77.42 0.162071344091
77.49 0.246395880092
77.56 0.45141904931
77.63 0.408565334953
77.7 0.314289369874
77.77 0.616843570511
77.84 0.410822320286
77.91 0.470785488047
77.98 0.287818315235
78.05 0.433493731658
78.12 0.577976572286
78.19 0.471503829992
78.26 0.422965273906
78.33 0.365865781663
78.4 0.362048595328
78.47 0.320653124969
78.54 0.386939631818
78.61 0.149351709642
78.68 0.0982720281215
78.75 0.109738692791
78.82 0.275923042906
78.89 0.570701889237
78.96 0.51748533212
79.03 0.372476757997
79.1 0.443258166417
79.17 0.310243793265
79.24 0.153264781292
79.31 0.249064468614
79.38 0.407120392569
79.45 0.362909987272
79.52 0.5363662302
79.59 0.505913659639
79.66 0.392199020173
79.73 0.442021438095
79.8 0.447103046887
79.87 0.220674413534
79.94 0.205593737214
80.01 0.476367273134
80.08 0.453512026718
80.15 0.67112621031
80.22 0.524149850281
80.29 0.622849124608
80.36 0.577681925792
80.43 0.671168386733
80.5 0.556245216768
80.57 0.506924356545
80.64 0.743251662603
80.71 0.695662390841
80.78 0.559565438444
80.85 0.537137393349
80.92 0.566604578593
80.99 0.60145884967
81.06 0.480583021618
81.13 0.357702099809
81.2 0.217389128384
81.27 0.210763912879
81.34 0.370488653751
81.41 0.409591833212
81.48 0.347529545289
81.55 0.287632000397
81.62 0.42478495298
81.69 0.390480547559
81.76 0.257670554702
81.83 0.193098302701
81.9 0.298755324124
81.97 0.296326749358
82.04 0.391351407349
82.11 0.323741485409
82.18 0.334627170444
82.25 0.416264561245
82.32 0.345349345009
82.39 0.189254776205
82.46 0.218079954479
82.53 0.357718558202
82.6 0.273046670451
82.67 0.27739642249
82.74 0.231369284198
82.81 0.29177462679
82.88 0.325530509309
82.95 0.428148249989
83.02 0.311723315603
83.09 0.148464614628
83.16 0.363252910553
83.23 0.384506272013
83.3 0.363079326315
83.37 0.341167543129
83.44 0.381834221256
83.51 0.402199111286
83.58 0.419765376407
83.65 0.210372156758
83.72 0.137193004538
83.79 0.130963732999
83.86 0.199510797129
83.93 0.324577960985
84.0 0.253938647551
84.07 0.174182160147
84.14 0.223101030897
84.21 0.33452872305
84.28 0.310514489624
84.35 0.191235184243
84.42 0.124854432806
84.49 0.211160087494
84.56 0.368689392758
84.63 0.365590865043
84.7 0.290031263989
84.77 0.353626501377
84.84 0.385319316104
84.91 0.209688170351
84.98 0.1391945438
85.05 0.294423171256
85.12 0.344925311688
85.19 0.284954764393
85.26 0.230286756838
85.33 0.263456424605
85.4 0.244659885604
85.47 0.358536843645
85.54 0.271783155631
85.61 0.198798364796
85.68 0.267731412579
85.75 0.388111172388
85.82 0.334848350743
85.89 0.311035677456
85.96 0.337365805317
86.03 0.430662051574
86.1 0.426403932175
86.17 0.319547143683
86.24 0.213232193002
86.31 0.124944139211
86.38 0.187340355089
86.45 0.296545714176
86.52 0.2818895811
86.59 0.246066425489
86.66 0.315167775016
86.73 0.349700084477
86.8 0.26343753629
86.87 0.229418846867
86.94 0.245898123745
87.01 0.28853938757
87.08 0.42614091457
87.15 0.40057435339
87.22 0.490664290095
87.29 0.434281720991
87.36 0.37776192672
87.43 0.265003195579
87.5 0.203642324922
87.57 0.354872333492
87.64 0.398778993489
87.71 0.484257134265
87.78 0.433862478943
87.85 0.315972069391
87.92 0.328825077786
87.99 0.457205199732
88.06 0.43876465747
88.13 0.416161518318
88.2 0.43984407792
88.27 0.426138502102
88.34 0.381595521578
88.41 0.343634444343
88.48 0.338960462844
88.55 0.404572603237
88.62 0.376057953849
88.69 0.350325596899
88.76 0.261394668397
88.83 0.443903328921
88.9 0.464578924875
88.97 0.325808189981
89.04 0.181949930451
89.11 0.106581020339
89.18 0.043597377864
89.25 0.035764983341
89.32 0.0340267521776
89.39 0.0223994994275
89.46 0.00960945208287
89.53 0.00319085604277
89.6 0.00348121869134
89.67 0.0286377750202
89.74 0.0146957025375
89.81 0.00362838547052
89.88 0.0552943390939
89.95 0.00509204162453
90.02 0.0233948587717
90.09 0.00798258966633
90.16 0.010285752254
90.23 0.00556214622685
90.3 0.00377975879589
90.37 0.00504475849932
90.44 0.00397567612912
90.51 0.00645069495484
90.58 0.1466231822
90.65 0.00445325751197
90.72 0.00471325298636
90.79 0.00619387122128
90.86 0.0027628842271
90.93 0.146363118154
91.0 0.227284494699
91.07 0.387589171673
91.14 0.128936622824
91.21 0.0356138780677
91.28 0.0129698703373
91.35 0.148672349937
91.42 0.436217071358
91.49 0.42421236275
91.56 0.343386320455
91.63 0.311859958537
91.7 0.453744028836
91.77 0.30204658621
91.84 0.197972987819
91.91 0.273705058515
91.98 0.177690235155
92.05 0.503475663158
92.12 0.448611694633
92.19 0.361415823061
92.26 0.382353068932
92.33 0.475237633455
92.4 0.245701260126
92.47 0.149848779028
92.54 0.305691231839
92.61 0.271412797539
92.68 0.226623781439
92.75 0.24916049232
92.82 0.21553000203
92.89 0.217222186848
92.96 0.411219953603
93.03 0.314707079662
93.1 0.195355592241
93.17 0.520057865768
93.24 0.458847435865
93.31 0.34472177295
93.38 0.291297066602
93.45 0.447086586001
93.52 0.566967262917
93.59 0.615411053271
93.66 0.534535410137
93.73 0.441989582298
93.8 0.313754288221
93.87 0.337608367437
93.94 0.497038823374
94.01 0.341295758009
94.08 0.23980719197
94.15 0.191807350577
94.22 0.428990870812
94.29 0.342578292053
94.36 0.206894119781
94.43 0.156780376717
94.5 0.226638329806
94.57 0.452719721123
94.64 0.411458506165
94.71 0.324684592069
94.78 0.311796937642
94.85 0.456914107733
94.92 0.235936938821
94.99 0.155842947772
95.06 0.293058555951
95.13 0.292980322171
95.2 0.181875416983
95.27 0.193090840881
95.34 0.303520636548
95.41 0.351642280767
95.48 0.434361059395
95.55 0.291297702446
95.62 0.262707095849
95.69 0.337883074603
95.76 0.440822081209
95.83 0.365526889136
95.9 0.301586474337
95.97 0.394173324106
96.04 0.372566567883
96.11 0.391301089626
96.18 0.219328944621
96.25 0.104722165778
96.32 0.105131277954
96.39 0.274949100292
96.46 0.27875540247
96.53 0.218206643333
96.6 0.216154512062
96.67 0.407953877183
96.74 0.327080208907
96.81 0.291836091735
96.88 0.223157730751
96.95 0.282874082468
97.02 0.250973056171
97.09 0.424999412031
97.16 0.381104693439
97.23 0.404559665676
97.3 0.479823848497
97.37 0.362242849492
97.44 0.215859006556
97.51 0.284246578502
97.58 0.356884001379
97.65 0.471791200432
97.72 0.522735447123
97.79 0.385599922907
97.86 0.33752893054
97.93 0.414296504794
98.0 0.440335200292
98.07 0.420655266642
98.14 0.417770188108
98.21 0.410663108622
98.28 0.419464998588
98.35 0.358473903789
98.42 0.380754698572
98.49 0.392065125085
98.56 0.423242367358
98.63 0.415967451167
98.7 0.303493946049
98.77 0.273467084447
98.84 0.487210705694
98.91 0.426840827005
98.98 0.260638461303
99.05 0.143871693299
99.12 0.080937037015
99.19 0.0281679808595
99.26 0.084798938163
99.33 0.0256358195822
99.4 0.0078743166083
99.47 0.00493052471295
99.54 0.0507081028572
99.61 0.0651847794861
99.68 0.0101142812627
99.75 0.0204694028796
99.82 0.0377165851395
99.89 0.00570659009645
99.96 0.00653745029481
100.03 0.00612280502694
100.1 0.0265270824925
100.17 0.00876556705105
100.24 0.00817442388196
100.31 0.00450026884493
100.38 0.00416319283748
100.45 0.0337411995039
100.52 0.00982020079533
100.59 0.0113698492762
100.66 0.0
100.73 0.0111306184808
100.8 0.0198268199092
100.87 0.00663917291013
100.94 0.195471269768
101.01 0.161289961304
101.08 0.272794933471
101.15 0.0700955755722
101.22 0.0196421021624
101.29 0.045266930366
101.36 0.342127681688
101.43 0.440885572129
101.5 0.344266367572
101.57 0.281320153882
101.64 0.273089207185
101.71 0.506356998938
101.78 0.390789651406
101.85 0.26686176588
101.92 0.270193875351
101.99 0.309641363237
102.06 0.327265138602
102.13 0.299257877978
102.2 0.298887477497
102.27 0.258110911767
102.34 0.411078559292
102.41 0.311894537244
102.48 0.267076747321
102.55 0.248706788759
102.62 0.344335394077
102.69 0.348835696584
102.76 0.372722887079
102.83 0.34249456009
102.9 0.247750628591
102.97 0.517435186449
103.04 0.381331601323
103.11 0.440649390893
103.18 0.343942604398
103.25 0.383627012845
103.32 0.376529363802
103.39 0.307405583933
103.46 0.253467823572
103.53 0.266177166071
103.6 0.481205270039
103.67 0.354841256915
103.74 0.299007125934
103.81 0.284906630982
103.88 0.430865431974
103.95 0.486513301727
104.02 0.398536605914
104.09 0.328096871528
104.16 0.314749295981
104.23 0.383578071537
104.3 0.289759734798
104.37 0.285781332019
104.44 0.303240545901
104.51 0.458859909634
104.58 0.37360266365
104.65 0.242595281812
104.72 0.214286119837
104.79 0.243229957872
104.86 0.270649379223
104.93 0.163871154901
105.0 0.234268569488
105.07 0.394790883487
105.14 0.389288733531
105.21 0.310542091499
105.28 0.254151566861
105.35 0.262270767045
105.42 0.415055074487
105.49 0.528401001576
105.56 0.345564024735
105.63 0.2808351992
105.7 0.213504637309
105.77 0.247282983833
105.84 0.22552651122
105.91 0.168139223394
105.98 0.15217220884
106.05 0.34220484326
106.12 0.45722154093
106.19 0.328487718765
106.26 0.222670775029
106.33 0.33411375986
106.4 0.485801749602
106.47 0.439699372232
106.54 0.367047933352
106.61 0.307539926607
106.68 0.410680844937
106.75 0.344555027155
106.82 0.234909510484
106.89 0.253896680583
106.96 0.326445419392
107.03 0.410612458015
107.1 0.376214961253
107.17 0.358368506991
107.24 0.280808193273
107.31 0.419632553527
107.38 0.396886100064
107.45 0.354314807784
107.52 0.456046859788
107.59 0.423807528185
107.66 0.247670289044
107.73 0.150062508728
107.8 0.306820541129
107.87 0.316416109365
107.94 0.454987873627
108.01 0.384566193478
108.08 0.312058409273
108.15 0.260169048649
108.22 0.415158073777
108.29 0.433160985625
108.36 0.345760635263
108.43 0.287620733486
108.5 0.255569267683
108.57 0.473948980345
108.64 0.42569009849
108.71 0.158015385766
108.78 0.269370964452
108.85 0.365269307376
108.92 0.510339716731
108.99 0.453885800913
109.06 0.281707117483
109.13 0.302085458736
109.2 0.382313417185
109.27 0.38455889623
109.34 0.338446014962
109.41 0.373222247998
109.48 0.419345906204
109.55 0.42674342065
109.62 0.368279285673
109.69 0.327654340125
109.76 0.274380088244
109.83 0.432574391859
109.9 0.32244873048
109.97 0.15108770787
110.04 0.253010201465
110.11 0.622049858389
110.18 0.620865432622
110.25 0.489701734081
110.32 0.504126012156
110.39 0.210669782992
110.46 0.256968182423
110.53 0.424013847182
110.6 0.675450777929
110.67 0.572296176479
110.74 0.469814900447
110.81 0.379510517158
110.88 0.381571570197
110.95 0.284206747222
111.02 0.372960649199
111.09 0.180596176861
111.16 0.162377072976
111.23 0.143484366893
111.3 0.216910201754
111.37 0.301564500307
111.44 0.317101331304
111.51 0.359728978088
111.58 0.369614793025
111.65 0.391648457583
111.72 0.242094281412
111.79 0.133378878983
111.86 0.239250782106
111.93 0.279170380621
112.0 0.365206091989
112.07 0.311125358927
112.14 0.280196234308
112.21 0.393224243003
112.28 0.369595861074
112.35 0.207370264904
112.42 0.196896958539
112.49 0.309951611603
112.56 0.27800687787
112.63 0.253200682954
112.7 0.258308118243
112.77 0.326470753423
112.84 0.294116443722
112.91 0.392729915228
112.98 0.292618095406
113.05 0.199587393922
113.12 0.408812698322
113.19 0.407867133064
113.26 0.354873591467
113.33 0.316402378869
113.4 0.544549934915
113.47 0.548488386726
113.54 0.499349359262
113.61 0.404330946259
113.68 0.361562800334
113.75 0.223539480428
113.82 0.251256044273
113.89 0.256436847264
113.96 0.209733039762
114.03 0.137909137236
114.1 0.298819725174
114.17 0.337780060351
114.24 0.269999080095
114.31 0.14032884135
114.38 0.185211929986
114.45 0.343936375617
114.52 0.420802175343
114.59 0.389847613214
114.66 0.26759611614
114.73 0.493026368018
114.8 0.279633462261
114.87 0.172334551302
114.94 0.255027224159
115.01 0.300747202293
115.08 0.199173723615
115.15 0.240909889307
115.22 0.250809945909
115.29 0.398355319232
115.36 0.466766160585
115.43 0.395531539826
115.5 0.305831423033
115.57 0.446013785812
115.64 0.586580850581
115.71 0.462715089534
115.78 0.443909779623
115.85 0.423920708464
115.92 0.400050537401
115.99 0.539616040227
116.06 0.318846991872
116.13 0.150634782283
116.2 0.196438443757
116.27 0.256507262653
116.34 0.227055648113
116.41 0.225948435035
116.48 0.224893898537
116.55 0.38894284547
116.62 0.386626009737
116.69 0.325415582328
116.76 0.261477627373
116.83 0.258652612434
116.9 0.389306250417
116.97 0.505601315481
117.04 0.428506965896
117.11 0.499154237357
117.18 0.538684644323
117.25 0.346292499045
117.32 0.22202203933
117.39 0.258378473788
117.46 0.350501344255
117.53 0.343160871273
117.6 0.351757841099
117.67 0.307477293453
117.74 0.250529923834
117.81 0.386103901801
117.88 0.337511586953
117.95 0.250501413075
118.02 0.408943486501
118.09 0.469847278635
118.16 0.405833123355
118.23 0.35864694195
118.3 0.308979916886
118.37 0.38531418322
118.44 0.559088918048
118.51 0.493058415816
118.58 0.539357603195
118.65 0.253329842872
118.72 0.412472439642
118.79 0.539241898239
118.86 0.223711943835
118.93 0.139194088735
119.0 0.09404572213
119.07 0.0295994819949
119.14 0.0230361029682
119.21 0.66196944319
119.28 0.203314881332
119.35 0.104048441399
119.42 0.0748094993119
119.49 0.0646553805356
119.56 0.057422846482
119.63 0.19693805652
119.7 0.0785688238185
119.77 0.0474534442058
119.84 0.51578535634
119.91 0.718900269637
119.98 0.507179878668
120.05 0.339703685001
120.12 0.218055131618
120.19 0.145742056642
120.26 0.138400629894
120.33 0.796965818977
120.4 0.169520825715
120.47 0.267945623526
120.54 0.629437850133
120.61 0.476371282694
120.68 0.411830650853
120.75 0.561209706786
120.82 0.319838760566
120.89 0.29062339334
120.96 0.339344904263
121.03 0.297121938693
121.1 0.312680144032
121.17 0.533982984897
121.24 0.458008534107
121.31 0.488907782773
121.38 0.286255117038
121.45 0.0677609748491
121.52 0.11167401573
121.59 0.626584254617
121.66 0.410640604722
121.73 0.21938149902
121.8 0.253066830255
121.87 0.12841934481
121.94 0.0812799029455
122.01 0.408490448706
122.08 0.161995860649
122.15 0.06159514436
122.22 0.426926587436
122.29 0.367063501563
122.36 0.286348631028
122.43 0.582207122226
122.5 0.491621229485
122.57 0.540913913079
122.64 0.548618325866
122.71 0.504617801541
122.78 0.532196137829
122.85 0.815104688043
122.92 0.707081377165
122.99 0.581788314048
123.06 0.460283654716
123.13 0.120345975284
123.2 0.10777853203
123.27 0.398801427571
123.34 0.457720491667
123.41 0.280170739446
123.48 0.268380759187
123.55 0.204453192182
123.62 0.0915435290657
123.69 0.374792078924
123.76 0.244978296466
123.83 0.0543473138881
123.9 0.294471981654
123.97 0.605413869588
124.04 0.342931348947
124.11 0.397991157506
124.18 0.296373179704
124.25 0.147676389658
124.32 0.195143194074
124.39 0.35493990005
124.46 0.184959852643
124.53 0.322038590979
124.6 0.274067064604
124.67 0.11738956001
124.74 0.172171948468
124.81 0.35983002247
124.88 0.349467197163
124.95 0.387955859322
125.02 0.287002155507
125.09 0.255562879318
125.16 0.230419671978
125.23 0.316256562324
125.3 0.239433794294
125.37 0.327514215009
125.44 0.332530956465
125.51 0.180751408889
125.58 0.173499957845
125.65 0.195391835365
125.72 0.437590527393
125.79 0.458222531859
125.86 0.425460256995
125.93 0.44191530322
126.0 0.503453990842
126.07 0.467277940416
126.14 0.463275466568
126.21 0.635401955911
126.28 0.645078019538
126.35 0.594481431298
126.42 0.520864505287
126.49 0.203249890567
126.56 0.269535444897
126.63 0.553832390992
126.7 0.634267002568
126.77 0.754550711243
126.84 0.563200417994
126.91 0.466085858336
126.98 0.292627427355
127.05 0.394517773413
127.12 0.306189475667
127.19 0.135901631012
127.26 0.282864801635
127.33 0.470122306216
127.4 0.39733609204
127.47 0.452152601647
127.54 0.261733001132
127.61 0.235968380696
127.68 0.595519129143
127.75 0.519215847126
127.82 0.518632061049
127.89 0.391060170726
127.96 0.366053035307
128.03 0.314545376984
128.1 0.430057717754
128.17 0.409315032748
128.24 0.449071468636
128.31 0.854236884445
128.38 0.726579325951
128.45 0.424683550781
128.52 0.334398191703
128.59 0.242558937702
128.66 0.281573618862
128.73 0.314802786691
128.8 0.141614118252
128.87 0.190239809937
128.94 0.370408916386
129.01 0.304788426485
129.08 0.283771352236
129.15 0.391320157473
129.22 0.224130639805
129.29 0.220789543736
129.36 0.706222182
129.43 0.613356352442
129.5 0.461218474205
129.57 0.446155291084
129.64 0.286086377683
129.71 0.0993859986035
129.78 0.7875969953
129.85 0.749638016352
129.92 0.687526241044
129.99 0.633561808885
130.06 0.449317550342
130.13 0.188385690546
130.2 0.550294906317
130.27 0.727652220893
130.34 0.52649850815
130.41 0.515215780759
130.48 0.384978845187
130.55 0.162794990971
130.62 0.250481789176
130.69 0.57905572593
130.76 0.386816948784
130.83 0.326392921097
130.9 0.750337471228
130.97 0.56374058266
131.04 0.596660115526
131.11 0.490348794144
131.18 0.350914963444
131.25 0.440217835907
131.32 0.756074452187
131.39 0.504054820039
131.46 0.50282110512
131.53 0.373596217934
131.6 0.27324201303
131.67 0.386174820878
131.74 0.766845803696
131.81 0.42468995286
131.88 0.306824877338
131.95 0.272246212336
132.02 0.197363373998
132.09 0.281676894932
132.16 0.625605596782
132.23 0.361803155701
132.3 0.283977539078
132.37 0.664014984121
132.44 0.46506112922
132.51 0.494749818919
132.58 0.472747703458
132.65 0.511968211148
132.72 0.56181223032
132.79 0.56626253552
132.86 0.699064408272
132.93 0.815323192809
133.0 0.753425784292
133.07 0.862526234062
133.14 0.473893654413
133.21 0.265392572894
133.28 0.200556941729
133.35 0.372821391824
133.42 0.679287392423
133.49 0.456555919202
133.56 0.361982231888
133.63 0.187313890253
133.7 0.113466616565
133.77 0.338737493454
133.84 0.29663975679
133.91 0.0705113691
133.98 0.177792614809
134.05 0.395203959093
134.12 0.335093001176
134.19 0.496939066889
134.26 0.511180587113
134.33 0.630003845038
134.4 0.60512716242
134.47 0.697462953444
134.54 0.666548089191
134.61 0.799652277217
134.68 0.910061950282
134.75 0.85268837051
134.82 0.817866511283
134.89 0.467003612264
134.96 0.118097790784
135.03 0.355779057392
135.1 0.553719299232
135.17 0.357956671906
135.24 0.304902766246
135.31 0.216482605211
135.38 0.116228427337
135.45 0.364920225133
135.52 0.365032798244
135.59 0.148298180521
135.66 0.373812451115
135.73 0.61221379515
135.8 0.470587795337
135.87 0.450008178204
135.94 0.378503974436
136.01 0.236168757667
136.08 0.27903813
136.15 0.47094912818
136.22 0.343327898835
136.29 0.316932447326
136.36 0.332160078477
136.43 0.172016139194
136.5 0.171834651785
136.57 0.352334437149
136.64 0.235841401349
136.71 0.313666924465
136.78 0.528955670972
136.85 0.506064587874
136.92 0.450705406379
136.99 0.38174201511
137.06 0.28893682764
137.13 0.293005785864
137.2 0.469562767
137.27 0.362426983759
137.34 0.207728034525
137.41 0.439356968847
137.48 0.48732257813
137.55 0.444942728584
137.62 0.400998503906
137.69 0.275331778801
137.76 0.250922547695
137.83 0.401070232126
137.9 0.284818183798
137.97 0.290381723895
138.04 0.340171322278
138.11 0.231061010689
138.18 0.174271527435
138.25 0.215808484365
138.32 0.275460269214
138.39 0.226443444784
138.46 0.297275864123
138.53 0.216267360705
138.6 0.231086019317
138.67 0.159855866921
138.74 0.101116307895
138.81 0.0731896448966
138.88 0.339590684254
138.95 0.205208221094
139.02 0.169199337866
139.09 0.362505985539
139.16 0.332703999612
139.23 0.29969594351
139.3 0.5392035107
139.37 0.618627290721
139.44 0.534445981758
139.51 0.397898351671
139.58 0.359889374169
139.65 0.310550891085
139.72 0.373171602379
139.79 0.326669888627
139.86 0.200599624334
139.93 0.355553019742
140.0 0.440579029114
140.07 0.311018229141
140.14 0.617191435923
140.21 0.848675007517
140.28 0.539746459367
140.35 0.535454656429
140.42 0.490104611243
140.49 0.336936998176
140.56 0.363078522159
140.63 0.348674490114
140.7 0.200676986634
140.77 0.528956758141
140.84 0.715777623476
140.91 0.472888625249
140.98 0.444215861339
141.05 0.419935398671
141.12 0.252070823845
141.19 0.342506122482
141.26 0.394673006687
141.33 0.276454093804
141.4 0.571310555527
141.47 0.688051349915
141.54 0.642840645637
141.61 0.633600202658
141.68 0.667712464669
141.75 0.585642356909
141.82 0.6087255136
141.89 0.853358045433
141.96 0.360084377631
142.03 0.233284194042
142.1 0.670598439619
142.17 0.26112265796
142.24 0.335949068236
142.31 0.68237312346
142.38 0.264374608663
142.45 0.236047422373
142.52 0.386498869559
142.59 0.350017313416
142.66 0.347907623278
142.73 0.554015085258
142.8 0.582520746801
142.87 0.431483301797
142.94 0.519328617224
143.01 0.374293392499
143.08 0.334916438443
143.15 0.415415767745
143.22 0.256586485109
143.29 0.21051482151
143.36 0.502570478998
143.43 0.54496295691
143.5 0.374301000189
143.57 0.792408056096
143.64 0.643934775285
143.71 0.466700989042
143.78 0.534722079053
143.85 0.437265149673
143.92 0.393151265536
143.99 0.532537047603
144.06 0.247197682208
144.13 0.315681973548
144.2 0.849769058619
144.27 0.494898299776
144.34 0.38701119422
144.41 0.460575348897
144.48 0.323103516674
144.55 0.29498656294
144.62 0.34378239533
144.69 0.123080661688
144.76 0.532191188218
144.83 0.718802162607
144.9 0.619753051751
144.97 0.582830204725
145.04 0.750006923222
145.11 0.580165560931
145.18 0.502926953243
145.25 0.648524855262
145.32 0.385127570408
145.39 0.380623535121
145.46 0.667792183333
145.53 0.453379994279
145.6 0.247680083539
145.67 0.6045695644
145.74 0.342830888046
145.81 0.188562446525
145.88 0.505670428012
145.95 0.444096942253
146.02 0.363786627011
146.09 0.613125608297
146.16 0.591437740787
146.23 0.421385737005
146.3 0.413396498402
146.37 0.396965553169
146.44 0.363580680793
146.51 0.433210741062
146.58 0.322349607346
146.65 0.146115352084
146.72 0.42730829597
146.79 0.470774262279
146.86 0.435652575051
146.93 0.735090733581
147.0 0.742663894396
147.07 0.472216305961
147.14 0.435599536912
147.21 0.446812442368
147.28 0.28991091737
147.35 0.476395705347
147.42 0.314559831843
147.49 0.162979980511
147.56 0.718481931485
147.63 0.537435012103
147.7 0.382608599782
147.77 0.564173176191
147.84 0.573142601148
147.91 0.425145625044
147.98 0.579272133657
148.05 0.465352183817
148.12 0.43966535581
148.19 0.920800396226
148.26 0.720294784584
148.33 0.640127110406
148.4 0.755719240904
148.47 0.579761000652
148.54 0.555737122341
148.61 0.567541850447
148.68 0.599660948886
148.75 0.46296036085
148.82 0.651333582614
148.89 0.58646401108
148.96 0.479299117391
149.03 0.471497493991
149.1 0.257008375261
149.17 0.468935426838
149.24 0.70032886065
149.31 0.66283738807
149.38 0.722548633085
149.45 0.704375248896
149.52 0.791512922016
149.59 0.630697244432
149.66 0.728316751712
149.73 0.65671085899
149.8 0.578747588317
149.87 0.610536712257
149.94 0.325756003375
150.01 0.363136582221
150.08 0.614999129666
150.15 0.583823878459
150.22 0.63406641739
150.29 0.889032339927
150.36 0.788876198019
150.43 0.681481742108
150.5 0.657287201949
150.57 0.676051021151
150.64 0.54180987251
150.71 0.540453772531
150.78 0.223646099045
150.85 0.390496892497
150.92 0.542926887564
150.99 0.506305040488
151.06 0.453669929291
151.13 0.697259035694
151.2 0.628462587208
151.27 0.44541403381
151.34 0.415317769182
151.41 0.44802987344
151.48 0.437651947455
151.55 0.496196127745
151.62 0.334993602509
151.69 0.233324752179
151.76 0.526473270119
151.83 0.482436083762
151.9 0.464333584988
151.97 0.796064476065
152.04 0.734280540815
152.11 0.509428829921
152.18 0.525426332584
152.25 0.446141883497
152.32 0.403176663251
152.39 0.444507670222
152.46 0.297580266462
152.53 0.180967271784
152.6 0.602298326182
152.67 0.439172418165
152.74 0.359548835927
152.81 0.510217372813
152.88 0.432559232584
152.95 0.332805068929
153.02 0.499069877031
153.09 0.396436974583
153.16 0.23981341701
153.23 0.632523663456
153.3 0.566731208849
153.37 0.600692182314
153.44 0.750472960915
153.51 0.594091951749
153.58 0.430721306026
153.65 0.865006999174
153.72 0.505965323856
153.79 0.295296762683
153.86 0.578057419261
153.93 0.270504137431
154.0 0.327289988892
154.07 0.720561118553
154.14 0.306636122603
154.21 0.179601448374
154.28 0.495894142861
154.35 0.507056049867
154.42 0.380150119141
154.49 0.692283144116
154.56 0.62019041162
154.63 0.561493153693
154.7 0.540576450578
154.77 0.468753726234
154.84 0.436388079804
154.91 0.56428635273
154.98 0.448124391067
155.05 0.19684837131
155.12 0.496317600182
155.19 0.51878288705
155.26 0.38488011478
155.33 0.824794978374
155.4 0.793566760092
155.47 0.504699293088
155.54 0.666724948651
155.61 0.51280817888
155.68 0.337594301565
155.75 0.490924880271
155.82 0.318705881821
155.89 0.183209815971
155.96 0.59609745818
156.03 0.535503438152
156.1 0.411948021472
156.17 0.455914524388
156.24 0.423597456459
156.31 0.321015889085
156.38 0.418959942499
156.45 0.375243409913
156.52 0.270324552568
156.59 0.796392256279
156.66 0.73063519825
156.73 0.677671814372
156.8 0.76824396041
156.87 0.710988466892
156.94 0.455115890273
157.01 0.735628584273
157.08 0.605807558177
157.15 0.25142868846
157.22 0.492485116182
157.29 0.44381110158
157.36 0.25723277343
157.43 0.541133569845
157.5 0.461692044782
157.57 0.232591730959
157.64 0.403895033871
157.71 0.578033525231
157.78 0.495117896698
157.85 0.559801506226
157.92 0.766951567039
157.99 0.53089969999
158.06 0.421158951302
158.13 0.489907292559
158.2 0.433743591026
158.27 0.513578100263
158.34 0.501235414244
158.41 0.260133008747
158.48 0.404981033439
158.55 0.647444558345
158.62 0.520660734654
158.69 0.546935359543
158.76 0.873877206244
158.83 0.766494388777
158.9 0.580743237916
158.97 0.600103780756
159.04 0.446970292578
159.11 0.523558828047
159.18 0.53792974632
159.25 0.358545764166
159.32 0.489119378031
159.39 0.734827368132
159.46 0.497626347218
159.53 0.506405416609
159.6 0.629108967789
159.67 0.548194546882
159.74 0.527085421084
159.81 0.564180364971
159.88 0.538577515785
159.95 0.654266831962
160.02 0.937112588191
160.09 0.866873854153
160.16 0.743357255141
160.23 0.497986730035
160.3 0.231716840415
160.37 0.54110026906
160.44 0.398505499415
160.51 0.29561563609
160.58 0.227567629917
160.65 0.81805663994
160.72 0.949775229799
160.79 0.663532971777
160.86 0.597886945872
160.93 0.363322590358
161.0 0.349981289721
161.07 0.821126549676
161.14 0.788754700647
161.21 0.74144534748
161.28 0.817890789314
161.35 0.777348007312
161.42 0.775041118179
161.49 0.657164955278
161.56 0.709441699659
161.63 0.742646745302
161.7 0.759614690941
161.77 0.688448578037
161.84 0.661873642653
161.91 0.849745815394
161.98 0.732531824454
162.05 0.730559587639
162.12 0.845004898195
162.19 0.734125009566
162.26 0.57436607274
162.33 0.72723016617
162.4 0.635273414382
162.47 0.685280174778
162.54 0.701348125245
162.61 0.672900224544
162.68 0.492341694651
162.75 0.70189851329
162.82 0.694193524504
162.89 0.699858911892
162.96 0.878040133523
163.03 0.671131833168
163.1 0.690568016541
163.17 0.647587476188
163.24 0.546587102651
163.31 0.648301821041
163.38 0.706605362951
163.45 0.581212923609
163.52 0.588393314692
163.59 0.777265013428
163.66 0.876246881882
163.73 0.678653820987
163.8 0.681663861621
163.87 0.57861926497
163.94 0.335772479322
164.01 0.652807551913
164.08 0.772623976142
164.15 0.592720524182
164.22 0.555264042985
164.29 0.366066846841
164.36 0.240757472449
164.43 0.595453128508
164.5 0.767647294123
164.57 0.726020654476
164.64 0.836148483959
164.71 0.786309515385
164.78 0.742834992608
164.85 0.806534695468
164.92 0.769329971198
164.99 0.526100534469
165.06 0.690303667403
165.13 0.640838403206
165.2 0.562101361177
165.27 0.552794100939
165.34 0.610646419081
165.41 0.572304124533
165.48 0.670311732452
165.55 0.800236564488
165.62 0.861476224526
165.69 0.62018318045
165.76 0.587316285516
165.83 0.684843383428
165.9 0.68154444508
165.97 0.847469152551
166.04 0.566101511076
166.11 0.591295390217
166.18 0.796941140739
166.25 0.621781553303
166.32 0.604173086824
166.39 0.874470657153
166.46 0.802989298896
166.53 0.727973086612
166.6 0.642842301326
166.67 0.733477102959
166.74 0.823304411047
166.81 0.888330264375
166.88 0.682845211647
166.95 0.605173516714
167.02 0.944779810322
167.09 0.863774039788
167.16 0.288311719166
167.23 0.121937949798
167.3 0.039852210243
167.37 0.0289619683241
167.44 0.0236115495112
