-4.0 0.0
334.059329479 0.0
334.10333193 0.0
334.191336831 0.710144927536
334.301342959 1.0
334.620360728 1.0
334.664363179 0.95652173913
334.774369306 0.0
335.984436707 0.0
336.039439771 0.231884057971
336.083442221 1.0
336.413460603 1.0
336.534467343 0.565217391304
336.622472245 0.0
337.414516362 0.0144927536232
337.557524328 0.521739130435
337.601526779 1.0
337.931545161 1.0
337.975547611 1.0
338.019550062 1.0
338.118555577 0.217391304348
338.25056293 0.0144927536232
339.171221837 0.0149253731343
339.631151334 1
340.257166484 1
340.717095981 0
379.76 0.0
