0.0 0.0607900156412
0.07 0.071100585346
0.14 0.168983036314
0.21 0.128722061668
0.28 0.123860508274
0.35 0.221144323517
0.42 0.160679170705
0.49 0.130650716856
0.56 0.121999328071
0.63 0.120700741688
0.7 0.564910189318
0.77 0.566399066685
0.84 0.557955446424
0.91 0.569197006997
0.98 0.568725567411
1.05 0.59182981934
1.12 0.56690511266
1.19 0.569162939494
1.26 0.601400911841
1.33 0.582756144992
1.4 0.606771026762
1.47 0.584354579066
1.54 0.517240930877
1.61 0.480764035966
1.68 0.487580414441
1.75 0.466528840529
1.82 0.464183507126
1.89 0.446804704864
1.96 0.44614157274
2.03 0.443343904135
2.1 0.457481868165
2.17 0.478668822251
2.24 0.492976218108
2.31 0.486129823957
2.38 0.495919921189
2.45 0.473149723703
2.52 0.482732313929
2.59 0.495685983905
2.66 0.487581183145
2.73 0.506271002376
2.8 0.515820486262
2.87 0.482089335656
2.94 0.390352039837
3.01 0.180747999265
3.08 0.133770461031
3.15 0.211975857461
3.22 0.238623553137
3.29 0.184312018008
3.36 0.199319517359
3.43 0.189534518026
3.5 0.195133215344
3.57 0.214059545148
3.64 0.200765349578
3.71 0.173881487491
3.78 0.15726796439
3.85 0.1397901884
3.92 0.57308907886
3.99 0.516398647747
4.06 0.459800125986
4.13 0.439232713198
4.2 0.426882291169
4.27 0.426687025687
4.34 0.449116995324
4.41 0.405153145048
4.48 0.436064475021
4.55 0.41678590906
4.62 0.400947879031
4.69 0.336439493679
4.76 0.336329827157
4.83 0.342600313856
4.9 0.345330422567
4.97 0.32331022866
5.04 0.329837543939
5.11 0.31169418254
5.18 0.304319211129
5.25 0.316017575349
5.32 0.30610927321
5.39 0.325207960218
5.46 0.298505941298
5.53 0.286547182345
5.6 0.289558136253
5.67 0.274163476234
5.74 0.274172032733
5.81 0.237012784707
5.88 0.21812596107
5.95 0.246800721869
6.02 0.216736745754
6.09 0.198015622504
6.16 0.0991271227989
6.23 0.0702928508671
6.3 0.13011415368
6.37 0.148366224967
6.44 0.150888746293
6.51 0.222509145223
6.58 0.375257974702
6.65 0.382741669586
6.72 0.381784933367
6.79 0.367980351306
6.86 0.337637675346
6.93 0.341293220786
7.0 0.354396206097
7.07 0.417459586804
7.14 0.454777125547
7.21 0.419440051949
7.28 0.38883884358
7.35 0.386524920615
7.42 0.361119061963
7.49 0.336822931964
7.56 0.371577307705
7.63 0.375397973891
7.7 0.343717491804
7.77 0.308373490814
7.84 0.164486324006
7.91 0.140575269325
7.98 0.177283638045
8.05 0.219793122245
8.12 0.414034006068
8.19 0.334099109868
8.26 0.265676967055
8.33 0.248939140361
8.4 0.263374433133
8.47 0.344653286222
8.54 0.340502434018
8.61 0.265081638228
8.68 0.141011219476
8.75 0.266223377338
8.82 0.438040435493
8.89 0.394084456789
8.96 0.37291067369
9.03 0.415592678117
9.1 0.367626747559
9.17 0.352665157599
9.24 0.388645460799
9.31 0.340237162149
9.38 0.256905498586
9.45 0.189838200179
9.52 0.160686719625
9.59 0.135850039153
9.66 0.242821094757
9.73 0.27137620381
9.8 0.434129215094
9.87 0.324273522069
9.94 0.362578547448
10.01 0.384025755884
10.08 0.407214123708
10.15 0.356239949516
10.22 0.385267409505
10.29 0.306618534382
10.36 0.225198089223
10.43 0.473951755735
10.5 0.385930693333
10.57 0.237115746863
10.64 0.174652324187
10.71 0.181442218043
10.78 0.35869330901
10.85 0.553229621892
10.92 0.530080666271
10.99 0.32061879741
11.06 0.294592753288
11.13 0.344872536621
11.2 0.266386908599
11.27 0.378284136266
11.34 0.330460041181
11.41 0.366542297826
11.48 0.300244334936
11.55 0.310481765701
11.62 0.389993109504
11.69 0.503649023911
11.76 0.415043413781
11.83 0.456323215308
11.9 0.490891311137
11.97 0.486639043241
12.04 0.519448825927
12.11 0.433648103878
12.18 0.375448425314
12.25 0.315609535146
12.32 0.293399720465
12.39 0.259672807353
12.46 0.254210618924
12.53 0.30774246764
12.6 0.308293359953
12.67 0.306557333559
12.74 0.314017471464
12.81 0.280477446208
12.88 0.233377579916
12.95 0.157743675433
13.02 0.132913035909
13.09 0.104547123088
13.16 0.0910241526632
13.23 0.0979232794416
13.3 0.0467597301448
13.37 0.0608407942443
13.44 0.0529736712643
13.51 0.039486501606
13.58 0.0499399245528
13.65 0.0477317951556
13.72 0.0333031308969
13.79 0.0441033298257
13.86 0.045414692089
13.93 0.0423984172563
14.0 0.0392810754219
14.07 0.0388768526994
14.14 0.0352245847225
14.21 0.0455136454383
14.28 0.0380432585266
14.35 0.0475927729793
14.42 0.0398782280803
14.49 0.0363593104004
14.56 0.0304136084147
14.63 0.0589580642971
14.7 0.0880999524695
14.77 0.0701872701363
14.84 0.0490152836984
14.91 0.0514005817734
14.98 0.0543089142904
15.05 0.0525452519199
15.12 0.0430626011124
15.19 0.0375355811789
15.26 0.0412929747778
15.33 0.0194287009447
15.4 0.0238185883309
15.47 0.0960224583505
15.54 0.0836435693746
15.61 0.0435463693945
15.68 0.100919948365
15.75 0.142014744737
15.82 0.363973602195
15.89 0.265130857914
15.96 0.169708956481
16.03 0.103739688618
16.1 0.107515314875
16.17 0.132921890154
16.24 0.403844426266
16.31 0.353016663543
16.38 0.35284612904
16.45 0.340193603022
16.52 0.283903988108
16.59 0.254062624763
16.66 0.227595989965
16.73 0.238613678859
16.8 0.236598016364
16.87 0.236309287142
16.94 0.265356505876
17.01 0.328785754495
17.08 0.373405185711
17.15 0.274065142149
17.22 0.238645002124
17.29 0.230404962705
17.36 0.281533852404
17.43 0.252018984394
17.5 0.261556440725
17.57 0.246655822901
17.64 0.226694926467
17.71 0.220610496654
17.78 0.229179269593
17.85 0.372110874181
17.92 0.292245873422
17.99 0.254703788261
18.06 0.188027907263
18.13 0.124806514339
18.2 0.127043762779
18.27 0.133383603769
18.34 0.109756719297
18.41 0.069122121775
18.48 0.0953684204789
18.55 0.186191394641
18.62 0.320547773255
18.69 0.176493240724
18.76 0.156793430742
18.83 0.159911946576
18.9 0.184855303663
18.97 0.260837824942
19.04 0.220995814245
19.11 0.136632894346
19.18 0.110700848321
19.25 0.0821488412545
19.32 0.0646770269651
19.39 0.0495198318895
19.46 0.417232769371
19.53 0.461947576464
19.6 0.37872148231
19.67 0.304519097891
19.74 0.239269108096
19.81 0.225292201663
19.88 0.231074455032
19.95 0.144840105925
20.02 0.0420260646084
20.09 0.0822334835807
20.16 0.138966800214
20.23 0.120615283109
20.3 0.315012543248
20.37 0.194867608369
20.44 0.164982893074
20.51 0.189605409725
20.58 0.322781358182
20.65 0.289596772958
20.72 0.295987414061
20.79 0.222233023196
20.86 0.228872778671
20.93 0.169224176091
21.0 0.317458712701
21.07 0.297997514492
21.14 0.315579908917
21.21 0.291535475637
21.28 0.194459314573
21.35 0.165617752975
21.42 0.133387226526
21.49 0.149629424937
21.56 0.104335571047
21.63 0.0910724711876
21.7 0.0642691441257
21.77 0.161014537265
21.84 0.163539699808
21.91 0.250966394547
21.98 0.163520928265
22.05 0.137595446223
22.12 0.137826256614
22.19 0.287690026395
22.26 0.251320234905
22.33 0.354587363146
22.4 0.237016220666
22.47 0.165701696788
22.54 0.0961717804785
22.61 0.0779762808099
22.68 0.254955173649
22.75 0.206419910944
22.82 0.183469488078
22.89 0.161431505301
22.96 0.126428151041
23.03 0.126214737809
23.1 0.123895430521
23.17 0.0974657818099
23.24 0.101449252441
23.31 0.0831337342221
23.38 0.30823509696
23.45 0.295760108688
23.52 0.314331849808
23.59 0.178579045459
23.66 0.167406307084
23.73 0.158294766998
23.8 0.358057586441
23.87 0.308252597141
23.94 0.222176209306
24.01 0.173936553401
24.08 0.119559022956
24.15 0.334038915493
24.22 0.37769281285
24.29 0.435154968235
24.36 0.364662074374
24.43 0.213808434863
24.5 0.105429552028
24.57 0.0691028521029
24.64 0.059060288317
24.71 0.413452604479
24.78 0.480840180662
24.85 0.469252457712
24.92 0.377568202455
24.99 0.366595179893
25.06 0.376358356642
25.13 0.393963846144
25.2 0.317496906751
25.27 0.301574400816
25.34 0.306074229827
25.41 0.262072353053
25.48 0.371390593062
25.55 0.444533837237
25.62 0.2772704717
25.69 0.229452385864
25.76 0.223296953405
25.83 0.19916186855
25.9 0.324869396574
25.97 0.484401801593
26.04 0.403399938861
26.11 0.397325498801
26.18 0.393563836009
26.25 0.430538675504
26.32 0.413761096974
26.39 0.361375096933
26.46 0.326220468785
26.53 0.415284718847
26.6 0.436005533893
26.67 0.397675414128
26.74 0.430384740021
26.81 0.416894206859
26.88 0.389805966923
26.95 0.343352343914
27.02 0.416166114169
27.09 0.386371330426
27.16 0.377866682555
27.23 0.342489451824
27.3 0.284512989446
27.37 0.231784213174
27.44 0.339161626663
27.51 0.342048048292
27.58 0.596327759989
27.65 0.427562420817
27.72 0.370077495271
27.79 0.367247833192
27.86 0.348946267117
27.93 0.468512958997
28.0 0.444700906347
28.07 0.342659570843
28.14 0.351917889202
28.21 0.34692322099
28.28 0.488171445772
28.35 0.469341522066
28.42 0.353813519561
28.49 0.320069694966
28.56 0.285660123068
28.63 0.285439193747
28.7 0.287027968645
28.77 0.279716051323
28.84 0.263595269621
28.91 0.224290863642
28.98 0.232885286834
29.05 0.196173289697
29.12 0.213796279381
29.19 0.355371894997
29.26 0.181283752981
29.33 0.170180330405
29.4 0.177641851751
29.47 0.17418957469
29.54 0.171247429395
29.61 0.131862361595
29.68 0.0475493497055
29.75 0.0146282634642
29.82 0.0913916757229
29.89 0.152705847729
29.96 0.289605296627
30.03 0.23909452969
30.1 0.174550315269
30.17 0.155367523688
30.24 0.136661390728
30.31 0.171017020903
30.38 0.125119436787
30.45 0.0716909555236
30.52 0.0705704570925
30.59 0.0682669903105
30.66 0.126292122168
30.73 0.162706323
30.8 0.406879123951
30.87 0.254937770829
30.94 0.241900416293
31.01 0.222987052563
31.08 0.194470558706
31.15 0.189901746737
31.22 0.159502999552
31.29 0.137512197526
31.36 0.124549892935
31.43 0.166494036813
31.5 0.23515698996
31.57 0.248887118699
31.64 0.303246160628
31.71 0.13606584114
31.78 0.140171227741
31.85 0.20812256495
31.92 0.182482917321
31.99 0.315568630821
32.06 0.346928698146
32.13 0.265988024915
32.2 0.143996395203
32.27 0.197817814299
32.34 0.170633058451
32.41 0.58261166717
32.48 0.503919328016
32.55 0.472063622219
32.62 0.322352769021
32.69 0.327137086364
32.76 0.329963877408
32.83 0.322564429744
32.9 0.267107619921
32.97 0.166936151312
33.04 0.140794334058
33.11 0.30974068203
33.18 0.35769067925
33.25 0.385726247557
33.32 0.260798833885
33.39 0.206038313472
33.46 0.220449572646
33.53 0.377620379216
33.6 0.341023919731
33.67 0.221574401405
33.74 0.191701387615
33.81 0.132136174114
33.88 0.285340774754
33.95 0.343096105164
34.02 0.559920924674
34.09 0.528514358129
34.16 0.485931333089
34.23 0.526192967755
34.3 0.403358560181
34.37 0.350772405067
34.44 0.31997598669
34.51 0.329593241042
34.58 0.341587476977
34.65 0.374757798726
34.72 0.40112854933
34.79 0.398321186453
34.86 0.49620511143
34.93 0.415858089236
35.0 0.401449173533
35.07 0.363476995767
35.14 0.379214661836
35.21 0.380584662954
35.28 0.296535465906
35.35 0.207985599821
35.42 0.171080146316
35.49 0.131714420643
35.56 0.103475309985
35.63 0.424172226494
35.7 0.29560357048
35.77 0.286232927401
35.84 0.249440398635
35.91 0.234130404717
35.98 0.329621342317
36.05 0.415385189226
36.12 0.370391469451
36.19 0.30845323789
36.26 0.245339158959
36.33 0.192961054265
36.4 0.247528140953
36.47 0.539858886519
36.54 0.427571606771
36.61 0.403922476306
36.68 0.253692818234
36.75 0.395897248276
36.82 0.379230112896
36.89 0.226470297406
36.96 0.161098236543
37.03 0.103845042927
37.1 0.373326159791
37.17 0.55080526823
37.24 0.492198390622
37.31 0.204823434291
37.38 0.0783503452107
37.45 0.0488483651593
37.52 0.047542671379
37.59 0.0850764253298
37.66 0.518664591822
37.73 0.372829851108
37.8 0.344410633943
37.87 0.373378491651
37.94 0.361927087394
38.01 0.366694433252
38.08 0.341075042496
38.15 0.308023054715
38.22 0.30925163924
38.29 0.307350171713
38.36 0.274184216519
38.43 0.391838445804
38.5 0.422914324806
38.57 0.28914166295
38.64 0.178570459524
38.71 0.0976208007236
38.78 0.085123666084
38.85 0.313522661698
38.92 0.177430748027
38.99 0.150597980402
39.06 0.137261825378
39.13 0.135174831926
39.2 0.113861857966
39.27 0.326821309863
39.34 0.321674326219
39.41 0.211859461668
39.48 0.0844367199914
39.55 0.0639624516882
39.62 0.0653043220957
39.69 0.450116026102
39.76 0.402100776232
39.83 0.372704777679
39.9 0.307260988487
39.97 0.330364956257
40.04 0.285740607148
40.11 0.182515775729
40.18 0.0984594282647
40.25 0.0833057608489
40.32 0.197545139552
40.39 0.317471885952
40.46 0.493408503614
40.53 0.492964590189
40.6 0.452151353376
40.67 0.45507185949
40.74 0.476946666489
40.81 0.600413168216
40.88 0.631661798396
40.95 0.491161495239
41.02 0.435818567921
41.09 0.487882978068
41.16 0.406635354278
41.23 0.406566628309
41.3 0.47503683945
41.37 0.340606759237
41.44 0.351973347955
41.51 0.331841165295
41.58 0.437791638112
41.65 0.364173509335
41.72 0.370773732604
41.79 0.321394690117
41.86 0.29252497177
41.93 0.190404229957
42.0 0.189728667247
42.07 0.204734545414
42.14 0.333428236365
42.21 0.172980650416
42.28 0.112481630484
42.35 0.165644548925
42.42 0.185719373149
42.49 0.174744960354
42.56 0.0699307585469
42.63 0.102744921373
42.7 0.08717451008
42.77 0.127142396873
42.84 0.162360075715
42.91 0.37769780433
42.98 0.24900503039
43.05 0.20413825316
43.12 0.266527734229
43.19 0.241950086559
43.26 0.198668265614
43.33 0.196194151118
43.4 0.126346257482
43.47 0.102763728011
43.54 0.139262996844
43.61 0.164224091857
43.68 0.263633573485
43.75 0.326836114487
43.82 0.205100745035
43.89 0.207635434297
43.96 0.241774956814
44.03 0.258626736205
44.1 0.284112157398
44.17 0.254032766451
44.24 0.224914740928
44.31 0.194770706406
44.38 0.191336543132
44.45 0.200518456409
44.52 0.405436975623
44.59 0.260793776743
44.66 0.222173312232
44.73 0.200336178511
44.8 0.178535931252
44.87 0.187950274972
44.94 0.220662436804
45.01 0.227391772876
45.08 0.19031990349
45.15 0.135529816849
45.22 0.12403196658
45.29 0.200236702126
45.36 0.365685624426
45.43 0.181851451491
45.5 0.301981679108
45.57 0.41032132635
45.64 0.34854236931
45.71 0.221682690146
45.78 0.170522445484
45.85 0.126111819805
45.92 0.234445275529
45.99 0.305807659426
46.06 0.192336634698
46.13 0.372252214922
46.2 0.250169017757
46.27 0.331954443253
46.34 0.258046362573
46.41 0.312045119032
46.48 0.358339112037
46.55 0.270822066865
46.62 0.179311107332
46.69 0.175470750329
46.76 0.159651661659
46.83 0.207521881236
46.9 0.223348565242
46.97 0.45334557152
47.04 0.264906612638
47.11 0.25711419544
47.18 0.231831160711
47.25 0.249784574157
47.32 0.316486827696
47.39 0.210169623165
47.46 0.196882613108
47.53 0.191405053999
47.6 0.256917035935
47.67 0.216040402003
47.74 0.39185274211
47.81 0.243620217263
47.88 0.192020820837
47.95 0.214873248119
48.02 0.201270035887
48.09 0.159555436698
48.16 0.256412039428
48.23 0.153470904995
48.3 0.174672018401
48.37 0.160419559393
48.44 0.121723406428
48.51 0.214517486567
48.58 0.409593949155
48.65 0.252070458113
48.72 0.239304418658
48.79 0.161224137545
48.86 0.225168022603
48.93 0.292405728716
49.0 0.263674490264
49.07 0.121377829352
49.14 0.0976462438004
49.21 0.126206640947
49.28 0.176568975595
49.35 0.390690020444
49.42 0.252203144993
49.49 0.275849970479
49.56 0.244331755084
49.63 0.238907329371
49.7 0.206570698024
49.77 0.273801469954
49.84 0.210302912328
49.91 0.174922054312
49.98 0.203123772455
50.05 0.283543815849
50.12 0.246082434398
50.19 0.510485218868
50.26 0.303730401001
50.33 0.252580203829
50.4 0.219432062411
50.47 0.221878469607
50.54 0.428663208053
50.61 0.472309726306
50.68 0.414103551686
50.75 0.726366481071
50.82 0.858508766324
50.89 0.791635888844
50.96 1.0
51.03 0.88221011091
51.1 0.808246317884
51.17 0.633064060167
51.24 0.45946146498
51.31 0.371856147932
51.38 0.439723910397
51.45 0.348818589831
51.52 0.318110964101
51.59 0.337900201844
51.66 0.344094702343
51.73 0.345749358212
51.8 0.466338552941
51.87 0.361094406835
51.94 0.339362782522
52.01 0.259773947942
52.08 0.25204259911
52.15 0.229454631973
52.22 0.275096528678
52.29 0.282850728051
52.36 0.171018108863
52.43 0.232170551929
52.5 0.31024102103
52.57 0.311011152421
52.64 0.382960935835
52.71 0.291090332739
52.78 0.287405617311
52.85 0.189441803744
52.92 0.212406690468
52.99 0.227936892552
53.06 0.198912034155
53.13 0.221331579309
53.2 0.159686223895
53.27 0.132459875397
53.34 0.165720608713
53.41 0.332583470514
53.48 0.191019526968
53.55 0.23805298246
53.62 0.330529839259
53.69 0.345414792054
53.76 0.287419893238
53.83 0.26473051607
53.9 0.313426967698
53.97 0.230220666252
54.04 0.144053133241
54.11 0.273023401328
54.18 0.315146438091
54.25 0.357066968385
54.32 0.271346566259
54.39 0.299663747335
54.46 0.29320349382
54.53 0.286412547101
54.6 0.483221251433
54.67 0.349603909632
54.74 0.271326042208
54.81 0.277002591445
54.88 0.205834848105
54.95 0.129724428779
55.02 0.368194207193
55.09 0.373313800528
55.16 0.321848133657
55.23 0.263801377336
55.3 0.211724606795
55.37 0.226064887098
55.44 0.398867038605
55.51 0.33750896897
55.58 0.304839410763
55.65 0.200077164955
55.72 0.247222604401
55.79 0.221805027261
55.86 0.509626026519
55.93 0.401737859735
56.0 0.370961938238
56.07 0.266581600101
56.14 0.329105734527
56.21 0.326435110357
56.28 0.168045251643
56.35 0.12307499375
56.42 0.0805033713384
56.49 0.214718985456
56.56 0.310547104392
56.63 0.43544042339
56.7 0.485433861728
56.77 0.454726182788
56.84 0.415689346865
56.91 0.365219878229
56.98 0.39222915451
57.05 0.37573167738
57.12 0.333782786557
57.19 0.281117520615
57.26 0.30155416432
57.33 0.350183619846
57.4 0.39830089788
57.47 0.441046051495
57.54 0.37303801587
57.61 0.371086439951
57.68 0.368152586241
57.75 0.352669477737
57.82 0.373064515207
57.89 0.342996521228
57.96 0.274611806025
58.03 0.255144082325
58.1 0.116750846091
58.17 0.102770389356
58.24 0.35573694779
58.31 0.298029512495
58.38 0.267169567937
58.45 0.215681925647
58.52 0.163930703995
58.59 0.151311678292
58.66 0.15840328103
58.73 0.105062435396
58.8 0.119105075627
58.87 0.113297153891
58.94 0.212345539458
59.01 0.201581118653
59.08 0.330225293305
59.15 0.193328801483
59.22 0.175676734644
59.29 0.175168238779
59.36 0.175502601157
59.43 0.1811594075
59.5 0.174292260611
59.57 0.142596414637
59.64 0.10718790253
59.71 0.0771526299736
59.78 0.118475461932
59.85 0.331474736987
59.92 0.262024581338
59.99 0.219869188826
60.06 0.157381827649
60.13 0.139845046002
60.2 0.224171232274
60.27 0.210101806282
60.34 0.238628243476
60.41 0.295275242257
60.48 0.254328786472
60.55 0.145765885684
60.62 0.161621164566
60.69 0.340196451414
60.76 0.205122548373
60.83 0.165027540161
60.9 0.259316159358
60.97 0.259414082485
61.04 0.263839256659
61.11 0.441131944804
61.18 0.424007779355
61.25 0.262996844469
61.32 0.129543339599
61.39 0.201329386839
61.46 0.426268711571
61.53 0.509005810483
61.6 0.46408279674
61.67 0.388347952051
61.74 0.32070108834
61.81 0.460431565777
61.88 0.39676549865
61.95 0.160678477852
62.02 0.111298950822
62.09 0.0816883888114
62.16 0.068132621113
62.23 0.126793889893
62.3 0.404379801856
62.37 0.294124770039
62.44 0.230702855238
62.51 0.273636134107
62.58 0.270294609263
62.65 0.355750465203
62.72 0.393498013907
62.79 0.362314599017
62.86 0.319706349398
62.93 0.281961488327
63.0 0.364688014448
63.07 0.424687070109
63.14 0.343268109148
63.21 0.261692072227
63.28 0.394565767257
63.35 0.437974414139
63.42 0.554417637197
63.49 0.587390414523
63.56 0.480732545149
63.63 0.565329608375
63.7 0.505716991096
63.77 0.381462215889
63.84 0.341505058118
63.91 0.550926854755
63.98 0.427164953405
64.05 0.411639485812
64.12 0.320987735609
64.19 0.398889438566
64.26 0.329232052147
64.33 0.260420214999
64.4 0.218354187982
64.47 0.169060985596
64.54 0.284888644464
64.61 0.412428247232
64.68 0.493518061453
64.75 0.443678329911
64.82 0.368937855097
64.89 0.34994774552
64.96 0.337882461655
65.03 0.336985480552
65.1 0.302314992018
65.17 0.325980270924
65.24 0.390847621704
65.31 0.396352315264
65.38 0.370800528554
65.45 0.388374078923
65.52 0.542222134456
65.59 0.397816066545
65.66 0.33464982444
65.73 0.386495941953
65.8 0.411953498483
65.87 0.368563622012
65.94 0.443539440192
66.01 0.319933240419
66.08 0.359859311536
66.15 0.275883500229
66.22 0.211655656668
66.29 0.432979632715
66.36 0.33900531035
66.43 0.301412627724
66.5 0.361564700725
66.57 0.5407490308
66.64 0.625339848166
66.71 0.518831699423
66.78 0.464743158587
66.85 0.443913137789
66.92 0.353335728829
66.99 0.419111416924
67.06 0.351562034817
67.13 0.336299783178
67.2 0.258204226483
67.27 0.245097405577
67.34 0.269640364215
67.41 0.271820719517
67.48 0.309333899603
67.55 0.381523015944
67.62 0.255334239719
67.69 0.225954218658
67.76 0.151212762303
67.83 0.133858700076
67.9 0.114342318218
67.97 0.370802655792
68.04 0.198363160397
68.11 0.154949584301
68.18 0.125792225823
68.25 0.0933145843118
68.32 0.130410961651
68.39 0.148472000421
68.46 0.141717940163
68.53 0.112471884135
68.6 0.171037324193
68.67 0.198724405898
68.74 0.314804378486
68.81 0.241601364477
68.88 0.198892293525
68.95 0.185726530359
69.02 0.206585223016
69.09 0.215784200612
69.16 0.342956290509
69.23 0.151694707885
69.3 0.0884796378045
69.37 0.0901211283482
69.44 0.0831163483838
69.51 0.247327141325
69.58 0.373770106046
69.65 0.334462206372
69.72 0.346418279956
69.79 0.327799495069
69.86 0.341340543052
69.93 0.265866262912
70.0 0.204772667009
70.07 0.112184292685
70.14 0.201037373361
70.21 0.364424275458
70.28 0.213986462814
70.35 0.21014356422
70.42 0.215121009618
70.49 0.20612835031
70.56 0.203074910517
70.63 0.174888222288
70.7 0.173354094419
70.77 0.366805630388
70.84 0.182209268958
70.91 0.11418344786
70.98 0.102860430723
71.05 0.0752296285515
71.12 0.0990353006207
71.19 0.366254189001
71.26 0.197671369999
71.33 0.131032453577
71.4 0.0987445347297
71.47 0.0629309745911
71.54 0.130199516029
71.61 0.115709115459
71.68 0.0768011964844
71.75 0.129514879445
71.82 0.142041470497
71.89 0.239405184518
71.96 0.317370130626
72.03 0.329500273167
72.1 0.241676831038
72.17 0.187216946266
72.24 0.204692467088
72.31 0.199791756216
72.38 0.205426656199
72.45 0.153648128015
72.52 0.187649313283
72.59 0.196550535331
72.66 0.0926855230871
72.73 0.115370665026
72.8 0.377077215829
72.87 0.296481695132
72.94 0.267183161202
73.01 0.248216522563
73.08 0.236731213826
73.15 0.181697626956
73.22 0.226494354778
73.29 0.0908032674947
73.36 0.130145920733
73.43 0.132745973591
73.5 0.274155278613
73.57 0.32163866357
73.64 0.356000771688
73.71 0.401977827777
73.78 0.300990724814
73.85 0.25909729048
73.92 0.21100794164
73.99 0.234381500284
74.06 0.210387159547
74.13 0.258147067299
74.2 0.288631136077
74.27 0.359119552436
74.34 0.328416939696
74.41 0.432622120919
74.48 0.292136022366
74.55 0.177774581651
74.62 0.152562134082
74.69 0.138434150748
74.76 0.160137695296
74.83 0.17313117711
74.9 0.101401952817
74.97 0.0678756646037
75.04 0.0528125197019
75.11 0.169432985025
75.18 0.288640954882
75.25 0.307873386161
75.32 0.190860720009
75.39 0.158242738543
75.46 0.117693205625
75.53 0.139979589544
75.6 0.170873034417
75.67 0.191252822344
75.74 0.160463951755
75.81 0.339935624215
75.88 0.233445746622
75.95 0.135136163521
76.02 0.425015314555
76.09 0.335018922267
76.16 0.272102225867
76.23 0.246955364922
76.3 0.205094931642
76.37 0.240490492391
76.44 0.207206137566
76.51 0.252446741453
76.58 0.167013558313
76.65 0.18941370813
76.72 0.310125058836
76.79 0.32071814247
76.86 0.305889966205
76.93 0.230648030468
77.0 0.202668261679
77.07 0.185650533969
77.14 0.178704795891
77.21 0.255631497138
77.28 0.254347116492
77.35 0.174761714474
77.42 0.12410404926
77.49 0.150675180226
77.56 0.178800791032
77.63 0.432829512448
77.7 0.229866170401
77.77 0.167236008059
77.84 0.128169207406
77.91 0.11993641803
77.98 0.133856821903
78.05 0.239626148934
78.12 0.1475298141
78.19 0.216018492247
78.26 0.139913726686
78.33 0.187915216871
78.4 0.301109310111
78.47 0.277281465636
78.54 0.185933573198
78.61 0.187140590997
78.68 0.188353630497
78.75 0.238316784848
78.82 0.312315914474
78.89 0.305179212937
78.96 0.247945736178
79.03 0.20118842762
79.1 0.165427358969
79.17 0.168712006525
79.24 0.426140118407
79.31 0.301992153404
79.38 0.450262317567
79.45 0.590300982961
79.52 0.681113221308
79.59 0.771257270388
79.66 0.80963044549
79.73 0.572813794595
79.8 0.442011815172
79.87 0.407737315513
79.94 0.411020825296
80.01 0.326066666891
80.08 0.243472360087
80.15 0.278303437524
80.22 0.207887198942
80.29 0.237518337081
80.36 0.248735321775
80.43 0.487662391777
80.5 0.357656952512
80.57 0.275000493912
80.64 0.216525157486
80.71 0.167768598656
80.78 0.148865370721
80.85 0.410420630654
80.92 0.307327778545
80.99 0.262288160701
81.06 0.25428605039
81.13 0.244567718847
81.2 0.171366482254
81.27 0.157095206419
81.34 0.108014705166
81.41 0.0927361975358
81.48 0.106341590216
81.55 0.250171080464
81.62 0.245930416713
81.69 0.467766517042
81.76 0.231511413895
81.83 0.271129679709
81.9 0.18556795435
81.97 0.176963168941
82.04 0.138767553095
82.11 0.111701884069
82.18 0.110640537338
82.25 0.143081664853
82.32 0.121944204424
82.39 0.144149616323
82.46 0.35687598002
82.53 0.346237668526
82.6 0.270572928719
82.67 0.224965848975
82.74 0.179590058506
82.81 0.270569045576
82.88 0.311654694486
82.95 0.260316608671
83.02 0.183400284359
83.09 0.180075155887
83.16 0.325978431242
83.23 0.307150960822
83.3 0.33525839784
83.37 0.240146491215
83.44 0.283576045935
83.51 0.247647304759
83.58 0.274797497239
83.65 0.244414631316
83.72 0.230641732531
83.79 0.197722517671
83.86 0.225507941384
83.93 0.229513464418
84.0 0.230404330986
84.07 0.300905280953
84.14 0.428718524159
84.21 0.327714496128
84.28 0.33404218956
84.35 0.307805353045
84.42 0.234248071872
84.49 0.210453511478
84.56 0.130596227191
84.63 0.191844535206
84.7 0.1438068016
84.77 0.181597257335
84.84 0.260662322732
84.91 0.425359708574
84.98 0.26167189913
85.05 0.245134730166
85.12 0.23563834458
85.19 0.205242777496
85.26 0.20301983555
85.33 0.145615344272
85.4 0.119356017227
85.47 0.121829044897
85.54 0.0895440321794
85.61 0.172708015292
85.68 0.33127270827
85.75 0.444534130454
85.82 0.315145123709
85.89 0.280772365817
85.96 0.273240705628
86.03 0.281457280901
86.1 0.271696317431
86.17 0.224662335507
86.24 0.226745580538
86.31 0.213188746391
86.38 0.210628155547
86.45 0.230894403998
86.52 0.500369030466
86.59 0.496160611518
86.66 0.484729733577
86.73 0.394455512037
86.8 0.330187968717
86.87 0.25571385826
86.94 0.233762476361
87.01 0.210874957015
87.08 0.221654114517
87.15 0.163888701521
87.22 0.119684114499
87.29 0.173393539453
87.36 0.418988237518
87.43 0.270003915827
87.5 0.214645524997
87.57 0.218057878141
87.64 0.186770945228
87.71 0.219580391677
87.78 0.155744250815
87.85 0.11982192758
87.92 0.132874396939
87.99 0.210764209326
88.06 0.232781193698
88.13 0.362530181374
88.2 0.248996957302
88.27 0.283198647465
88.34 0.227878326153
88.41 0.188792271677
88.48 0.215234800422
88.55 0.172836905069
88.62 0.130823163496
88.69 0.102808551707
88.76 0.130330239827
88.83 0.224355315889
88.9 0.311446181034
88.97 0.482329493893
89.04 0.273708538306
89.11 0.30234955765
89.18 0.307357174956
89.25 0.337146921935
89.32 0.36001924155
89.39 0.277735055218
89.46 0.232221036183
89.53 0.176522246556
89.6 0.347389943067
89.67 0.331528761354
89.74 0.382829890517
89.81 0.313793591861
89.88 0.284286345226
89.95 0.203923785932
90.02 0.208569678854
90.09 0.207463586544
90.16 0.231340659761
90.23 0.169562814455
90.3 0.107223247056
90.37 0.0923060177578
90.44 0.159890214561
90.51 0.339351427443
90.58 0.41728046863
90.65 0.33010426944
90.72 0.289039644975
90.79 0.28390089065
90.86 0.256360280416
90.93 0.219771732128
91.0 0.149587214155
91.07 0.194156872083
91.14 0.169259670055
91.21 0.296381676466
91.28 0.255120802713
91.35 0.441480543486
91.42 0.266563431973
91.49 0.23199929061
91.56 0.186761308693
91.63 0.297365628649
91.7 0.20933785056
91.77 0.369765398133
91.84 0.149750961649
91.91 0.236516542819
91.98 0.321517424604
92.05 0.287971225943
92.12 0.269911930625
92.19 0.463225051229
92.26 0.240321794173
92.33 0.0914542928172
92.4 0.0723811519086
92.47 0.0676752151824
92.54 0.39887696496
92.61 0.326433074821
92.68 0.273579914575
92.75 0.286323845022
92.82 0.274344612963
92.89 0.336079354251
92.96 0.37374709701
93.03 0.366167306226
93.1 0.307891941471
93.17 0.250935923762
93.24 0.211502966508
93.31 0.25649152725
93.38 0.551462980936
93.45 0.258092051202
93.52 0.273278106067
93.59 0.138443352551
93.66 0.118779696555
93.73 0.226401924656
93.8 0.438481885442
93.87 0.28398674094
93.94 0.241989940285
94.01 0.29170184397
94.08 0.343108394235
94.15 0.359717210017
94.22 0.27581927214
94.29 0.217782716144
94.36 0.159387015847
94.43 0.139411352149
94.5 0.191627938477
94.57 0.35385634508
94.64 0.463272886342
94.71 0.321567032603
94.78 0.285949268907
94.85 0.248745270772
94.92 0.253338394838
94.99 0.275931257226
95.06 0.236758609796
95.13 0.20191149147
95.2 0.143043693829
95.27 0.299205748178
95.34 0.289779520682
95.41 0.507106333208
95.48 0.46172639355
95.55 0.761321498693
95.62 0.705793724716
95.69 0.661515582137
95.76 0.564013367843
95.83 0.456152461175
95.9 0.439267676201
95.97 0.341793012976
96.04 0.524918973101
96.11 0.537262190371
96.18 0.602174319563
96.25 0.593437690697
96.32 0.469934750825
96.39 0.312672496807
96.46 0.350229944722
96.53 0.300627862658
96.6 0.487784714174
96.67 0.421287497373
96.74 0.284375030323
96.81 0.235749406995
96.88 0.229302929014
96.95 0.159947443936
97.02 0.453491291269
97.09 0.268786427128
97.16 0.22260369579
97.23 0.224061208005
97.3 0.236506401363
97.37 0.203072929321
97.44 0.192800416681
97.51 0.173014935284
97.58 0.154289768132
97.65 0.182199204486
97.72 0.183343126307
97.79 0.322325608531
97.86 0.310883401549
97.93 0.298439958435
98.0 0.254495573686
98.07 0.243086831924
98.14 0.237663845125
98.21 0.238163695053
98.28 0.227181065391
98.35 0.229921400467
98.42 0.182227904648
98.49 0.163999940546
98.56 0.259732801345
98.63 0.392030396464
98.7 0.255271364503
98.77 0.24370395956
98.84 0.198030329766
98.91 0.305204410346
98.98 0.279930675914
99.05 0.260613751747
99.12 0.226313933544
99.19 0.244312820517
99.26 0.261289553333
99.33 0.316637550246
99.4 0.444584066766
99.47 0.24427739448
99.54 0.198901640238
99.61 0.178003366694
99.68 0.265297193415
99.75 0.406068715424
99.82 0.382183467228
99.89 0.32640771552
99.96 0.238030845149
100.03 0.146865758173
100.1 0.135067119429
100.17 0.227174284043
100.24 0.51323100959
100.31 0.320742374187
100.38 0.206087613537
100.45 0.120119490669
100.52 0.0981361775624
100.59 0.167278107895
100.66 0.277048876697
100.73 0.281732103264
100.8 0.259318951145
100.87 0.101866570299
100.94 0.0867998309427
101.01 0.416415692707
101.08 0.370949004995
101.15 0.355119154472
101.22 0.395567340757
101.29 0.344442879879
101.36 0.286805253984
101.43 0.267598778628
101.5 0.225572838552
101.57 0.210512981302
101.64 0.24945393303
101.71 0.208968442534
101.78 0.231786357393
101.85 0.471512572543
101.92 0.281941018616
101.99 0.222564117168
102.06 0.257004834589
102.13 0.250919868155
102.2 0.277455311566
102.27 0.290844098459
102.34 0.266350896128
102.41 0.285982526951
102.48 0.276491220017
102.55 0.305650465725
102.62 0.317780852802
102.69 0.376357558503
102.76 0.242035468154
102.83 0.197529227723
102.9 0.291496701945
102.97 0.369756420488
103.04 0.341444816194
103.11 0.295911548997
103.18 0.255054009259
103.25 0.20081747879
103.32 0.202252860486
103.39 0.236646677919
103.46 0.429872038362
103.53 0.267400638714
103.6 0.273726749454
103.67 0.108893178508
103.74 0.0801288382435
103.81 0.137638957802
103.88 0.114231030512
103.95 0.0712288841609
104.02 0.0566901786516
104.09 0.136889433107
104.16 0.255614718112
104.23 0.309088166849
104.3 0.323002916957
104.37 0.149177682961
104.44 0.111868872799
104.51 0.229589801573
104.58 0.245574840827
104.65 0.165963666288
104.72 0.0870172507174
104.79 0.0502355721093
104.86 0.202095452817
104.93 0.421804792009
105.0 0.459722041982
105.07 0.492908863126
105.14 0.296405817614
105.21 0.104184553016
105.28 0.13811248953
105.35 0.0736022271371
105.42 0.272099008406
105.49 0.583739003555
105.56 0.429007697169
105.63 0.376306016857
105.7 0.37026584242
105.77 0.323791955744
105.84 0.338788387572
105.91 0.344763024067
105.98 0.355953467536
106.05 0.330069424176
106.12 0.383170870088
106.19 0.245669736688
106.26 0.582639200124
106.33 0.371016311296
106.4 0.164028483344
106.47 0.146361553012
106.54 0.132349731124
106.61 0.110619795921
106.68 0.565593102829
106.75 0.44056661354
106.82 0.41500097318
106.89 0.366185262649
106.96 0.360407193565
107.03 0.356370523876
107.1 0.380002865125
107.17 0.350221468602
107.24 0.346783684835
107.31 0.340571662644
107.38 0.321820827125
107.45 0.346797952837
107.52 0.504369868822
107.59 0.431269057323
107.66 0.328894994211
107.73 0.313362557338
107.8 0.343922159473
107.87 0.337378616505
107.94 0.3375055749
108.01 0.249192760537
108.08 0.257314829396
108.15 0.330151161504
108.22 0.370641081952
108.29 0.502448376505
108.36 0.347446416191
108.43 0.313802176663
108.5 0.287543848141
108.57 0.284084232733
108.64 0.295698614648
108.71 0.34288725887
108.78 0.287574274773
108.85 0.239626179501
108.92 0.25409269478
108.99 0.275710787543
109.06 0.384009611972
109.13 0.372453625506
109.2 0.287992626249
109.27 0.188737897487
109.34 0.16641273082
109.41 0.217388632614
109.48 0.257087259108
109.55 0.235156257483
109.62 0.231110468635
109.69 0.14342632039
109.76 0.114119800544
109.83 0.128648305728
109.9 0.539424850769
109.97 0.442405744736
110.04 0.413063438841
110.11 0.393876069001
110.18 0.391399658582
110.25 0.379796812884
110.32 0.385767688504
110.39 0.294391263456
110.46 0.291438932553
110.53 0.253516025418
110.6 0.3377495359
110.67 0.348596210275
110.74 0.461727291314
110.81 0.312298627129
110.88 0.306068436812
110.95 0.312379822176
111.02 0.259844853226
111.09 0.273773376604
111.16 0.375233410144
111.23 0.381191637813
111.3 0.324184480357
111.37 0.335336819213
111.44 0.290619482983
111.51 0.435350812226
111.58 0.460409898292
111.65 0.37312871839
111.72 0.379679316678
111.79 0.411883147934
111.86 0.32849457878
111.93 0.321036409617
112.0 0.292894229225
112.07 0.389818679405
112.14 0.356844183533
112.21 0.440039727654
112.28 0.477063236628
112.35 0.562334561768
112.42 0.452609470273
112.49 0.343208998203
112.56 0.337774091401
112.63 0.316568034063
112.7 0.292029925392
112.77 0.253291112196
112.84 0.195557349646
112.91 0.25492118879
112.98 0.225839941045
113.05 0.144666627931
113.12 0.523700617204
113.19 0.426729963285
113.26 0.412338188884
113.33 0.423688154806
113.4 0.419824984621
113.47 0.34609448584
113.54 0.341286288866
113.61 0.270872452625
113.68 0.252507385276
113.75 0.251021401587
113.82 0.336885098478
113.89 0.3320721172
113.96 0.443653998568
114.03 0.298989445798
114.1 0.268326066386
114.17 0.290218552441
114.24 0.273086629763
114.31 0.294237487601
114.38 0.359396558643
114.45 0.324377482748
114.52 0.215952604482
114.59 0.250859843596
114.66 0.265734838337
114.73 0.257673947659
114.8 0.48161808966
114.87 0.388626851148
114.94 0.36740379289
115.01 0.344898253669
115.08 0.330345824703
115.15 0.317379521492
115.22 0.280084090626
115.29 0.287212623977
115.36 0.210951244357
115.43 0.320855509499
115.5 0.323718855296
115.57 0.521061378565
115.64 0.303626063329
115.71 0.240505457775
115.78 0.230341862199
115.85 0.242438097995
115.92 0.268708346521
115.99 0.394398513613
116.06 0.261368066407
116.13 0.211054197457
116.2 0.162967703802
116.27 0.127126507686
116.34 0.313391624305
116.41 0.400848910964
116.48 0.292023350088
116.55 0.293343978685
116.62 0.268571880653
116.69 0.301902721114
116.76 0.310424810297
116.83 0.2789174077
116.9 0.260150119202
116.97 0.243315059969
117.04 0.262716697785
117.11 0.259821524933
117.18 0.493665357101
117.25 0.352159989011
117.32 0.313669308646
117.39 0.309992644795
117.46 0.370933105619
117.53 0.34249786115
117.6 0.347842374499
117.67 0.288428274126
117.74 0.223034920507
117.81 0.173969488792
117.88 0.166858661667
117.95 0.385689772053
118.02 0.224426781568
118.09 0.16866443859
118.16 0.162583007741
118.23 0.202740585499
118.3 0.242159709481
118.37 0.231557613106
118.44 0.170704888669
118.51 0.138191474695
118.58 0.10469355267
118.65 0.119868537748
118.72 0.131376489849
118.79 0.439748384386
118.86 0.240227035297
118.93 0.175735327081
119.0 0.155088261183
119.07 0.180939746145
119.14 0.207564002581
119.21 0.248832515823
119.28 0.190183711592
119.35 0.120689918701
119.42 0.110342480649
119.49 0.102580136864
119.56 0.32727908939
119.63 0.539452813926
119.7 0.46604697193
119.77 0.451786532667
119.84 0.393109132429
119.91 0.365465578152
119.98 0.339078713072
120.05 0.30961086279
120.12 0.313119485046
120.19 0.311719132016
120.26 0.323985761935
120.33 0.335779146549
120.4 0.490429607711
120.47 0.400755202688
120.54 0.369671324185
120.61 0.320507787072
120.68 0.28844758229
120.75 0.269534264977
120.82 0.224632414929
120.89 0.210405636741
120.96 0.220682409517
121.03 0.222692257487
121.1 0.243469902273
121.17 0.442862778202
121.24 0.490580766124
121.31 0.356577122927
121.38 0.34167851347
121.45 0.359474112818
121.52 0.319088258335
121.59 0.292683504758
121.66 0.270721972347
121.73 0.19290143387
121.8 0.234758996115
121.87 0.333504511254
121.94 0.320429115502
122.01 0.521109563501
122.08 0.298244619366
122.15 0.290093563921
122.22 0.301702532078
122.29 0.448947654067
122.36 0.361854372996
122.43 0.383204759849
122.5 0.310059070313
122.57 0.254661703144
122.64 0.206220807603
122.71 0.198300942938
122.78 0.342666361249
122.85 0.296814299341
122.92 0.212902833862
122.99 0.164164787321
123.06 0.162702754585
123.13 0.109439041981
123.2 0.210219736086
123.27 0.301681181585
123.34 0.170382778004
123.41 0.137478617963
123.48 0.148069269822
123.55 0.195400331423
123.62 0.499548112548
123.69 0.409357948032
123.76 0.379303083151
123.83 0.332209097047
123.9 0.325937672959
123.97 0.352703273533
124.04 0.218116361896
124.11 0.160934095073
124.18 0.172245573729
124.25 0.178573946428
124.32 0.296928172789
124.39 0.35378431561
124.46 0.502232796412
124.53 0.388635426894
124.6 0.377215163631
124.67 0.30733275078
124.74 0.332692019642
124.81 0.337128564745
124.88 0.333085905053
124.95 0.347120636352
125.02 0.374992960954
125.09 0.447475534216
125.16 0.544580198453
125.23 0.875006594409
125.3 0.846093750533
125.37 0.769817352321
125.44 0.672892101738
125.51 0.567812673346
125.58 0.429889323442
125.65 0.388138210258
125.72 0.310600883091
125.79 0.266093109781
125.86 0.235608812316
125.93 0.20656810096
126.0 0.414076027788
126.07 0.469562020052
126.14 0.362992148583
126.21 0.309931402084
126.28 0.190160564438
126.35 0.120478862525
126.42 0.139939580719
126.49 0.208580622977
126.56 0.204818711121
126.63 0.14912962369
126.7 0.154550656465
126.77 0.119951207936
126.84 0.222847563957
126.91 0.120216358669
126.98 0.110166128223
127.05 0.17915940777
127.12 0.163382784607
127.19 0.138312086472
127.26 0.137997579068
127.33 0.106324234944
127.4 0.152890489475
127.47 0.149716959809
127.54 0.161556661374
127.61 0.222664963408
127.68 0.408200916359
127.75 0.237611443074
127.82 0.233465389891
127.89 0.18687062426
127.96 0.182137686672
128.03 0.153231527916
128.1 0.157531809798
128.17 0.136700173477
128.24 0.213068827466
128.31 0.160984193277
128.38 0.155737307575
128.45 0.32973276814
128.52 0.366131306208
128.59 0.357870209513
128.66 0.358052951576
128.73 0.363907211773
128.8 0.378497647991
128.87 0.391119382837
128.94 0.342713940504
129.01 0.313476018698
129.08 0.353819576359
129.15 0.30949412057
129.22 0.353677975232
129.29 0.565954698152
129.36 0.484405420954
129.43 0.266417760905
129.5 0.152436680263
129.57 0.0675799083646
129.64 0.05343374445
129.71 0.0504779481528
129.78 0.0570631313187
129.85 0.0522419003438
129.92 0.223943142347
129.99 0.232385944092
130.06 0.0694124789738
130.13 0.0385203496143
130.2 0.0473966765271
130.27 0.171710369087
130.34 0.261373094114
130.41 0.212978575527
130.48 0.258187446325
130.55 0.259713622242
130.62 0.269345290639
130.69 0.24345812718
130.76 0.279715566779
130.83 0.233829099999
130.9 0.320849649689
130.97 0.327192668517
131.04 0.273545233468
131.11 0.342507471645
131.18 0.35218112327
131.25 0.245966872971
131.32 0.0852390712795
131.39 0.0422284986214
131.46 0.148939620263
131.53 0.520176642382
131.6 0.500354151123
131.67 0.54471772511
131.74 0.592515043491
131.81 0.574918686733
131.88 0.542222843158
131.95 0.535399786356
132.02 0.590485968869
132.09 0.455735410495
132.16 0.328640956285
132.23 0.376153978793
132.3 0.503707337849
132.37 0.640602764355
132.44 0.567999580448
132.51 0.439065056522
132.58 0.432969304461
132.65 0.444326545333
132.72 0.343012234938
132.79 0.413715479668
132.86 0.464617240603
132.93 0.487097799781
133.0 0.373368546051
133.07 0.314826125218
133.14 0.29400959919
133.21 0.380351647209
133.28 0.401795065336
133.35 0.344529335848
133.42 0.391607084075
133.49 0.527032486268
133.56 0.267023444025
133.63 0.332159425649
133.7 0.300810354525
133.77 0.372478543284
133.84 0.364284969122
133.91 0.307076294664
133.98 0.341915927468
134.05 0.398063156702
134.12 0.538631421653
134.19 0.363422073636
134.26 0.262530334096
134.33 0.12637202321
134.4 0.0830232854113
134.47 0.0977600719644
134.54 0.085303413712
134.61 0.0514616444785
134.68 0.0475236032228
134.75 0.0398779699589
134.82 0.0472306738664
134.89 0.0270353827758
134.96 0.0249118651377
135.03 0.0117771206984
135.1 0.0271904684841
135.17 0.00577826154317
135.24 0.00262354530745
135.31 0.00749760400743
135.38 0.00611332696239
135.45 0.0
