0.0 0.0
0.07 0.0
0.14 0.0
0.21 0.0
0.28 0.0
0.35 0.000224218376785
0.42 0.000784981602161
0.49 0.000817615760319
0.56 0.616259833953
0.63 0.42274349137
0.7 0.291197772831
0.77 0.151932372927
0.84 0.117691528857
0.91 0.0734773362263
0.98 0.0527452609627
1.05 0.598958904627
1.12 0.336261277439
1.19 0.230459075131
1.26 0.141057294576
1.33 0.113556328525
1.4 0.0493289011621
1.47 0.347852136246
1.54 0.512002402648
1.61 0.274951088145
1.68 0.170147486006
1.75 0.120031729173
1.82 0.075016229713
1.89 0.0498210607707
1.96 0.583596684755
2.03 0.38336697454
2.1 0.26013048883
2.17 0.134238504653
2.24 0.120816084274
2.31 0.0584744560441
2.38 0.0511598271793
2.45 0.685804782187
2.52 0.349029636715
2.59 0.291776916422
2.66 0.265425875764
2.73 0.262341646337
2.8 0.229023108797
2.87 0.378070876003
2.94 0.536110363244
3.01 0.362763885954
3.08 0.19532002126
3.15 0.323086169043
3.22 0.363841238686
3.29 0.356337372264
3.36 0.653395840098
3.43 0.442477337657
3.5 0.328823995708
3.57 0.276553173081
3.64 0.267916615462
3.71 0.25046758576
3.78 0.250830865522
3.85 0.656977395047
3.92 0.341343015024
3.99 0.260338343955
4.06 0.222460745895
4.13 0.19727648277
4.2 0.172087421302
4.27 0.667049558671
4.34 0.432451433671
4.41 0.260704325274
4.48 0.177290676447
4.55 0.186482983477
4.62 0.140713615589
4.69 0.142640053963
4.76 0.57892937907
4.83 0.359642611516
4.9 0.226320535877
4.97 0.155961178624
5.04 0.154137879255
5.11 0.109999482322
5.18 0.407682991248
5.25 0.653154508842
5.32 0.340252223312
5.39 0.272819284352
5.46 0.229353937281
5.53 0.236592256211
5.6 0.214629188923
5.67 0.717207334496
5.74 0.412634929153
5.81 0.300844292732
5.88 0.214784935864
5.95 0.337175234855
6.02 0.378869816254
6.09 0.341499116861
6.16 0.743873231496
6.23 0.326354908303
6.3 0.273049517858
6.37 0.2717808507
6.44 0.263186207052
6.51 0.264503361003
6.58 0.61142194087
6.65 0.499128896306
6.72 0.281638198888
6.79 0.213570089808
6.86 0.237006403831
6.93 0.16912560573
7.0 0.155315338078
7.07 0.735512524225
7.14 0.382598580716
7.21 0.265482742455
7.28 0.193975705071
7.35 0.174977446434
7.42 0.124636482584
7.49 0.352349200376
7.56 0.650619068514
7.63 0.299239082536
7.7 0.209738209881
7.77 0.16875516829
7.84 0.143220714917
7.91 0.0834263961215
7.98 0.618225568033
8.05 0.526974752699
8.12 0.512154725564
8.19 0.545443500708
8.26 0.565283721711
8.33 0.547196101486
8.4 0.548714501526
8.47 0.811357786131
8.54 0.885864781381
8.61 0.790358285684
8.68 0.516015205421
8.75 0.349698234078
8.82 0.423099687693
8.89 0.690459925433
8.96 0.555083132725
9.03 0.369568717229
9.1 0.329588185098
9.17 0.689122947991
9.24 0.685347378871
9.31 0.618042193506
9.38 0.741715185299
9.45 0.552052326047
9.52 0.434901271577
9.59 0.400752262341
9.66 0.497616945962
9.73 0.310664423891
9.8 0.455499101904
9.87 0.669021782282
9.94 0.533193547066
10.01 0.478554126992
10.08 0.552830293016
10.15 0.608166789067
10.22 0.54262181302
10.29 0.770249647236
10.36 0.788586855487
10.43 0.82523011898
10.5 0.498423741009
10.57 0.568470137717
10.64 0.518885388956
10.71 0.406568892269
10.78 0.782190245427
10.85 0.415423135277
10.92 0.395155048827
10.99 0.666308066344
11.06 0.759368658776
11.13 0.709613663027
11.2 0.648646882927
11.27 0.622795943587
11.34 0.472881930782
11.41 0.344621876069
11.48 0.499545348941
11.55 0.373789661217
11.62 0.299040179488
11.69 0.797255967594
11.76 0.627920420819
11.83 0.552700011692
11.9 0.645949452382
11.97 0.64068363591
12.04 0.64279831777
12.11 0.747035165093
12.18 0.815937026848
12.25 0.862259172796
12.32 0.698835790033
12.39 0.634344316243
12.46 0.528511949565
12.53 0.414487413306
12.6 0.722326263758
12.67 0.604145937753
12.74 0.450695534169
12.81 0.516892217413
12.88 0.731405518227
12.95 0.688192377448
13.02 0.50640291309
13.09 0.79767440294
13.16 0.584408444727
13.23 0.483755149549
13.3 0.409380240887
13.37 0.539771002112
13.44 0.412718239235
13.51 0.552201511029
13.58 0.715516612413
13.65 0.608587830003
13.72 0.54538427106
13.79 0.649455418052
13.86 0.620545626176
13.93 0.593722908493
14.0 0.808669032436
14.07 0.673950125019
14.14 0.677262078328
14.21 0.491810035847
14.28 0.688275195021
14.35 0.501969214236
14.42 0.384036089761
14.49 0.806474343202
14.56 0.51771287152
14.63 0.417105401414
14.7 0.625737919373
14.77 0.766576114407
14.84 0.691109430826
14.91 0.642431208388
14.98 0.725963770996
15.05 0.686629863443
15.12 0.599856500601
15.19 0.586471355192
15.26 0.645256168002
15.33 0.577008450641
15.4 0.807660466201
15.47 0.896776015692
15.54 0.938638216759
15.61 0.919561506135
15.68 0.875199953704
15.75 0.858663930803
15.82 0.761583774462
15.89 0.781565037751
15.96 0.561020164824
16.03 0.593605598988
16.1 0.647599383125
16.17 0.876593216604
16.24 0.822291666806
16.31 0.755821642837
16.38 0.723660161207
16.45 0.658982995201
16.52 0.625192947219
16.59 0.607186022433
16.66 0.565131353528
16.73 0.499795011205
16.8 0.752485583743
16.87 0.712918576354
16.94 0.594065765425
17.01 0.47271208758
17.08 0.608581061625
17.15 0.661313702042
17.22 0.627972532624
17.29 0.811300379853
17.36 0.799048744076
17.43 0.809471295313
17.5 0.80312539377
17.57 0.781979634424
17.64 0.730483957703
17.71 0.788371236101
17.78 0.713008587819
17.85 0.538563818918
17.92 0.512632740022
17.99 0.480955735222
18.06 0.688846547192
18.13 0.557258012955
18.2 0.710356627449
18.27 0.754725907927
18.34 0.677751262964
18.41 0.633283661741
18.48 0.547437255295
18.55 0.510833642404
18.62 0.367228582098
18.69 0.710283163927
18.76 0.725365218564
18.83 0.645484804475
18.9 0.60474551685
18.97 0.810667429645
19.04 0.673663805231
19.11 0.612662549496
19.18 0.907073963944
19.25 0.951038669947
19.32 0.930121498186
19.39 0.898792336972
19.46 0.856959219289
19.53 0.8356610139
19.6 0.828125331753
19.67 0.747675370757
19.74 0.543105920468
19.81 0.557952383752
19.88 0.748291240677
19.95 0.851014949841
20.02 0.736732375042
20.09 0.736338921857
20.16 0.651233613005
20.23 0.581206889499
20.3 0.506696928331
20.37 0.54925416291
20.44 0.440194132591
20.51 0.384594223857
20.58 0.845472978825
20.65 0.603698897046
20.72 0.641777572799
20.79 0.622000885466
20.86 0.752737453245
20.93 0.738800569116
21.0 0.69375079863
21.07 0.875311048903
21.14 0.844650919619
21.21 0.839735338661
21.28 0.777190199164
21.35 0.749109339893
21.42 0.715360664485
21.49 0.813162049663
21.56 0.636277287606
21.63 0.59403894903
21.7 0.688951245205
21.77 0.663780515215
21.84 0.703496378039
21.91 0.533177274349
21.98 0.769968656324
22.05 0.660110775793
22.12 0.625944887257
22.19 0.595329621565
22.26 0.499317230327
22.33 0.351091491545
22.4 0.382237622265
22.47 0.690893193994
22.54 0.736867085327
22.61 0.676917465022
22.68 0.736649399938
22.75 0.663163620441
22.82 0.627623774637
22.89 0.622934590323
22.96 0.757738377696
23.03 0.65701470442
23.1 0.611568648821
23.17 0.650272617352
23.24 0.613079923775
23.31 0.586419855402
23.38 0.794561244037
23.45 0.575348150046
23.52 0.535684297628
23.59 0.493083807354
23.66 0.586871596674
23.73 0.553971043617
23.8 0.459252502684
23.87 0.809691414276
23.94 0.909792040036
24.01 0.923317586744
24.08 0.90495656242
24.15 0.83539474575
24.22 0.593680167034
24.29 0.485754613257
24.36 0.761487793135
24.43 0.883834897994
24.5 0.907371787078
24.57 0.676471867438
24.64 0.26841109276
24.71 0.281132584004
24.78 0.507864122324
24.85 0.695872687057
24.92 0.509062190479
24.99 0.409449241046
25.06 0.561665836976
25.13 0.655993760272
25.2 0.621657780469
25.27 0.739496602131
25.34 0.65973090282
25.41 0.539105386965
25.48 0.447307343352
25.55 0.660441408722
25.62 0.581554946748
25.69 0.533301660051
25.76 0.776908194263
25.83 0.641186907754
25.9 0.642111646049
25.97 0.626424132988
26.04 0.559631825205
26.11 0.543887315083
26.18 0.640445027939
26.25 0.725204144558
26.32 0.524127251742
26.39 0.458014407303
26.46 0.543375833547
26.53 0.584566641538
26.6 0.283005016585
26.67 0.563818842198
26.74 0.734274265881
26.81 0.489216115498
26.88 0.504139785011
26.95 0.643206910178
27.02 0.601888138551
27.09 0.563953483677
27.16 0.727931149187
27.23 0.680234953626
27.3 0.556682173882
27.37 0.531206790816
27.44 0.558533633182
27.51 0.470000515505
27.58 0.260809465097
27.65 0.777641896979
27.72 0.678144158456
27.79 0.615177226583
27.86 0.575906852701
27.93 0.588462002626
28.0 0.435193850937
28.07 0.527564452643
28.14 0.692513061766
28.21 0.41349330366
28.28 0.385977004643
28.35 0.385796771672
28.42 0.441095424194
28.49 0.269862073377
28.56 0.596666081148
28.63 0.675329288035
28.7 0.592694694404
28.77 0.583886423135
28.84 0.694431404522
28.91 0.685372610908
28.98 0.635927669538
29.05 0.815517112164
29.12 0.74655867343
29.19 0.657501533342
29.26 0.652364625688
29.33 0.707233754167
29.4 0.558642740238
29.47 0.436637664823
29.54 0.807912107555
29.61 0.650723290314
29.68 0.655965477214
29.75 0.62967209271
29.82 0.581522694646
29.89 0.475714316056
29.96 0.596064993743
30.03 0.698688834017
30.1 0.631201324328
30.17 0.647172654795
30.24 0.636660048636
30.31 0.587143568513
30.38 0.469508374003
30.45 0.639970417587
30.52 0.660769294826
30.59 0.66228137735
30.66 0.597934780898
30.73 0.594361573254
30.8 0.578723732993
30.87 0.538583825289
30.94 0.712354896099
31.01 0.660560947192
31.08 0.626199789673
31.15 0.616301534262
31.22 0.634425636372
31.29 0.591335691667
31.36 0.478455094643
31.43 0.749112575605
31.5 0.705654190657
31.57 0.669325419558
31.64 0.643540036434
31.71 0.626822453322
31.78 0.595325391781
31.85 0.578630907707
31.92 0.762376947649
31.99 0.518229040946
32.06 0.508374370777
32.13 0.598285215589
32.2 0.611909122878
32.27 0.501096788734
32.34 0.635629607393
32.41 0.774861757502
32.48 0.643834681797
32.55 0.635674816829
32.62 0.624792859647
32.69 0.611157630082
32.76 0.570215544604
32.83 0.775175397057
32.9 0.6632619774
32.97 0.686630520726
33.04 0.679957365011
33.11 0.728848289805
33.18 0.542262078599
33.25 0.522511202725
33.32 0.782227869861
33.39 0.595988316236
33.46 0.523190108375
33.53 0.533209830648
33.6 0.565280728632
33.67 0.490569316768
33.74 0.668939109564
33.81 0.782841396742
33.88 0.72916682548
33.95 0.662009445346
34.02 0.50569144571
34.09 0.655561364467
34.16 0.537665918747
34.23 0.589089479103
34.3 0.686305258318
34.37 0.554424463404
34.44 0.404082012973
34.51 0.60963768552
34.58 0.643201050768
34.65 0.595269455788
34.72 0.721691187794
34.79 0.672562859141
34.86 0.512868197384
34.93 0.370975254334
35.0 0.617568314675
35.07 0.580259488545
35.14 0.560472049304
35.21 0.856539105429
35.28 0.603355757646
35.35 0.601967901482
35.42 0.611659730407
35.49 0.615225420045
35.56 0.550302877689
35.63 0.523306425619
35.7 0.764989840461
35.77 0.703350374449
35.84 0.682023748389
35.91 0.655404188887
35.98 0.488775861276
36.05 0.432607765467
36.12 0.435143305383
36.19 0.754156989331
36.26 0.480946681746
36.33 0.398986463406
36.4 0.571817770774
36.47 0.625828698572
36.54 0.565287058823
36.61 0.5802229288
36.68 0.544392844864
36.75 0.399760101003
36.82 0.319246164527
36.89 0.689873495604
36.96 0.461611255382
37.03 0.322273827838
37.1 0.682685977537
37.17 0.570388534794
37.24 0.475131750251
37.31 0.48068357507
37.38 0.499754449824
37.45 0.476481226921
37.52 0.556856793698
37.59 0.839295651187
37.66 0.759391708925
37.73 0.659304779263
37.8 0.527427500718
37.87 0.667928173129
37.94 0.698949603086
38.01 0.738187024128
38.08 0.714586255531
38.15 0.553093718375
38.22 0.330472735015
38.29 0.660119735112
38.36 0.680157430525
38.43 0.572293753632
38.5 0.744684783239
38.57 0.597266188968
38.64 0.485403282272
38.71 0.550705929369
38.78 0.623745526429
38.85 0.419404024549
38.92 0.380565414539
38.99 0.837056417041
39.06 0.656325204393
39.13 0.582480090638
39.2 0.605323021763
39.27 0.690340424987
39.34 0.6372023138
39.41 0.728430111577
39.48 0.794457435075
39.55 0.800152102012
39.62 0.703989658468
39.69 0.634694499248
39.76 0.708283388779
39.83 0.6116053498
39.9 0.726703124892
39.97 0.630057140649
40.04 0.553746600714
40.11 0.387436272812
40.18 0.707773277939
40.25 0.6849296334
40.32 0.517482793734
40.39 0.91030552239
40.46 0.725386762214
40.53 0.671617268882
40.6 0.688721393756
40.67 0.674566277408
40.74 0.611943515221
40.81 0.567107062727
40.88 0.842723061659
40.95 0.901584935842
41.02 0.949346472148
41.09 0.907818212149
41.16 0.898911183757
41.23 0.861078753486
41.3 0.849209442362
41.37 0.81362417165
41.44 0.64475272052
41.51 0.567941668239
41.58 0.566087619646
41.65 0.877148627414
41.72 0.886531042946
41.79 0.577105523817
41.86 0.720013312593
41.93 0.590498326655
42.0 0.521535687108
42.07 0.490579605138
42.14 0.469989669441
42.21 0.498475054298
42.28 0.763355659144
42.35 0.683463412162
42.42 0.631769228935
42.49 0.550781567537
42.56 0.65106462083
42.63 0.638824461238
42.7 0.522041120922
42.77 0.772866887527
42.84 0.841724704123
42.91 0.908084188777
42.98 0.876574343728
43.05 0.810436086183
43.12 0.783056932836
43.19 0.758306351109
43.26 0.86963032613
43.33 0.565770519852
43.4 0.684468105321
43.47 0.6617425344
43.54 0.650771331677
43.61 0.594154911377
43.68 0.644584966859
43.75 0.784938522102
43.82 0.628780234829
43.89 0.622640998784
43.96 0.547474562857
44.03 0.472414150372
44.1 0.440662048803
44.17 0.627205297645
44.24 0.729520550204
44.31 0.682334534289
44.38 0.531421850697
44.45 0.670198589255
44.52 0.63144777623
44.59 0.575333362099
44.66 0.768653584672
44.73 0.800150166378
44.8 0.865684714631
44.87 0.834435202274
44.94 0.820710719925
45.01 0.785048250227
45.08 0.76222276696
45.15 0.804112101294
45.22 0.666598811471
45.29 0.629733301448
45.36 0.590444567117
45.43 0.678923995873
45.5 0.692597927236
45.57 0.523807426852
45.64 0.741233493319
45.71 0.598577937995
45.78 0.568729512551
45.85 0.527599158237
45.92 0.534240366047
45.99 0.404488975755
46.06 0.588050513107
46.13 0.735168783674
46.2 0.595466749128
46.27 0.572290731582
46.34 0.642663330449
46.41 0.647657312694
46.48 0.674932045065
46.55 0.926686875714
46.62 0.808454320209
46.69 0.853131650627
46.76 0.738224780742
46.83 0.734734794457
46.9 0.759213487636
46.97 0.709594804638
47.04 0.919627806548
47.11 0.621946050375
47.18 0.548947628523
47.25 0.549194022483
47.32 0.60148516292
47.39 0.596045130417
47.46 0.607625798632
47.53 0.81709455535
47.6 0.656080400223
47.67 0.652570863862
47.74 0.56015153454
47.81 0.45295395444
47.88 0.420857791826
47.95 0.565798840934
48.02 0.779931792563
48.09 0.638409270658
48.16 0.566840314743
48.23 0.600118325305
48.3 0.635877625546
48.37 0.598701766002
48.44 0.771442879024
48.51 0.697422855742
48.58 0.654269457037
48.65 0.61304969422
48.72 0.60296707202
48.79 0.556090746535
48.86 0.557022561026
48.93 0.829561247387
49.0 0.490456291368
49.07 0.490844993289
49.14 0.517873165116
49.21 0.593035315128
49.28 0.548232968887
49.35 0.569625109518
49.42 0.926029205897
49.49 0.768565583079
49.56 0.738431788462
49.63 0.632154412676
49.7 0.583535620873
49.77 0.529580015242
49.84 0.747650359625
49.91 0.693509184905
49.98 0.703544857591
50.05 0.734355216628
50.12 0.642386560268
50.19 0.410257231151
50.26 0.277920381889
50.33 0.679010947264
50.4 0.560732231708
50.47 0.433118915646
50.54 0.40742451452
50.61 0.587750499032
50.68 0.633733813223
50.75 0.543902577432
50.82 0.852042437841
50.89 0.524080414491
50.96 0.493385653852
51.03 0.487846500277
51.1 0.596607048866
51.17 0.48614680801
51.24 0.538778317484
51.31 0.82782555488
51.38 0.71696058564
51.45 0.734562320315
51.52 0.581890881392
51.59 0.601058528746
51.66 0.594006213473
51.73 0.720804178954
51.8 0.633142742583
51.87 0.503012587464
51.94 0.490770150017
52.01 0.493572695036
52.08 0.517911484857
52.15 0.408561567681
52.22 0.755040737109
52.29 0.663950928786
52.36 0.596886893607
52.43 0.486430352001
52.5 0.473242036395
52.57 0.482429378499
52.64 0.435711009003
52.71 0.801170087483
52.78 0.65186702313
52.85 0.581015013759
52.92 0.533402468691
52.99 0.495114183249
53.06 0.517243713171
53.13 0.49162494297
53.2 0.81409369938
53.27 0.698332940081
53.34 0.637330373402
53.41 0.660039633581
53.48 0.58297674077
53.55 0.59431248531
53.62 0.747698630946
53.69 0.657519571487
53.76 0.494638088128
53.83 0.443258022479
53.9 0.448837985501
53.97 0.513522890418
54.04 0.302585496995
54.11 0.716267351959
54.18 0.629152332676
54.25 0.559110676367
54.32 0.497665345843
54.39 0.499433015226
54.46 0.403630353182
54.53 0.422295022024
54.6 0.799351182671
54.67 0.693266249373
54.74 0.645298071108
54.81 0.599717613042
54.88 0.530531866885
54.95 0.522506051298
55.02 0.496660687087
55.09 0.816509952513
55.16 0.714562499211
55.23 0.695397544361
55.3 0.635866621952
55.37 0.574681805188
55.44 0.531757224026
55.51 0.703032287827
55.58 0.683153647494
55.65 0.530718486178
55.72 0.532754196381
55.79 0.581380154915
55.86 0.628629280798
55.93 0.501138642952
56.0 0.708227422003
56.07 0.718254492077
56.14 0.664196051638
56.21 0.629152638683
56.28 0.626669775509
56.35 0.622183953986
56.42 0.56232985328
56.49 0.814016382699
56.56 0.65494738129
56.63 0.620318791345
56.7 0.604361779855
56.77 0.647628712765
56.84 0.631204925801
56.91 0.523321713318
56.98 0.790636316109
57.05 0.708083775938
57.12 0.678290634638
57.19 0.708180085001
57.26 0.663610882053
57.33 0.660542639254
57.4 0.69822660882
57.47 0.744821912612
57.54 0.583496334221
57.61 0.564732218381
57.68 0.546832475882
57.75 0.604390798055
57.82 0.558686305563
57.89 0.639621722975
57.96 0.637239749922
58.03 0.596304890928
58.1 0.56640802939
58.17 0.590245801682
58.24 0.53481747985
58.31 0.554246390592
58.38 0.735147089736
58.45 0.658870817206
58.52 0.63525046232
58.59 0.616291856096
58.66 0.652706512087
58.73 0.564511154235
58.8 0.479125531672
58.87 0.774346415563
58.94 0.575127681619
59.01 0.547642608039
59.08 0.566528748434
59.15 0.616089290012
59.22 0.636562959164
59.29 0.541451808829
59.36 0.861536627583
59.43 0.843242669595
59.5 0.766800522907
59.57 0.508283144335
59.64 0.605233921077
59.71 0.414771969476
59.78 0.507336378935
59.85 0.694868484596
59.92 0.41708298863
59.99 0.335237285892
60.06 0.438533258006
60.13 0.676372029331
60.2 0.60537795101
60.27 0.77037781729
60.34 0.705939692011
60.41 0.511838896878
60.48 0.347578967538
60.55 0.558365106355
60.62 0.407591715918
60.69 0.423883445265
60.76 0.721861081696
60.83 0.623621310933
60.9 0.588064995046
60.97 0.612103560752
61.04 0.670000915669
61.11 0.677274267927
61.18 0.647352523817
61.25 0.790530062709
61.32 0.707790200695
61.39 0.689441378646
61.46 0.479596316025
61.53 0.599943506312
61.6 0.549336013573
61.67 0.510061415338
61.74 0.718064644315
61.81 0.526561280469
61.88 0.443903442944
61.95 0.630215513098
62.02 0.70009575499
62.09 0.697814930988
62.16 0.661996967846
62.23 0.686752031043
62.3 0.606700672849
62.37 0.434553542065
62.44 0.742181441103
62.51 0.460569086267
62.58 0.423673732367
62.65 0.75840273441
62.72 0.657488510823
62.79 0.501840390521
62.86 0.515157249184
62.93 0.622512296385
63.0 0.634662788544
63.07 0.523859898986
63.14 0.775915180087
63.21 0.754637705347
63.28 0.77977340744
63.35 0.683839710822
63.42 0.594140440302
63.49 0.529276008585
63.56 0.465074041406
63.63 0.789459409548
63.7 0.512281485087
63.77 0.451102480654
63.84 0.612837254415
63.91 0.742033232086
63.98 0.664347440236
64.05 0.67961242759
64.12 0.646001732582
64.19 0.565000393192
64.26 0.37589716005
64.33 0.565319319978
64.4 0.424808891542
64.47 0.404201622061
64.54 0.802415717167
64.61 0.616377297367
64.68 0.606864265532
64.75 0.542905074544
64.82 0.691993931854
64.89 0.690521003801
64.96 0.593611346134
65.03 0.7566366349
65.1 0.649396132272
65.17 0.623348585844
65.24 0.689302675778
65.31 0.706513019649
65.38 0.628975715663
65.45 0.704790181267
65.52 0.720488346647
65.59 0.459812315294
65.66 0.537247503319
65.73 0.669060523915
65.8 0.699142290018
65.87 0.602438338181
65.94 0.786567189853
66.01 0.63857051849
66.08 0.556178873066
66.15 0.659413458995
66.22 0.707309071841
66.29 0.514386003515
66.36 0.368099642335
66.43 0.820053803357
66.5 0.755372333328
66.57 0.589476259877
66.64 0.595283660691
66.71 0.491249176654
66.78 0.467196728349
66.85 0.602551291153
66.92 0.654357806284
66.99 0.628420788308
67.06 0.529680074254
67.13 0.738923547907
67.2 0.652336036623
67.27 0.62099750144
67.34 0.699614488523
67.41 0.737913712374
67.48 0.739270330426
67.55 0.721671954591
67.62 0.679953310864
67.69 0.65344786499
67.76 0.602922212049
67.83 0.80179131344
67.9 0.862100570389
67.97 0.882568423588
68.04 0.831271836417
68.11 0.804530628985
68.18 0.786571421448
68.25 0.521086828462
68.32 0.799700552673
68.39 0.868409977372
68.46 0.743297341724
68.53 0.719336749982
68.6 0.734653481571
68.67 0.763603718943
68.74 0.704082574288
68.81 0.74456720213
68.88 0.615262280365
68.95 0.619716963365
69.02 0.77399558252
69.09 0.694812056093
69.16 0.699209609852
69.23 0.697461983053
69.3 0.759257793535
69.37 0.725341916728
69.44 0.648654277806
69.51 0.632766195858
69.58 0.642590323222
69.65 0.528357245584
69.72 0.494443619472
69.79 0.641583926199
69.86 0.431900037172
69.93 0.587021310379
70.0 0.426038795338
70.07 0.411716325493
70.14 0.640861949544
70.21 0.851381936096
70.28 0.758039470945
70.35 0.575066900205
70.42 0.651809960884
70.49 0.554415449763
70.56 0.55522881039
70.63 0.730783678445
70.7 0.562720278983
70.77 0.570541752194
70.84 0.717404155245
70.91 0.675976863227
70.98 0.604029510057
71.05 0.583553137537
71.12 0.761661572789
71.19 0.733418487911
71.26 0.710373705926
71.33 0.669521269774
71.4 0.616463524479
71.47 0.594319230149
71.54 0.778859922616
71.61 0.700333256626
71.68 0.673450599502
71.75 0.611693695426
71.82 0.635678459947
71.89 0.670714724278
71.96 0.546090717383
72.03 0.762425637241
72.1 0.95716359969
72.17 0.941463420817
72.24 0.870511243792
72.31 0.849451602917
72.38 0.812656161364
72.45 0.726169567361
72.52 0.705567648484
72.59 0.555962663394
72.66 0.498959706764
72.73 0.727108631875
72.8 0.751712127216
72.87 0.682587888561
72.94 0.71619663164
73.01 0.713687288861
73.08 0.650733062636
73.15 0.607392974021
73.22 0.57287330282
73.29 0.612033910553
73.36 0.555995806358
73.43 0.637232833067
73.5 0.717311941974
73.57 0.672250709788
73.64 0.663404922726
73.71 0.610808305347
73.78 0.470784597192
73.85 0.590255197379
73.92 0.68208871613
73.99 0.55000855825
74.06 0.579092870354
74.13 0.429411312778
74.2 0.455257861183
74.27 0.36051150073
74.34 0.727169329997
74.41 0.548395326676
74.48 0.555362928578
74.55 0.656619150828
74.62 0.724422644923
74.69 0.643226279183
74.76 0.637065823602
74.83 0.724778374086
74.9 0.754812928124
74.97 0.743679539629
75.04 0.710469303385
75.11 0.641758451859
75.18 0.615768411297
75.25 0.714224397165
75.32 0.857942555299
75.39 0.902447960215
75.46 0.861231344386
75.53 0.843738168126
75.6 0.813494594686
75.67 0.760793201434
75.74 0.802295850961
75.81 0.745495753748
75.88 0.705886607862
75.95 0.710091206705
76.02 0.666487006479
76.09 0.70779852265
76.16 0.629137369091
76.23 0.761488464903
76.3 0.614867963478
76.37 0.530603646461
76.44 0.540356307499
76.51 0.786880498051
76.58 0.70594609825
76.65 0.679191540563
76.72 0.753728176891
76.79 0.705059991136
76.86 0.661294242502
76.93 0.633447960595
77.0 0.607155861685
77.07 0.569890792813
77.14 0.680243574345
77.21 0.686844765794
77.28 0.493425103466
77.35 0.373080533255
77.42 0.631837273047
77.49 0.503505538346
77.56 0.528707674843
77.63 0.723400074771
77.7 0.785668340878
77.77 0.713726280369
77.84 0.692348744805
77.91 0.578187946496
77.98 0.638265318585
78.05 0.547754199369
78.12 0.764928975755
78.19 0.685502578982
78.26 0.645706270595
78.33 0.715723996757
78.4 0.720394132558
78.47 0.656938488641
78.54 0.631390752009
78.61 0.660883122364
78.68 0.533030019569
78.75 0.543531960733
78.82 0.60347603488
78.89 0.602825472041
78.96 0.578918748479
79.03 0.711179791179
79.1 0.862425917899
79.17 0.748556770063
79.24 0.761721264164
79.31 0.712040423624
79.38 0.60212098489
79.45 0.524636281597
79.52 0.718633472376
79.59 0.598381747368
79.66 0.589622216389
79.73 0.531954984526
79.8 0.552761863226
79.87 0.538119103143
79.94 0.538168645572
80.01 0.690090527332
80.08 0.715260056832
80.15 0.483356327652
80.22 0.646915590409
80.29 0.798441790018
80.36 0.740470249111
80.43 0.795490894748
80.5 0.657698868328
80.57 0.596807778906
80.64 0.521280947654
80.71 0.586963040399
80.78 0.532994520891
80.85 0.598986912459
80.92 0.805829701335
80.99 0.733490767238
81.06 0.480613428742
81.13 0.685502464908
81.2 0.660692867196
81.27 0.524956396198
81.34 0.593943844079
81.41 0.734774426952
81.48 0.585157795471
81.55 0.593883942663
81.62 0.499605118176
81.69 0.490897628386
81.76 0.43758056439
81.83 0.630965943016
81.9 0.617190590998
81.97 0.587258180082
82.04 0.57716906473
82.11 0.807291140528
82.18 0.697509542771
82.25 0.655134989222
82.32 0.68513398483
82.39 0.797981858972
82.46 0.758167161164
82.53 0.737068928944
82.6 0.709512312989
82.67 0.680228996439
82.74 0.611151417587
82.81 0.856370920823
82.88 0.99078875491
82.95 0.972690382777
83.02 0.95625645592
83.09 0.893949650979
83.16 0.858420506383
83.23 0.637949797717
83.3 0.836056571113
83.37 0.805457864228
83.44 0.808506020987
83.51 0.730441426285
83.58 0.709598129074
83.65 0.682074277647
83.72 0.746760475401
83.79 0.708327187683
83.86 0.543221605779
83.93 0.5715254938
84.0 0.732656992835
84.07 0.702416816259
84.14 0.703406974968
84.21 0.694256518534
84.28 0.678053031602
84.35 0.642848448675
84.42 0.609430136402
84.49 0.609095735416
84.56 0.646865899503
84.63 0.649353334682
84.7 0.635263247639
84.77 0.628518705268
84.84 0.596593454167
84.91 0.555838288557
84.98 0.576793149938
85.05 0.442122897708
85.12 0.646484740937
85.19 0.778382610707
85.26 0.651104347481
85.33 0.651602926004
85.4 0.478840042994
85.47 0.489344479297
85.54 0.497663929879
85.61 0.682721534157
85.68 0.523958567385
85.75 0.527511091458
85.82 0.701361925199
85.89 0.580048538942
85.96 0.562513244103
86.03 0.604777602368
86.1 0.745695810209
86.17 0.713354640628
86.24 0.689503623101
86.31 0.65248323165
86.38 0.618068687597
86.45 0.585078387436
86.52 0.770111992761
86.59 0.67973626284
86.66 0.655648658078
86.73 0.552750269345
86.8 0.702761762733
86.87 0.659238265188
86.94 0.599788637559
87.01 0.795354799281
87.08 0.956472723535
87.15 0.900601556376
87.22 0.869293576673
87.29 0.862670225938
87.36 0.826300103994
87.43 0.794576638567
87.5 0.830755040491
87.57 0.623711108736
87.64 0.548154324966
87.71 0.758602365358
87.78 0.710742522793
87.85 0.668249658426
87.92 0.710715050927
87.99 0.706889904975
88.06 0.594690199933
88.13 0.596418053941
88.2 0.603098767498
88.27 0.609356685554
88.34 0.61007668493
88.41 0.674445054991
88.48 0.706497724708
88.55 0.630031508449
88.62 0.645120664632
88.69 0.589229563531
88.76 0.383912723481
88.83 0.702310713146
88.9 0.708166359932
88.97 0.649246840459
89.04 0.454819993457
89.11 0.584109982418
89.18 0.334717996638
89.25 0.450332553171
89.32 0.741265605996
89.39 0.567465547768
89.46 0.521593403015
89.53 0.722000168431
89.6 0.653631806265
89.67 0.633056486499
89.74 0.587708239219
89.81 0.812326109668
89.88 0.777584188315
89.95 0.724301831723
90.02 0.69777734639
90.09 0.677231928443
90.16 0.626672996736
90.23 0.814708593336
90.3 0.936816961665
90.37 0.918088630593
90.44 0.888550739362
90.51 0.825800056997
90.58 0.791098988548
90.65 0.679244070639
90.72 0.717564541186
90.79 0.866402760267
90.86 0.828229796187
90.93 0.753838055303
91.0 0.706519999879
91.07 0.654586087861
91.14 0.66138189101
91.21 0.720581602878
91.28 0.574487733075
91.35 0.423115241564
91.42 0.75539367237
91.49 0.702351336091
91.56 0.703644869525
91.63 0.661069562398
91.7 0.686540737408
91.77 0.64871164606
91.84 0.602501439095
91.91 0.568542864287
91.98 0.564467357141
92.05 0.455472861311
92.12 0.708395363976
92.19 0.589454106022
92.26 0.39446315144
92.33 0.40542033395
92.4 0.515673116224
92.47 0.531574872542
92.54 0.523948465516
92.61 0.825684987322
92.68 0.781723172999
92.75 0.710221446384
92.82 0.678382167087
92.89 0.630999151164
92.96 0.619613838846
93.03 0.601819656251
93.1 0.726078319191
93.17 0.540842625806
93.24 0.548625543885
93.31 0.690290036963
93.38 0.633820954736
93.45 0.574540140024
93.52 0.601596479024
93.59 0.730577309901
93.66 0.669584008549
93.73 0.648516806211
93.8 0.622730841854
93.87 0.585475988924
93.94 0.567954395615
94.01 0.721052995624
94.08 0.695101178837
94.15 0.681491749866
94.22 0.606152311074
94.29 0.782813640596
94.36 0.733850326022
94.43 0.689153032691
94.5 0.825636603738
94.57 0.960086210092
94.64 0.91843306464
94.71 0.879186153745
94.78 0.828587513494
94.85 0.798217850488
94.92 0.751513825318
94.99 0.837979223324
95.06 0.685936236842
95.13 0.685982771707
95.2 0.719700082254
95.27 0.818227795188
95.34 0.811543418595
95.41 0.671841365942
95.48 0.799975533888
95.55 0.720027828935
95.62 0.623529711488
95.69 0.593736305826
95.76 0.509727141101
95.83 0.379383744039
95.9 0.599567236623
95.97 0.79756236799
96.04 0.690898193323
96.11 0.62563830217
96.18 0.759995465295
96.25 0.794260223216
96.32 0.750039276693
96.39 0.763687345897
96.46 0.986725399339
96.53 0.827244868576
96.6 0.870996917491
96.67 0.831801003013
96.74 0.81052448794
96.81 0.764233882491
96.88 0.819357446227
96.95 0.694483994351
97.02 0.667027457326
97.09 0.663234322653
97.16 0.731023667976
97.23 0.664467670392
97.3 0.492007952066
97.37 0.749164004779
97.44 0.670163617489
97.51 0.649667524689
97.58 0.565527452139
97.65 0.554475445335
97.72 0.470920321466
97.79 0.513377258021
97.86 0.825720802872
97.93 0.760119311409
98.0 0.666527844897
98.07 0.480414587257
98.14 0.662583691007
98.21 0.571853426982
98.28 0.477065139884
98.35 0.736309556003
98.42 0.565684861298
98.49 0.393998304356
98.56 0.292088663801
98.63 0.283805211648
98.7 0.280822714316
98.77 0.665203656395
98.84 0.547871405664
98.91 0.540779492299
98.98 0.568131076002
99.05 0.74508622159
99.12 0.57809220237
99.19 0.408738039838
99.26 0.631256416538
99.33 0.816857270997
99.4 0.743578687532
99.47 0.714275201649
99.54 0.69622419549
99.61 0.679174652209
99.68 0.665913711433
99.75 0.831965278328
99.82 0.766802165207
99.89 0.731231476023
99.96 0.72687673434
100.03 0.689621626102
100.1 0.627051200247
100.17 0.588063274886
100.24 0.772632876911
100.31 0.736833390102
100.38 0.656434526921
100.45 0.627433276835
100.52 0.607887183337
100.59 0.580647493349
100.66 0.750220550814
100.73 0.548547816176
100.8 0.508977341305
100.87 0.536040410659
100.94 0.704147384499
101.01 0.608561026283
101.08 0.496137895949
101.15 0.630307141514
101.22 0.72145554212
101.29 0.649008049608
101.36 0.600537548303
101.43 0.557782813965
101.5 0.541603727961
101.57 0.591005113059
101.64 0.744637395537
101.71 0.695993311944
101.78 0.682787278686
101.85 0.657974137443
101.92 0.621501129991
101.99 0.377886148887
102.06 0.599478179395
102.13 0.803855944066
102.2 0.901036316949
102.27 0.88286874186
102.34 0.811062534185
102.41 0.782577125789
102.48 0.759837572681
102.55 0.877975984714
102.62 0.739126686171
102.69 0.692090534249
102.76 0.71380195294
102.83 0.886987537293
102.9 0.789680162254
102.97 0.755457349085
103.04 0.671429650086
103.11 0.707205094485
103.18 0.65561878342
103.25 0.602770135387
103.32 0.564325418562
103.39 0.563099081835
103.46 0.565898733363
103.53 0.740182891796
103.6 0.545239453475
103.67 0.533759277029
103.74 0.497409369685
103.81 0.650675750514
103.88 0.598517525963
103.95 0.648696526755
104.02 0.814269919851
104.09 0.904909591178
104.16 0.873129268114
104.23 0.824154225667
104.3 0.789906658485
104.37 0.737621451696
104.44 0.755342216036
104.51 0.680288347404
104.58 0.63915497104
104.65 0.573720291676
104.72 0.663368373845
104.79 0.644624664539
104.86 0.480127818417
104.93 0.632976958959
105.0 0.650899027329
105.07 0.56887772881
105.14 0.554064229231
105.21 0.595956476973
105.28 0.518709485357
105.35 0.651076136851
105.42 0.711414507967
105.49 0.759544506243
105.56 0.729281942233
105.63 0.548700935798
105.7 0.595190605447
105.77 0.577572777314
105.84 0.705961291793
105.91 0.612877768718
105.98 0.413197032292
106.05 0.327822681307
106.12 0.324432973128
106.19 0.243163348474
106.26 0.62861115574
106.33 0.520972274835
106.4 0.473587573156
106.47 0.515726837737
106.54 0.688408398808
106.61 0.517230743162
106.68 0.484327807231
106.75 0.714894258393
106.82 0.636869917254
106.89 0.556769190458
106.96 0.520145339427
107.03 0.503762754831
107.1 0.485360261967
107.17 0.51974378157
107.24 0.660426412545
107.31 0.652455839455
107.38 0.608426348591
107.45 0.600974938006
107.52 0.616837547096
107.59 0.508074834726
107.66 0.556910533319
107.73 0.804221204728
107.8 0.529827120805
107.87 0.571563741113
107.94 0.635508084401
108.01 0.619271910801
108.08 0.512919135859
108.15 0.710927181103
108.22 0.69776148289
108.29 0.797880718974
108.36 0.559085344742
108.43 0.58472835653
108.5 0.553790703815
108.57 0.500986649582
108.64 0.67226394778
108.71 0.602249707206
108.78 0.543526047003
108.85 0.557318892146
108.92 0.810305431855
108.99 0.769997640121
109.06 0.681584915562
109.13 0.759956004816
109.2 0.609292729992
109.27 0.555021420614
109.34 0.527071778797
109.41 0.603801451196
109.48 0.539707138895
109.55 0.488211467607
109.62 0.789992259097
109.69 0.671694409926
109.76 0.668417824925
109.83 0.63172847743
109.9 0.697888693275
109.97 0.656975687561
110.04 0.6896363887
110.11 0.768105298947
110.18 0.851923458875
110.25 0.704433439925
110.32 0.707806504194
110.39 0.7406818397
110.46 0.68480506844
110.53 0.738701062366
110.6 0.691692769798
110.67 0.563642360988
110.74 0.566568056814
110.81 0.702151207202
110.88 0.724779049475
110.95 0.629917695397
111.02 0.761857031895
111.09 0.730873686289
111.16 0.611922239553
111.23 0.483210776736
111.3 0.663210358103
111.37 0.561389349263
111.44 0.505613817588
111.51 0.776978863883
111.58 0.76835138871
111.65 0.659627262253
111.72 0.721091530838
111.79 0.719901306614
111.86 0.751500027821
111.93 0.774777603635
112.0 0.84247205767
112.07 0.854428122819
112.14 0.82960483444
112.21 0.693258103055
112.28 0.748181157657
112.35 0.706496598455
112.42 0.691763696537
112.49 0.724857186402
112.56 0.600051854687
112.63 0.582599192731
112.7 0.723269663076
112.77 0.791835794795
112.84 0.691622105611
112.91 0.758649271415
112.98 0.693369554961
113.05 0.641669068705
113.12 0.620417818261
113.19 0.643047925714
113.26 0.577475014263
113.33 0.548071972741
113.4 0.793649437728
113.47 0.707194510972
113.54 0.693586242657
113.61 0.678161504915
113.68 0.670395748604
113.75 0.598935698758
113.82 0.660966448743
113.89 0.82279800959
113.96 0.895096007491
114.03 0.837383971788
114.1 0.564518387962
114.17 0.545191967995
114.24 0.477528496765
114.31 0.631401724821
114.38 0.597602051184
114.45 0.471588920639
114.52 0.41325490573
114.59 0.786969444828
114.66 0.791339818241
114.73 0.623668914107
114.8 0.698024093435
114.87 0.666172722316
114.94 0.564654758654
115.01 0.597572236279
115.08 0.711417731004
115.15 0.582994880314
115.22 0.59351646571
115.29 0.837425349793
115.36 0.894944705807
115.43 0.917633921591
115.5 0.886518976474
115.57 0.863681274637
115.64 0.864447750935
115.71 0.794032923036
115.78 0.799496317128
115.85 0.630737565472
115.92 0.621939855987
115.99 0.633722458354
116.06 0.81190029936
116.13 0.807459899124
116.2 0.692235337349
116.27 0.747827306184
116.34 0.623686772993
116.41 0.581809983155
116.48 0.540278635922
116.55 0.411324022099
116.62 0.373202058058
116.69 0.664720818244
116.76 0.722022478005
116.83 0.669577694655
116.9 0.602695402567
116.97 0.669133312048
117.04 0.657739706746
117.11 0.626562359643
117.18 0.809137805107
117.25 0.861568905034
117.32 0.896427132767
117.39 0.810559284069
117.46 0.823440330145
117.53 0.778700715436
117.6 0.749133691932
117.67 0.784646257803
117.74 0.645379059879
117.81 0.625063006305
117.88 0.618348344026
117.95 0.772578606757
118.02 0.696186907845
118.09 0.67297952906
118.16 0.815916929943
118.23 0.699052640692
118.3 0.648314540702
118.37 0.574478608982
118.44 0.539417891214
118.51 0.426431899059
118.58 0.709190655676
118.65 0.73921767179
118.72 0.681767292396
118.79 0.555817896509
118.86 0.80145247263
118.93 0.684768865402
119.0 0.569822002694
119.07 0.766339592357
119.14 0.867534484553
119.21 0.904590347521
119.28 0.880882412934
119.35 0.85673085261
119.42 0.811645578014
119.49 0.798350040285
119.56 0.789111582258
119.63 0.565235555411
119.7 0.485489159921
119.77 0.447445888689
119.84 0.595064818268
119.91 0.610899289155
119.98 0.506601953751
120.05 0.765386775614
120.12 0.623025967052
120.19 0.61597745786
120.26 0.548612097663
120.33 0.456342719247
120.4 0.403528977794
120.47 0.540094879338
120.54 0.859752221945
120.61 0.677960025248
120.68 0.598030979509
120.75 0.629776606033
120.82 0.675098904242
120.89 0.693245687119
120.96 0.760005205024
121.03 0.795368647477
121.1 0.88667135009
121.17 0.824694109767
121.24 0.829839404561
121.31 0.79549379367
121.38 0.748884431642
121.45 0.804309376527
121.52 0.680562300143
121.59 0.571530188932
121.66 0.588783058789
121.73 0.728349901405
121.8 0.705125143568
121.87 0.579340042912
121.94 0.795366677441
122.01 0.716767538379
122.08 0.700368664769
122.15 0.612680058918
122.22 0.571383089871
122.29 0.454603771109
122.36 0.324438374431
122.43 0.772892244501
122.5 0.755412612241
122.57 0.656037026832
122.64 0.721083862544
122.71 0.667390126884
122.78 0.606181544747
122.85 0.575343246684
122.92 0.80370419514
122.99 0.684590504689
123.06 0.631576359123
123.13 0.605752395518
123.2 0.570330983661
123.27 0.519081601311
123.34 0.770858201948
123.41 0.678908597722
123.48 0.493888645039
123.55 0.42310408225
123.62 0.515765322251
123.69 0.524988315132
123.76 0.427908263812
123.83 0.682607337237
123.9 0.775620971102
123.97 0.83058686856
124.04 0.846357832938
124.11 0.788375670494
124.18 0.772771802494
124.25 0.724200034443
124.32 0.796181546377
124.39 0.735237264164
124.46 0.690211070738
124.53 0.683735626634
124.6 0.623580896218
124.67 0.36050314075
124.74 0.318112117119
124.81 0.783412629407
124.88 0.577099796588
124.95 0.437119264458
125.02 0.359728099864
125.09 0.347109416268
125.16 0.333082603966
125.23 0.392106522687
125.3 0.806544270436
125.37 0.630712925533
125.44 0.619629358314
125.51 0.57948145458
125.58 0.549928779023
125.65 0.43132654657
125.72 0.608698568495
125.79 0.784135996675
125.86 0.822909504953
125.93 0.784006694937
126.0 0.553672005507
126.07 0.620821739075
126.14 0.592205815775
126.21 0.687526175635
126.28 0.61490904634
126.35 0.56237872032
126.42 0.56947726264
126.49 0.771275342647
126.56 0.648610524169
126.63 0.573945172767
126.7 0.805293382494
126.77 0.691264726904
126.84 0.618219013316
126.91 0.594081446044
126.98 0.564177464853
127.05 0.536552734169
127.12 0.532637969672
127.19 0.872408511868
127.26 0.623474110473
127.33 0.559866346437
127.4 0.60796226381
127.47 0.560548639897
127.54 0.485169081533
127.61 0.547427178776
127.68 0.760082695533
127.75 0.733628896116
127.82 0.661574874896
127.89 0.588929668962
127.96 0.550361455487
128.03 0.526041944137
128.1 0.64546387646
128.17 0.650482743089
128.24 0.493431978676
128.31 0.470599330488
128.38 0.579286473497
128.45 0.588999398831
128.52 0.415130936163
128.59 0.649119764065
128.66 0.70429482216
128.73 0.621758111086
128.8 0.648915093953
128.87 0.605734873421
128.94 0.558791139378
129.01 0.492246951147
129.08 0.740256847827
129.15 0.506654092717
129.22 0.441824118528
129.29 0.431936772554
129.36 0.447196248153
129.43 0.421870806939
129.5 0.262305046757
129.57 0.695242203016
129.64 0.595179491401
129.71 0.568567848258
129.78 0.556561996236
129.85 0.552166597205
129.92 0.482809037809
129.99 0.450138491922
130.06 0.776846961986
130.13 0.493971035288
130.2 0.300227541002
130.27 0.321599445304
130.34 0.516374456386
130.41 0.32137403368
130.48 0.435944581431
130.55 0.693864379913
130.62 0.474670146123
130.69 0.393546644566
130.76 0.375105909821
130.83 0.338327525016
130.9 0.270854723603
130.97 0.612540372843
131.04 0.634428155049
131.11 0.565283250931
131.18 0.618309003053
131.25 0.612908691769
131.32 0.577964269517
131.39 0.32038051251
131.46 0.635599615039
131.53 0.684264896439
131.6 0.671181532344
131.67 0.639488544538
131.74 0.621318392829
131.81 0.580628825082
131.88 0.541803898495
131.95 0.761298006937
132.02 0.467177576627
132.09 0.396192568078
132.16 0.340629983203
132.23 0.441751415497
132.3 0.433771870413
132.37 0.355735212927
132.44 0.813914697682
132.51 0.659091028514
132.58 0.637544900939
132.65 0.636496405254
132.72 0.529453145267
132.79 0.32767624496
132.86 0.355111442943
132.93 0.722296430745
133.0 0.503597762481
133.07 0.494586432617
133.14 0.459011042868
133.21 0.396356531953
133.28 0.274654231923
133.35 0.561713023691
133.42 0.621238253274
133.49 0.545724625611
133.56 0.491539795032
133.63 0.497550006375
133.7 0.513735648906
133.77 0.44172347104
133.84 0.700236878757
133.91 0.568343763873
133.98 0.316380994806
134.05 0.287379989164
134.12 0.401575000558
134.19 0.375539055254
134.26 0.275338383157
134.33 0.725891488047
134.4 0.634751740752
134.47 0.60695655123
134.54 0.649193526352
134.61 0.626923676611
134.68 0.396999625675
134.75 0.387074289507
134.82 0.862300295493
134.89 0.659076437933
134.96 0.622299670079
135.03 0.737882606443
135.1 0.598161215566
135.17 0.472142973428
135.24 0.682332319809
135.31 0.699316439053
135.38 0.680860452823
135.45 0.664529811638
135.52 0.620586497187
135.59 0.591133625334
135.66 0.627224262866
135.73 0.733107166045
135.8 0.61144496748
135.87 0.464668697385
135.94 0.378486673166
136.01 0.413030768834
136.08 0.398764794488
136.15 0.327287834561
136.22 0.742245961602
136.29 0.653883165151
136.36 0.677003862339
136.43 0.624196045482
136.5 0.590233637432
136.57 0.417458769431
136.64 0.402033678603
136.71 0.665453106808
136.78 0.610217437505
136.85 0.557911565252
136.92 0.645507025325
136.99 0.586560423285
137.06 0.531478009407
137.13 0.531655068229
137.2 0.711200147014
137.27 0.582232230015
137.34 0.624496110256
137.41 0.60862976027
137.48 0.604993227185
137.55 0.576224535538
137.62 0.679254844275
137.69 0.656532250137
137.76 0.479382353425
137.83 0.458602598938
137.9 0.501034777858
137.97 0.505578404013
138.04 0.451469557444
138.11 0.732940813863
138.18 0.667767421427
138.25 0.58874573312
138.32 0.541420353434
138.39 0.564519385655
138.46 0.529235430907
138.53 0.421267952295
138.6 0.783168178322
138.67 0.684533333802
138.74 0.635845250318
138.81 0.589538440958
138.88 0.516412207569
138.95 0.439265631672
139.02 0.475914428649
139.09 0.7378738463
139.16 0.607169130458
139.23 0.566914663695
139.3 0.525978064624
139.37 0.49224013388
139.44 0.435320806015
139.51 0.599099704279
139.58 0.649998858357
139.65 0.4282359779
139.72 0.340074662927
139.79 0.426869096828
139.86 0.557291740773
139.93 0.485147259036
140.0 0.625360916352
140.07 0.701702314153
140.14 0.585285663139
140.21 0.519966008183
140.28 0.526426394546
140.35 0.584834128286
140.42 0.48832533498
140.49 0.632977826282
140.56 0.662385709603
140.63 0.567289769107
140.7 0.526383039262
140.77 0.759657423002
140.84 0.598084443904
140.91 0.419331374028
140.98 0.687592472426
141.05 0.66156048168
141.12 0.656579603436
141.19 0.606354198148
141.26 0.61063329261
141.33 0.581417435317
141.4 0.677161229852
141.47 0.692018012288
141.54 0.452742515949
141.61 0.516104670056
141.68 0.494643293876
141.75 0.614376948229
141.82 0.548212185728
141.89 0.662272445191
141.96 0.665134540351
142.03 0.633831923927
142.1 0.582212375743
142.17 0.561900017797
142.24 0.539376676172
142.31 0.513950726894
142.38 0.726979670547
142.45 0.74777569413
142.52 0.615420019071
142.59 0.520571488335
142.66 0.58563320796
142.73 0.622334335837
142.8 0.510528574679
142.87 0.755910500889
142.94 0.64833245753
143.01 0.610537782064
143.08 0.581261250188
143.15 0.535554273422
143.22 0.447593194169
143.29 0.442667098505
143.36 0.766893509344
143.43 0.514185534215
143.5 0.369679012101
143.57 0.306174825258
143.64 0.373250251519
143.71 0.383870778729
143.78 0.345753039039
143.85 0.754689867852
143.92 0.536291534155
143.99 0.513381286817
144.06 0.576509873929
144.13 0.664323906631
144.2 0.638559255967
144.27 0.641374564575
144.34 0.754125999284
144.41 0.631426822866
144.48 0.503088808675
144.55 0.567946167817
144.62 0.589919219278
144.69 0.508153753872
144.76 0.768041692849
144.83 0.749419423243
144.9 0.711298998293
144.97 0.746591769315
145.04 0.660578355215
145.11 0.626837092792
145.18 0.59098977285
145.25 0.74002028051
145.32 0.524185539829
145.39 0.540389120916
145.46 0.543391063303
145.53 0.634981479939
145.6 0.580378096318
145.67 0.589689396799
145.74 0.728914057873
145.81 0.691842128607
145.88 0.607504739178
145.95 0.587573639386
146.02 0.517280980898
146.09 0.467617331097
146.16 0.476741733439
146.23 0.686901433308
146.3 0.531703468109
146.37 0.579375298957
146.44 0.589070839807
146.51 0.540943870823
146.58 0.483659447069
146.65 0.661973260415
146.72 0.754421182424
146.79 0.64026985405
146.86 0.639243112057
146.93 0.583107748184
147.0 0.351035809049
147.07 0.160008350202
147.14 0.570705933353
147.21 0.48381211945
147.28 0.301542589115
147.35 0.159720647043
147.42 0.173137917805
147.49 0.104392014842
147.56 0.0850073520559
147.63 0.734322591523
147.7 0.407962960928
147.77 0.226955124764
147.84 0.325665797575
147.91 0.54634361717
147.98 0.451012282687
148.05 0.359662596158
148.12 0.635086880502
148.19 0.482931696108
148.26 0.439041103666
148.33 0.528988794314
148.4 0.561286126966
148.47 0.394070726729
148.54 0.640582642579
148.61 0.500696159764
148.68 0.46133984848
148.75 0.449626246272
148.82 0.429185908396
148.89 0.344314604728
148.96 0.366600406693
149.03 0.704196258782
149.1 0.471624788699
149.17 0.408718859145
149.24 0.420235671386
149.31 0.395030672179
149.38 0.396307520058
149.45 0.538816966771
149.52 0.634789589713
149.59 0.407980285659
149.66 0.404144277346
149.73 0.417189379643
149.8 0.409140466829
149.87 0.41069289164
149.94 0.679989349129
150.01 0.513676265349
150.08 0.412887832562
150.15 0.399415462348
150.22 0.410516756272
150.29 0.406456422752
150.36 0.396564950204
150.43 0.715249658009
150.5 0.40947576954
150.57 0.286710884807
150.64 0.319202850889
150.71 0.348868859664
150.78 0.249456010149
150.85 0.540231856613
150.92 0.579938312876
150.99 0.317364412298
151.06 0.236685490713
151.13 0.264948949533
151.2 0.268797891641
151.27 0.268572398535
151.34 0.696151075999
151.41 0.463962949991
151.48 0.326171282089
151.55 0.21872155364
151.62 0.207104515803
151.69 0.182907210078
151.76 0.207907656867
151.83 0.717670106523
151.9 0.366927012636
151.97 0.233259387562
152.04 0.189577224237
152.11 0.18269161242
152.18 0.127132502269
152.25 0.403082272065
152.32 0.624214990785
152.39 0.298711520216
152.46 0.209906121071
152.53 0.158204017864
152.6 0.113667813024
152.67 0.0750205083856
152.74 0.498387221099
152.81 0.489794161808
152.88 0.270126373301
152.95 0.148826884129
153.02 0.1509996042
153.09 0.0899648198234
153.16 0.0755461694754
153.23 0.68724025239
153.3 0.466096046621
153.37 0.274756143277
153.44 0.207885024988
153.51 0.293523880507
153.58 0.26066995647
153.65 0.218890011661
153.72 0.678756376204
153.79 0.443884314761
153.86 0.262972896302
153.93 0.202658422741
154.0 0.387084635819
154.07 0.278808471714
154.14 0.552060653434
154.21 0.56803007905
154.28 0.360856200949
154.35 0.299911552975
154.42 0.277310644792
154.49 0.224018836372
154.56 0.183578534347
154.63 0.616687353557
154.7 0.398726941907
154.77 0.253896185859
154.84 0.191227048149
154.91 0.18653081842
154.98 0.160394410319
155.05 0.164566534345
155.12 0.684653051531
155.19 0.328881583056
155.26 0.222580691772
155.33 0.141783236653
155.4 0.1379453253
155.47 0.146703521797
155.54 0.613883090188
155.61 0.652109410021
155.68 0.453080987377
155.75 0.315045809953
155.82 0.416633525212
155.89 0.482398593061
155.96 0.460390254774
156.03 0.741038946803
156.1 0.642335580146
156.17 0.675220023449
156.24 0.673794676842
156.31 0.714505864289
156.38 0.652796664787
156.45 0.526110962403
156.52 0.804990980113
156.59 0.878276864301
156.66 0.822093158489
156.73 0.715582246489
156.8 0.730766574619
156.87 0.677434059961
156.94 0.728055198099
157.01 0.838980807519
157.08 0.634350903552
157.15 0.629765689352
157.22 0.87340615599
157.29 0.85905319404
157.36 0.842451059038
157.43 0.672862313711
157.5 0.689407209018
157.57 0.541786356481
157.64 0.500279116842
157.71 0.768717422539
157.78 0.660413051425
157.85 0.637658563703
157.92 0.838501996355
157.99 0.687940408358
158.06 0.724480087415
158.13 0.66604288099
158.2 0.712976558433
158.27 0.681437173705
158.34 0.707064012364
158.41 0.892513547032
158.48 1.0
158.55 0.995420172618
158.62 0.727176828085
158.69 0.778862864995
158.76 0.726824575457
158.83 0.824015216792
158.9 0.688058608725
158.97 0.597229042557
159.04 0.572626202689
159.11 0.856199397296
159.18 0.846325164376
159.25 0.710847400065
159.32 0.751980608035
159.39 0.652091131054
159.46 0.599083904153
159.53 0.505301023628
159.6 0.685566773556
159.67 0.54955353962
159.74 0.440942034778
159.81 0.782840132877
159.88 0.644054605205
159.95 0.656229029321
160.02 0.715507913833
160.09 0.671074197958
160.16 0.587732316032
160.23 0.678604543986
160.3 0.780872575427
160.37 0.756904621399
160.44 0.715052243353
160.51 0.672296569263
160.58 0.599424483231
160.65 0.54067324252
160.72 0.641070351499
160.79 0.733511499698
160.86 0.522271499284
160.93 0.487767166481
161.0 0.772404294759
161.07 0.807023166703
161.14 0.737172687207
161.21 0.76253149591
161.28 0.650915816094
161.35 0.587719534335
161.42 0.454945883845
161.49 0.584055654322
161.56 0.558708673079
161.63 0.493658217788
161.7 0.857177163607
161.77 0.696921706032
161.84 0.687890643213
161.91 0.698540347964
161.98 0.708237661484
162.05 0.725524920063
162.12 0.75556001731
162.19 0.88472535983
162.26 0.869538083889
162.33 0.684875732628
162.4 0.741265399577
162.47 0.687951966025
162.54 0.674604251306
162.61 0.787434404174
162.68 0.717662528764
162.75 0.667764077073
162.82 0.59131454637
162.89 0.728194981952
162.96 0.709584778819
163.03 0.633165946641
163.1 0.71316381328
163.17 0.636683285287
163.24 0.518279503208
163.31 0.457781090183
163.38 0.608135581736
163.45 0.547196939838
163.52 0.472467082423
163.59 0.819550113242
163.66 0.74609396577
163.73 0.654177958991
163.8 0.677553524193
163.87 0.692440031
163.94 0.640383527679
164.01 0.682797722776
164.08 0.793434625912
164.15 0.964828722999
164.22 0.886385490219
164.29 0.673056552409
164.36 0.609383022115
164.43 0.569838970718
164.5 0.740760298931
164.57 0.710863020932
164.64 0.559021403666
164.71 0.564736833843
164.78 0.700269000489
164.85 0.696221173439
164.92 0.626737944559
164.99 0.718921863599
165.06 0.66265890004
165.13 0.556047633884
165.2 0.403804370037
165.27 0.639189662148
165.34 0.591909902925
165.41 0.565374122476
165.48 0.758259977396
165.55 0.611901976064
165.62 0.618642844534
165.69 0.625718876292
165.76 0.688954109725
165.83 0.649120184146
165.9 0.71912220796
165.97 0.838078965464
166.04 0.828337637567
166.11 0.765644531685
166.18 0.610649543599
166.25 0.636122480415
166.32 0.554301991607
166.39 0.713158169343
166.46 0.64675406554
166.53 0.490470217424
166.6 0.597178067868
166.67 0.699201012671
166.74 0.711192384564
166.81 0.654064267255
166.88 0.651924958131
166.95 0.618666455998
167.02 0.477725444263
167.09 0.632574184315
167.16 0.603900378524
167.23 0.579338156168
167.3 0.5450484523
167.37 0.84019657884
167.44 0.610794828343
167.51 0.581239081848
167.58 0.607649745075
167.65 0.670388554712
167.72 0.610835791699
167.79 0.600684147612
167.86 0.824989086488
167.93 0.789923027169
168.0 0.604727138295
168.07 0.525604295505
168.14 0.511637527663
168.21 0.489285441582
168.28 0.681438928268
168.35 0.753140276778
168.42 0.373599295596
168.49 0.316701161918
168.56 0.68332555851
168.63 0.696834709374
168.7 0.490966505418
168.77 0.727449375726
168.84 0.560154710499
168.91 0.440814934845
168.98 0.426712154829
169.05 0.600150434361
169.12 0.405192628175
169.19 0.304858028013
169.26 0.831561524098
169.33 0.722957147963
169.4 0.739365437187
169.47 0.738537994784
169.54 0.790372740463
169.61 0.798878062521
169.68 0.844638572489
169.75 0.830765830423
169.82 0.848904153733
169.89 0.750629575977
169.96 0.763715808214
170.03 0.75559036456
170.1 0.68520960489
170.17 0.813472676221
170.24 0.777215175892
170.31 0.712235527834
170.38 0.669734205709
170.45 0.756933176061
170.52 0.768992651819
170.59 0.712707979837
170.66 0.80878727626
170.73 0.742353710637
170.8 0.684324225676
170.87 0.637499365578
170.94 0.668018244347
171.01 0.637567013147
171.08 0.599421216737
171.15 0.734256062963
171.22 0.71195624984
171.29 0.713217873393
171.36 0.674622830848
171.43 0.690550402247
171.5 0.683408778058
171.57 0.637282815495
171.64 0.843503851502
171.71 0.755985284408
171.78 0.692948874353
171.85 0.676071073695
171.92 0.720005046769
171.99 0.673979858443
172.06 0.647577614948
172.13 0.738132089449
172.2 0.641574249844
172.27 0.578837413865
172.34 0.668457279971
172.41 0.70939418324
172.48 0.650704750607
172.55 0.668609981323
172.62 0.738210845633
172.69 0.660294287932
172.76 0.569679242059
172.83 0.58221674495
172.9 0.576318146665
172.97 0.5186979802
173.04 0.790185731871
173.11 0.708516417998
173.18 0.69198329402
173.25 0.608951522604
173.32 0.716574427745
173.39 0.668779150947
173.46 0.538042744319
173.53 0.508524616826
173.6 0.471029160539
173.67 0.344644142187
173.74 0.295482398966
173.81 0.257467935894
173.88 0.235529014226
173.95 0.190348728835
174.02 0.143066691758
174.09 0.153411520718
174.16 0.114764983814
174.23 0.0769181259255
174.3 0.0657796095413
174.37 0.0613971768982
174.44 0.0481771723167
174.51 0.0302791083319
174.58 0.0272170110316
174.65 0.0230083037211
174.72 0.0188578826865
174.79 0.0141705923593
174.86 0.0113218963432
174.93 0.0093513240862
175.0 0.00857032420261
175.07 0.00817650344596
175.14 0.00623438264142
175.21 0.00492813993863
175.28 0.00385435608612
175.35 0.00311331643315
175.42 0.0030224937766
175.49 0.00271100894847
175.56 0.00222942742072
175.63 0.00177962178164
175.7 0.00145713516997
175.77 0.00136477885464
175.84 0.00126761333308
175.91 0.00114825231073
175.98 0.00117506146269
176.05 0.000847716756004
176.12 0.000586882502491
176.19 0.000430425769205
176.26 0.000313911159584
176.33 0.000246263589878
176.4 0.000197291529646
176.47 0.000116786213889
176.54 6.89748092292e-05
176.61 5.22711467416e-05
176.68 6.29596800386e-05
176.75 8.4329503852e-05
176.82 9.45309601615e-05
176.89 9.9582799548e-05
176.96 8.03695136232e-05
177.03 5.72288299819e-05
177.1 3.71771922163e-05
177.17 3.02784438068e-05
177.24 3.39704511577e-05
177.31 0.0
177.38 0.0
177.45 3.02023946117e-06
177.52 0.0
177.59 0.0
177.66 0.0
177.73 0.0
177.8 0.0
177.87 0.0
177.94 0.0
178.01 0.0
178.08 0.0
178.15 0.0
178.22 0.0
178.29 0.0
178.36 0.0
178.43 0.0
178.5 0.0
178.57 0.0
178.64 0.0
178.71 0.0
