-4.0 0.0
49.2962252337 0.0
50.994803426 1.0
83.2675995972 1.0
85.6314337347 0.0
143.141281769 0.0
143.579397608 1.0
152.322500932 0.982608695652
153.778154898 0.32501781896
158.816956957 0.309622238062
159.284324109 1.0
161.158661118 1.0
161.862146046 0.256450463293
165.353605853 0.291233071989
166.29155097 0.991304347826
168.587851447 0.983606557377
169.280788158 0.210976478974
181.49996221 0.0
207.559509488 0.225618227285
224.956780516 0.203389830508
228.039844461 0.0677966101695
230.91846731 0
235.190818561 0.423728813559
244.490575352 0.853848291192
250.037550075 1
250.950051267 0
260.799584569 0
264.289576684 1
305.084606022 1.0
312.880490115 1.0
314.81782277 0.0
317.802789116 0.0
