0.0 0.0
0.07 0.0
0.14 0.0864048104478
0.21 0.450815287702
0.28 0.302543314681
0.35 0.159417035224
0.42 0.214441517865
0.49 0.166944486345
0.56 0.227725367814
0.63 0.396150402159
0.7 0.209061231028
0.77 0.203177377685
0.84 0.406851222337
0.91 0.203813031772
0.98 0.408768450807
1.05 0.243797959112
1.12 0.12597739347
1.19 0.0771279715317
1.26 0.423126697164
1.33 0.192554480255
1.4 0.131591838825
1.47 0.244548797048
1.54 0.255709560596
1.61 0.197188441696
1.68 0.334780871634
1.75 0.18703267183
1.82 0.16222568197
1.89 0.334736607128
1.96 0.223253179152
2.03 0.3392845089
2.1 0.202010249648
2.17 0.122272246279
2.24 0.0743185772387
2.31 0.374639726201
2.38 0.279861991048
2.45 0.191304097642
2.52 0.110884697805
2.59 0.32127655288
2.66 0.163292950143
2.73 0.277949958097
2.8 0.196593760615
2.87 0.13425177118
2.94 0.236835579921
3.01 0.286237691205
3.08 0.270300697082
3.15 0.306986008977
3.22 0.168856837828
3.29 0.0717853059377
3.36 0.291242263499
3.43 0.368560195045
3.5 0.203562623804
3.57 0.175339679612
3.64 0.337154749104
3.71 0.177270279264
3.78 0.294806926483
3.85 0.239935950566
3.92 0.179778290382
3.99 0.191564186408
4.06 0.360007237914
4.13 0.247634657258
4.2 0.356024362157
4.27 0.23152128809
4.34 0.109120988972
4.41 0.193044781758
4.48 0.434720033263
4.55 0.259345521718
4.62 0.187105638675
4.69 0.335174594729
4.76 0.253227496943
4.83 0.214896436459
4.9 0.33739948232
4.97 0.22054193871
5.04 0.206898253482
5.11 0.38478116642
5.18 0.227869061735
5.25 0.385866625368
5.32 0.303824550444
5.39 0.166792316883
5.46 0.0801516763397
5.53 0.375590724358
5.6 0.266177235245
5.67 0.197399126396
5.74 0.125827311685
5.81 0.301125143046
5.88 0.229018212787
5.95 0.337969607721
6.02 0.231485817657
6.09 0.166618243306
6.16 0.176887336047
6.23 0.379166236092
6.3 0.222955556667
6.37 0.370949587332
6.44 0.218950415218
6.51 0.105682481981
6.58 0.244907299371
6.65 0.340236177124
6.72 0.228672438841
6.79 0.176572624737
6.86 0.322957522241
6.93 0.172503377952
7.0 0.25188024752
7.07 0.289920789363
7.14 0.142494119181
7.21 0.139038467407
7.28 0.402199659836
7.35 0.116875385721
7.42 0.355201726762
7.49 0.245266592284
7.56 0.150361084084
7.63 0.0548609105846
7.7 0.413388873193
7.77 0.288847504948
7.84 0.245833562494
7.91 0.198359888572
7.98 0.408117970622
8.05 0.26275493753
8.12 0.271659359142
8.19 0.416967132626
8.26 0.278141010017
8.33 0.25195752603
8.4 0.234784929477
8.47 0.399226967539
8.54 0.264448663964
8.61 0.200224919361
8.68 0.125601195389
8.75 0.400539603123
8.82 0.251444693392
8.89 0.176291706543
8.96 0.149597245153
9.03 0.255300536474
9.1 0.228751162225
9.17 0.271244985974
9.24 0.312462105153
9.31 0.206504830267
9.38 0.42988334469
9.45 0.455226283734
9.52 0.150767371984
9.59 0.28493367895
9.66 0.242599422646
9.73 0.175135001111
9.8 0.0860610466995
9.87 0.392433495102
9.94 0.38488507394
10.01 0.38032614263
10.08 0.443828075907
10.15 0.725725212625
10.22 0.349348181333
10.29 0.337226426037
10.36 0.381938651946
10.43 0.289913026932
10.5 0.324916058032
10.57 0.464980143366
10.64 0.227473827764
10.71 0.530788286095
10.78 0.458247220755
10.85 0.140305967542
10.92 0.108452932118
10.99 0.404339218086
11.06 0.207331389922
11.13 0.16679474892
11.2 0.199574483655
11.27 0.365155023461
11.34 0.155399086482
11.41 0.34014487602
11.48 0.236215051811
11.55 0.230715557862
11.62 0.258332831609
11.69 0.296318103799
11.76 0.356755871498
11.83 0.216404514543
11.9 0.157436151955
11.97 0.113840318494
12.04 0.30565048642
12.11 0.339408795311
12.18 0.185048997816
12.25 0.165111535485
12.32 0.359173941732
12.39 0.201253441384
12.46 0.338606821468
12.53 0.28587085252
12.6 0.144418939337
12.67 0.146032128762
12.74 0.433757676992
12.81 0.260309457738
12.88 0.452163954737
12.95 0.285668538619
13.02 0.154783825634
13.09 0.0833651632436
13.16 0.429542205246
13.23 0.146770717555
13.3 0.129232028429
13.37 0.299488099571
13.44 0.249013675251
13.51 0.223910423126
13.58 0.467252182341
13.65 0.207463075751
13.72 0.176727817386
13.79 0.369015855447
13.86 0.203328812514
13.93 0.573111683605
14.0 0.419127650873
14.07 0.16924247996
14.14 0.0743425015944
14.21 0.484471903016
14.28 0.30241383562
14.35 0.280777270547
14.42 0.388280171583
14.49 0.580869832435
14.56 0.255226913911
14.63 0.398902691652
14.7 0.336461845299
14.77 0.266945085961
14.84 0.394158850929
14.91 0.333006424533
14.98 0.434211152147
15.05 0.351060054063
15.12 0.252573103976
15.19 0.148615159968
15.26 0.393889331025
15.33 0.232970464967
15.4 0.198240067352
15.47 0.335520618334
15.54 0.370254175445
15.61 0.122398859984
15.68 0.294926374647
15.75 0.205030958531
15.82 0.276178644664
15.89 0.300776985848
15.96 0.403588563808
16.03 0.212508209254
16.1 0.460265365124
16.17 0.318063113325
16.24 0.171885897422
16.31 0.295678394883
16.38 0.419056005506
16.45 0.175739070285
16.52 0.191553871415
16.59 0.420297618439
16.66 0.278218905504
16.73 0.287018491261
16.8 0.352389434112
16.87 0.229608503288
16.94 0.165584633376
17.01 0.349395958303
17.08 0.195527647481
17.15 0.372946313994
17.22 0.302391670366
17.29 0.159658957608
17.36 0.0886503280249
17.43 0.444052784636
17.5 0.159809571714
17.57 0.130908003146
17.64 0.151703647351
17.71 0.508574618043
17.78 0.381330492071
17.85 0.376683265627
17.92 0.233857372137
17.99 0.256567620509
18.06 0.412321409883
18.13 0.412409831282
18.2 0.410268427841
18.27 0.484197807439
18.34 0.262740685363
18.41 0.110673238297
18.48 0.300240418251
18.55 0.460166899915
18.62 0.244571078524
18.69 0.167759006342
18.76 0.317855027103
18.83 0.247166136475
18.9 0.118143683622
18.97 0.364082180974
19.04 0.288416817763
19.11 0.20213642286
19.18 0.274783351394
19.25 0.207830357798
19.32 0.392799702461
19.39 0.466934337362
19.46 0.282201718128
19.53 0.0978401574143
19.6 0.416160488411
19.67 0.202721037174
19.74 0.162273047144
19.81 0.174397885889
19.88 0.55607437
19.95 0.562706785639
20.02 0.536701168919
20.09 0.661836892539
20.16 0.493817549205
20.23 0.161473546948
20.3 0.340289063523
20.37 0.133625114912
20.44 0.435417738009
20.51 0.350865961737
20.58 0.309801231549
20.65 0.32591305397
20.72 0.473875438025
20.79 0.395237838793
20.86 0.294343731789
20.93 0.334877369692
21.0 0.394294895771
21.07 0.205521057722
21.14 0.422806361321
21.21 0.331591142646
21.28 0.161381646086
21.35 0.288971174381
21.42 0.280525739106
21.49 0.421059988103
21.56 0.323089915441
21.63 0.205634821089
21.7 0.16520632753
21.77 0.385276327692
21.84 0.272936056538
21.91 0.256418104047
21.98 0.207644817059
22.05 0.370342080305
22.12 0.22012184057
22.19 0.346687614783
22.26 0.371690908041
22.33 0.3311431098
22.4 0.41683892339
22.47 0.516410006642
22.54 0.349992490315
22.61 0.356445682772
22.68 0.26281540844
22.75 0.19798057691
22.82 0.288139651649
22.89 0.339485311926
22.96 0.167103026452
23.03 0.124580850462
23.1 0.290004425604
23.17 0.211158336963
23.24 0.255804161808
23.31 0.311901220058
23.38 0.139402099246
23.45 0.112286886869
23.52 0.370751622401
23.59 0.289906106747
23.66 0.7168680414
23.73 0.675418224359
23.8 0.502780015431
23.87 0.513932353656
23.94 0.660740769935
24.01 0.30576700753
24.08 0.273100568408
24.15 0.327777852317
24.22 0.332396861395
24.29 0.288657557846
24.36 0.472591978275
24.43 0.295404415527
24.5 0.316686006525
24.57 0.420041924556
24.64 0.360454292205
24.71 0.418462853953
24.78 0.310902637198
24.85 0.230033674987
24.92 0.18886110728
24.99 0.639514175971
25.06 0.675047480068
25.13 0.52371565887
25.2 0.447150053178
25.27 0.451083235033
25.34 0.341558378718
25.41 0.259306567518
25.48 0.213090413054
25.55 0.22122758371
25.62 0.213574589267
25.69 0.233547082973
25.76 0.231321145087
25.83 0.256250774172
25.9 0.227580596335
25.97 0.196337208704
26.04 0.332965527573
26.11 0.379434357037
26.18 0.220194781589
26.25 0.171575012803
26.32 0.301622158118
26.39 0.239897448337
26.46 0.200990399737
26.53 0.450738230156
26.6 0.323742758791
26.67 0.292493722235
26.74 0.336189742701
26.81 0.223727466517
26.88 0.398877171766
26.95 0.447531296121
27.02 0.264750302538
27.09 0.0982841540827
27.16 0.369241404985
27.23 0.45259605236
27.3 0.440239997932
27.37 0.486177382143
27.44 0.571344538354
27.51 0.431773533789
27.58 0.464506260623
27.65 0.420343947665
27.72 0.307025683462
27.79 0.219723837378
27.86 0.381697134184
27.93 0.210268686397
28.0 0.48839496358
28.07 0.312449122811
28.14 0.114034198465
28.21 0.0697296063274
28.28 0.40966749377
28.35 0.195770171058
28.42 0.147169207154
28.49 0.232440072879
28.56 0.29799307844
28.63 0.113988510607
28.7 0.381343738422
28.77 0.168834203385
28.84 0.121014378157
28.91 0.299807045064
28.98 0.202843977714
29.05 0.361098571056
29.12 0.228922899899
29.19 0.147234988371
29.26 0.0715346095684
29.33 0.409212806183
29.4 0.312597360839
29.47 0.28622448503
29.54 0.400867153292
29.61 0.420249623375
29.68 0.167509938504
29.75 0.307335737314
29.82 0.210850788324
29.89 0.231545266969
29.96 0.159251366881
30.03 0.411170185502
30.1 0.186663249016
30.17 0.335814190294
30.24 0.242067928609
30.31 0.18959185903
30.38 0.294724877164
30.45 0.339117585081
30.52 0.169861591892
30.59 0.146393436177
30.66 0.273808357139
30.73 0.344441127261
30.8 0.338226746477
30.87 0.410235617583
30.94 0.198432473752
31.01 0.242107109512
31.08 0.34170620782
31.15 0.232598839689
31.22 0.360534549422
31.29 0.500487178595
31.36 0.363015086415
31.43 0.144002095391
31.5 0.44309210855
31.57 0.440275435364
31.64 0.615094564387
31.71 0.502169390519
31.78 0.630527023494
31.85 0.585187920354
31.92 0.652253908248
31.99 0.509890731654
32.06 0.430627497753
32.13 0.402996000536
32.2 0.307873135676
32.27 0.281529531834
32.34 0.257484608891
32.41 0.228954279631
32.48 0.165139742808
32.55 0.426714113683
32.62 0.494098884935
32.69 0.274068339728
32.76 0.238709343085
32.83 0.374972628286
32.9 0.249927760972
32.97 0.205999833235
33.04 0.29850231396
33.11 0.275737575049
33.18 0.247989850862
33.25 0.318712702482
33.32 0.225773947344
33.39 0.394897125493
33.46 0.217847581913
33.53 0.131786236769
33.6 0.14455725408
33.67 0.475750016173
33.74 0.259857487719
33.81 0.184833655659
33.88 0.200538237451
33.95 0.365461200402
34.02 0.198105277986
34.09 0.600065275296
34.16 0.531855905801
34.23 0.225250769581
34.3 0.212673798682
34.37 0.339421573907
34.44 0.458995965274
34.51 0.544914147384
34.58 0.2279906521
34.65 0.191646643219
34.72 0.330110053715
34.79 0.302138638094
34.86 0.184415920684
34.93 0.184280419642
35.0 0.441497141465
35.07 0.613520297595
35.14 0.429706011179
35.21 0.335937135138
35.28 0.281051990275
35.35 0.522132936625
35.42 0.631265517588
35.49 0.495730217786
35.56 0.545456193161
35.63 0.283290835892
35.7 0.159689212433
35.77 0.14675239621
35.84 0.503854050262
35.91 0.420885616082
35.98 0.270192348763
36.05 0.218327290066
36.12 0.390900712115
36.19 0.157115259397
36.26 0.395445115771
36.33 0.42665027953
36.4 0.264938415927
36.47 0.140844274153
36.54 0.374613765821
36.61 0.378932730421
36.68 0.512727062011
36.75 0.321914485477
36.82 0.109711559265
36.89 0.364059784712
36.96 0.287303049619
37.03 0.194089880372
37.1 0.165477995374
37.17 0.324678075692
37.24 0.329302000497
37.31 0.481976473922
37.38 0.38083924932
37.45 0.428441095172
37.52 0.602561380195
37.59 0.709701454331
37.66 0.29352619291
37.73 0.404217025093
37.8 0.385805739791
37.87 0.208795358462
37.94 0.111825114091
38.01 0.436050063291
38.08 0.274657993165
38.15 0.234632137299
38.22 0.240728817542
38.29 0.393992534043
38.36 0.184935235884
38.43 0.404207321338
38.5 0.248202369274
38.57 0.267556180062
38.64 0.346539663721
38.71 0.362374483599
38.78 0.522726799853
38.85 0.536889001081
38.92 0.44616225737
38.99 0.195805654404
39.06 0.377101725191
39.13 0.47261873355
39.2 0.499749330175
39.27 0.543328700396
39.34 0.613575845604
39.41 0.497711118273
39.48 0.52728056721
39.55 0.479357574835
39.62 0.428896072595
39.69 0.350214177291
39.76 0.43192963899
39.83 0.253067625313
39.9 0.345438446036
39.97 0.218229368657
40.04 0.127473957043
40.11 0.096215500827
40.18 0.667733657917
40.25 0.764534889356
40.32 0.71972300159
40.39 0.678177614826
40.46 0.64774264486
40.53 0.3949574644
40.6 0.593683993649
40.67 0.723362030378
40.74 0.649235734709
40.81 0.571197366405
40.88 0.385213213824
40.95 0.568311715202
41.02 0.695139175146
41.09 0.641565761923
41.16 0.4268916452
41.23 0.38656520536
41.3 0.565118671756
41.37 0.571486565003
41.44 0.544570023493
41.51 0.68598224354
41.58 0.537483782601
41.65 0.642481583788
41.72 0.644101680486
41.79 0.511075482273
41.86 0.499424783105
41.93 0.594329783376
42.0 0.505229524226
42.07 0.583994255136
42.14 0.482218046207
42.21 0.404662376241
42.28 0.36547628764
42.35 0.627331911024
42.42 0.386669603592
42.49 0.319934002526
42.56 0.340221820214
42.63 0.397432467254
42.7 0.275995510136
42.77 0.249346501291
42.84 0.448668133462
42.91 0.277039199747
42.98 0.220742205109
43.05 0.210854860371
43.12 0.373463845701
43.19 0.27878632051
43.26 0.134337640017
43.33 0.072579975061
43.4 0.47247532229
43.47 0.270844268083
43.54 0.196342638101
43.61 0.165550270632
43.68 0.377469064631
43.75 0.400940341101
43.82 0.411896407494
43.89 0.152780448534
43.96 0.260060013975
44.03 0.428378233835
44.1 0.351594054748
44.17 0.237144000936
44.24 0.365313851969
44.31 0.130499228685
44.38 0.321109570233
44.45 0.372937476876
44.52 0.62986649089
44.59 0.660217530474
44.66 0.511551742529
44.73 0.340087501473
44.8 0.291918754283
44.87 0.196830674007
44.94 0.556630735381
45.01 0.652339746953
45.08 0.447860349992
45.15 0.267438460869
45.22 0.33132889446
45.29 0.516034692416
45.36 0.278384824942
45.43 0.223634922851
45.5 0.177657697715
45.57 0.457694705023
45.64 0.272894290071
45.71 0.239963500737
45.78 0.224412256358
45.85 0.468052658221
45.92 0.280069213502
45.99 0.273664258596
46.06 0.129033064856
46.13 0.559046014871
46.2 0.564743209743
46.27 0.563337648829
46.34 0.553477265982
46.41 0.550126669591
46.48 0.16197026501
46.55 0.232966920937
46.62 0.294567123343
46.69 0.525315822909
46.76 0.487864529882
46.83 0.368674289858
46.9 0.326686918058
46.97 0.182555322084
47.04 0.249140220084
47.11 0.512826210199
47.18 0.686893219984
47.25 0.369198850797
47.32 0.207784027137
47.39 0.267266408967
47.46 0.374937513691
47.53 0.199280794039
47.6 0.202390181156
47.67 0.108186970592
47.74 0.4660379474
47.81 0.222575501763
47.88 0.209701911325
47.95 0.238010659785
48.02 0.45027961257
48.09 0.289207168047
48.16 0.239589939874
48.23 0.275687071902
48.3 0.398352630915
48.37 0.208771830119
48.44 0.198620841106
48.51 0.334579927996
48.58 0.259768706177
48.65 0.165129183894
48.72 0.189542096256
48.79 0.414097020631
48.86 0.501795633084
48.93 0.486408646609
49.0 0.461333677853
49.07 0.55174646354
49.14 0.477599259528
49.21 0.488362384329
49.28 0.360246343726
49.35 0.557735984939
49.42 0.365707656849
49.49 0.303980226631
49.56 0.213018822211
49.63 0.409337515869
49.7 0.238569805867
49.77 0.188739683355
49.84 0.297755417502
49.91 0.573717133086
49.98 0.56802950853
50.05 0.505905987748
50.12 0.423603514135
50.19 0.310515114004
50.26 0.263588118925
50.33 0.36003685424
50.4 0.536644471611
50.47 0.452399071722
50.54 0.355009017612
50.61 0.39639146508
50.68 0.471309484166
50.75 0.293171454147
50.82 0.331342340252
50.89 0.235976792549
50.96 0.44705629995
51.03 0.285430013913
51.1 0.308953826684
51.17 0.328611524425
51.24 0.323957261574
51.31 0.194868789322
51.38 0.289399175565
51.45 0.28277617815
51.52 0.350497719789
51.59 0.220570084336
51.66 0.282065359058
51.73 0.41986345466
51.8 0.320788812549
51.87 0.252216266056
51.94 0.2619477036
52.01 0.379050917369
52.08 0.310672402939
52.15 0.176785064233
52.22 0.16571547122
52.29 0.409148578887
52.36 0.66380653248
52.43 0.65465798028
52.5 0.462447025592
52.57 0.69298198714
52.64 0.685596460794
52.71 0.448333529668
52.78 0.491437461791
52.85 0.467072884548
52.92 0.165704965395
52.99 0.282706336365
53.06 0.266945545106
53.13 0.734864966447
53.2 0.554210326374
53.27 0.222358406243
53.34 0.178449449829
53.41 0.365530281728
53.48 0.167716604245
53.55 0.383843592532
53.62 0.424642041227
53.69 0.484169783774
53.76 0.227253082037
53.83 0.219725613698
53.9 0.313000770471
53.97 0.233493103233
54.04 0.211448278802
54.11 0.215025555377
54.18 0.391885737266
54.25 0.255320797708
54.32 0.166407116679
54.39 0.100219538892
54.46 0.460167657505
54.53 0.445507642004
54.6 0.513005285594
54.67 0.256622587412
54.74 0.461847658355
54.81 0.263500749256
54.88 0.186681541664
54.95 0.201968542009
55.02 0.320781747446
55.09 0.157392787087
55.16 0.243159620458
55.23 0.270396955523
55.3 0.590964310668
55.37 0.470946562567
55.44 0.291948011902
55.51 0.376394452998
55.58 0.358242151644
55.65 0.284900682164
55.72 0.508974325813
55.79 0.493148222527
55.86 0.343342759148
55.93 0.148409210208
56.0 0.203499046486
56.07 0.382890347431
56.14 0.189744199237
56.21 0.223574222367
56.28 0.191735424761
56.35 0.605734600029
56.42 0.500763519681
56.49 0.35353600247
56.56 0.172906869369
56.63 0.41336044921
56.7 0.320131019035
56.77 0.390830152914
56.84 0.204526307293
56.91 0.412896770978
56.98 0.155060733478
57.05 0.174688764673
57.12 0.314394336206
57.19 0.541244810681
57.26 0.320679840079
57.33 0.252997331556
57.4 0.412868938146
57.47 0.640814647065
57.54 0.675789625803
57.61 0.69120866638
57.68 0.727723695519
57.75 0.536020696482
57.82 0.270292805517
57.89 0.310815432534
57.96 0.367651530113
58.03 0.299034282926
58.1 0.273475152305
58.17 0.359758287733
58.24 0.287919334936
58.31 0.212075986801
58.38 0.164735806594
58.45 0.211335308896
58.52 0.928111838273
58.59 0.827733456524
58.66 1.0
58.73 0.912175324818
58.8 0.383189734757
58.87 0.124273545745
58.94 0.0928389096215
59.01 0.640542888826
59.08 0.864490611793
59.15 0.679412894419
59.22 0.539215100146
59.29 0.155865642983
59.36 0.107449357485
59.43 0.242464343445
59.5 0.866264071731
59.57 0.818457071015
59.64 0.465012104204
59.71 0.195129485022
59.78 0.126605965236
59.85 0.574881306808
59.92 0.642689635575
59.99 0.14518824497
60.06 0.140499653811
60.13 0.29853421884
60.2 0.248717408681
60.27 0.879866882957
60.34 0.743500852449
60.41 0.48068855185
60.48 0.186099778357
60.55 0.145859089698
60.62 0.320460771668
60.69 0.479215066084
60.76 0.273652546078
60.83 0.190582844466
60.9 0.339409039232
60.97 0.387002660638
61.04 0.224436608293
61.11 0.314448483821
61.18 0.245899026613
61.25 0.40114913326
61.32 0.423942738081
61.39 0.327348279995
61.46 0.344849197221
61.53 0.221114391405
61.6 0.170944254356
61.67 0.161629220265
61.74 0.443393560596
61.81 0.322948482812
61.88 0.150233856272
61.95 0.152495243069
62.02 0.337388569003
62.09 0.214148224262
62.16 0.383628871656
62.23 0.380501520467
62.3 0.244628352633
62.37 0.138482124983
62.44 0.306985392
62.51 0.280763236474
62.58 0.404361907053
62.65 0.269170062511
62.72 0.211987860977
62.79 0.159306358176
62.86 0.569696529909
62.93 0.245179092046
63.0 0.558526906286
63.07 0.523878998484
63.14 0.310427303842
63.21 0.137769637184
63.28 0.36841619981
63.35 0.299826726628
63.42 0.475025398321
63.49 0.293659152868
63.56 0.413869729209
63.63 0.459025291764
63.7 0.474822820411
63.77 0.246733045949
63.84 0.168317011733
63.91 0.423178445744
63.98 0.371860134762
64.05 0.170729140336
64.12 0.191667557302
64.19 0.364505392695
64.26 0.209131092901
64.33 0.381433596086
64.4 0.35649495053
64.47 0.197882819072
64.54 0.126901743964
64.61 0.389776220052
64.68 0.204993427682
64.75 0.393400089861
64.82 0.290003365265
64.89 0.177060832822
64.96 0.288975042683
65.03 0.472035655939
65.1 0.180736261814
65.17 0.146815835784
65.24 0.380660274364
65.31 0.696752998767
65.38 0.364584616834
65.45 0.334096945561
65.52 0.260993455552
65.59 0.392574571893
65.66 0.576238683261
65.73 0.425306234083
65.8 0.404550648897
65.87 0.232365187666
65.94 0.149395173738
66.01 0.143288168457
66.08 0.569987953928
66.15 0.340765969452
66.22 0.247919473885
66.29 0.156817194984
66.36 0.36745977943
66.43 0.176180507217
66.5 0.486729369857
66.57 0.443869453535
66.64 0.273765292151
66.71 0.173476980422
66.78 0.477934960966
66.85 0.477018374337
66.92 0.527360114186
66.99 0.273115413159
67.06 0.162838814966
67.13 0.439948378776
67.2 0.56144720146
67.27 0.249197696505
67.34 0.163512842147
67.41 0.417967432977
67.48 0.341037247023
67.55 0.284687070411
67.62 0.459711946884
67.69 0.317106658509
67.76 0.211805758091
67.83 0.487662452727
67.9 0.228549390689
67.97 0.552164667704
68.04 0.626790528138
68.11 0.173765062722
68.18 0.128474224393
68.25 0.541262288345
68.32 0.323480616783
68.39 0.276128164475
68.46 0.575543430639
68.53 0.433364154773
68.6 0.176897755783
68.67 0.45048991991
68.74 0.311306606413
68.81 0.295217965106
68.88 0.388311419311
68.95 0.382999140547
69.02 0.423370227993
69.09 0.288144606117
69.16 0.246064620345
69.23 0.189046626496
69.3 0.42375172777
69.37 0.34705320947
69.44 0.294858434011
69.51 0.226335521158
69.58 0.444387662482
69.65 0.291237581648
69.72 0.304910340837
69.79 0.348993283304
69.86 0.271090797706
69.93 0.320111832488
70.0 0.351834460516
70.07 0.21864395705
70.14 0.375767387803
70.21 0.190780564041
70.28 0.154676309516
70.35 0.380425916404
70.42 0.333990870013
70.49 0.238329138959
70.56 0.167767420185
70.63 0.338054564006
70.7 0.278476930985
70.77 0.361083558429
70.84 0.508899427687
70.91 0.58609360658
70.98 0.224383400491
71.05 0.400517373301
71.12 0.193192917913
71.19 0.553847506648
71.26 0.493127741764
71.33 0.312914913112
71.4 0.160991032268
71.47 0.687712321392
71.54 0.528127020783
71.61 0.323777445807
71.68 0.302082121575
71.75 0.59206243773
71.82 0.435775432522
71.89 0.394597753951
71.96 0.306695534815
72.03 0.592650113971
72.1 0.542915740536
72.17 0.375539915593
72.24 0.405153852869
72.31 0.495014013777
72.38 0.349573815527
72.45 0.227774880928
72.52 0.510657045667
72.59 0.516467715505
72.66 0.216339512439
72.73 0.347790181209
72.8 0.371966231832
72.87 0.236713279315
72.94 0.312030701988
73.01 0.512358716755
73.08 0.246520280746
73.15 0.157113755695
73.22 0.378430532743
73.29 0.224594633296
73.36 0.501978047328
73.43 0.249216202942
73.5 0.15922656154
73.57 0.408076112326
73.64 0.588843380816
73.71 0.433877099328
73.78 0.320770640427
73.85 0.459406627971
73.92 0.473636194469
73.99 0.441858052867
74.06 0.354781294307
74.13 0.387313024414
74.2 0.500383342817
74.27 0.600579759423
74.34 0.489421476841
74.41 0.508589699541
74.48 0.261485603681
74.55 0.167904866856
74.62 0.204120314967
74.69 0.632704422517
74.76 0.418455605192
74.83 0.292996373319
74.9 0.209358724378
74.97 0.364399182273
75.04 0.26041076965
75.11 0.370232739084
75.18 0.403354522946
75.25 0.339706288661
75.32 0.217021901809
75.39 0.413054214876
75.46 0.365324501277
75.53 0.586032102591
75.6 0.300098470518
75.67 0.201458505855
75.74 0.532488025902
75.81 0.472752377922
75.88 0.236075470113
75.95 0.432233271977
76.02 0.69534607333
76.09 0.34555881823
76.16 0.206663213978
76.23 0.330900835883
76.3 0.369150461155
76.37 0.612815019817
76.44 0.622354455582
76.51 0.360480902562
76.58 0.452905286924
76.65 0.666905168416
76.72 0.453284274314
76.79 0.213218134447
76.86 0.492734335767
76.93 0.336204733805
77.0 0.187163298754
77.07 0.234200114287
77.14 0.396697162788
77.21 0.259674846772
77.28 0.493856176264
77.35 0.453981258776
77.42 0.26637255435
77.49 0.1997450749
77.56 0.440095636815
77.63 0.436273559588
77.7 0.468968432737
77.77 0.255406036655
77.84 0.213054959839
77.91 0.336674191532
77.98 0.44998334026
78.05 0.196141028701
78.12 0.154940631031
78.19 0.433342662455
78.26 0.8302656804
78.33 0.683409814293
78.4 0.330887898021
78.47 0.306643750365
78.54 0.530651305744
78.61 0.689751859077
78.68 0.550790555394
78.75 0.47169523104
78.82 0.288017781492
78.89 0.195883033352
78.96 0.14370444708
79.03 0.574903594023
79.1 0.617704274822
79.17 0.402321666301
79.24 0.197481712342
79.31 0.383866482375
79.38 0.20397456063
79.45 0.397524306419
79.52 0.568490535196
79.59 0.418836965791
79.66 0.210865534072
79.73 0.414319810992
79.8 0.338523366015
79.87 0.633250071152
79.94 0.393147277118
80.01 0.178893357538
80.08 0.394574742147
80.15 0.500938782732
80.22 0.424630535325
80.29 0.145392623591
80.36 0.339846105671
80.43 0.431338246539
80.5 0.318026713123
80.57 0.579115825922
80.64 0.440593703618
80.71 0.26012492138
80.78 0.397521066572
80.85 0.277705976732
80.92 0.580901098816
80.99 0.455390940521
81.06 0.212982135042
81.13 0.141878914291
81.2 0.543569242474
81.27 0.297190503404
81.34 0.39336051151
81.41 0.685017689108
81.48 0.558692583238
81.55 0.245006889487
81.62 0.45068827368
81.69 0.257849652603
81.76 0.321494596823
81.83 0.340536967713
81.9 0.356399984871
81.97 0.384382757171
82.04 0.31316148865
82.11 0.154292386311
82.18 0.128206875387
82.25 0.644387640672
82.32 0.470648803773
82.39 0.339882320781
82.46 0.309993078366
82.53 0.479839343404
82.6 0.442136448629
82.67 0.416988980782
82.74 0.300689716617
82.81 0.510569602821
82.88 0.449485023797
82.95 0.476047373214
83.02 0.34487076989
83.09 0.367920684135
83.16 0.310815442578
83.23 0.154151356869
83.3 0.456853653585
83.37 0.383052734317
83.44 0.231318342864
83.51 0.165897939987
83.58 0.343445959296
83.65 0.283352669892
83.72 0.350290398331
83.79 0.601800634758
83.86 0.506918257452
83.93 0.272339540309
84.0 0.34700239353
84.07 0.2839893671
84.14 0.565463122787
84.21 0.355265032897
84.28 0.199144688934
84.35 0.146958644415
84.42 0.712825874162
84.49 0.622733728504
84.56 0.442099023958
84.63 0.387033647227
84.7 0.65688055636
84.77 0.538326076602
84.84 0.404446075617
84.91 0.316292106947
84.98 0.543903078633
85.05 0.60685278171
85.12 0.467813149222
85.19 0.431418094829
85.26 0.56869354212
85.33 0.564500611554
85.4 0.334550043356
85.47 0.531816020397
85.54 0.570897805465
85.61 0.313781180253
85.68 0.343665545681
85.75 0.446008681775
85.82 0.374251662076
85.89 0.623951543346
85.96 0.609372360428
86.03 0.374891822964
86.1 0.264908696292
86.17 0.448876680265
86.24 0.492455343115
86.31 0.788819253862
86.38 0.591772131443
86.45 0.468366241755
86.52 0.378672552695
86.59 0.836074113338
86.66 0.391636335114
86.73 0.245508544799
86.8 0.112296866111
86.87 0.341929100053
86.94 0.264114197914
87.01 0.129940345177
87.08 0.116438726773
87.15 0.116878918272
87.22 0.164783771526
87.29 0.0693688757142
87.36 0.287557158014
87.43 0.552513787673
87.5 0.311510854465
87.57 0.332564933078
87.64 0.408302112401
87.71 0.629966794116
87.78 0.632359299984
87.85 0.688082483143
87.92 0.232557463496
87.99 0.539085916661
88.06 0.683155385931
88.13 0.474451199438
88.2 0.364551743443
88.27 0.459576831812
88.34 0.491818160934
88.41 0.391418543701
88.48 0.251843755489
88.55 0.45727881524
88.62 0.332210257447
88.69 0.266072739445
88.76 0.217704129044
88.83 0.44576950709
88.9 0.488529311018
88.97 0.260771784359
89.04 0.100795353394
89.11 0.441692987153
89.18 0.156008940891
89.25 0.353842417593
89.32 0.381300831265
89.39 0.340423600359
89.46 0.300581022504
89.53 0.528026453548
89.6 0.299268256351
89.67 0.490544369068
89.74 0.261251374856
89.81 0.255717090584
89.88 0.406572328688
89.95 0.545985348426
90.02 0.278149626171
90.09 0.22670659833
90.16 0.45053975873
90.23 0.328837026614
90.3 0.241943108442
90.37 0.531321161874
90.44 0.305121240761
90.51 0.22456665985
90.58 0.498249803678
90.65 0.371046784152
90.72 0.511179437142
90.79 0.264480312009
90.86 0.227906431883
90.93 0.404395507902
91.0 0.506005590778
91.07 0.251607523641
91.14 0.193515624096
91.21 0.407537811455
91.28 0.280040432247
91.35 0.2957627428
91.42 0.429696897139
91.49 0.312762844089
91.56 0.266323077107
91.63 0.521311955589
91.7 0.2403837811
91.77 0.564566371248
91.84 0.236989591704
91.91 0.193576307361
91.98 0.170707246265
92.05 0.592496601508
92.12 0.199688116453
92.19 0.287715320761
92.26 0.436274241132
92.33 0.357283197354
92.4 0.261869013218
92.47 0.468003928524
92.54 0.280233379578
92.61 0.247887068249
92.68 0.511950826149
92.75 0.367221343683
92.82 0.594752877441
92.89 0.294116329885
92.96 0.226341613446
93.03 0.252695787681
93.1 0.572332915268
93.17 0.217354423664
93.24 0.273563811886
93.31 0.299237380244
93.38 0.508772235745
93.45 0.251779562629
93.52 0.442335195543
93.59 0.290799647137
93.66 0.311719572013
93.73 0.410257691008
93.8 0.469045662462
93.87 0.543790170425
93.94 0.337222638086
94.01 0.25146644111
94.08 0.366547309328
94.15 0.582549315312
94.22 0.244281499696
94.29 0.269689479584
94.36 0.312623104559
94.43 0.505650270909
94.5 0.279802266248
94.57 0.506879910185
94.64 0.264611715177
94.71 0.268004650531
94.78 0.448661214712
94.85 0.482323896486
94.92 0.512686390319
94.99 0.231924456671
95.06 0.158732850881
95.13 0.196243475564
95.2 0.489814455258
95.27 0.282561534755
95.34 0.217567439963
95.41 0.315260726742
95.48 0.514755960431
95.55 0.360782601399
95.62 0.554395892939
95.69 0.362218731367
95.76 0.294570671678
95.83 0.280913136035
95.9 0.543157644267
95.97 0.340932465692
96.04 0.392103974911
96.11 0.234337596829
96.18 0.246850747925
96.25 0.442519124968
96.32 0.487906810018
96.39 0.290267411292
96.46 0.226754655092
96.53 0.39934082417
96.6 0.347355354539
96.67 0.315525889068
96.74 0.435307314927
96.81 0.207391585346
96.88 0.259061070973
96.95 0.448799393146
97.02 0.450006535722
97.09 0.511047472957
97.16 0.390495537642
97.23 0.207800387069
97.3 0.322513772363
97.37 0.566975538362
97.44 0.399221318614
97.51 0.27124261707
97.58 0.326773696577
97.65 0.549949618742
97.72 0.345104760533
97.79 0.468485757356
97.86 0.32332972432
97.93 0.298161996673
98.0 0.377809638752
98.07 0.521965100254
98.14 0.382075161673
98.21 0.474245483554
98.28 0.233754842054
98.35 0.261945239997
98.42 0.395121920311
98.49 0.496110667268
98.56 0.307378506727
98.63 0.27004372907
98.7 0.245986255669
98.77 0.576458172077
98.84 0.295434501042
98.91 0.434120457977
98.98 0.281371918627
99.05 0.316472997401
99.12 0.470084199599
99.19 0.341776154348
99.26 0.486549193948
99.33 0.391239406609
99.4 0.324445670535
99.47 0.279629643284
99.54 0.486496921656
99.61 0.487095112332
99.68 0.225417006117
99.75 0.227649752272
99.82 0.439893483615
99.89 0.276811668708
99.96 0.30823732423
100.03 0.431506961025
100.1 0.312523619185
100.17 0.255937491952
100.24 0.43259885949
100.31 0.241357535661
100.38 0.566373447819
100.45 0.343467554923
100.52 0.217498450466
100.59 0.298556240611
100.66 0.538713152129
100.73 0.182332128537
100.8 0.250719041027
100.87 0.269704398947
100.94 0.519544325365
101.01 0.306914290434
101.08 0.435004132475
101.15 0.280564100722
101.22 0.284266282118
101.29 0.459367330847
101.36 0.359737895929
101.43 0.461617600581
101.5 0.379235673256
101.57 0.30960375159
101.64 0.338648467409
101.71 0.631474359966
101.78 0.37760116656
101.85 0.291688244537
101.92 0.279464977888
101.99 0.535664551585
102.06 0.407027964698
102.13 0.462186987044
102.2 0.405040597432
102.27 0.321715622342
102.34 0.302523700554
102.41 0.539751657699
102.48 0.340723142646
102.55 0.564780488061
102.62 0.304535068222
102.69 0.342050625851
102.76 0.472719837412
102.83 0.536291203549
102.9 0.300739269906
102.97 0.256534465892
103.04 0.36313283861
103.11 0.468754327402
103.18 0.280994767819
103.25 0.540092731141
103.32 0.330402076058
103.39 0.31429069413
103.46 0.461754278184
103.53 0.443433796099
103.6 0.549513758995
103.67 0.368580550979
103.74 0.312439716065
103.81 0.285473189383
103.88 0.557457721181
103.95 0.389718954551
104.02 0.253862678971
104.09 0.21459830174
104.16 0.505804931236
104.23 0.427412769721
104.3 0.43572873598
104.37 0.423536813192
104.44 0.350626558915
104.51 0.293770442588
104.58 0.549072845776
104.65 0.362483529246
104.72 0.550061066294
104.79 0.334040258297
104.86 0.326398713798
104.93 0.271575714292
105.0 0.630710775
105.07 0.342185415217
105.14 0.319698994588
105.21 0.359566023381
105.28 0.62400463636
105.35 0.390876088997
105.42 0.398353777344
105.49 0.489494577125
105.56 0.586275055183
105.63 0.431421912911
105.7 0.452255892905
105.77 0.573554086178
105.84 0.451016932973
105.91 0.284776411537
105.98 0.242416260856
106.05 0.581579813587
106.12 0.375072460888
106.19 0.309723746424
106.26 0.20360207589
106.33 0.581402462858
106.4 0.430970835357
106.47 0.53498123388
106.54 0.263825834387
106.61 0.449493061715
106.68 0.715807064957
106.75 0.733459471535
106.82 0.409754619518
106.89 0.597573958424
106.96 0.393397458383
107.03 0.194143650627
107.1 0.152690704222
107.17 0.675325299029
107.24 0.808439719199
107.31 0.796296874772
107.38 0.754198547567
107.45 0.878137562695
107.52 0.70665591715
107.59 0.497515133407
107.66 0.57114921351
107.73 0.567171109997
107.8 0.479559947564
107.87 0.545570691161
107.94 0.523358236975
108.01 0.657221710153
108.08 0.381178793234
108.15 0.174502648568
108.22 0.404230750677
108.29 0.731204462558
108.36 0.45289924055
108.43 0.188921312747
108.5 0.564319181603
108.57 0.600396639243
108.64 0.433441285495
108.71 0.491782344707
108.78 0.253005782705
108.85 0.222695866783
108.92 0.523393147824
108.99 0.636871029692
109.06 0.645860166538
109.13 0.319777132561
109.2 0.26382746005
109.27 0.255652381185
109.34 0.758847105534
109.41 0.509136547694
109.48 0.183905565997
109.55 0.286778554682
109.62 0.683163260278
109.69 0.548248847292
109.76 0.451266181599
109.83 0.20413936951
109.9 0.364341664242
109.97 0.572573421475
110.04 0.441575450182
110.11 0.574717865321
110.18 0.327308502202
110.25 0.249673278086
110.32 0.194267216752
110.39 0.469776352515
110.46 0.282037024035
110.53 0.2220063707
110.6 0.187871173575
110.67 0.505145991292
110.74 0.488271700203
110.81 0.501917022572
110.88 0.269574855319
110.95 0.342893347431
111.02 0.667430595992
111.09 0.615082615123
111.16 0.134747569517
111.23 0.673932536798
111.3 0.68789069085
111.37 0.430823337701
111.44 0.247058486918
111.51 0.655613678941
111.58 0.718200906652
111.65 0.758879684784
111.72 0.735258933463
111.79 0.873542772113
111.86 0.505373281279
111.93 0.493572826033
112.0 0.471231763728
112.07 0.429508248559
112.14 0.400394352411
112.21 0.517356403299
112.28 0.41028801614
112.35 0.530875261186
112.42 0.190569253756
112.49 0.120796159166
112.56 0.38457668736
112.63 0.536676420971
112.7 0.307892101259
112.77 0.205405839438
112.84 0.518665961172
112.91 0.394155733043
112.98 0.442428554193
113.05 0.373401239763
113.12 0.364878569023
113.19 0.378963236342
113.26 0.499668288106
113.33 0.30309829832
113.4 0.631695586361
113.47 0.369057775441
113.54 0.195184582494
113.61 0.407237349441
113.68 0.406945849376
113.75 0.179411566484
113.82 0.212546995579
113.89 0.506601411114
113.96 0.283046507299
114.03 0.452137939834
114.1 0.404886036108
114.17 0.237052414302
114.24 0.116312930922
114.31 0.541143051102
114.38 0.279303183586
114.45 0.631419309843
114.52 0.347975531115
114.59 0.232920926026
114.66 0.291464844374
114.73 0.568996179336
114.8 0.300818898667
114.87 0.279660578219
114.94 0.474474818174
115.01 0.803627277818
115.08 0.614303205417
115.15 0.529919658659
115.22 0.303254199775
115.29 0.536473058209
115.36 0.672370163312
115.43 0.687497700954
115.5 0.595721643098
115.57 0.46456520344
115.64 0.335194277727
115.71 0.261185784472
115.78 0.454591837773
115.85 0.652199892637
115.92 0.47054876599
115.99 0.361754604033
116.06 0.515735623623
116.13 0.349464498698
116.2 0.407664492596
116.27 0.665625772104
116.34 0.640371317593
116.41 0.304744333875
116.48 0.463925932146
116.55 0.316020030175
116.62 0.680706453938
116.69 0.62726441375
116.76 0.276729015325
116.83 0.14089987525
116.9 0.555896034978
116.97 0.195987348363
117.04 0.145206511791
117.11 0.197041055958
117.18 0.532454767978
117.25 0.490068523478
117.32 0.580284847935
117.39 0.34615418803
117.46 0.633833396989
117.53 0.771078800375
117.6 0.608399641814
117.67 0.530222321702
117.74 0.530237615555
117.81 0.380893216147
117.88 0.187813958294
117.95 0.542548395356
118.02 0.40820817408
118.09 0.323850597745
118.16 0.281267422827
118.23 0.556276409849
118.3 0.379706775298
118.37 0.43572070954
118.44 0.412306854967
118.51 0.32390664364
118.58 0.271474010671
118.65 0.498574185743
118.72 0.264563305447
118.79 0.662297417014
118.86 0.366592853702
118.93 0.292192831207
119.0 0.211538836664
119.07 0.695437799143
119.14 0.516649783955
119.21 0.567142522444
119.28 0.462439442515
119.35 0.679849985251
119.42 0.356863110693
119.49 0.653488235113
119.56 0.635193915719
119.63 0.519529638445
119.7 0.778738459603
119.77 0.644373961003
119.84 0.724911293823
119.91 0.660338242723
119.98 0.419108042486
120.05 0.509784528406
120.12 0.61803229992
120.19 0.578868165653
120.26 0.386163124381
120.33 0.398538020996
120.4 0.574511955736
120.47 0.310800551912
120.54 0.410096611251
120.61 0.25116152108
120.68 0.159409399059
120.75 0.138923639396
120.82 0.491072488386
120.89 0.383848219859
120.96 0.957827802007
121.03 0.679705142031
121.1 0.598051000663
121.17 0.717630009312
121.24 0.523481876277
121.31 0.414138713922
121.38 0.359945682272
121.45 0.50993334754
121.52 0.502670842085
121.59 0.466525324719
121.66 0.334272435315
121.73 0.410782884707
121.8 0.525607160838
121.87 0.6402615244
121.94 0.434199214361
122.01 0.65164037063
122.08 0.488895953131
122.15 0.38800734583
122.22 0.352849921282
122.29 0.759113804563
122.36 0.808954969526
122.43 0.751093579727
122.5 0.652258169693
122.57 0.63029337721
122.64 0.476975190258
122.71 0.372335901437
122.78 0.263666582604
122.85 0.531798128067
122.92 0.334531168167
122.99 0.336300904722
123.06 0.397363328535
123.13 0.555183849928
123.2 0.490108651369
123.27 0.440041391632
123.34 0.495502613571
123.41 0.583221998057
123.48 0.708822467422
123.55 0.791745308444
123.62 0.722579842841
123.69 0.824324336288
123.76 0.711321790645
123.83 0.444851626244
123.9 0.234356810638
123.97 0.390278219723
124.04 0.640664796288
124.11 0.567250312614
124.18 0.632345890063
124.25 0.511714343205
124.32 0.381560416407
124.39 0.328803794516
124.46 0.533087424705
124.53 0.459308558775
124.6 0.422961572622
124.67 0.275675085332
124.74 0.481624102628
124.81 0.279955084253
124.88 0.402376128144
124.95 0.372696324996
125.02 0.343780877318
125.09 0.336043339821
125.16 0.564858780996
125.23 0.294385706306
125.3 0.591555185146
125.37 0.362347066868
125.44 0.21667924575
125.51 0.168109146474
125.58 0.553309733795
125.65 0.548549270565
125.72 0.605372842078
125.79 0.519765845901
125.86 0.666186122008
125.93 0.591200361728
126.0 0.629095212365
126.07 0.320005075396
126.14 0.534082566842
126.21 0.609482406151
126.28 0.514449688791
126.35 0.610619493152
126.42 0.554272864875
126.49 0.384372228388
126.56 0.261581735857
126.63 0.418151586235
126.7 0.510776079164
126.77 0.34899529637
126.84 0.29064427083
126.91 0.540780255768
126.98 0.375868470143
127.05 0.533005807269
127.12 0.434187461669
127.19 0.308705176382
127.26 0.356457304895
127.33 0.494682642655
127.4 0.426438434053
127.47 0.632075674266
127.54 0.55264751383
127.61 0.252234901629
127.68 0.519321889408
127.75 0.541011716806
127.82 0.635224758825
127.89 0.64901222263
127.96 0.776054468018
128.03 0.63408120361
128.1 0.652063809054
128.17 0.495016696909
128.24 0.295938015894
128.31 0.562842437338
128.38 0.682417465769
128.45 0.570259286022
128.52 0.642537945346
128.59 0.508209453805
128.66 0.347827765146
128.73 0.250285887369
128.8 0.616208148873
128.87 0.476598689428
128.94 0.409161384745
129.01 0.337573260322
129.08 0.5382872171
129.15 0.293862086616
129.22 0.450764929473
129.29 0.339041141643
129.36 0.288589394812
129.43 0.260788096942
129.5 0.539191548847
129.57 0.471948785591
129.64 0.514090592449
129.71 0.338699500008
129.78 0.234644905851
129.85 0.484552836038
129.92 0.472562386341
129.99 0.551366306763
130.06 0.499530161326
130.13 0.710699982668
130.2 0.620871284713
130.27 0.652598365019
130.34 0.461586296895
130.41 0.284018326274
130.48 0.475639228643
130.55 0.658288971151
130.62 0.45450096425
130.69 0.621262307457
130.76 0.479755553635
130.83 0.352635926429
130.9 0.296267336644
130.97 0.612009289589
131.04 0.356324507073
131.11 0.318661513486
131.18 0.415326842131
131.25 0.494788591938
131.32 0.462060369035
131.39 0.403003602266
131.46 0.459195189986
131.53 0.345616809754
131.6 0.496400953467
131.67 0.327746235838
131.74 0.472470957538
131.81 0.613283533425
131.88 0.495484348185
131.95 0.337216271745
132.02 0.619649422215
132.09 0.577800099715
132.16 0.604131187535
132.23 0.624740064222
132.3 0.730021636046
132.37 0.55644867267
132.44 0.651827367721
132.51 0.351562287612
132.58 0.236349601561
132.65 0.440774945606
132.72 0.605406949422
132.79 0.408804180944
132.86 0.629476260171
132.93 0.407358592577
133.0 0.33590922339
133.07 0.265924283323
133.14 0.640904841914
133.21 0.392217604839
133.28 0.309784920402
133.35 0.322237343752
133.42 0.495493109257
133.49 0.187198084773
133.56 0.425944281467
133.63 0.332775188763
133.7 0.324217430691
133.77 0.469261251411
133.84 0.338639667597
133.91 0.548040936119
133.98 0.46653050302
134.05 0.29936731845
134.12 0.196534658532
134.19 0.549177251182
134.26 0.469841611454
134.33 0.440957103015
134.4 0.420141554848
134.47 0.702858867662
134.54 0.578498167473
134.61 0.58315689408
134.68 0.325188203675
134.75 0.399353813687
134.82 0.446546164793
134.89 0.59395350351
134.96 0.44501744381
135.03 0.626899042897
135.1 0.398329761159
135.17 0.347866395075
135.24 0.327838304575
135.31 0.680901714215
135.38 0.362768160779
135.45 0.290523925897
135.52 0.499244072004
135.59 0.403423496659
135.66 0.449187922156
135.73 0.374623516926
135.8 0.3057809426
135.87 0.197144511506
135.94 0.505470792327
136.01 0.214987939874
136.08 0.6370684293
136.15 0.519618207632
136.22 0.583060651422
136.29 0.337358611187
136.36 0.677077137513
136.43 0.616112567672
136.5 0.724129861006
136.57 0.715801443293
136.64 0.750123499765
136.71 0.594258112182
136.78 0.591282626271
136.85 0.219756102401
136.92 0.381221829525
136.99 0.466289607975
137.06 0.606216500602
137.13 0.566238559449
137.2 0.489399295804
137.27 0.344993617166
137.34 0.30484785686
137.41 0.48925532209
137.48 0.515410772369
137.55 0.371760993748
137.62 0.289889741076
137.69 0.529444739969
137.76 0.280343664917
137.83 0.490663465699
137.9 0.441618680176
137.97 0.362865934401
138.04 0.342101349961
138.11 0.532252187198
138.18 0.284163390458
138.25 0.587154275969
138.32 0.401072025495
138.39 0.207948643749
138.46 0.325449250908
138.53 0.437646150978
138.6 0.373795076209
138.67 0.392783275092
138.74 0.601482326329
138.81 0.579113065309
138.88 0.562660948559
138.95 0.513623253966
139.02 0.247811652149
139.09 0.363402684221
139.16 0.633600753651
139.23 0.438091261074
139.3 0.605435459494
139.37 0.459932698351
139.44 0.306856054988
139.51 0.263613244233
139.58 0.700769019098
139.65 0.330012539797
139.72 0.523641963131
139.79 0.334136941448
139.86 0.486661320174
139.93 0.263413296367
140.0 0.391293182603
140.07 0.372094585986
140.14 0.481020578689
140.21 0.259656140893
140.28 0.248162907144
140.35 0.34025840264
140.42 0.634260784065
140.49 0.434831576949
140.56 0.279758630198
140.63 0.464391448395
140.7 0.556125636476
140.77 0.577712699915
140.84 0.59226965588
140.91 0.715508739405
140.98 0.653822075577
141.05 0.659034894795
141.12 0.479706503972
141.19 0.259881116499
141.26 0.385611410719
141.33 0.581366045437
141.4 0.569484684431
141.47 0.637094444203
141.54 0.492095258175
141.61 0.358670039476
141.68 0.338801031449
141.75 0.53382172479
141.82 0.44669284316
141.89 0.372281324807
141.96 0.271460331001
142.03 0.498026046242
142.1 0.274014324117
142.17 0.452635180174
142.24 0.368230989082
142.31 0.364830843707
142.38 0.289276632473
142.45 0.585408509685
142.52 0.245201900103
142.59 0.573980433002
142.66 0.5257893369
142.73 0.269230071407
142.8 0.18842898096
142.87 0.565310270346
142.94 0.285042925472
143.01 0.420289540346
143.08 0.56977447131
143.15 0.665867780578
143.22 0.495214575751
143.29 0.563764969903
143.36 0.252659566832
143.43 0.379382951382
143.5 0.577179449645
143.57 0.494089971771
143.64 0.598530341499
143.71 0.433176596664
143.78 0.323331163454
143.85 0.244964577785
143.92 0.524347519267
143.99 0.450561482056
144.06 0.352640527929
144.13 0.288700483656
144.2 0.56120630498
144.27 0.306653482817
144.34 0.497971702056
144.41 0.38897170369
144.48 0.292437012014
144.55 0.369239853934
144.62 0.466456319439
144.69 0.539683399966
144.76 0.585758381505
144.83 0.574441511322
144.9 0.253726769003
144.97 0.437320801838
145.04 0.698864747142
145.11 0.584757758316
145.18 0.511553692463
145.25 0.798198239762
145.32 0.679195572196
145.39 0.621677682136
145.46 0.435003786681
145.53 0.372968535207
145.6 0.651018914186
145.67 0.591363070016
145.74 0.435629196082
145.81 0.629098071981
145.88 0.439871737331
145.95 0.405471410882
146.02 0.274431928523
146.09 0.670444080506
146.16 0.541688876221
146.23 0.329411726252
146.3 0.265119079678
146.37 0.555986268568
146.44 0.228926451103
146.51 0.535920031678
146.58 0.46416992786
146.65 0.367748521752
146.72 0.263000487164
146.79 0.484860555421
146.86 0.442478516409
146.93 0.55304891183
147.0 0.503320350891
147.07 0.202096165834
147.14 0.370625040262
147.21 0.555019338058
147.28 0.427480120642
147.35 0.486801131446
147.42 0.652532925292
147.49 0.585414556059
147.56 0.524130769541
147.63 0.411909712673
147.7 0.414010682605
147.77 0.559415540992
147.84 0.638149306836
147.91 0.425220488642
147.98 0.637716577887
148.05 0.373518660512
148.12 0.374779330856
148.19 0.302696662138
148.26 0.774196526724
148.33 0.475700355272
148.4 0.58533917009
148.47 0.450214433982
148.54 0.618656712114
148.61 0.332305943391
148.68 0.464539492721
148.75 0.358359243817
148.82 0.666533949195
148.89 0.317306101316
148.96 0.250407321337
149.03 0.514200874919
149.1 0.712954878294
149.17 0.519103331796
149.24 0.255872610374
149.31 0.571439326094
149.38 0.608245822298
149.45 0.565784229135
149.52 0.587456410994
149.59 0.817102173948
149.66 0.660088322597
149.73 0.7277977184
149.8 0.354960144433
149.87 0.451039237405
149.94 0.54238406284
150.01 0.609123694344
150.08 0.505175923281
150.15 0.615223067763
150.22 0.453627860144
150.29 0.395419064998
150.36 0.277187652999
150.43 0.678849649029
150.5 0.472194118565
150.57 0.31727699005
150.64 0.242364984336
150.71 0.557346902085
150.78 0.273428183144
150.85 0.623368101288
150.92 0.40098078035
150.99 0.299388426234
151.06 0.353081359363
151.13 0.427172223339
151.2 0.487607868924
151.27 0.576185844211
151.34 0.349633779942
151.41 0.159417414019
151.48 0.398999690466
151.55 0.517982352196
151.62 0.349220731122
151.69 0.381107984373
151.76 0.620425451462
151.83 0.560159196169
151.9 0.598300411424
151.97 0.354769468438
152.04 0.414064719738
152.11 0.475972990192
152.18 0.604954129984
152.25 0.439455876245
152.32 0.626547048964
152.39 0.419356608133
152.46 0.336020455717
152.53 0.440887119181
152.6 0.690625505549
152.67 0.383662326152
152.74 0.418424601385
152.81 0.555452996776
152.88 0.488031192562
152.95 0.521756715587
153.02 0.369923151552
153.09 0.454042184527
153.16 0.465231384971
153.23 0.53763724341
153.3 0.456661169704
153.37 0.568394014181
153.44 0.562441564485
153.51 0.567315913042
153.58 0.247236704284
153.65 0.463402269411
153.72 0.586135880976
153.79 0.578794269038
153.86 0.450459099761
153.93 0.794647434366
154.0 0.724513135669
154.07 0.61902827139
154.14 0.366914960126
154.21 0.432178715436
154.28 0.637718595258
154.35 0.661587989707
154.42 0.423300338858
154.49 0.562452460584
154.56 0.469147099205
154.63 0.324829157553
154.7 0.299029817735
154.77 0.627385775977
154.84 0.512285837434
154.91 0.337537134172
154.98 0.349471519321
155.05 0.66989421634
155.12 0.381918801073
155.19 0.515272647023
155.26 0.499953189388
155.33 0.521739209226
155.4 0.508287033629
155.47 0.507470783227
155.54 0.453195908873
155.61 0.531421080566
155.68 0.362970506247
155.75 0.194655827548
155.82 0.478162032859
155.89 0.604248065918
155.96 0.569605590382
156.03 0.581209730751
156.1 0.786907157779
156.17 0.579111459735
156.24 0.677553310245
156.31 0.356412173752
156.38 0.525621981197
156.45 0.643635392298
156.52 0.714661556939
156.59 0.474866760645
156.66 0.671536430942
156.73 0.415739799122
156.8 0.459623046252
156.87 0.546444944566
156.94 0.764847847304
157.01 0.479036660755
157.08 0.495164371048
157.15 0.595872113722
157.22 0.639895912495
157.29 0.436358884624
157.36 0.356234993768
157.43 0.5950621077
157.5 0.506263590432
157.57 0.371085381079
157.64 0.346733061589
157.71 0.718297667283
157.78 0.565381653139
157.85 0.450264937129
157.92 0.250091367464
157.99 0.678285887099
158.06 0.653245700057
158.13 0.63584431125
158.2 0.685282887304
158.27 0.909095706119
158.34 0.659131641078
158.41 0.574687310616
158.48 0.309369383587
158.55 0.614618915369
158.62 0.563167228329
158.69 0.629921041692
158.76 0.492253043562
158.83 0.565341720385
158.9 0.38948549049
158.97 0.306937349587
159.04 0.492306135142
159.11 0.668216509782
159.18 0.350204358749
159.25 0.263924298162
159.32 0.568268683215
159.39 0.473906589619
159.46 0.47580988876
159.53 0.452200201413
159.6 0.531977458861
159.67 0.470874171088
159.74 0.52945410654
159.81 0.279386875786
159.88 0.585439139001
159.95 0.455274963212
160.02 0.246383333396
160.09 0.174146667242
160.16 0.645477462938
160.23 0.506876585684
160.3 0.559316646768
160.37 0.660907954893
160.44 0.73314733431
160.51 0.609198507815
160.58 0.536813498891
160.65 0.351737668319
160.72 0.57674762177
160.79 0.683983192453
160.86 0.554914213802
160.93 0.63287789203
161.0 0.466969133425
161.07 0.463423820558
161.14 0.381140641104
161.21 0.73346703022
161.28 0.501586944233
161.35 0.488339437093
161.42 0.444830364933
161.49 0.686806474466
161.56 0.383864789276
161.63 0.370546223615
161.7 0.382766085413
161.77 0.63842574549
161.84 0.291307829491
161.91 0.318812394471
161.98 0.471842486209
162.05 0.719505675062
162.12 0.429521393036
162.19 0.29911679713
162.26 0.461627168028
162.33 0.634991096758
162.4 0.621088007177
162.47 0.546134936628
162.54 0.824734821066
162.61 0.660954414689
162.68 0.584592392723
162.75 0.384423939662
162.82 0.408813827306
162.89 0.499018664514
162.96 0.527437026814
163.03 0.419190843656
163.1 0.549283506083
163.17 0.360768106747
163.24 0.291850602727
163.31 0.256498950979
163.38 0.665172721659
163.45 0.374695733355
163.52 0.237541718597
163.59 0.292200120144
163.66 0.538433869641
163.73 0.294506102892
163.8 0.460185684709
163.87 0.40691420994
163.94 0.41933493933
164.01 0.398982308935
164.08 0.365684540303
164.15 0.388091208775
164.22 0.40355213204
164.29 0.272703853693
164.36 0.15267501866
164.43 0.387171789791
164.5 0.391993487261
164.57 0.385595852857
164.64 0.441130341521
164.71 0.583462888798
164.78 0.484580899878
164.85 0.483184910715
164.92 0.258874066707
164.99 0.400045695892
165.06 0.403176535153
165.13 0.509796618284
165.2 0.354032353216
165.27 0.434545252315
165.34 0.3396154754
165.41 0.26114785761
165.48 0.374561756103
165.55 0.500273749066
165.62 0.351145006043
165.69 0.315081403122
165.76 0.476422653004
165.83 0.321507656645
165.9 0.367142369204
165.97 0.23640287393
166.04 0.457937052116
166.11 0.244848581822
166.18 0.424876785156
166.25 0.236466749692
166.32 0.410063558507
166.39 0.332572488893
166.46 0.222506556746
166.53 0.260156470422
166.6 0.34883551657
166.67 0.369253860745
166.74 0.450958186728
166.81 0.482881864572
166.88 0.567241332013
166.95 0.520067022459
167.02 0.370889067637
167.09 0.18389317911
167.16 0.368946609116
167.23 0.403451150138
167.3 0.357805059377
167.37 0.357663652575
167.44 0.289135792429
167.51 0.21241033663
167.58 0.171365531926
167.65 0.308949857944
167.72 0.312265135993
167.79 0.186355569808
167.86 0.118759882849
167.93 0.314236193547
168.0 0.217541120876
168.07 0.222432254074
168.14 0.190918399551
168.21 0.203915762731
168.28 0.19195565395
168.35 0.248879630562
168.42 0.145905865156
168.49 0.217718194682
168.56 0.168118224644
168.63 0.072959715737
168.7 0.146323499693
168.77 0.161572347908
168.84 0.16048431918
168.91 0.157564262187
168.98 0.199096636477
169.05 0.181150972167
169.12 0.199333516868
169.19 0.156989186623
169.26 0.0879255882119
169.33 0.177492142724
169.4 0.238888844624
169.47 0.154233698894
169.54 0.186520222291
169.61 0.140777248938
169.68 0.106972541949
169.75 0.0873833315146
169.82 0.244136438382
169.89 0.175997750049
169.96 0.157499169689
170.03 0.11726560783
170.1 0.223319461124
170.17 0.120713688006
170.24 0.122866730789
170.31 0.109353886275
170.38 0.156348414497
170.45 0.0907864498574
170.52 0.0871064609763
170.59 0.119621145303
170.66 0.150440694192
170.73 0.124075196279
170.8 0.0835930242932
170.87 0.112618097289
170.94 0.147810428382
171.01 0.129087825143
171.08 0.119270878905
171.15 0.150149158256
171.22 0.140350672541
171.29 0.134198576293
171.36 0.0954355143193
171.43 0.0755832450199
171.5 0.112452869439
171.57 0.111385974322
171.64 0.112813271476
171.71 0.117120608214
171.78 0.0747035521747
171.85 0.0614242118964
171.92 0.0532338363088
171.99 0.103081816715
172.06 0.0842146916575
172.13 0.06040428594
172.2 0.0444259859303
172.27 0.0992177118814
172.34 0.0568465130096
172.41 0.0889437478926
172.48 0.0616465746774
172.55 0.0594727110763
172.62 0.0534651854302
172.69 0.0848252907431
172.76 0.0457169512759
172.83 0.081806448574
172.9 0.0543493362923
172.97 0.0219613933704
173.04 0.0231972770267
173.11 0.0789077160252
173.18 0.0532623779474
173.25 0.0547173687555
173.32 0.062383523459
173.39 0.0628430851634
173.46 0.0519266961245
173.53 0.0586887543939
173.6 0.0405776757057
173.67 0.0478987824881
173.74 0.0561721558176
173.81 0.048644937139
173.88 0.0507855542939
173.95 0.0384134584668
174.02 0.0298500600773
174.09 0.0243717944382
174.16 0.0566188614451
174.23 0.0408917815177
174.3 0.0295509008895
174.37 0.036826258117
174.44 0.032503564394
174.51 0.0215745015016
174.58 0.0327759396099
174.65 0.0215766996611
174.72 0.0326068334144
174.79 0.0159759856289
174.86 0.021633498842
174.93 0.0150184259937
175.0 0.032118395756
175.07 0.0171893797596
175.14 0.0105582626422
175.21 0.0105008981383
175.28 0.0247337460917
175.35 0.0184695451397
175.42 0.0159104526378
175.49 0.0203273673431
175.56 0.0225570587452
175.63 0.0155469528026
175.7 0.0141742451913
175.77 0.00592062660129
175.84 0.0140289342167
175.91 0.0131492327625
175.98 0.0165639330531
176.05 0.0123788954865
176.12 0.00951782292106
176.19 0.00749508709541
176.26 0.00613695592213
176.33 0.0104179692681
176.4 0.0113879243997
176.47 0.00649073765358
176.54 0.00405828468331
176.61 0.0102553972885
176.68 0.0065758532047
176.75 0.0086598304449
176.82 0.0082620812174
176.89 0.00690007313343
176.96 0.00584980482675
177.03 0.00912941443693
177.1 0.00643040879092
177.17 0.0102295875662
177.24 0.00543960844889
177.31 0.00375431020604
177.38 0.00262256220749
177.45 0.00940915750496
177.52 0.00560889543298
177.59 0.0053787573081
177.66 0.00565767965337
177.73 0.00710180736339
177.8 0.00459733310068
177.87 0.0054896266231
177.94 0.00356085064075
178.01 0.00471847579856
178.08 0.0053075165632
178.15 0.00498000943891
178.22 0.00475360043724
178.29 0.00335581056244
178.36 0.00239975032466
178.43 0.00230902889269
178.5 0.00559626749404
178.57 0.00332204183812
178.64 0.00374919790671
178.71 0.00205797525073
178.78 0.00316484329688
178.85 0.00168923685124
178.92 0.00259877703039
178.99 0.00149511008999
179.06 0.00215994144551
179.13 0.0012997665929
179.2 0.0013341508593
179.27 0.00193064843551
179.34 0.00159722837675
179.41 0.000976084725427
179.48 0.000825129129572
179.55 0.00778188235295
