0.0 0.488866957523
0.07 0.636173912428
0.14 0.592097893598
0.21 0.566585696221
0.28 0.499179564065
0.35 0.505258262486
0.42 0.497845989289
0.49 0.393603891494
0.56 0.327630221122
0.63 0.681695338658
0.7 0.583236366372
0.77 0.510569668064
0.84 0.575204525029
0.91 0.50950178522
0.98 0.550567112428
1.05 0.674215974905
1.12 0.503449493657
1.19 0.482807133466
1.26 0.890042641675
1.33 0.807185825123
1.4 0.88317561158
1.47 0.713546105469
1.54 0.551290504286
1.61 0.595097727609
1.68 0.798025552789
1.75 0.768331310134
1.82 0.793471458815
1.89 0.682257419098
1.96 0.641472942916
2.03 0.735790971222
2.1 0.607539882885
2.17 0.56610139142
2.24 0.779231298216
2.31 0.744765201563
2.38 0.751700641674
2.45 0.72900038162
2.52 0.603590284227
2.59 0.481856959061
2.66 0.728217584624
2.73 0.541337690944
2.8 0.399375488877
2.87 0.685675753486
2.94 0.661599252827
3.01 0.570719513546
3.08 0.584849813851
3.15 0.480467400334
3.22 0.435484382675
3.29 0.833070316266
3.36 0.777313700349
3.43 0.740302942444
3.5 0.672271058518
3.57 0.570795918749
3.64 0.601483260432
3.71 0.836093804501
3.78 0.659958357429
3.85 0.695965442976
3.92 0.686923124152
3.99 0.693887057163
4.06 0.645089941418
4.13 0.609681941988
4.2 0.446419527619
4.27 0.57760407894
4.34 0.47916520049
4.41 0.369448630993
4.48 0.657705934166
4.55 0.494017245778
4.62 0.454174668454
4.69 0.692215065234
4.76 0.386401641928
4.83 0.309868919955
4.9 0.637656576456
4.97 0.563377395268
5.04 0.482010326268
5.11 0.535980431657
5.18 0.45081541179
5.25 0.274039996888
5.32 0.684295399614
5.39 0.514570931547
5.46 0.53329260206
5.53 0.758255359547
5.6 0.586182902406
5.67 0.263679323158
5.74 0.223840417973
5.81 0.134553653945
5.88 0.0790986259556
5.95 0.369436736241
6.02 0.351970204155
6.09 0.285234259987
6.16 0.242423515708
6.23 0.219560546352
6.3 0.211178567595
6.37 0.416283761665
6.44 0.177279654735
6.51 0.374877656784
6.58 0.678493980068
6.65 0.564112526993
6.72 0.568877701344
6.79 0.49540761814
6.86 0.502689139255
6.93 0.546208330001
7.0 0.517377683173
7.07 0.318972967188
7.14 0.495628967959
7.21 0.299090157567
7.28 0.330179415203
7.35 0.440099569835
7.42 0.342960158201
7.49 0.178851271586
7.56 0.445403605646
7.63 0.483528582404
7.7 0.391161403157
7.77 0.564594359522
7.84 0.417431525795
7.91 0.356768421878
7.98 0.583971498097
8.05 0.303522649419
8.12 0.192837103692
8.19 0.766160403269
8.26 0.599876910201
8.33 0.60342564769
8.4 0.543841748884
8.47 0.328247779687
8.54 0.413292522774
8.61 0.488288767115
8.68 0.399388693286
8.75 0.506930121097
8.82 0.341307075928
8.89 0.152507815952
8.96 0.398880204908
9.03 0.599165689534
9.1 0.272393441337
9.17 0.49217302012
9.24 0.5847313702
9.31 0.471115349392
9.38 0.530461617842
9.45 0.41814734987
9.52 0.293522700158
9.59 0.606569681302
9.66 0.352485105544
9.73 0.183540879856
9.8 0.717452038409
9.87 0.452431466821
9.94 0.360973417538
10.01 0.537282059016
10.08 0.456863935146
10.15 0.476501446639
10.22 0.728883878929
10.29 0.442793912431
10.36 0.357049247416
10.43 0.672395856362
10.5 0.48759613065
10.57 0.466455478982
10.64 0.580818979157
10.71 0.338591455312
10.78 0.534769698081
10.85 0.62114495158
10.92 0.473614447101
10.99 0.506626568682
11.06 0.541487997707
11.13 0.26736820776
11.2 0.701033444332
11.27 0.624070705619
11.34 0.203515824298
11.41 0.498825080076
11.48 0.690794594269
11.55 0.432284572932
11.62 0.591666137837
11.69 0.394724766466
11.76 0.311458409322
11.83 0.598394883357
11.9 0.443946691687
11.97 0.264145680942
12.04 0.576306664836
12.11 0.353666175762
12.18 0.182094729402
12.25 0.649030495987
12.32 0.371478763365
12.39 0.197243682748
12.46 0.567671108482
12.53 0.625608575254
12.6 0.529543886877
12.67 0.754689388686
12.74 0.43713050102
12.81 0.353630462099
12.88 0.788342156454
12.95 0.659539417885
13.02 0.446838884764
13.09 0.636191875131
13.16 0.584709145228
13.23 0.573638968287
13.3 0.49121426628
13.37 0.433490985421
13.44 0.435297599589
13.51 0.535375365816
13.58 0.358396271672
13.65 0.430062852126
13.72 0.388481876555
13.79 0.284851708541
13.86 0.221014425356
13.93 0.286301054717
14.0 0.264299689253
14.07 0.383846144628
14.14 0.580121398145
14.21 0.471468849177
14.28 0.550878589449
14.35 0.623277754853
14.42 0.358663214445
14.49 0.493656474256
14.56 0.503786816815
14.63 0.448788600616
14.7 0.543003975666
14.77 0.655949469307
14.84 0.553286369892
14.91 0.541933167659
14.98 0.362404354002
15.05 0.339711455872
15.12 0.581456508043
15.19 0.531424569253
15.26 0.293061677073
15.33 0.405300874988
15.4 0.254829173094
15.47 0.118644457949
15.54 0.417690051859
15.61 0.337924682629
15.68 0.231308630029
15.75 0.396567737362
15.82 0.441818366347
15.89 0.378509673219
15.96 0.660441058488
16.03 0.524075318438
16.1 0.399485639335
16.17 0.703877299663
16.24 0.216317959027
16.31 0.146059294076
16.38 0.716023715378
16.45 0.60766302209
16.52 0.543983305643
16.59 0.49155385193
16.66 0.273449976427
16.73 0.48965925346
16.8 0.648746306118
16.87 0.374477660225
16.94 0.463628617834
17.01 0.508142097671
17.08 0.356295892234
17.15 0.185426308761
17.22 0.614713139606
17.29 0.500376661907
17.36 0.537015557371
17.43 0.404410564494
17.5 0.287201962068
17.57 0.441650992859
17.64 0.606932632973
17.71 0.397724986708
17.78 0.622991835766
17.85 0.642985240893
17.92 0.360511855297
17.99 0.34616962373
18.06 0.876853108981
18.13 0.517615872291
18.2 0.506266857825
18.27 0.41128994027
18.34 0.276133892736
18.41 0.474457315828
18.48 0.692868143367
18.55 0.433204766367
18.62 0.451336896758
18.69 0.362129027851
18.76 0.15281651093
18.83 0.462113853465
18.9 0.591190671265
18.97 0.364493522926
19.04 0.609659001409
19.11 0.531755575468
19.18 0.530140592867
19.25 0.648340747434
19.32 0.542692606476
19.39 0.390937908479
19.46 0.410782930158
19.53 0.499878180255
19.6 0.415708933628
19.67 0.646863957261
19.74 0.683104191311
19.81 0.567893368004
19.88 0.588238212362
19.95 0.487665783665
20.02 0.376102177058
20.09 0.675775132361
20.16 0.73678122547
20.23 0.515455834801
20.3 0.621417815261
20.37 0.489391228455
20.44 0.341450559923
20.51 0.705124580143
20.58 0.381499896537
20.65 0.245136711103
20.72 0.520529611983
20.79 0.503240936529
20.86 0.393246578409
20.93 0.585016542312
21.0 0.474499397408
21.07 0.248325177014
21.14 0.578349644795
21.21 0.483804188916
21.28 0.29466562169
21.35 0.67659031202
21.42 0.691627946411
21.49 0.583998912686
21.56 0.600491659275
21.63 0.474305752342
21.7 0.37651716018
21.77 0.74176345208
21.84 0.656528424335
21.91 0.584894995085
21.98 0.6737992508
22.05 0.385728571908
22.12 0.470295919227
22.19 0.646931310533
22.26 0.462138291915
22.33 0.248864009067
22.4 0.599916482257
22.47 0.463872241639
22.54 0.396853087885
22.61 0.772832608036
22.68 0.571436182624
22.75 0.579930244957
22.82 0.689733134238
22.89 0.409137796018
22.96 0.297728272224
23.03 0.873542490029
23.1 0.572912913981
23.17 0.483550572108
23.24 0.466685819955
23.31 0.441466658519
23.38 0.571818018464
23.45 0.748671218807
23.52 0.389502474477
23.59 0.566167931056
23.66 0.459600578906
23.73 0.447674273933
23.8 0.566254699809
23.87 0.564734588978
23.94 0.281872615354
24.01 0.660414694762
24.08 0.535378267453
24.15 0.466762040865
24.22 0.664512814108
24.29 0.545334541193
24.36 0.26899056993
24.43 0.73304007611
24.5 0.65227904147
24.57 0.336908539112
24.64 0.792045523753
24.71 0.69926060875
24.78 0.492147619032
24.85 0.599154994648
24.92 0.411701000301
24.99 0.327443043961
25.06 0.706507606265
25.13 0.682373114036
25.2 0.571982915757
25.27 0.747887953236
25.34 0.507949807356
25.41 0.38409696371
25.48 0.741461495566
25.55 0.681796162706
25.62 0.54598617831
25.69 0.767352527156
25.76 0.662684974857
25.83 0.510654427237
25.9 0.675653938037
25.97 0.59129086205
26.04 0.465785839951
26.11 0.794724701375
26.18 0.68146726998
26.25 0.548951941612
26.32 0.612533643502
26.39 0.540757426258
26.46 0.545151867452
26.53 0.672982320356
26.6 0.561905722171
26.67 0.433786381883
26.74 0.646210179207
26.81 0.592082448262
26.88 0.541021447788
26.95 0.75367768389
27.02 0.591858483048
27.09 0.514754275801
27.16 0.715686017753
27.23 0.482832181653
27.3 0.278172228114
27.37 0.668282617134
27.44 0.638766674199
27.51 0.529211465134
27.58 0.737486407595
27.65 0.657502699973
27.72 0.428019462409
27.79 0.804392442594
27.86 0.746783411736
27.93 0.51898685858
28.0 0.805764685605
28.07 0.656161955409
28.14 0.621609748754
28.21 0.583813505916
28.28 0.424057610217
28.35 0.381995213836
28.42 0.742296545557
28.49 0.587654720585
28.56 0.384163799392
28.63 0.587983011417
28.7 0.275077667415
28.77 0.37151378887
28.84 0.480481822255
28.91 0.316218478359
28.98 0.235279671392
29.05 0.628631047916
29.12 0.521966704624
29.19 0.399778424324
29.26 0.659769160886
29.33 0.520359350583
29.4 0.504343780178
29.47 0.773376114078
29.54 0.314245665084
29.61 0.281732266304
29.68 0.910822233617
29.75 0.606946566713
29.82 0.508742167991
29.89 0.500517516783
29.96 0.272674551157
30.03 0.502588317168
30.1 0.794159836932
30.17 0.489903218403
30.24 0.495992117648
30.31 0.58866531178
30.38 0.4136045017
30.45 0.213864528774
30.52 0.785508627422
30.59 0.563737221798
30.66 0.527054774329
30.73 0.438487579056
30.8 0.328128130288
30.87 0.457639844676
30.94 0.8323533433
31.01 0.46028721408
31.08 0.507344231767
31.15 0.672474957342
31.22 0.429550672003
31.29 0.168854812132
31.36 0.903507324069
31.43 0.686397763145
31.5 0.63397460873
31.57 0.605049690065
31.64 0.464627437793
31.71 0.390025282827
31.78 0.833455639952
31.85 0.546605121035
31.92 0.700089788808
31.99 0.609188277446
32.06 0.398643407792
32.13 0.419120070779
32.2 0.772459598663
32.27 0.557487744387
32.34 0.712319473666
32.41 0.372820927379
32.48 0.296200664189
32.55 0.454623630139
32.62 0.534848834352
32.69 0.397780396213
32.76 0.781219166675
32.83 0.594455416902
32.9 0.399180363583
32.97 0.559363221461
33.04 0.396562202685
33.11 0.297136826432
33.18 0.61984515735
33.25 0.502924828652
33.32 0.289287384352
33.39 0.482929700187
33.46 0.723042022716
33.53 0.345482102381
33.6 0.546947535782
33.67 0.626104527776
33.74 0.521362258321
33.81 0.438714651766
33.88 0.489175489774
33.95 0.342528569088
34.02 0.623180422573
34.09 0.675446582735
34.16 0.533419697687
34.23 0.692087642193
34.3 0.635524284891
34.37 0.51713441227
34.44 0.744469514938
34.51 0.535953181756
34.58 0.396307778124
34.65 0.748575682405
34.72 0.668528068187
34.79 0.489130643796
34.86 0.743772271143
34.93 0.568343078625
35.0 0.607534159994
35.07 0.759695463617
35.14 0.600828506016
35.21 0.400519861228
35.28 0.816446286282
35.35 0.74758058556
35.42 0.438427097567
35.49 0.807076809832
35.56 0.615618070038
35.63 0.445627037586
35.7 0.876174527811
35.77 0.674191944252
35.84 0.634943398706
35.91 0.813473986455
35.98 0.569868847649
36.05 0.434408294865
36.12 0.695069480171
36.19 0.442132376418
36.26 0.33477781796
36.33 0.812289367613
36.4 0.612032905239
36.47 0.622219535637
36.54 0.650978625741
36.61 0.678677169438
36.68 0.592835213314
36.75 0.822151434214
36.82 0.536018311746
36.89 0.646366312771
36.96 0.666292831242
37.03 0.476107084745
37.1 0.323190920225
37.17 0.74081114654
37.24 0.439893610455
37.31 0.652819971328
37.38 0.664866017847
37.45 0.453059243854
37.52 0.473709632562
37.59 0.828142854136
37.66 0.575869170499
37.73 0.707802640242
37.8 0.812993826289
37.87 0.463676930092
37.94 0.521369173236
38.01 0.693590925489
38.08 0.525047178659
38.15 0.795671607517
38.22 0.636246192601
38.29 0.559914030609
38.36 0.658236982774
38.43 0.611536141043
38.5 0.546529137354
38.57 0.82245062241
38.64 0.636384424241
38.71 0.44782691573
38.78 0.823681294938
38.85 0.699773347635
38.92 0.58529601702
38.99 0.82239190543
39.06 0.67839371086
39.13 0.602388935879
39.2 0.660881060389
39.27 0.47714682367
39.34 0.619635647387
39.41 0.789091243485
39.48 0.487299053983
39.55 0.551733645052
39.62 0.651094928454
39.69 0.574636570735
39.76 0.692017187306
39.83 0.663415532583
39.9 0.495622672583
39.97 0.395136669539
40.04 0.647896763625
40.11 0.458606474108
40.18 0.549919163135
40.25 0.658187719641
40.32 0.532420168003
40.39 0.625587328604
40.46 0.720219525787
40.53 0.453704887522
40.6 0.593568539359
40.67 0.592672331483
40.74 0.523522086031
40.81 0.692027466552
40.88 0.778747303183
40.95 0.63083858991
41.02 0.778511829449
41.09 0.62780974541
41.16 0.429122192347
41.23 0.618306738757
41.3 0.612781439391
41.37 0.607247964466
41.44 0.696653617194
41.51 0.672155210656
41.58 0.601502246549
41.65 0.687171739557
41.72 0.551250104871
41.79 0.385850730831
41.86 0.720399586095
41.93 0.808817554876
42.0 0.65736456048
42.07 0.476375546957
42.14 0.59021484678
42.21 0.456491768816
42.28 0.703933015017
42.35 0.5919539822
42.42 0.530047256219
42.49 0.806176102459
42.56 0.456971972115
42.63 0.322477484119
42.7 0.809537262832
42.77 0.493039025482
42.84 0.188015076859
42.91 0.716693719074
42.98 0.528862860882
43.05 0.555636564602
43.12 0.581757060793
43.19 0.439829401931
43.26 0.422529119928
43.33 0.60273570112
43.4 0.353822425
43.47 0.449152789404
43.54 0.68521642629
43.61 0.316728413635
43.68 0.164900372838
43.75 0.765006153588
43.82 0.578818704238
43.89 0.753352584859
43.96 0.733382306563
44.03 0.544528123302
44.1 0.527269387645
44.17 0.863921551433
44.24 0.578274443379
44.31 0.65716927246
44.38 0.693498888697
44.45 0.444397498265
44.52 0.411156302236
44.59 0.776283321166
44.66 0.685383517456
44.73 0.804335417582
44.8 0.659225588186
44.87 0.483103841546
44.94 0.646913430174
45.01 0.757892764699
45.08 0.599406411702
45.15 0.681448848506
45.22 0.414475904499
45.29 0.114376504607
45.36 0.723289126526
45.43 0.440879037791
45.5 0.192190330738
45.57 0.19724102226
45.64 0.727864529887
45.71 0.650404677997
45.78 0.821473768628
45.85 0.489765104398
45.92 0.41708398809
45.99 0.854751674288
46.06 0.624339205081
46.13 0.360867431321
46.2 0.748769613714
46.27 0.627405547359
46.34 0.539917910098
46.41 0.738495736185
46.48 0.482024897191
46.55 0.387549229607
46.62 0.773257331249
46.69 0.745202742954
46.76 0.636683716347
46.83 0.724047057669
46.9 0.529544086855
46.97 0.487261320937
47.04 0.693914314907
47.11 0.514399613402
47.18 0.274820272597
47.25 0.661177731218
47.32 0.52061369084
47.39 0.402315525636
47.46 0.683002179161
47.53 0.497191430929
47.6 0.384177940952
47.67 0.743406211975
47.74 0.445928221638
47.81 0.253611610868
47.88 0.81263930701
47.95 0.656104844133
48.02 0.63436147146
48.09 0.522121936328
48.16 0.429256287193
48.23 0.380709757222
48.3 0.813533211221
48.37 0.62055947179
48.44 0.661701382611
48.51 0.590764109042
48.58 0.358928006478
48.65 0.558014979694
48.72 0.715466620657
48.79 0.338391695242
48.86 0.535638265903
48.93 0.604294864458
49.0 0.456648172939
49.07 0.561513062049
49.14 0.627718371289
49.21 0.347432655394
49.28 0.744373019819
49.35 0.674352638092
49.42 0.391380449312
49.49 0.633261217717
49.56 0.686841915563
49.63 0.631416260768
49.7 0.666876944518
49.77 0.421947637731
49.84 0.465354376314
49.91 0.699013612772
49.98 0.632521472781
50.05 0.322911371016
50.12 0.651905855646
50.19 0.540538170323
50.26 0.431983759427
50.33 0.773567992675
50.4 0.541771915057
50.47 0.317474057913
50.54 0.803375283504
50.61 0.602607313481
50.68 0.525000256442
50.75 0.722612880389
50.82 0.523398268469
50.89 0.557182731351
50.96 0.864183920206
51.03 0.433874985725
51.1 0.22717192087
51.17 0.781636035861
51.24 0.698717841842
51.31 0.648331817058
51.38 0.634624945992
51.45 0.428902575667
51.52 0.526231554391
51.59 0.763145157252
51.66 0.645380073761
51.73 0.769861051264
51.8 0.621150762697
51.87 0.328086972134
51.94 0.599474129639
52.01 0.736988116118
52.08 0.597617219121
52.15 0.721070060326
52.22 0.729066436997
52.29 0.577160640168
52.36 0.576346756443
52.43 0.641281599554
52.5 0.572709897411
52.57 0.730668334784
52.64 0.759310157576
52.71 0.555923924705
52.78 0.758346641522
52.85 0.701583763339
52.92 0.580260027779
52.99 0.743546041476
53.06 0.554242886727
53.13 0.446881225139
53.2 0.654101324478
53.27 0.733569820941
53.34 0.626413530563
53.41 0.721580558285
53.48 0.562323995123
53.55 0.498849098966
53.62 0.737933593007
53.69 0.495959868304
53.76 0.23934625504
53.83 0.751756429569
53.9 0.679020935014
53.97 0.598284205506
54.04 0.766584736328
54.11 0.589438905881
54.18 0.465134736108
54.25 0.683221225316
54.32 0.61615877247
54.39 0.456609098866
54.46 0.892882428832
54.53 0.73159390213
54.6 0.797570501587
54.67 0.595231822455
54.74 0.536305797325
54.81 0.579374110913
54.88 0.800076978864
54.95 0.61308535451
55.02 0.698087559206
55.09 0.528370868702
55.16 0.305261943644
55.23 0.594009846996
55.3 0.578576117572
55.37 0.487458810673
55.44 0.660540798343
55.51 0.745171522907
55.58 0.637009501575
55.65 0.665158767545
55.72 0.736763627433
55.79 0.585459634063
55.86 0.809122634572
55.93 0.753653876742
56.0 0.499762838219
56.07 0.701443790717
56.14 0.733261678842
56.21 0.631414068856
56.28 0.799049965972
56.35 0.585951930131
56.42 0.458412570246
56.49 0.682164933336
56.56 0.733776701786
56.63 0.636366310575
56.7 0.779787949849
56.77 0.542951738356
56.84 0.462445247872
56.91 0.698706631328
56.98 0.489089428785
57.05 0.261506502781
57.12 0.628265124027
57.19 0.654535936784
57.26 0.540993325435
57.33 0.673271303808
57.4 0.502236599538
57.47 0.324901127499
57.54 0.733021499751
57.61 0.658919281176
57.68 0.617231470463
57.75 0.884820939816
57.82 0.789206663944
57.89 0.823150401216
57.96 0.7359149868
58.03 0.687074783705
58.1 0.574468950216
58.17 0.732671080015
58.24 0.538142159155
58.31 0.598274424244
58.38 0.706106976444
58.45 0.46466638835
58.52 0.413273869953
58.59 0.84772414837
58.66 0.66437978973
58.73 0.716769218495
58.8 0.597936965808
58.87 0.366944212309
58.94 0.223551971717
59.01 0.827557639022
59.08 0.632023242082
59.15 0.640355696951
59.22 0.591003880336
59.29 0.480990520414
59.36 0.27467844528
59.43 0.718121289247
59.5 0.737116974293
59.57 0.666806211232
59.64 0.563943379194
59.71 0.452192175866
59.78 0.392714629902
59.85 0.79643106398
59.92 0.702630789686
59.99 0.610668304513
60.06 0.56346079969
60.13 0.426539400052
60.2 0.435423118921
60.27 0.826767672237
60.34 0.762204095556
60.41 0.708632245743
60.48 0.65084063133
60.55 0.597443309108
60.62 0.663286909675
60.69 0.678033366741
60.76 0.598416541725
60.83 0.67794715871
60.9 0.566432950514
60.97 0.351856091393
61.04 0.515916156003
61.11 0.666913783546
61.18 0.620648150133
61.25 0.61281734519
61.32 0.586542115279
61.39 0.499692773485
61.46 0.559079415863
61.53 0.582441388381
61.6 0.513076039471
61.67 0.549294862184
61.74 0.53640505096
61.81 0.368257379557
61.88 0.599513644839
61.95 0.591698845953
62.02 0.476599906244
62.09 0.449912488977
62.16 0.374577617703
62.23 0.419627882763
62.3 0.629256870265
62.37 0.456174982584
62.44 0.369455651778
62.51 0.634459256631
62.58 0.637833978237
62.65 0.378100009111
62.72 0.758548111206
62.79 0.424314203164
62.86 0.442561373664
62.93 0.49793878286
63.0 0.503654433542
63.07 0.514431782362
63.14 0.647387124395
63.21 0.584668822275
63.28 0.541829400802
63.35 0.620519529186
63.42 0.382705334625
63.49 0.475081920666
63.56 0.602400983555
63.63 0.546994052161
63.7 0.514376014073
63.77 0.490078690987
63.84 0.507363874674
63.91 0.598132941987
63.98 0.626061130656
64.05 0.468319957283
64.12 0.41712433457
64.19 0.413039882328
64.26 0.381992267106
64.33 0.44098000692
64.4 0.674246197024
64.47 0.548551647047
64.54 0.514867378872
64.61 0.504844641957
64.68 0.489071089655
64.75 0.517048168949
64.82 0.643744550314
64.89 0.586198539877
64.96 0.513363823057
65.03 0.488854649092
65.1 0.515811385337
65.17 0.594733636849
65.24 0.680431848222
65.31 0.356766784806
65.38 0.252745995658
65.45 0.415323096274
65.52 0.500354889826
65.59 0.368507849658
65.66 0.518642955764
65.73 0.33717387226
65.8 0.325923421311
65.87 0.447031051564
65.94 0.189415714743
66.01 0.361867170785
66.08 0.757730374969
66.15 0.600725076376
66.22 0.53785212484
66.29 0.419681925754
66.36 0.464587148169
66.43 0.655880514254
66.5 0.543523837286
66.57 0.43508439788
66.64 0.34474684714
66.71 0.543754986012
66.78 0.300905578595
66.85 0.210354218371
66.92 0.618395040672
66.99 0.550204650898
67.06 0.481064767034
67.13 0.619195908202
67.2 0.611389353495
67.27 0.582885140843
67.34 0.472627488564
67.41 0.383790737083
67.48 0.389414072573
67.55 0.598921248173
67.62 0.233289099313
67.69 0.478519499966
67.76 0.910355993467
67.83 0.59031138111
67.9 0.419601917032
67.97 0.474382386931
68.04 0.358214054743
68.11 0.642064757294
68.18 0.533327690303
68.25 0.406985504723
68.32 0.450325976188
68.39 0.537095287693
68.46 0.311681647166
68.53 0.405996801282
68.6 0.687069776421
68.67 0.662764516965
68.74 0.490814869654
68.81 0.399786264625
68.88 0.601376507634
68.95 0.644605956189
69.02 0.50382479101
69.09 0.459204928922
69.16 0.310560362435
69.23 0.625989869977
69.3 0.334065618971
69.37 0.397611722871
69.44 0.694726716444
69.51 0.594252153301
69.58 0.483036723543
69.65 0.532313630867
69.72 0.406615883207
69.79 0.401992330314
69.86 0.440129388077
69.93 0.357083316165
70.0 0.31822295673
70.07 0.265056412688
70.14 0.228385295328
70.21 0.280961122909
70.28 0.399171258717
70.35 0.218441441771
70.42 0.182598790824
70.49 0.135443748777
70.56 0.192748044998
70.63 0.370082087785
70.7 0.349623938418
70.77 0.227415295684
70.84 0.181625693485
70.91 0.172028140516
70.98 0.120632871446
71.05 0.469626374304
71.12 0.271506285393
71.19 0.221248663933
71.26 0.205005883579
71.33 0.19109387069
71.4 0.183408437766
71.47 0.526152982763
71.54 0.386729907273
71.61 0.223500146125
71.68 0.277173257192
71.75 0.17584116029
71.82 0.256935187198
71.89 0.612275505629
71.96 0.34236958094
72.03 0.320813361901
72.1 0.773907162685
72.17 0.549937092507
72.24 0.483818463795
72.31 0.623001375878
72.38 0.467734161841
72.45 0.30898592237
72.52 0.466566358771
72.59 0.353866571056
72.66 0.399360135687
72.73 0.871276148711
72.8 0.73292465173
72.87 0.341553336694
72.94 0.112800737239
73.01 0.051646366552
73.08 0.0410740027101
73.15 0.0215976889229
73.22 0.00966415926531
73.29 0.0142476499602
73.36 0.0677277472626
73.43 0.0276966203817
73.5 0.0252745846655
73.57 0.0133684009773
73.64 0.00484479095987
73.71 0.0496708241689
73.78 0.0537248405907
73.85 0.0201798588396
73.92 0.252494823675
73.99 0.738433068666
74.06 0.526106948682
74.13 0.399870708147
74.2 0.279188222628
74.27 0.238530910693
74.34 0.339264884116
74.41 0.89978069858
74.48 0.748206735324
74.55 0.522755097075
74.62 0.268266391885
74.69 0.0559318649962
74.76 0.0396323066614
74.83 0.0127994409126
74.9 0.0107908669199
74.97 0.0570168929863
75.04 0.0409052666298
75.11 0.0198746281807
75.18 0.0300553298282
75.25 0.00374333539046
75.32 0.000772696162472
75.39 0.0634435388705
75.46 0.0240889698562
75.53 0.0224047812486
75.6 0.513972237544
75.67 0.69658888716
75.74 0.502234003749
75.81 0.334609962173
75.88 0.254315442163
75.95 0.199031618606
76.02 0.633951775983
76.09 0.84495291435
76.16 0.625169275236
76.23 0.268668333325
76.3 0.0534387705397
76.37 0.0336399162597
76.44 0.0272113254943
76.51 0.00958109206046
76.58 0.0311785123859
76.65 0.0929267599656
76.72 0.0277553334404
76.79 0.0313673128947
76.86 0.0166106608877
76.93 0.00234165840733
77.0 0.0518910451416
77.07 0.0529601494177
77.14 0.0251419700463
77.21 0.276067439364
77.28 0.807501005653
77.35 0.554213876237
77.42 0.400488519626
77.49 0.268746048186
77.56 0.226534213572
77.63 0.485513849192
77.7 0.897577246325
77.77 0.741253359959
77.84 0.462796965502
77.91 0.279183899581
77.98 0.069756181785
78.05 0.0501126297896
78.12 0.0197787349555
78.19 0.0174995166422
78.26 0.0320721636838
78.33 0.0507932087764
78.4 0.0236540203335
78.47 0.0541643013749
78.54 0.0232694161754
78.61 0.0169562968435
78.68 0.0468814843257
78.75 0.0268255312729
78.82 0.0157163998538
78.89 0.389234625923
78.96 0.860983683059
79.03 0.660129846144
79.1 0.623481098838
79.17 0.698304123284
79.24 0.473849146411
79.31 0.611657049125
79.38 0.668176503481
79.45 0.575340392227
79.52 0.264918757454
79.59 0.0658413027842
79.66 0.0393634092047
79.73 0.0356278945105
79.8 0.0136092192132
79.87 0.00818914536451
79.94 0.0716286709572
80.01 0.029693397651
80.08 0.0301119176338
80.15 0.0285873602397
80.22 0.0118659528817
80.29 0.0492527727613
80.36 0.0553436325714
80.43 0.0290906962519
80.5 0.089258245641
80.57 0.949042301729
80.64 0.872024296631
80.71 0.778509688511
80.78 0.687942849622
80.85 0.542313184093
80.92 0.307744813751
80.99 0.988303290985
81.06 0.724085084799
81.13 0.570987285638
81.2 0.229645644938
81.27 0.0917511185537
81.34 0.0766380612039
81.41 0.0281093664987
81.48 0.0214306565741
81.55 0.0722762849935
81.62 0.0435329813642
81.69 0.0369129413659
81.76 0.0624534120594
81.83 0.0189545425764
81.9 0.00667421434764
81.97 0.0881999362393
82.04 0.0484184422974
82.11 0.0289971419815
82.18 0.740223412099
82.25 0.826110474955
82.32 0.575936088525
82.39 0.684208454411
82.46 0.628377658533
82.53 0.440315512414
82.6 0.91146533051
82.67 0.777748610661
82.74 0.454676183101
82.81 0.211373749745
82.88 0.408396459102
82.95 0.257062651412
83.02 0.085202027504
83.09 0.0558814353273
83.16 0.0367074289956
83.23 0.119166791842
83.3 0.0567898104731
83.37 0.252106733632
83.44 0.65152444721
83.51 0.834660464383
83.58 0.453610796057
83.65 0.200686290899
83.72 0.0754918341579
83.79 0.0565958850457
83.86 0.0619534717469
83.93 0.0264906647041
84.0 0.0266154821538
84.07 0.0963377089028
84.14 0.0170364153577
84.21 0.013051328502
84.28 0.84728948705
84.35 0.741474537248
84.42 0.463275602309
84.49 0.147673261105
84.56 0.0651478075912
84.63 0.0589114934176
84.7 0.0748952497236
84.77 0.0280314379364
84.84 0.021075033497
84.91 0.758589665394
84.98 0.588341175387
85.05 0.397062935066
85.12 0.155124712285
85.19 0.0601128613717
85.26 0.0638293742638
85.33 0.0778467106987
85.4 0.0431169101279
85.47 0.0670252805213
85.54 0.164942581856
85.61 0.16285413442
85.68 0.0986409696324
85.75 0.0317011011525
85.82 0.0212167529831
85.89 0.965271354202
85.96 0.872625033543
86.03 0.718500713591
86.1 0.185730392489
86.17 0.0759714179176
86.24 0.0688250268272
86.31 0.0706215891746
86.38 0.0271583706169
86.45 0.0315055994303
86.52 0.715666417978
86.59 0.849698245816
86.66 0.735807902667
86.73 0.216119773291
86.8 0.0594557346709
86.87 0.0365207772667
86.94 0.0991904044241
87.01 0.0362678035239
87.08 0.0373886392845
87.15 0.0553001668316
87.22 0.0186622594929
87.29 0.0563615327551
87.36 0.0807974227377
87.43 0.0180037623568
87.5 0.113464004431
87.57 0.950918943379
87.64 0.800029219486
87.71 0.558728823597
87.78 0.209169113309
87.85 0.0730155986052
87.92 0.0591640868106
87.99 0.047199856656
88.06 0.0243414064041
88.13 0.596452356899
88.2 1.0
88.27 0.850091911708
88.34 0.302218165516
88.41 0.10927591865
88.48 0.0673147658776
88.55 0.0883032051123
88.62 0.0606023812779
88.69 0.0361457053787
88.76 0.0525422764215
88.83 0.0343715973893
88.9 0.0157261085748
88.97 0.0747236904288
89.04 0.0377061411236
89.11 0.0200198904088
89.18 0.651854412365
89.25 0.979780786727
89.32 0.806199133223
89.39 0.445037040653
89.46 0.196780810849
89.53 0.0784302789378
89.6 0.0494712425097
89.67 0.019982535752
89.74 0.0490183616538
89.81 0.065343640649
89.88 0.0322533023022
89.95 0.0372423536411
90.02 0.0298693858635
90.09 0.0145317790513
90.16 0.0670397710618
90.23 0.038231308034
90.3 0.022526301027
90.37 0.0301278884013
90.44 0.733264723601
90.51 0.776551650058
90.58 0.750816332472
90.65 0.3449496206
90.72 0.26092036424
90.79 0.240221049618
90.86 0.875532111234
90.93 0.892481891157
91.0 0.716541775238
91.07 0.261168195419
91.14 0.108671852697
91.21 0.0949674931162
91.28 0.0505329397689
91.35 0.0231839080663
91.42 0.036642847964
91.49 0.0915954202348
91.56 0.0395622752574
91.63 0.0400608745431
91.7 0.0158403958266
91.77 0.00271402667539
91.84 0.0560870908188
91.91 0.0383072819124
91.98 0.0220121211264
92.05 0.030481003915
92.12 0.0188539988896
92.19 0.0153199127075
92.26 0.071905232265
92.33 0.0290739314553
92.4 0.0267943327921
92.47 0.804416537945
92.54 0.953631613343
92.61 0.71635713701
92.68 0.350631867165
92.75 0.166924772517
92.82 0.163779852729
92.89 0.0582842398552
92.96 0.0259042791321
93.03 0.301325496461
93.1 0.852947885295
93.17 0.761519522897
93.24 0.407477257713
93.31 0.204221476958
93.38 0.0618946704627
93.45 0.0778534726895
93.52 0.0533916953985
93.59 0.0413938729125
93.66 0.0453517020243
93.73 0.0192104865762
93.8 0.0106728977259
93.87 0.0724476580346
93.94 0.0304717363213
94.01 0.0167856786202
94.08 0.729101354671
94.15 0.728448451028
94.22 0.500483630367
94.29 0.20253846665
94.36 0.170818246062
94.43 0.105526664312
94.5 0.033986060002
94.57 0.0195600652294
94.64 0.066444262978
94.71 0.72855795254
94.78 0.653486628339
94.85 0.318940457089
94.92 0.170628175107
94.99 0.147258942614
95.06 0.143837641891
95.13 0.0770505681319
95.2 0.0506744847645
95.27 0.0776583983707
95.34 0.0237070497125
95.41 0.00786075846504
95.48 0.0997542493731
95.55 0.0265365635058
95.62 0.00613398637212
95.69 0.53367426733
95.76 0.713825307659
95.83 0.60106269754
95.9 0.502815713372
95.97 0.492424435213
96.04 0.488363254885
96.11 0.45411392621
96.18 0.518268934739
96.25 0.447545047171
96.32 0.687555465382
96.39 0.328542513477
96.46 0.195640753704
96.53 0.920857316214
96.6 0.790876969786
96.67 0.685159409121
96.74 0.493887819039
96.81 0.653212402064
96.88 0.740152016141
96.95 0.753032638195
97.02 0.551052734729
97.09 0.582759935202
97.16 0.601223414907
97.23 0.264223346789
97.3 0.296924177603
97.37 0.98553866015
97.44 0.813901046661
97.51 0.675049627013
97.58 0.523693257133
97.65 0.563235040559
97.72 0.522190279685
97.79 0.4823781323
97.86 0.329235273458
97.93 0.366290867539
98.0 0.924729221577
98.07 0.624121741103
98.14 0.43464010038
98.21 0.290649006979
98.28 0.245532684582
98.35 0.246672837795
98.42 0.368584227413
98.49 0.359173610454
98.56 0.305480487894
98.63 0.243330371415
98.7 0.144214076372
98.77 0.419735349207
98.84 0.344285998545
98.91 0.0993829319682
98.98 0.631256674648
99.05 0.572450004832
99.12 0.617875486861
99.19 0.703831506732
99.26 0.589464612818
99.33 0.701159569479
99.4 0.70737545652
99.47 0.556224579404
99.54 0.601682259803
99.61 0.587561331002
99.68 0.337835874888
99.75 0.466605824957
99.82 0.701857956283
99.89 0.451526630496
99.96 0.339204771214
100.03 0.694046564861
100.1 0.578124373844
100.17 0.543997966752
100.24 0.46410583323
100.31 0.36208347803
100.38 0.636373435271
100.45 0.603353638075
100.52 0.324305519427
100.59 0.600062932588
100.66 0.765931032775
100.73 0.620456289182
100.8 0.790587190345
100.87 0.587778900851
100.94 0.725067381111
101.01 0.614401399869
101.08 0.50453272773
101.15 0.55597139392
101.22 0.512716024727
101.29 0.343638286481
101.36 0.290617922211
101.43 0.762742098289
101.5 0.546223394987
101.57 0.368196049143
101.64 0.545586375848
101.71 0.422653431552
101.78 0.490468396537
101.85 0.539320810035
101.92 0.482827554718
101.99 0.672499531072
102.06 0.521372788519
102.13 0.226746709477
102.2 0.594152684004
102.27 0.625526455002
102.34 0.354618438169
102.41 0.512768644348
102.48 0.500285474039
102.55 0.472817747733
102.62 0.594596826619
102.69 0.502778527324
102.76 0.408149174921
102.83 0.49081530686
102.9 0.637183678225
102.97 0.505620388759
103.04 0.455743660107
103.11 0.374844983958
103.18 0.497644007897
103.25 0.698066614483
103.32 0.55547939978
103.39 0.594565108588
103.46 0.503432358314
103.53 0.318248893053
103.6 0.478418123039
103.67 0.478068301275
103.74 0.348058744381
103.81 0.635424160765
103.88 0.650884197058
103.95 0.494955492102
104.02 0.410771102066
104.09 0.338905779075
104.16 0.409687971903
104.23 0.6258606589
104.3 0.655312620737
104.37 0.639053357907
104.44 0.538879906274
104.51 0.331001752887
104.58 0.585941496
104.65 0.566373102288
104.72 0.419150824212
104.79 0.393314249292
104.86 0.530215374721
104.93 0.480109722585
105.0 0.606045731903
105.07 0.515474007284
105.14 0.409747645639
105.21 0.555985337463
105.28 0.480648305645
105.35 0.227319641648
105.42 0.609305376149
105.49 0.73485758318
105.56 0.628138385223
105.63 0.618496127436
105.7 0.512285659007
105.77 0.525139846754
105.84 0.796449857962
105.91 0.723915078273
105.98 0.644681475216
106.05 0.694548999013
106.12 0.538511768907
106.19 0.468690143441
106.26 0.777600925174
106.33 0.550836007924
106.4 0.412065044007
106.47 0.741376422702
106.54 0.69890830295
106.61 0.660971579703
106.68 0.743056184353
106.75 0.543552330186
106.82 0.437710981368
106.89 0.630483576569
106.96 0.336397937243
107.03 0.288034216293
107.1 0.701249912343
107.17 0.648193667762
107.24 0.587912295775
107.31 0.705867197308
107.38 0.583406949305
107.45 0.60800167059
107.52 0.884800232322
107.59 0.607007787335
107.66 0.681329450059
107.73 0.652091005582
107.8 0.451099199743
107.87 0.588376085218
107.94 0.644757786312
108.01 0.529723613888
108.08 0.618511053222
108.15 0.764489148512
108.22 0.687295161084
108.29 0.676076434047
108.36 0.552722509259
108.43 0.418035378046
108.5 0.54191743608
108.57 0.593635367198
108.64 0.4450488511
108.71 0.58036997826
108.78 0.686454049024
108.85 0.601160970892
108.92 0.665476210567
108.99 0.52147604955
109.06 0.432816184221
109.13 0.856386119424
109.2 0.713275553295
109.27 0.612269863122
109.34 0.690905911264
109.41 0.49572578069
109.48 0.31713830909
109.55 0.540627219213
109.62 0.528899094095
109.69 0.47352789205
109.76 0.527462209274
109.83 0.616081528145
109.9 0.5468624688
109.97 0.638888835082
110.04 0.515354567665
110.11 0.443858044713
110.18 0.69246427273
110.25 0.410675430385
110.32 0.313350809998
110.39 0.698104831789
110.46 0.708034112462
110.53 0.624246660502
110.6 0.596503121824
110.67 0.501033955256
110.74 0.501422506032
110.81 0.659563607344
110.88 0.524961039248
110.95 0.497002026566
111.02 0.544710295139
111.09 0.271968888694
111.16 0.356827479997
111.23 0.58571917374
111.3 0.476284506131
111.37 0.512597065447
111.44 0.378375903827
111.51 0.325784611304
111.58 0.616115014606
111.65 0.692560518857
111.72 0.485703935832
111.79 0.403084230087
111.86 0.35215774402
111.93 0.255863514581
112.0 0.537089290322
112.07 0.636990289993
112.14 0.476198041266
112.21 0.482848023023
112.28 0.369601570796
112.35 0.317406551718
112.42 0.693989796683
112.49 0.580686756651
112.56 0.483912680736
112.63 0.67966199684
112.7 0.561017717302
112.77 0.436474846704
112.84 0.826193746059
112.91 0.632153309926
112.98 0.539248969029
113.05 0.704997723705
113.12 0.618618964714
113.19 0.685554257234
113.26 0.695415104364
113.33 0.556429562422
113.4 0.777563764613
113.47 0.634969117406
113.54 0.590572357882
113.61 0.749656928464
113.68 0.741267756392
113.75 0.627866152844
113.82 0.623442452168
113.89 0.508053572252
113.96 0.455055480008
114.03 0.848837814342
114.1 0.63388510891
114.17 0.617062114844
114.24 0.777949374541
114.31 0.667439609207
114.38 0.641678657225
114.45 0.777165791358
114.52 0.674724894608
114.59 0.655427739268
114.66 0.67463606334
114.73 0.69632223259
114.8 0.604440634473
114.87 0.772209126602
114.94 0.724246574629
115.01 0.666170484105
115.08 0.729559817257
115.15 0.442772157995
115.22 0.752029440293
115.29 0.735563088798
115.36 0.713132039891
115.43 0.797404255425
115.5 0.685420627042
115.57 0.671149889461
115.64 0.746862885224
115.71 0.639048464335
115.78 0.771434526731
115.85 0.625094285561
115.92 0.70406737454
115.99 0.703138150739
116.06 0.70957365838
116.13 0.731676777199
116.2 0.810726124338
116.27 0.669783553634
116.34 0.698322066381
116.41 0.682214966971
116.48 0.627659246511
116.55 0.729455258332
116.62 0.757498271448
116.69 0.647382791545
116.76 0.728785274242
116.83 0.78824449872
116.9 0.680775802012
116.97 0.693912456291
117.04 0.668738264348
117.11 0.571241680791
117.18 0.678696335927
117.25 0.612219415808
117.32 0.432203199656
117.39 0.534170102218
117.46 0.346551492899
117.53 0.27670444478
117.6 0.602416050501
117.67 0.394210870847
117.74 0.473206120099
117.81 0.851003266914
117.88 0.736121879409
117.95 0.727806503027
118.02 0.707444727224
118.09 0.492746060122
118.16 0.679381686931
118.23 0.780542810746
118.3 0.317741910389
118.37 0.721968616959
118.44 0.782690614307
118.51 0.606013545297
118.58 0.724667253195
118.65 0.617596651297
118.72 0.627539626521
118.79 0.588169690593
118.86 0.575697683745
118.93 0.464011522181
119.0 0.793503835596
119.07 0.54181390057
119.14 0.441988806158
119.21 0.629860846032
119.28 0.60302550997
119.35 0.641565148317
119.42 0.6237006567
119.49 0.621510595108
119.56 0.693171478159
119.63 0.636746413275
119.7 0.494025482114
119.77 0.579963933356
119.84 0.539207908903
119.91 0.316817844836
119.98 0.568058937771
120.05 0.837869716211
120.12 0.760997981072
120.19 0.772589139116
120.26 0.697694395218
120.33 0.561554043752
120.4 0.691953482648
120.47 0.628741259151
120.54 0.548129345133
120.61 0.652684860909
120.68 0.450989821747
120.75 0.486372986693
120.82 0.819932368015
120.89 0.658220908096
120.96 0.691152424943
121.03 0.735787226542
121.1 0.584182552986
121.17 0.589474697967
121.24 0.786920250355
121.31 0.489143228667
121.38 0.746187595843
121.45 0.546272562052
121.52 0.239751125565
121.59 0.738359914081
121.66 0.85037094529
121.73 0.760379697098
121.8 0.673717318763
121.87 0.556778321559
121.94 0.515929868199
122.01 0.449159590606
122.08 0.532832851382
122.15 0.500663961232
122.22 0.470677010051
122.29 0.488800684523
122.36 0.429615952956
122.43 0.517329014092
122.5 0.854440856017
122.57 0.772798958849
122.64 0.759492754855
122.71 0.690161257071
122.78 0.609317459114
122.85 0.57773738956
122.92 0.644669884352
122.99 0.606338959979
123.06 0.524389861783
123.13 0.463955706839
123.2 0.437967148872
123.27 0.550098658799
123.34 0.592403151705
123.41 0.654779152791
123.48 0.593806883361
123.55 0.543359883025
123.62 0.465083202641
123.69 0.48486156901
123.76 0.494873181675
123.83 0.435170690215
123.9 0.440308770029
123.97 0.430439872817
124.04 0.440771959539
124.11 0.542597458266
124.18 0.813836975377
124.25 0.683514433786
124.32 0.582418567397
124.39 0.509183124687
124.46 0.423770303049
124.53 0.407621978825
124.6 0.437400374838
124.67 0.415635065397
124.74 0.340573228373
124.81 0.307902896118
124.88 0.216178668682
124.95 0.421308858003
125.02 0.761657999607
125.09 0.662031214448
125.16 0.683646262218
125.23 0.595955257446
125.3 0.52309258688
125.37 0.594590462623
125.44 0.85752815086
125.51 0.795660087233
125.58 0.737956657101
125.65 0.682861151755
125.72 0.560785811798
125.79 0.560990189
125.86 0.605952650129
125.93 0.611810573177
126.0 0.600328491202
126.07 0.573378548316
126.14 0.467733067846
126.21 0.622066497806
126.28 0.792524801665
126.35 0.671013859536
126.42 0.587193566142
126.49 0.533599691335
126.56 0.42495113996
126.63 0.768616329322
126.7 0.685334305298
126.77 0.570155762704
126.84 0.408085487907
126.91 0.318166415978
126.98 0.163749138508
127.05 0.0865885336304
127.12 0.0808209514857
127.19 0.0591211151333
127.26 0.0468304723688
127.33 0.0348438074617
127.4 0.044376912718
127.47 0.822253054251
127.54 0.564956775959
127.61 0.568159640263
127.68 0.436442818904
127.75 0.370072202613
127.82 0.2769771673
127.89 0.168536149638
127.96 0.128788149999
128.03 0.0610598498574
128.1 0.0475445907516
128.17 0.0330178170244
128.24 0.0323615627753
128.31 0.030810990636
128.38 0.0187008218581
128.45 0.02035067508
128.52 0.0126097267801
128.59 0.0129122910698
128.66 0.00518787229867
128.73 0.00518610190791
128.8 0.00340441241135
128.87 0.0
128.94 0.0010183628772
129.01 0.00108171071302
