-4.0 0.0
18.2893026133 0.477272727273
20.8233718096 0.6
24.4434706614 0.5
26.374190049 0.640909090909
29.5116090539 0.563636363636
33.9763976379 0.7
38.0791763366 0.668181818182
39.5272158773 0.545454545455
46.0433938106 0.627272727273
50.6288523562 0.490909090909
78.8656234003 0.445454545455
81.2790226349 0.181818181818
87.1918507595 0.127272727273
92.7426689989 0.127272727273
95.5180781187 0.104545454545
103.384524578 0.422727272727
153.961749371 0.908045977011
181.010214852 0.896551724138
184.222767818 0.91724137931
187.93909059 0.965517241379
191.345719798 0.848275862069
192.274800491 0.993103448276
192.89418762 0.579310344828
193.513574748 0.8
204.662543065 0.875862068966
214.631204655 0.965517241379
218.928624405 0.0
221.203728978 1.0
230.808541283 1.0
231.978662494 0.0
233.650264222 1.0
242.342593212 0.925287356322
287.810160233 0.885057471264
316.394549795 0.701149425287
319.069112561 0.637931034483
319.737753252 0.436781609195
323.916757574 0.540229885057
443.436281179 0.0
