-4.0 0.0
-0.725784004211 0.00787401574803
-0.474551918213 0.0314960629921
-0.114981750184 0.0
0.155405336142 1.0
0.570099006332 1.0
1.14326894724 0.929133858268
1.30391216537 0.692913385827
1.40005209807 0.55905511811
1.50191808345 0.291338582677
2.3016619863 0.00787401574803
2.39998316425 0.244094488189
2.49865104913 0.976377952756
3.06727708435 1.0
4.74289680048 0.991304347826
4.78168747879 0.0173913043478
5.68477109505 0.0584731256419
5.84712258092 0.95652173913
6.84561024818 0.904347826087
6.9507121019 0.433070866142
7.55088796814 1.0
7.80034022238 0.339130434783
7.84649031176 0.634782608696
8.49264298474 0.0157480314961
8.58233181792 0.629921259843
8.67580702423 1.0
9.31431482962 1.0
188.449637188 0.0
