-4.0 0.0
-0.596819177744 0.0
2.20057867281 1.0
7.00191519379 0.792452830189
8.72340721456 0.0809334657398
9.8325566234 0.0655412115194
13.6471813353 0.0888778550149
19.5549387383 0.716981132075
21.852740897 0.840310077519
25.5558963352 0.0697674418605
26.8762968252 0.105263157895
26.9030500814 0.0
28.242423832 1.0
29.7948408852 1.0
32.4649982167 0.0263157894737
34.9488655017 0.815789473684
35.7561223694 0.105263157895
36.9980560119 0.0526315789474
38.3641830187 0.763157894737
39.978696754 0.815789473684
40.4754702111 0.210526315789
40.7238569396 0.0789473684211
41.8415972179 0.157894736842
42.897240814 1.0
44.3875611851 0.973684210526
45.1327213706 0.552631578947
47.5544919735 0.157894736842
47.8028787021 0.0
48.1133621127 0.0
62.5368369304 0.0
64.527778358 1.0
65.157224408 0.950819672131
65.2115264295 0.0
66.3549926147 0.0
163.000997781 0.147058823529
166.568345311 0.0
289.940818869 0.0
291.139400857 1.0
292.638845829 0.0
294.520523647 1.0
295.853378768 0.0
297.567186448 1.0
299.563869282 0.0
301.59970276 1.0
304.066193319 0.0
306.180328085 1.0
352.686132715 0.973684210526
438.70499549 1.0
447.199769921 0.545454545455
449.299355514 0.0
452.247709751 0.0
