0.0 0.0002697540913
0.07 0.000518158598377
0.14 0.000669096443798
0.21 0.0009264976546
0.28 0.000735993915516
0.35 0.000616554808757
0.42 0.000723146224218
0.49 0.00054970950559
0.56 0.000614545529116
0.63 0.000592565179688
0.7 0.000661742258992
0.77 0.000668263327849
0.84 0.000838225304817
0.91 0.201017735075
0.98 0.365695679672
1.05 0.321162215972
1.12 0.279369648412
1.19 0.252997726659
1.26 0.226008965542
1.33 0.307408453378
1.4 0.280128259765
1.47 0.147951134231
1.54 0.00428244203933
1.61 0.00370335689701
1.68 0.00832513480844
1.75 0.318734018125
1.82 0.287147171523
1.89 0.209187845502
1.96 0.179510203451
2.03 0.167572685794
2.1 0.28047796137
2.17 0.388466423748
2.24 0.289689035156
2.31 0.0382528080766
2.38 0.00539483837276
2.45 0.00566607373473
2.52 0.189437396515
2.59 0.38562991372
2.66 0.328777287796
2.73 0.330092553396
2.8 0.325576695032
2.87 0.308462017814
2.94 0.420236603285
3.01 0.361757782455
3.08 0.268022482723
3.15 0.0403626291617
3.22 0.0270565565204
3.29 0.069154776458
3.36 0.150046694331
3.43 0.275307901475
3.5 0.263900563315
3.57 0.258334533052
3.64 0.25655392714
3.71 0.232530745788
3.78 0.42737380328
3.85 0.374539818842
3.92 0.279507970953
3.99 0.0789943500701
4.06 0.0719802947306
4.13 0.0808592761688
4.2 0.296093761822
4.27 0.339491478229
4.34 0.248002300197
4.41 0.264000244769
4.48 0.229800518907
4.55 0.403440219043
4.62 0.439838702302
4.69 0.342034228728
4.76 0.0910473056641
4.83 0.0316763488652
4.9 0.1532395124
4.97 0.197947516263
5.04 0.392616906229
5.11 0.418785044975
5.18 0.218687907766
5.25 0.19484283617
5.32 0.34463596605
5.39 0.57414998318
5.46 0.57966537675
5.53 0.393542140772
5.6 0.0774179745496
5.67 0.034195158742
5.74 0.034675871387
5.81 0.326815320288
5.88 0.436972696492
5.95 0.426898848146
6.02 0.387609476257
6.09 0.367770854516
6.16 0.372801991141
6.23 0.632436806353
6.3 0.439811759617
6.37 0.181293948961
6.44 0.0756934909324
6.51 0.423391493237
6.58 0.388384868495
6.65 0.363510365951
6.72 0.330430094986
6.79 0.196938081678
6.86 0.214008864594
6.93 0.439112811696
7.0 0.452766926034
7.07 0.540941700076
7.14 0.328127487393
7.21 0.210950401095
7.28 0.143264907608
7.35 0.168156788602
7.42 0.320521853333
7.49 0.447588895416
7.56 0.58186380849
7.63 0.666985188868
7.7 0.642923919731
7.77 0.629776981722
7.84 0.615692438898
7.91 0.64855932152
7.98 0.652319787172
8.05 0.644090806907
8.12 0.477788268821
8.19 0.201158598067
8.26 0.297050940908
8.33 0.471526760636
8.4 0.515300150682
8.47 0.44847667294
8.54 0.527648832402
8.61 0.290626927687
8.68 0.45112469167
8.75 0.516775832995
8.82 0.62166538702
8.89 0.347580131416
8.96 0.195264803865
9.03 0.439822150644
9.1 0.560965468005
9.17 0.612252588513
9.24 0.669717301721
9.31 0.462250624763
9.38 0.292936345648
9.45 0.473658446667
9.52 0.438349743884
9.59 0.329440125595
9.66 0.216625240727
9.73 0.23184377134
9.8 0.303079543388
9.87 0.555890327997
9.94 0.275696738978
10.01 0.221226293496
10.08 0.271807209913
10.15 0.352794128297
10.22 0.503836097403
10.29 0.600801681709
10.36 0.479609850758
10.43 0.346014232289
10.5 0.123224875738
10.57 0.0774149519354
10.64 0.334551616016
10.71 0.421331006211
10.78 0.438092622486
10.85 0.450594490041
10.92 0.454722913129
10.99 0.470769948307
11.06 0.647285020879
11.13 0.661126047231
11.2 0.519199255048
11.27 0.509445702634
11.34 0.493258474751
11.41 0.532499929035
11.48 0.605347674525
11.55 0.459493061561
11.62 0.46179162372
11.69 0.465620181977
11.76 0.449987183294
11.83 0.531295380909
11.9 0.557496905946
11.97 0.491595978438
12.04 0.36467525017
12.11 0.331156051989
12.18 0.288635976597
12.25 0.215707625954
12.32 0.307891178464
12.39 0.373130439595
12.46 0.34313638896
12.53 0.295044952629
12.6 0.34635621611
12.67 0.385718334671
12.74 0.440165274269
12.81 0.379092244198
12.88 0.285186149372
12.95 0.231265528799
13.02 0.287465885009
13.09 0.336612577301
13.16 0.264860437776
13.23 0.285587532622
13.3 0.255994558548
13.37 0.220489975503
13.44 0.3705533448
13.51 0.400759813127
13.58 0.433608387749
13.65 0.210368454587
13.72 0.0825617067167
13.79 0.115390789271
13.86 0.0759283411015
13.93 0.307614683564
14.0 0.610669829459
14.07 0.714189483183
14.14 0.685672510765
14.21 0.522452272463
14.28 0.236636391771
14.35 0.465330366707
14.42 0.722645257528
14.49 0.847037924696
14.56 0.690833980239
14.63 0.391163381322
14.7 0.152453714908
14.77 0.361049448938
14.84 0.498168648316
14.91 0.468680749608
14.98 0.377758104648
15.05 0.296298208792
15.12 0.250159403378
15.19 0.337506237225
15.26 0.327668342491
15.33 0.222884545186
15.4 0.205709132708
15.47 0.28567768462
15.54 0.183910600165
15.61 0.444513935589
15.68 0.556412193724
15.75 0.487520017942
15.82 0.344073921053
15.89 0.326601723271
15.96 0.3878191717
16.03 0.645735840983
16.1 0.694282296157
16.17 0.565784707043
16.24 0.38159372463
16.31 0.0875721150382
16.38 0.31162506503
16.45 0.552148532363
16.52 0.604892820092
16.59 0.303699127134
16.66 0.248293769052
16.73 0.361252735553
16.8 0.490771704269
16.87 0.558321785587
16.94 0.422287571922
17.01 0.278408771682
17.08 0.213418901518
17.15 0.171367532101
17.22 0.353599824139
17.29 0.431574280621
17.36 0.467987149754
17.43 0.490119904071
17.5 0.54680136498
17.57 0.578276303717
17.64 0.723862201218
17.71 0.68884630154
17.78 0.639628081422
17.85 0.632190822151
17.92 0.640099030643
17.99 0.638718714022
18.06 0.675346609275
18.13 0.607203379437
18.2 0.674003243796
18.27 0.614056946925
18.34 0.561240386783
18.41 0.607028893024
18.48 0.658237545709
18.55 0.536433769751
18.62 0.486473912029
18.69 0.41255922166
18.76 0.351618165375
18.83 0.307360448826
18.9 0.27295023867
18.97 0.246475581232
19.04 0.197253783616
19.11 0.159802550066
19.18 0.113473400581
19.25 0.482364008776
19.32 0.514665004899
19.39 0.234765387245
19.46 0.191648712307
19.53 0.30758542175
19.6 0.34067818313
19.67 0.410069316322
19.74 0.411927022609
19.81 0.174484127175
19.88 0.15718602217
19.95 0.394317768558
20.02 0.25512577512
20.09 0.662471282873
20.16 0.592622293185
20.23 0.294008807746
20.3 0.191569160009
20.37 0.106715624038
20.44 0.218812800857
20.51 0.481307816943
20.58 0.57752236382
20.65 0.671222690072
20.72 0.697085470481
20.79 0.659034730173
20.86 0.642144749226
20.93 0.527142049709
21.0 0.638945659865
21.07 0.721490977753
21.14 0.54555440066
21.21 0.277464293267
21.28 0.196888023582
21.35 0.319032637233
21.42 0.272937111166
21.49 0.330890496675
21.56 0.280085612765
21.63 0.353742209504
21.7 0.658716026172
21.77 0.820361969372
21.84 0.865310163566
21.91 0.676701790139
21.98 0.437021561034
22.05 0.342547380727
22.12 0.466606191302
22.19 0.661152861866
22.26 0.647275097789
22.33 0.539719831991
22.4 0.358742573008
22.47 0.338579788539
22.54 0.650797216397
22.61 0.646344270144
22.68 0.56607811562
22.75 0.152909723372
22.82 0.13429942597
22.89 0.248757373574
22.96 0.435444635373
23.03 0.325238842012
23.1 0.149868268402
23.17 0.239159209141
23.24 0.486448651384
23.31 0.637431862893
23.38 0.687740344071
23.45 0.616896675594
23.52 0.598364537747
23.59 0.456522691774
23.66 0.194818359634
23.73 0.277033407912
23.8 0.313455627862
23.87 0.336217996515
23.94 0.391267832246
24.01 0.40624120703
24.08 0.418438414991
24.15 0.522287114735
24.22 0.468157845252
24.29 0.475849454664
24.36 0.511102172689
24.43 0.552625183765
24.5 0.598850479893
24.57 0.60061697026
24.64 0.570902917723
24.71 0.525139809661
24.78 0.526900283255
24.85 0.526429952152
24.92 0.591157921962
24.99 0.550485444807
25.06 0.477184457366
25.13 0.461334987652
25.2 0.403837955236
25.27 0.329847984068
25.34 0.243755841811
25.41 0.310017525914
25.48 0.294486513585
25.55 0.321698638305
25.62 0.426850657052
25.69 0.482371315535
25.76 0.598598058408
25.83 0.587279477923
25.9 0.544350876934
25.97 0.553281012008
26.04 0.614915239732
26.11 0.597139703958
26.18 0.614166375993
26.25 0.533106976521
26.32 0.408247043547
26.39 0.34247402384
26.46 0.365505022589
26.53 0.358476554502
26.6 0.494007396982
26.67 0.337855145235
26.74 0.127458386839
26.81 0.0942551767311
26.88 0.0989295942913
26.95 0.235155576388
27.02 0.647935908918
27.09 0.5837562369
27.16 0.541928498252
27.23 0.647451267823
27.3 0.749754667114
27.37 0.611209933628
27.44 0.5546714351
27.51 0.272109231043
27.58 0.456016792785
27.65 0.719076043365
27.72 0.32554445803
27.79 0.460607658458
27.86 0.5859916514
27.93 0.517046469209
28.0 0.433835989652
28.07 0.458699337611
28.14 0.188045692922
28.21 0.685770552861
28.28 0.708457738728
28.35 0.510286054202
28.42 0.195436974311
28.49 0.169180088955
28.56 0.385710650086
28.63 1.0
28.7 0.721222527875
28.77 0.450971774582
28.84 0.500921546385
28.91 0.278606131633
28.98 0.522569000386
29.05 0.678846162614
29.12 0.510792318371
29.19 0.219444618919
29.26 0.113170789788
29.33 0.232185706155
29.4 0.428363644621
29.47 0.557055013027
29.54 0.485133207146
29.61 0.456415523342
29.68 0.362106148229
29.75 0.338253463187
29.82 0.487098355355
29.89 0.595425386885
29.96 0.560622061405
30.03 0.184406816354
30.1 0.0739660384504
30.17 0.104545723752
30.24 0.65749102165
30.31 0.900021511149
30.38 0.815480009508
30.45 0.779126103484
30.52 0.814852820219
30.59 0.72702293879
30.66 0.886179654843
30.73 0.827486807
30.8 0.768494849981
30.87 0.82877225274
30.94 0.828745727404
31.01 0.688127436299
31.08 0.774497538919
31.15 0.804896575595
31.22 0.588950050876
31.29 0.697016038883
31.36 0.67427837441
31.43 0.437979080006
31.5 0.645623933118
31.57 0.481710341577
31.64 0.277599702274
31.71 0.218557016871
31.78 0.199087473399
31.85 0.231264164512
31.92 0.413697914105
31.99 0.422844104441
32.06 0.238064009459
32.13 0.173382009627
32.2 0.191451809225
32.27 0.245953061027
32.34 0.311642867152
32.41 0.315699683371
32.48 0.299641352911
32.55 0.272655805693
32.62 0.347482399169
32.69 0.326053833341
32.76 0.261767777001
32.83 0.220719738448
32.9 0.231634355711
32.97 0.188738712599
33.04 0.35055798818
33.11 0.678183606209
33.18 0.6295974729
33.25 0.280955499638
33.32 0.107058276565
33.39 0.0694417272007
33.46 0.124256450339
33.53 0.358474877204
33.6 0.502620849982
33.67 0.54373829642
33.74 0.619378804656
33.81 0.624814639606
33.88 0.619183898208
33.95 0.522653557703
34.02 0.678858924938
34.09 0.728276579104
34.16 0.609166856671
34.23 0.221726278468
34.3 0.139879530675
34.37 0.332669814182
34.44 0.442969311746
34.51 0.440589259148
34.58 0.453217870988
34.65 0.271094992209
34.72 0.268935750117
34.79 0.472338447957
34.86 0.479715172739
34.93 0.497015332868
35.0 0.621030781892
35.07 0.507021030117
35.14 0.501321736081
35.21 0.561828678884
35.28 0.469961585545
35.35 0.482245500799
35.42 0.454018180822
35.49 0.335093338991
35.56 0.331164686674
35.63 0.27597150125
35.7 0.392046520588
35.77 0.310923236772
35.84 0.188656665696
35.91 0.101814195819
35.98 0.297145797561
36.05 0.368290007478
36.12 0.413136286457
36.19 0.417422585807
36.26 0.250989218481
36.33 0.207775538493
36.4 0.328909321656
36.47 0.363456942193
36.54 0.319289621096
36.61 0.347265651487
36.68 0.325635648656
36.75 0.307341018412
36.82 0.351384214718
36.89 0.337047392688
36.96 0.350636514496
37.03 0.328331123379
37.1 0.262749864199
37.17 0.361666345214
37.24 0.421455598939
37.31 0.395374508952
37.38 0.34701434135
37.45 0.308831548211
37.52 0.354177797934
37.59 0.400103652903
37.66 0.452344773378
37.73 0.428564207405
37.8 0.407030465036
37.87 0.408108793725
37.94 0.440932259466
38.01 0.449865659026
38.08 0.408044291264
38.15 0.314409251582
38.22 0.335204432711
38.29 0.310164642808
38.36 0.316890754622
38.43 0.376498286314
38.5 0.468295793129
38.57 0.537380012412
38.64 0.542282341724
38.71 0.572062523433
38.78 0.579548838531
38.85 0.522824144121
38.92 0.471340909383
38.99 0.498070143026
39.06 0.435705228351
39.13 0.420488994734
39.2 0.49181086228
39.27 0.456201439418
39.34 0.41618308159
39.41 0.411319581488
39.48 0.37326100325
39.55 0.270518392187
39.62 0.500819795579
39.69 0.412601957188
39.76 0.142820687654
39.83 0.0604548280011
39.9 0.0682142106842
39.97 0.0530620210781
40.04 0.361109996074
40.11 0.496589016213
40.18 0.494074950513
40.25 0.503258012949
40.32 0.537546023807
40.39 0.582042651768
40.46 0.582072993313
40.53 0.611422811352
40.6 0.289874859535
40.67 0.111346883978
40.74 0.0858938495953
40.81 0.153144192553
40.88 0.5825703746
40.95 0.430948738594
41.02 0.286807181172
41.09 0.232168231271
41.16 0.226711013539
41.23 0.561550479811
41.3 0.891835770708
41.37 0.622715343921
41.44 0.455539403118
41.51 0.343345483673
41.58 0.09091219386
41.65 0.3975396619
41.72 0.595823559397
41.79 0.658998197959
41.86 0.462650169466
41.93 0.424316223484
42.0 0.697921341878
42.07 0.451528806655
42.14 0.587629358166
42.21 0.442147578026
42.28 0.339861990344
42.35 0.106944262987
42.42 0.118007902087
42.49 0.48854601209
42.56 0.501061753317
42.63 0.32806590479
42.7 0.429682794407
42.77 0.705239898725
42.84 0.796143778815
42.91 0.778020405277
42.98 0.568300193941
43.05 0.09642268991
43.12 0.097505038739
43.19 0.0907885022259
43.26 0.315493570169
43.33 0.459471547566
43.4 0.412791757442
43.47 0.460160953385
43.54 0.441868028894
43.61 0.40748212296
43.68 0.482131555199
43.75 0.677891116115
43.82 0.50273572355
43.89 0.530567112681
43.96 0.398847124349
44.03 0.349939990042
44.1 0.450890846932
44.17 0.556767173838
44.24 0.488549437824
44.31 0.487547408013
44.38 0.447735659778
44.45 0.415182085664
44.52 0.655503714455
44.59 0.679845542896
44.66 0.425725990043
44.73 0.467112964509
44.8 0.343199182506
44.87 0.26778029734
44.94 0.457230829264
45.01 0.553471805045
45.08 0.332085362002
45.15 0.229930913409
45.22 0.174109817822
45.29 0.433065604014
45.36 0.392727094113
45.43 0.352634203233
45.5 0.269038406759
45.57 0.185558369137
45.64 0.0728087992954
45.71 0.2325687735
45.78 0.769307673944
45.85 0.552874998404
45.92 0.286582235124
45.99 0.414878357199
46.06 0.649159487499
46.13 0.64142008221
46.2 0.67211252272
46.27 0.510435147178
46.34 0.500821670485
46.41 0.594721286924
46.48 0.277236813091
46.55 0.382985058301
46.62 0.644843456818
46.69 0.58706614491
46.76 0.491980149228
46.83 0.428881569251
46.9 0.419520047688
46.97 0.685823007549
47.04 0.904714658799
47.11 0.703261749482
47.18 0.478743686823
47.25 0.119741499392
47.32 0.307004175564
47.39 0.828111465324
47.46 0.823987539798
47.53 0.590696761458
47.6 0.54073855732
47.67 0.697242292307
47.74 0.599351756433
47.81 0.769102401762
47.88 0.654891156073
47.95 0.443644282684
48.02 0.401508283231
48.09 0.664785786477
48.16 0.67463705691
48.23 0.6397715149
48.3 0.569097647152
48.37 0.445133283786
48.44 0.322520119086
48.51 0.232855121933
48.58 0.531830849981
48.65 0.873716148562
48.72 0.691868933149
48.79 0.498668108441
48.86 0.308892070053
48.93 0.302875406267
49.0 0.596409445422
49.07 0.688199332466
49.14 0.709403589334
49.21 0.437212550099
49.28 0.45643622161
49.35 0.465152098864
49.42 0.589636228568
49.49 0.530921876217
49.56 0.459265263631
49.63 0.357309638871
49.7 0.264061950679
49.77 0.315837348272
49.84 0.423102145902
49.91 0.488861638146
49.98 0.496792386614
50.05 0.445951247142
50.12 0.365083426397
50.19 0.449645400242
50.26 0.722108152261
50.33 0.650402041206
50.4 0.472752136661
50.47 0.388435018281
50.54 0.431651490076
50.61 0.420626141112
50.68 0.396446033598
50.75 0.426427268159
50.82 0.380946938937
50.89 0.414269864802
50.96 0.36685290618
51.03 0.428136390509
51.1 0.768205798268
51.17 0.562651731045
51.24 0.317175183884
51.31 0.305908949008
51.38 0.315098654239
51.45 0.523020980806
51.52 0.676187730725
51.59 0.620203537277
51.66 0.629902123009
51.73 0.617581477934
51.8 0.577984344793
51.87 0.781032296487
51.94 0.85267815919
52.01 0.709094097035
52.08 0.55879308418
52.15 0.593695254837
52.22 0.585334819309
52.29 0.270963881575
52.36 0.218496397015
52.43 0.190057495624
52.5 0.176286590128
52.57 0.709033750668
52.64 0.909236823234
52.71 0.871597043056
52.78 0.706889547347
52.85 0.422331709677
52.92 0.377162902586
52.99 0.492012961665
53.06 0.435441941579
53.13 0.951185863248
53.2 0.829211007643
53.27 0.716733689659
53.34 0.629859341636
53.41 0.477609139407
53.48 0.58154404531
53.55 0.93983246737
53.62 0.749676542338
53.69 0.650747477636
53.76 0.548776186502
53.83 0.270302065015
53.9 0.624838763608
53.97 0.738857512088
54.04 0.749062083756
54.11 0.683845896934
54.18 0.611976291221
54.25 0.599328196799
54.32 0.733322460459
54.39 0.66563621448
54.46 0.622373246277
54.53 0.513853365004
54.6 0.808123364876
54.67 0.754278205321
54.74 0.71800941624
54.81 0.706195492203
54.88 0.605216989143
54.95 0.473550351849
55.02 0.394965346265
55.09 0.512362805169
55.16 0.791418071665
55.23 0.908108061784
55.3 0.760735906778
55.37 0.578596074802
55.44 0.488661655539
55.51 0.389718016842
55.58 0.825622487954
55.65 0.989387560373
55.72 0.889408571968
55.79 0.731478736924
55.86 0.698738940054
55.93 0.74349063903
56.0 0.839642306995
56.07 0.724457765299
56.14 0.463030588862
56.21 0.422219640564
56.28 0.737378650655
56.35 0.847161056704
56.42 0.900620526258
56.49 0.966598435577
56.56 0.947688855102
56.63 0.855380923281
56.7 0.780044195679
56.77 0.851479272142
56.84 0.851108772674
56.91 0.651632893348
56.98 0.66533695354
57.05 0.616564080531
57.12 0.55359580811
57.19 0.655284595475
57.26 0.589946226745
57.33 0.610647542422
57.4 0.644010528992
57.47 0.581952422307
57.54 0.61484532755
57.61 0.628749063661
57.68 0.565614893667
57.75 0.61279296301
57.82 0.577593271947
57.89 0.539928120463
57.96 0.577251858818
58.03 0.56904746733
58.1 0.400167271661
58.17 0.187500199584
58.24 0.160273992517
58.31 0.400972673462
58.38 0.301529808607
58.45 0.545174180452
58.52 0.415840893837
58.59 0.286527105612
58.66 0.13936040933
58.73 0.0679519688642
58.8 0.378432877979
58.87 0.563922493709
58.94 0.333590246057
59.01 0.253758633429
59.08 0.102821521529
59.15 0.0584516299488
59.22 0.46200286841
59.29 0.507173493497
59.36 0.321286979432
59.43 0.173670193444
59.5 0.101977502354
59.57 0.0725981205549
59.64 0.617080909622
59.71 0.630943603311
59.78 0.224308131668
59.85 0.234998952171
59.92 0.221751472717
59.99 0.255302307172
60.06 0.628285123996
60.13 0.457459011343
60.2 0.14253656508
60.27 0.107181686805
60.34 0.0889964302989
60.41 0.359233564439
60.48 0.890259281365
60.55 0.71621499989
60.62 0.661937359887
60.69 0.607161061257
60.76 0.509831340466
60.83 0.574100298168
60.9 0.470437753203
60.97 0.216670632109
61.04 0.0946898419352
61.11 0.0833134776667
61.18 0.0601591303314
61.25 0.33390387548
61.32 0.493311255097
61.39 0.339487300003
61.46 0.204084605615
61.53 0.174958574851
61.6 0.174788192364
61.67 0.394973781762
61.74 0.451992776357
61.81 0.190303740669
61.88 0.0557222235364
61.95 0.0615969762172
62.02 0.148435925508
62.09 0.584747964214
62.16 0.571174595727
62.23 0.501030033258
62.3 0.37588037038
62.37 0.33941541332
62.44 0.368574869898
62.51 0.355158819628
62.58 0.240032449028
62.65 0.140207868468
62.72 0.123912314961
62.79 0.119127726906
62.86 0.255730231567
62.93 0.452896629699
63.0 0.455440184858
63.07 0.426443397726
63.14 0.370993302741
63.21 0.361367457358
63.28 0.511455295286
63.35 0.412234733274
63.42 0.45215832772
63.49 0.359763864082
63.56 0.328061492595
63.63 0.442117010417
63.7 0.428943762068
63.77 0.484682143628
63.84 0.461554778499
63.91 0.495951262002
63.98 0.470515721473
64.05 0.452308808695
64.12 0.483208647651
64.19 0.459325178421
64.26 0.217501144372
64.33 0.255418171943
64.4 0.204888349089
64.47 0.268622884251
64.54 0.365640393655
64.61 0.345635649858
64.68 0.294815496371
64.75 0.263066117859
64.82 0.140453332566
64.89 0.23477498784
64.96 0.493247958836
65.03 0.331974873754
65.1 0.143696433213
65.17 0.14215612197
65.24 0.109169803404
65.31 0.179392231387
65.38 0.112412187919
65.45 0.112258029851
65.52 0.104781639425
65.59 0.34594863745
65.66 0.550808409239
65.73 0.559542366848
65.8 0.592982594491
65.87 0.338909112792
65.94 0.0909091601797
66.01 0.0441530300762
66.08 0.0363096070195
66.15 0.319940230902
66.22 0.461981736985
66.29 0.306982000769
66.36 0.215446429086
66.43 0.179582512224
66.5 0.164624999841
66.57 0.468397003279
66.64 0.518224079393
66.71 0.325662385829
66.78 0.15287850919
66.85 0.0990779142239
66.92 0.118950769601
66.99 0.422934125228
67.06 0.435933655464
67.13 0.346160536618
67.2 0.32295648372
67.27 0.271057288575
67.34 0.238873244858
67.41 0.411987511254
67.48 0.321787173079
67.55 0.19054866253
67.62 0.181222236174
67.69 0.169090817498
67.76 0.17878900011
67.83 0.418018856535
67.9 0.32033638465
67.97 0.183188140036
68.04 0.165505725125
68.11 0.149524404932
68.18 0.227754659627
68.25 0.327826402134
68.32 0.211824241711
68.39 0.0922921769186
68.46 0.0569783505509
68.53 0.0560659731841
68.6 0.281770992102
68.67 0.379066730615
68.74 0.346567124076
68.81 0.374773135571
68.88 0.462533403602
68.95 0.395640160699
69.02 0.516041181234
69.09 0.415286620373
69.16 0.347726374092
69.23 0.278082229752
69.3 0.282996148386
69.37 0.284384690249
69.44 0.32544193418
69.51 0.333653268828
69.58 0.287730118719
69.65 0.232604246534
69.72 0.236708063455
69.79 0.238285321098
69.86 0.35192087102
69.93 0.248657835979
70.0 0.181124505508
70.07 0.132136174803
70.14 0.163003541208
70.21 0.25508928717
70.28 0.317691081846
70.35 0.339462556301
70.42 0.294125064571
70.49 0.267132755993
70.56 0.247602807662
70.63 0.31837205533
70.7 0.375014660153
70.77 0.225744945248
70.84 0.0943690954567
70.91 0.109883266829
70.98 0.0704095850309
71.05 0.320041769873
71.12 0.361947993734
71.19 0.316876597974
71.26 0.135813863192
71.33 0.149786306866
71.4 0.158628009922
71.47 0.35094990679
71.54 0.437069982935
71.61 0.455746640315
71.68 0.431029957123
71.75 0.387474353387
71.82 0.325271803051
71.89 0.523077835042
71.96 0.579609684451
72.03 0.58006060253
72.1 0.635277398175
72.17 0.513781702805
72.24 0.492614798619
72.31 0.61735637696
72.38 0.616052657999
72.45 0.430469752254
72.52 0.379814660062
72.59 0.219843325764
72.66 0.167089752033
72.73 0.603485541815
72.8 0.375891755771
72.87 0.5742657199
72.94 0.317285948784
73.01 0.619009579366
73.08 0.597008430495
73.15 0.629988313359
73.22 0.286468280038
73.29 0.17323929228
73.36 0.154594242718
73.43 0.129224206918
73.5 0.207628560715
73.57 0.462704720381
73.64 0.325613769482
73.71 0.396195602421
73.78 0.344444396808
73.85 0.349908873872
73.92 0.642076109641
73.99 0.449481953011
74.06 0.226988596075
74.13 0.127960842703
74.2 0.0976745406842
74.27 0.103193995497
74.34 0.338755334132
74.41 0.456655406986
74.48 0.357995182636
74.55 0.352291470082
74.62 0.384805789733
74.69 0.319090234475
74.76 0.626960381109
74.83 0.367756120852
74.9 0.240558551474
74.97 0.156138121974
75.04 0.126870526314
75.11 0.123545351889
75.18 0.307089502762
75.25 0.342088072996
75.32 0.353505468621
75.39 0.305268214866
75.46 0.330296839118
75.53 0.380429997605
75.6 0.60034376514
75.67 0.338430920046
75.74 0.151874640831
75.81 0.101817401814
75.88 0.0895757952544
75.95 0.135134997002
76.02 0.209433600479
76.09 0.211383668814
76.16 0.211756406787
76.23 0.226732023237
76.3 0.274044587847
76.37 0.559854186181
76.44 0.450013098417
76.51 0.32376913695
76.58 0.22982457019
76.65 0.148332579608
76.72 0.168748999668
76.79 0.250531216545
76.86 0.347916158537
76.93 0.359629771936
77.0 0.320121570366
77.07 0.346632989243
77.14 0.431901034387
77.21 0.648171536873
77.28 0.513861270911
77.35 0.244965875539
77.42 0.175468141447
77.49 0.150912031474
77.56 0.128421581116
77.63 0.257195062821
77.7 0.250693346916
77.77 0.207492506715
77.84 0.172971964817
77.91 0.291132513665
77.98 0.420130041906
78.05 0.603351237833
78.12 0.420168953322
78.19 0.285167740197
78.26 0.179589498067
78.33 0.197516496534
78.4 0.24914650828
78.47 0.329004371174
78.54 0.309362894387
78.61 0.314715446197
78.68 0.285073104865
78.75 0.297075098109
78.82 0.525159794959
78.89 0.718796170156
78.96 0.493811434515
79.03 0.111244522958
79.1 0.084779869235
79.17 0.0893607501643
79.24 0.299574610364
79.31 0.676285499331
79.38 0.526291631191
79.45 0.387700869235
79.52 0.300788438169
79.59 0.662023404797
79.66 0.557988709941
79.73 0.358555147214
79.8 0.117661510814
79.87 0.0821757685201
79.94 0.235340578717
80.01 0.575755256916
80.08 0.339186693747
80.15 0.706837234937
80.22 0.199018291578
80.29 0.150430193253
80.36 0.144507459733
80.43 0.272653687334
80.5 0.723537597429
80.57 0.558785118201
80.64 0.103665007953
80.71 0.0734658574509
80.78 0.0915785648922
80.85 0.131019948033
80.92 0.675062499347
80.99 0.367167439858
81.06 0.228365316228
81.13 0.207992109118
81.2 0.181508326926
81.27 0.473829173783
81.34 0.72510396133
81.41 0.375495571987
81.48 0.122738027755
81.55 0.113229790838
81.62 0.121522084753
81.69 0.188842162835
81.76 0.266925484016
81.83 0.264220350208
81.9 0.225739606667
81.97 0.21801763832
82.04 0.204842864436
82.11 0.544002911119
82.18 0.68515139911
82.25 0.485348538373
82.32 0.565304296343
82.39 0.463082341646
82.46 0.545390679939
82.53 0.823839363724
82.6 0.727486567025
82.67 0.388515307261
82.74 0.101983400562
82.81 0.0782879214951
82.88 0.059146271593
82.95 0.213482716303
83.02 0.391588098142
83.09 0.324342628991
83.16 0.470820284635
83.23 0.620031890098
83.3 0.510277675617
83.37 0.398197961034
83.44 0.389791021195
83.51 0.341360623657
83.58 0.337692455238
83.65 0.324338084004
83.72 0.246187244071
83.79 0.33752252804
83.86 0.361387319348
83.93 0.330265413099
84.0 0.30994106737
84.07 0.332313005007
84.14 0.365180289168
84.21 0.395975814736
84.28 0.337676248208
84.35 0.337822699558
84.42 0.341714666318
84.49 0.373013816009
84.56 0.459374958285
84.63 0.570992522742
84.7 0.608076551347
84.77 0.539801763491
84.84 0.592705016698
84.91 0.497133058317
84.98 0.657189076401
85.05 0.796903512583
85.12 0.640372912373
85.19 0.638175705804
85.26 0.586524946783
85.33 0.53477807274
85.4 0.797605355068
85.47 0.806681266462
85.54 0.520818274407
85.61 0.409675171854
85.68 0.151802058568
85.75 0.191170758271
85.82 0.557535687731
85.89 0.422287208323
85.96 0.208324218855
86.03 0.215690233275
86.1 0.706899743927
86.17 0.368404027379
86.24 0.629742384487
86.31 0.266464551157
86.38 0.157641029947
86.45 0.192625016699
86.52 0.611938174981
86.59 0.379450933021
86.66 0.597127185087
86.73 0.234311633094
86.8 0.185830421807
86.87 0.572479128833
86.94 0.402422992374
87.01 0.39643763288
87.08 0.290591342412
87.15 0.136835792935
87.22 0.161495702516
87.29 0.400969733053
87.36 0.235396274178
87.43 0.509835964497
87.5 0.268580221443
87.57 0.220255569557
87.64 0.249613584382
87.71 0.506385361067
87.78 0.339568521694
87.85 0.371081056567
87.92 0.155835070119
87.99 0.0818982871598
88.06 0.152112217993
88.13 0.345784230633
88.2 0.325605379831
88.27 0.467174860123
88.34 0.289399147166
88.41 0.257893021121
88.48 0.364445101494
88.55 0.403983276268
88.62 0.311041019132
88.69 0.273047365446
88.76 0.113611440147
88.83 0.0616046149577
88.9 0.143663691915
88.97 0.126519204322
89.04 0.360653519673
89.11 0.344093778301
89.18 0.362445161605
89.25 0.32792382137
89.32 0.275556963622
89.39 0.50945472147
89.46 0.664318408429
89.53 0.405851749828
89.6 0.284629123623
89.67 0.271072444329
89.74 0.263826509266
89.81 0.368923776328
89.88 0.468962039273
89.95 0.456687621857
90.02 0.448703106583
90.09 0.44068520976
90.16 0.428059318589
90.23 0.65440253436
90.3 0.556929018072
90.37 0.30166299966
90.44 0.242200344777
90.51 0.221903074525
90.58 0.204039285372
90.65 0.311021198245
90.72 0.391580872007
90.79 0.385266131349
90.86 0.375104722042
90.93 0.365916828482
91.0 0.428298686871
91.07 0.548684105848
91.14 0.460736660219
91.21 0.318314442279
91.28 0.338887908647
91.35 0.369452153639
91.42 0.392959130342
91.49 0.420229064139
91.56 0.389829377727
91.63 0.380472793206
91.7 0.371428095995
91.77 0.290947675747
91.84 0.535251873842
91.91 0.473589087788
91.98 0.341961867787
92.05 0.169308328738
92.12 0.0926885330167
92.19 0.0677199911272
92.26 0.166177294042
92.33 0.370553401711
92.4 0.363487683698
92.47 0.350797905022
92.54 0.370855916071
92.61 0.508218503871
92.68 0.580450595646
92.75 0.567354243741
92.82 0.469663606687
92.89 0.389854636791
92.96 0.395220041035
93.03 0.476483236161
93.1 0.437986369376
93.17 0.597548605802
93.24 0.379093061505
93.31 0.396883057452
93.38 0.306887790689
93.45 0.375233002928
93.52 0.508253139047
93.59 0.400662676866
93.66 0.300328561327
93.73 0.288065518236
93.8 0.267478318893
93.87 0.271403382646
93.94 0.357593179687
94.01 0.439451605332
94.08 0.483153579794
94.15 0.470220085457
94.22 0.564002325819
94.29 0.676758440443
94.36 0.587451346424
94.43 0.354909585167
94.5 0.270143281336
94.57 0.243806375747
94.64 0.246561722576
94.71 0.474988798464
94.78 0.625536402573
94.85 0.45775833868
94.92 0.368420634368
94.99 0.313947743287
95.06 0.48417578935
95.13 0.569169026377
95.2 0.570614643796
95.27 0.350092290593
95.34 0.305800296144
95.41 0.325701641873
95.48 0.310575449595
95.55 0.377327013781
95.62 0.340755817838
95.69 0.392368492236
95.76 0.353814032952
95.83 0.311013014106
95.9 0.443119561915
95.97 0.613174939559
96.04 0.450720606722
96.11 0.283557143688
96.18 0.302417630395
96.25 0.501420186041
96.32 0.337876120154
96.39 0.496006453168
96.46 0.385769154744
96.53 0.314346802665
96.6 0.4703008898
96.67 0.365700396974
96.74 0.660203557069
96.81 0.714405555836
96.88 0.448260211395
96.95 0.336594068532
97.02 0.462452251469
97.09 0.280459420984
97.16 0.533228151417
97.23 0.559040083298
97.3 0.446108337715
97.37 0.314112276573
97.44 0.281939031747
97.51 0.646391574373
97.58 0.640913566683
97.65 0.428543730458
97.72 0.240207204189
97.79 0.331988970329
97.86 0.591115949992
97.93 0.541905533024
98.0 0.504029048322
98.07 0.399557552513
98.14 0.325440573055
98.21 0.269703163728
98.28 0.759898805469
98.35 0.552848635896
98.42 0.561669327674
98.49 0.385623476437
98.56 0.319143991796
98.63 0.347658390566
98.7 0.602752987862
98.77 0.335924668562
98.84 0.613850530197
98.91 0.314973827544
98.98 0.284453516376
99.05 0.28097366536
99.12 0.299749329165
99.19 0.707870227574
99.26 0.633928801614
99.33 0.317787391314
99.4 0.106651142128
99.47 0.0896887243583
99.54 0.0920398487041
99.61 0.481990451916
99.68 0.480561795599
99.75 0.257746443302
99.82 0.228557905128
99.89 0.203043106342
99.96 0.368739983362
100.03 0.478888607895
100.1 0.404720103299
100.17 0.260956432728
100.24 0.116111254348
100.31 0.0895370340211
100.38 0.166876649826
100.45 0.474716257307
100.52 0.345356745719
100.59 0.237879748556
100.66 0.220089479119
100.73 0.200575053304
100.8 0.452393906668
100.87 0.532151560099
100.94 0.441908881612
101.01 0.262016051877
101.08 0.103169751349
101.15 0.080863037047
101.22 0.29615990364
101.29 0.487456875026
101.36 0.444602043529
101.43 0.418896533911
101.5 0.356825381926
101.57 0.310104187362
101.64 0.502871598912
101.71 0.38235262054
101.78 0.354052335731
101.85 0.341973436558
101.92 0.278138080138
101.99 0.252455467771
102.06 0.461681121244
102.13 0.494097966329
102.2 0.462101855864
102.27 0.460836789057
102.34 0.397043747655
102.41 0.427627282364
102.48 0.598276998918
102.55 0.424503178181
102.62 0.408637517245
102.69 0.276012834551
102.76 0.302588403356
102.83 0.354617114043
102.9 0.497449375211
102.97 0.416752857017
103.04 0.392468255895
103.11 0.375018134895
103.18 0.381349431954
103.25 0.615706706207
103.32 0.564522256568
103.39 0.434561467652
103.46 0.321138172593
103.53 0.260779111824
103.6 0.247518356263
103.67 0.45051540568
103.74 0.586084486127
103.81 0.571968857171
103.88 0.548228427784
103.95 0.523741905915
104.02 0.467122263158
104.09 0.754034459623
104.16 0.594449251645
104.23 0.454706125921
104.3 0.384644484574
104.37 0.607083704781
104.44 0.419656131724
104.51 0.352982905732
104.58 0.363948799938
104.65 0.292436667363
104.72 0.187026732044
104.79 0.336095770343
104.86 0.446668879309
104.93 0.452123006449
105.0 0.29184698252
105.07 0.244199788274
105.14 0.223827624535
105.21 0.412574638257
105.28 0.396707484985
105.35 0.513449477664
105.42 0.431330999698
105.49 0.307496093382
105.56 0.251569013431
105.63 0.23002064964
105.7 0.252629250699
105.77 0.618831283068
105.84 0.534360814442
105.91 0.220920995232
105.98 0.0781885451483
106.05 0.0410096567276
106.12 0.174505773961
106.19 0.634310028832
106.26 0.604831858769
106.33 0.452470675062
106.4 0.235739195452
106.47 0.628108737383
106.54 0.67537698718
106.61 0.452581918963
106.68 0.20413773059
106.75 0.121605821601
106.82 0.55325625724
106.89 0.835894037718
106.96 0.31726277172
107.03 0.116925441017
107.1 0.0744852340964
107.17 0.0513354823362
107.24 0.0361836958507
107.31 0.195992846029
107.38 0.810466104312
107.45 0.75307944158
107.52 0.418733553034
107.59 0.130251073703
107.66 0.0604785220084
107.73 0.197483605053
107.8 0.678131347549
107.87 0.773263016008
107.94 0.628614993647
108.01 0.550069337379
108.08 0.804936196819
108.15 0.796093972077
108.22 0.698317658454
108.29 0.65616636413
108.36 0.424365546478
108.43 0.408296597346
108.5 0.124303642327
108.57 0.195095441036
108.64 0.376241311936
108.71 0.331502065435
108.78 0.197035764918
108.85 0.162546149486
108.92 0.335244065001
108.99 0.587000071069
109.06 0.570499376592
109.13 0.38574225
109.2 0.321857338199
109.27 0.267909248512
109.34 0.159357846368
109.41 0.435282339011
109.48 0.570591623237
109.55 0.419755383183
109.62 0.257219906118
109.69 0.223872663384
109.76 0.10505288111
109.83 0.666966370249
109.9 0.510402347387
109.97 0.382444011937
110.04 0.236280463138
110.11 0.407866828082
110.18 0.400703018965
110.25 0.396213390316
110.32 0.314680931167
110.39 0.331531970662
110.46 0.286780695357
110.53 0.292073092086
110.6 0.550617853331
110.67 0.484414038379
110.74 0.372473005194
110.81 0.280179805455
110.88 0.192155942384
110.95 0.0882957307794
111.02 0.357876246244
111.09 0.375661283018
111.16 0.274623470639
111.23 0.16160943628
111.3 0.0753062327134
111.37 0.0516053170516
111.44 0.624592564408
111.51 0.468273545613
111.58 0.287323926477
111.65 0.18466990868
111.72 0.0614740449793
111.79 0.482762427904
111.86 0.75194759112
111.93 0.597952882035
112.0 0.393765790511
112.07 0.225468956225
112.14 0.188208278582
112.21 0.234190176804
112.28 0.299198165263
112.35 0.132122577782
112.42 0.245421005043
112.49 0.133245208636
112.56 0.130042696702
112.63 0.110822514161
112.7 0.464788801819
112.77 0.28245168103
112.84 0.124793362741
112.91 0.139856318832
112.98 0.135156561584
113.05 0.208918590964
113.12 0.498181809019
113.19 0.274510631644
113.26 0.266085130867
113.33 0.231125938404
113.4 0.288914676805
113.47 0.724075126368
113.54 0.777461276976
113.61 0.588247854277
113.68 0.411062757293
113.75 0.54648827305
113.82 0.460961822846
113.89 0.80945877544
113.96 0.841337071928
114.03 0.502398815886
114.1 0.42624977494
114.17 0.582484177927
114.24 0.452878113025
114.31 0.862940696442
114.38 0.694788922344
114.45 0.435488407949
114.52 0.171559597735
114.59 0.0629308454385
114.66 0.171701396599
114.73 0.796000089237
114.8 0.776121043192
114.87 0.492813679363
114.94 0.318049372291
115.01 0.185251478942
115.08 0.0530408580359
115.15 0.0340477509686
115.22 0.021681882083
115.29 0.0164859782033
115.36 0.0131501582323
115.43 0.0108064307547
115.5 0.00914213699824
115.57 0.00600958625261
115.64 0.00514748197929
115.71 0.00479962366303
115.78 0.00362913527693
115.85 0.00359673544512
115.92 0.00358220571327
115.99 0.00367140445005
116.06 0.00270024261158
116.13 0.00265639099242
116.2 0.00273525245181
116.27 0.00304165415965
116.34 0.00277263833239
116.41 0.00284781637591
116.48 0.00273710680666
116.55 0.00266572758216
116.62 0.0028351552267
116.69 0.0
