0.0 0.0
0.07 0.0
0.14 0.00505217722378
0.21 0.385903530444
0.28 0.434135654574
0.35 0.257544049202
0.42 0.0858804921767
0.49 0.0625368453223
0.56 0.537136831254
0.63 0.399924089706
0.7 0.204664031202
0.77 0.122478193558
0.84 0.0936071204317
0.91 0.373538034716
0.98 0.340235861185
1.05 0.280453458986
1.12 0.165097859648
1.19 0.0753809074294
1.26 0.378018579633
1.33 0.324777717537
1.4 0.109408413774
1.47 0.385571128013
1.54 0.350354333539
1.61 0.143153122143
1.68 0.0834316744087
1.75 0.132252233716
1.82 0.420154447144
1.89 0.439942828061
1.96 0.361361844521
2.03 0.137166370008
2.1 0.132219119649
2.17 0.0888798683171
2.24 0.237884241495
2.31 0.319025133387
2.38 0.274527280712
2.45 0.30416264159
2.52 0.310972027986
2.59 0.474330700155
2.66 0.389934788867
2.73 0.202979824032
2.8 0.102669393287
2.87 0.0711800919562
2.94 0.407204101621
3.01 0.407744952359
3.08 0.284967066136
3.15 0.0763964400116
3.22 0.0558181967989
3.29 0.547158761889
3.36 0.381905738554
3.43 0.17113809633
3.5 0.102976505517
3.57 0.0659232561792
3.64 0.401062009566
3.71 0.328682085109
3.78 0.277637873317
3.85 0.162930329284
3.92 0.163735584585
3.99 0.408201631762
4.06 0.140919171124
4.13 0.265826093349
4.2 0.463603448799
4.27 0.374692627123
4.34 0.106195998378
4.41 0.0830892888863
4.48 0.428804565391
4.55 0.420150700338
4.62 0.480150500232
4.69 0.146726024726
4.76 0.101289038774
4.83 0.390418880674
4.9 0.328433685185
4.97 0.415886516449
5.04 0.331679225013
5.11 0.271886145156
5.18 0.287591585421
5.25 0.391859520263
5.32 0.463456067509
5.39 0.194517250468
5.46 0.131522155934
5.53 0.116082186517
5.6 0.353606140753
5.67 0.631956144205
5.74 0.553259489499
5.81 0.455347695976
5.88 0.373212851921
5.95 0.533797553147
6.02 0.419531679078
6.09 0.173503429924
6.16 0.100121390302
6.23 0.0838793822098
6.3 0.542088040196
6.37 0.452944377468
6.44 0.375524001958
6.51 0.173034168361
6.58 0.106914167831
6.65 0.466874274386
6.72 0.485619488174
6.79 0.433269138251
6.86 0.469407975827
6.93 0.372028079212
7.0 0.622480592699
7.07 0.519746671411
7.14 0.489174871106
7.21 0.474368676183
7.28 0.424648461311
7.35 0.18876857899
7.42 0.0842727242968
7.49 0.102137780722
7.56 0.0687997429993
7.63 0.446044670828
7.7 0.430070015872
7.77 0.318335962436
7.84 0.24996474596
7.91 0.433642868103
7.98 0.465851642124
8.05 0.485512487978
8.12 0.410639437177
8.19 0.257621618457
8.26 0.358144198406
8.33 0.637215028137
8.4 0.497850793444
8.47 0.387418122806
8.54 0.322264940454
8.61 0.45254239255
8.68 0.313459984329
8.75 0.179722204145
8.82 0.0721634316238
8.89 0.055566429192
8.96 0.46933298935
9.03 0.431466653442
9.1 0.336370187903
9.17 0.180511839854
9.24 0.133099072641
9.31 0.523319492542
9.38 0.427234949772
9.45 0.387919381798
9.52 0.453689879354
9.59 0.372151937074
9.66 0.594748049584
9.73 0.461362589143
9.8 0.49925805832
9.87 0.495754673061
9.94 0.440940294521
10.01 0.146183827803
10.08 0.0754592838033
10.15 0.299896470264
10.22 0.283540171254
10.29 0.478145495363
10.36 0.353669372921
10.43 0.291667380485
10.5 0.271376714276
10.57 0.302477332592
10.64 0.4116739985
10.71 0.407066884099
10.78 0.334209903833
10.85 0.220813395437
10.92 0.209819448487
10.99 0.62513142108
11.06 0.483764580659
11.13 0.399243063986
11.2 0.326729427418
11.27 0.807262589118
11.34 0.438134607529
11.41 0.209747178074
11.48 0.116402194869
11.55 0.0993058942244
11.62 0.56464768784
11.69 0.490834682569
11.76 0.414717616573
11.83 0.260639696048
11.9 0.370753078077
11.97 0.798459358301
12.04 0.477777270206
12.11 0.448517238608
12.18 0.434538470305
12.25 0.366330176218
12.32 0.549968457815
12.39 0.46381185712
12.46 0.525282097781
12.53 0.438387588035
12.6 0.723168682259
12.67 0.45134028679
12.74 0.169145444075
12.81 0.327914416347
12.88 0.170399883685
12.95 0.503179923329
13.02 0.396225994923
13.09 0.295646533125
13.16 0.217855299327
13.23 0.305396264951
13.3 0.82159203627
13.37 0.535278624181
13.44 0.398950792367
13.51 0.316146324435
13.58 0.273923058597
13.65 0.600981950239
13.72 0.450005859531
13.79 0.388437839075
13.86 0.300070218407
13.93 0.660911524914
14.0 0.786434208825
14.07 0.374407755817
14.14 0.211485562877
14.21 0.200961107038
14.28 0.433433437925
14.35 0.472184291116
14.42 0.347666288858
14.49 0.351812685303
14.56 0.201515779492
14.63 0.923595976038
14.7 0.459046905915
14.77 0.448652479061
14.84 0.490539891852
14.91 0.34582682322
14.98 0.537546357175
15.05 0.485647623283
15.12 0.46872815412
15.19 0.465313169793
15.26 0.70911016474
15.33 0.569160616715
15.4 0.181032690348
15.47 0.298384488819
15.54 0.329311228669
15.61 0.478323881844
15.68 0.328037225696
15.75 0.224246819086
15.82 0.238795715049
15.89 0.2451855095
15.96 0.806666639595
16.03 0.496992317205
16.1 0.354967396921
16.17 0.267876681891
16.24 0.226606193333
16.31 0.556773542048
16.38 0.479623401605
16.45 0.402193716836
16.52 0.367386932554
16.59 0.53258910151
16.66 0.715438803316
16.73 0.278796381359
16.8 0.219575505455
16.87 0.129611229964
16.94 0.438477662442
17.01 0.503869611132
17.08 0.360302099625
17.15 0.413908081324
17.22 0.2135641177
17.29 0.705169151033
17.36 0.469675229739
17.43 0.407790741885
17.5 0.537132936353
17.57 0.345978410411
17.64 0.581212715057
17.71 0.504578338041
17.78 0.527874915827
17.85 0.462645963575
17.92 0.602349355317
17.99 0.622913064475
18.06 0.219274993825
18.13 0.344368252276
18.2 0.233138341244
18.27 0.458257831486
18.34 0.452766233863
18.41 0.3384617514
18.48 0.364311823538
18.55 0.298838181144
18.62 0.818798309439
18.69 0.545180465973
18.76 0.418009233232
18.83 0.296001848831
18.9 0.296059699223
18.97 0.664888143647
19.04 0.583396518111
19.11 0.464109828919
19.18 0.339812374339
19.25 0.702133088773
19.32 0.560283415354
19.39 0.304108751261
19.46 0.174160526436
19.53 0.151537692533
19.6 0.496998402433
19.67 0.452624985192
19.74 0.379802106787
19.81 0.322721689461
19.88 0.394490829708
19.95 0.777598075719
20.02 0.489932275396
20.09 0.495823962319
20.16 0.574591295415
20.23 0.360818048171
20.3 0.553759842149
20.37 0.426744455814
20.44 0.622635371339
20.51 0.503198393751
20.58 0.759267772589
20.65 0.392480814782
20.72 0.197969052719
20.79 0.541063669298
20.86 0.398513162438
20.93 0.599839218769
21.0 0.395252189619
21.07 0.35527718523
21.14 0.421592395845
21.21 0.486498031301
21.28 0.734071346346
21.35 0.485593020616
21.42 0.527771256657
21.49 0.773110814688
21.56 0.533596123067
21.63 0.940154235309
21.7 0.676427400479
21.77 0.45820489637
21.84 0.39797586154
21.91 0.895754011372
21.98 0.733913859047
22.05 0.339309929105
22.12 0.659232148607
22.19 0.323252127632
22.26 0.813258591273
22.33 0.742571802639
22.4 0.387070109669
22.47 0.355179630539
22.54 0.406909627828
22.61 0.707296735703
22.68 0.525171124193
22.75 0.534134808654
22.82 0.722031079322
22.89 0.556467432423
22.96 0.491159518821
23.03 0.406540641462
23.1 0.664638550076
23.17 0.552059859889
23.24 0.526590984557
23.31 0.432937492586
23.38 0.189774078129
23.45 0.454608584393
23.52 0.24026181663
23.59 0.628664117322
23.66 0.436979310189
23.73 0.383148003265
23.8 0.387500434067
23.87 0.405192577606
23.94 0.687416014524
24.01 0.52434221218
24.08 0.613856663591
24.15 0.687631922381
24.22 0.560664588466
24.29 0.856503380141
24.36 0.573446083352
24.43 0.357096915713
24.5 0.278597680672
24.57 0.800884023238
24.64 0.647735135904
24.71 0.452599081877
24.78 0.624443048362
24.85 0.362899818138
24.92 0.828782868273
24.99 0.740263039896
25.06 0.452461726626
25.13 0.641661739246
25.2 0.701139736395
25.27 0.617416030281
25.34 0.485098008276
25.41 0.688497837438
25.48 0.79397528872
25.55 0.624398887882
25.62 0.59772360907
25.69 0.508241888159
25.76 0.552007346844
25.83 0.425438511687
25.9 0.704707593378
25.97 0.308768837801
26.04 0.282413633984
26.11 0.419034520839
26.18 0.360907353964
26.25 0.495038037873
26.32 0.36493028796
26.39 0.399901571845
26.46 0.317520986173
26.53 0.565039828876
26.6 0.615591371192
26.67 0.414481206429
26.74 0.519810989117
26.81 0.486710682547
26.88 0.512051288262
26.95 0.76858691789
27.02 0.568836900062
27.09 0.405884643816
27.16 0.37932089691
27.23 0.819813839059
27.3 0.517751257182
27.37 0.449158373429
27.44 0.42636732866
27.51 0.564350401721
27.58 0.774907522306
27.65 0.517036030379
27.72 0.440584993625
27.79 0.630004891937
27.86 0.681394938386
27.93 0.459647758867
28.0 0.398339143282
28.07 0.651749403375
28.14 0.629966162104
28.21 0.547628990513
28.28 0.511599497479
28.35 0.455091192288
28.42 0.637110462624
28.49 0.508004309544
28.56 0.599710405644
28.63 0.254083182048
28.7 0.273737799022
28.77 0.269021168288
28.84 0.376301011078
28.91 0.530052421877
28.98 0.371763486568
29.05 0.311238209689
29.12 0.256284021963
29.19 0.610560535955
29.26 0.590446745657
29.33 0.416048080806
29.4 0.376962391982
29.47 0.441762854735
29.54 0.63201969922
29.61 0.808322590218
29.68 0.567435576762
29.75 0.415948719356
29.82 0.304066652265
29.89 0.861616218601
29.96 0.620440721799
30.03 0.431231185183
30.1 0.560602350016
30.17 0.320930486538
30.24 0.805640349384
30.31 0.64971517638
30.38 0.351753419122
30.45 0.587316970293
30.52 0.696236414007
30.59 0.530059955475
30.66 0.410089659266
30.73 0.675032165369
30.8 0.539398864068
30.87 0.501205242415
30.94 0.462085916749
31.01 0.44472181424
31.08 0.446569479904
31.15 0.392525250719
31.22 0.660628513682
31.29 0.200150923132
31.36 0.277883083272
31.43 0.366297466452
31.5 0.377196632533
31.57 0.422532830879
31.64 0.258149158407
31.71 0.302904820968
31.78 0.31455506916
31.85 0.637949720562
31.92 0.456649377925
31.99 0.369160205603
32.06 0.483008263387
32.13 0.314959195533
32.2 0.699213756557
32.27 0.673523584187
32.34 0.49636410072
32.41 0.364916710601
32.48 0.483303002271
32.55 0.74564051839
32.62 0.508980513989
32.69 0.465626971479
32.76 0.378011860558
32.83 0.602268105898
32.9 0.725068629939
32.97 0.558375594938
33.04 0.484880954162
33.11 0.457475083679
33.18 0.717104742954
33.25 0.43697653933
33.32 0.47888501865
33.39 0.667664053155
33.46 0.526509514477
33.53 0.584530020294
33.6 0.526176861765
33.67 0.660579147659
33.74 0.655049754684
33.81 0.628769928315
33.88 0.418259268127
33.95 0.196838944876
34.02 0.378547889319
34.09 0.194231686076
34.16 0.505252853499
34.23 0.46011742621
34.3 0.446767937715
34.37 0.429507038244
34.44 0.333971660271
34.51 0.707819668414
34.58 0.509119781148
34.65 0.557711446137
34.72 0.523503300785
34.79 0.615765639148
34.86 0.838370385604
34.93 0.762572591927
35.0 0.594558529313
35.07 0.400445808037
35.14 0.77516190083
35.21 0.556648207678
35.28 0.452525490456
35.35 0.485419823388
35.42 0.344724065582
35.49 0.767213383156
35.56 0.68273241048
35.63 0.574946716269
35.7 0.519531287811
35.77 0.667524472035
35.84 0.621111637066
35.91 0.491499382283
35.98 0.65990089428
36.05 0.680684927492
36.12 0.606296617156
36.19 0.595823581419
36.26 0.498648792085
36.33 0.572890381636
36.4 0.465061165234
36.47 0.717801025432
36.54 0.292440564309
36.61 0.226493367075
36.68 0.29791831652
36.75 0.353094344794
36.82 0.52682813962
36.89 0.392315145228
36.96 0.300331409305
37.03 0.306063642226
37.1 0.631581093344
37.17 0.649262932426
37.24 0.462624697117
37.31 0.552822597084
37.38 0.482095990119
37.45 0.663755801048
37.52 0.81731028682
37.59 0.735958846632
37.66 0.48073495165
37.73 0.359562274224
37.8 0.816921791886
37.87 0.56658128569
37.94 0.50361299341
38.01 0.490933319834
38.08 0.373026397218
38.15 0.717698265199
38.22 0.593676455599
38.29 0.587559797398
38.36 0.577211980517
38.43 0.623193946099
38.5 0.679192424997
38.57 0.506981086383
38.64 0.700769360897
38.71 0.622652991695
38.78 0.475322442739
38.85 0.692217195716
38.92 0.558088875405
38.99 0.704814337369
39.06 0.51038827054
39.13 0.707701651423
39.2 0.282784283458
39.27 0.217965696825
39.34 0.315053182612
39.41 0.2394787519
39.48 0.64915034312
39.55 0.383318568843
39.62 0.337150801658
39.69 0.299468379141
39.76 0.543914208374
39.83 0.620038076378
39.9 0.510168101987
39.97 0.542950119589
40.04 0.426410634631
40.11 0.617491292215
40.18 0.89638037963
40.25 0.611142663761
40.32 0.490869351633
40.39 0.401661919152
40.46 0.833453592485
40.53 0.661467299196
40.6 0.287035538644
40.67 0.575513433298
40.74 0.378796521753
40.81 0.849318925113
40.88 0.805312508282
40.95 0.402307581241
41.02 0.599608910143
41.09 0.756092776384
41.16 0.567809773114
41.23 0.50474582176
41.3 0.613373598083
41.37 0.726057030016
41.44 0.588252565579
41.51 0.55631243164
41.58 0.459221342699
41.65 0.480060128154
41.72 0.381003033711
41.79 0.666437060012
41.86 0.31427293317
41.93 0.237302882302
42.0 0.319772813752
42.07 0.321751045987
42.14 0.570762939138
42.21 0.354337320362
42.28 0.505321569629
42.35 0.781068551282
42.42 0.756235063201
42.49 0.821409381688
42.56 0.661144675485
42.63 0.820852403392
42.7 0.400545039164
42.77 0.732633144403
42.84 0.839579134911
42.91 0.764093778964
42.98 0.758827989357
43.05 0.730277899048
43.12 0.800471596134
43.19 0.692050796053
43.26 0.598194188679
43.33 0.681132675279
43.4 0.641120076947
43.47 0.65798268055
43.54 0.60498975484
43.61 0.528541684431
43.68 0.553604385234
43.75 0.583602666501
43.82 0.841622351279
43.89 0.536196313287
43.96 0.508674900482
44.03 0.793339741527
44.1 0.692428309735
44.17 0.673247552678
44.24 0.570762206067
44.31 0.374860769865
44.38 0.320680236906
44.45 0.455503305429
44.52 0.848076666326
44.59 0.649520973342
44.66 0.42876007762
44.73 0.818979909584
44.8 0.810448719113
44.87 0.862684619656
44.94 0.6620630947
45.01 0.533337842237
45.08 0.439169422095
45.15 0.624454109585
45.22 0.803420227486
45.29 0.606619605181
45.36 0.537311007392
45.43 0.465187469628
45.5 0.683652988922
45.57 0.810598548414
45.64 0.741650194936
45.71 0.794286089999
45.78 0.726661192894
45.85 0.723289960304
45.92 0.614856320378
45.99 0.578026853114
46.06 0.587410125078
46.13 0.617631591596
46.2 0.623995353889
46.27 0.502366000022
46.34 0.520168705445
46.41 0.460059053043
46.48 0.434780870896
46.55 0.849044688516
46.62 0.491377868767
46.69 0.725125308898
46.76 0.861578605406
46.83 0.641196858336
46.9 0.532383690634
46.97 0.397530933484
47.04 0.307597984551
47.11 0.26424646502
47.18 0.753761796412
47.25 0.639795283275
47.32 0.454686883758
47.39 0.756371869019
47.46 0.752530626986
47.53 0.822608236761
47.6 0.775177141297
47.67 0.540931996456
47.74 0.406534280777
47.81 0.406538103112
47.88 0.772222821612
47.95 0.649530728366
48.02 0.512727302443
48.09 0.473226340127
48.16 0.484698853456
48.23 0.758007441755
48.3 0.607252689552
48.37 0.62093439536
48.44 0.626698279167
48.51 0.669724310827
48.58 0.755915493211
48.65 0.527820671551
48.72 0.551194309146
48.79 0.572435439389
48.86 0.57924483319
48.93 0.502957278625
49.0 0.505041967547
49.07 0.479394089659
49.14 0.49516761813
49.21 0.778450052064
49.28 0.55180544286
49.35 0.425304247182
49.42 0.833063557361
49.49 0.778801157426
49.56 0.684911696633
49.63 0.530785331236
49.7 0.462738290508
49.77 0.394864501803
49.84 0.58011748065
49.91 0.856749029939
49.98 0.600795254142
50.05 0.380173145751
50.12 0.426143146729
50.19 0.420871317803
50.26 0.594074875868
50.33 0.47265553123
50.4 0.392706590217
50.47 0.36621073159
50.54 0.51321541059
50.61 0.625264019515
50.68 0.468708476723
50.75 0.415375012237
50.82 0.33255669445
50.89 0.619062713113
50.96 0.862698978958
51.03 0.64610999943
51.1 0.738253992031
51.17 0.58969881353
51.24 0.724615097557
51.31 0.760027267982
51.38 0.60383453599
51.45 0.629809515985
51.52 0.446262201808
51.59 0.744800610315
51.66 0.752542304286
51.73 0.600657285778
51.8 0.433119420021
51.87 0.462734956887
51.94 0.66825804338
52.01 0.681917302412
52.08 0.427313068461
52.15 0.409717010509
52.22 0.710384453537
52.29 0.641512754087
52.36 0.491775918797
52.43 0.414115978717
52.5 0.33604024385
52.57 0.199611437831
52.64 0.1650602894
52.71 0.160800064093
52.78 0.132306498725
52.85 0.119410687744
52.92 0.174051094518
52.99 0.210052772329
53.06 0.256783241686
53.13 0.265560595844
53.2 0.307527193609
53.27 0.322710297985
53.34 0.1825261214
53.41 0.107453650171
53.48 0.232910603549
53.55 0.397032165452
53.62 0.463038923577
53.69 0.855510905967
53.76 0.566856163539
53.83 0.3636135166
53.9 0.308994094903
53.97 0.790531621333
54.04 0.54205227967
54.11 0.272374767193
54.18 0.529312051486
54.25 0.196380021833
54.32 0.799125635229
54.39 0.6270933436
54.46 0.336397210817
54.53 0.637505181996
54.6 0.652517602318
54.67 0.558615781508
54.74 0.416514978772
54.81 0.603471181681
54.88 0.70090393344
54.95 0.346276087501
55.02 0.537226185919
55.09 0.423535345901
55.16 0.557926043353
55.23 0.386384713663
55.3 0.649701505721
55.37 0.33618658255
55.44 0.248772682528
55.51 0.311559592364
55.58 0.180153177199
55.65 0.565040711523
55.72 0.389195480317
55.79 0.291292967915
55.86 0.248244753088
55.93 0.527247787841
56.0 0.630056138768
56.07 0.419922250305
56.14 0.348357269531
56.21 0.473380387177
56.28 0.582327348443
56.35 0.912522143625
56.42 0.594320242804
56.49 0.428024929063
56.56 0.364299466482
56.63 0.76773457723
56.7 0.597074765898
56.77 0.328264102958
56.84 0.505043515141
56.91 0.260404150779
56.98 0.786621735737
57.05 0.699834449811
57.12 0.401062581213
57.19 0.560306223481
57.26 0.597162091659
57.33 0.614136339721
57.4 0.461695444745
57.47 0.480305265543
57.54 0.683993524737
57.61 0.510325669257
57.68 0.556212486695
57.75 0.442921718206
57.82 0.482300313977
57.89 0.5005788475
57.96 0.442784297793
58.03 0.672802223284
58.1 0.312021055238
58.17 0.372979240774
58.24 0.373215576871
58.31 0.457647814408
58.38 0.41434855616
58.45 0.280491950385
58.52 0.327328150763
58.59 0.333214836514
58.66 0.687368332342
58.73 0.541595637291
58.8 0.454381021451
58.87 0.605532045062
58.94 0.320820708077
59.01 0.779166445857
59.08 0.741545318424
59.15 0.452854497066
59.22 0.334638243756
59.29 0.458684311334
59.36 0.76906754279
59.43 0.506459948584
59.5 0.44185077732
59.57 0.385306476132
59.64 0.534972638955
59.71 0.738002975266
59.78 0.464051036643
59.85 0.486008569565
59.92 0.499429066703
59.99 0.643690990246
60.06 0.427046289934
60.13 0.394594823574
60.2 0.749849710123
60.27 0.578454397767
60.34 0.49579604491
60.41 0.468208008559
60.48 0.484100368545
60.55 0.49855795795
60.62 0.370115992176
60.69 0.663611420166
60.76 0.237133505927
60.83 0.321534129602
60.9 0.358774699998
60.97 0.443898971164
61.04 0.464789218188
61.11 0.345215169692
61.18 0.352885431468
61.25 0.341484021563
61.32 0.656019894635
61.39 0.516451291655
61.46 0.377943806413
61.53 0.53068348475
61.6 0.301527394295
61.67 0.690436277998
61.74 0.749397135916
61.81 0.414467337322
61.88 0.27361492303
61.95 0.350310492945
62.02 0.798583500506
62.09 0.482553848359
62.16 0.410459723764
62.23 0.455716566827
62.3 0.470980083886
62.37 0.770260977582
62.44 0.566565392123
62.51 0.324234857148
62.58 0.558536645406
62.65 0.642199462216
62.72 0.502988960612
62.79 0.385140822868
62.86 0.534439113001
62.93 0.582864598989
63.0 0.439375754123
63.07 0.491991782226
63.14 0.410688974991
63.21 0.503823643891
63.28 0.423010505725
63.35 0.652984618759
63.42 0.298658344812
63.49 0.179015959309
63.56 0.440404970693
63.63 0.325837869694
63.7 0.559941928769
63.77 0.456272258176
63.84 0.759110902846
63.91 0.799735761896
63.98 0.745151686059
64.05 0.711414807478
64.12 0.741111359773
64.19 0.788981148488
64.26 0.737420237308
64.33 0.631356896604
64.4 0.751119800424
64.47 0.745368195182
64.54 0.671412670584
64.61 0.61803944108
64.68 0.796486147971
64.75 0.707301193366
64.82 0.685418840925
64.89 0.727292190605
64.96 0.609647673268
65.03 0.658222017053
65.1 0.726424496926
65.17 0.65922418109
65.24 0.51470639511
65.31 0.585719961523
65.38 0.822958112934
65.45 0.713814821984
65.52 0.670133256215
65.59 0.716356088123
65.66 0.682623850843
65.73 0.793700170957
65.8 0.829958740466
65.87 0.708298833097
65.94 0.716177648328
66.01 0.73962389103
66.08 0.795622294399
66.15 0.643621059736
66.22 0.680038264281
66.29 0.61235365819
66.36 0.661871715835
66.43 0.68883399408
66.5 0.571686029273
66.57 0.402627759902
66.64 0.623546958927
66.71 0.709490979462
66.78 0.574672221987
66.85 0.609744651868
66.92 0.571966268164
66.99 0.432262649837
67.06 0.511130450654
67.13 0.779591489183
67.2 0.737021427549
67.27 0.483406748817
67.34 0.437600955694
67.41 0.754552467307
67.48 0.481956428251
67.55 0.447638600701
67.62 0.564389481058
67.69 0.353317219045
67.76 0.572759219723
67.83 0.541485466379
67.9 0.445916235346
67.97 0.276396882224
68.04 0.651235236414
68.11 0.564588523845
68.18 0.427756925789
68.25 0.426537054539
68.32 0.452329363662
68.39 0.400864791311
68.46 0.640538657035
68.53 0.485136853623
68.6 0.528344029295
68.67 0.382201746612
68.74 0.765933712582
68.81 0.367260209052
68.88 0.210225340153
68.95 0.277824385776
69.02 0.205071652619
69.09 0.58147560905
69.16 0.468547552137
69.23 0.366411961741
69.3 0.275352780614
69.37 0.516525642804
69.44 0.78792379829
69.51 0.445014484235
69.58 0.664094153941
69.65 0.79302392871
69.72 0.528280785279
69.79 0.843907852724
69.86 0.845636380317
69.93 0.695752221495
70.0 0.686675550833
70.07 0.699918025804
70.14 0.687028893912
70.21 0.692269673218
70.28 0.617938207707
70.35 0.440024056747
70.42 0.655716243388
70.49 0.725649035399
70.56 0.565232930087
70.63 0.504218459524
70.7 0.413897449576
70.77 0.772386576297
70.84 0.684011913706
70.91 0.597182080056
70.98 0.589556322341
71.05 0.439003092036
71.12 0.678807660578
71.19 0.666936955048
71.26 0.636237274617
71.33 0.570884871764
71.4 0.638705931206
71.47 0.590166047671
71.54 0.507611376199
71.61 0.437847055702
71.68 0.503650821343
71.75 0.526197678013
71.82 0.643765824184
71.89 0.539445386665
71.96 0.477780159542
72.03 0.484301723096
72.1 0.730698860873
72.17 0.661851351277
72.24 0.538256425826
72.31 0.559028475182
72.38 0.456472793762
72.45 0.686567833856
72.52 0.684763306816
72.59 0.503993283875
72.66 0.381518893399
72.73 0.388526901992
72.8 0.753781644118
72.87 0.423856438309
72.94 0.393117974731
73.01 0.437807961555
73.08 0.430205660624
73.15 0.745569257986
73.22 0.477099056813
73.29 0.452902746452
73.36 0.487943261838
73.43 0.596185386652
73.5 0.598622142074
73.57 0.446017202147
73.64 0.471586057966
73.71 0.461529797405
73.78 0.466007762506
73.85 0.47917858314
73.92 0.410878822552
73.99 0.464246400747
74.06 0.382342770179
74.13 0.581199891502
74.2 0.309445359949
74.27 0.149490601997
74.34 0.310034633344
74.41 0.242268228402
74.48 0.555970309727
74.55 0.409104469891
74.62 0.406994653672
74.69 0.699917144638
74.76 0.812571219678
74.83 0.87084169967
74.9 0.803375421311
74.97 0.724744574148
75.04 0.740218544721
75.11 0.644593329294
75.18 0.718406821799
75.25 0.652859078536
75.32 0.676904518487
75.39 0.614612712811
75.46 0.624010555852
75.53 0.774627720295
75.6 0.579139039969
75.67 0.565984259516
75.74 0.618753364647
75.81 0.595445179166
75.88 0.707177760536
75.95 0.68658445457
76.02 0.5919340589
76.09 0.58552687364
76.16 0.721529604111
76.23 0.643352576634
76.3 0.592026955999
76.37 0.606447176566
76.44 0.533130713457
76.51 0.543888115497
76.58 0.701585185745
76.65 0.662994876537
76.72 0.697030417041
76.79 0.54293934567
76.86 0.747366880832
76.93 0.613252657694
77.0 0.556890467579
77.07 0.614568608607
77.14 0.547071289514
77.21 0.721818303676
77.28 0.629700315095
77.35 0.594358747532
77.42 0.583938048606
77.49 0.516340685343
77.56 0.800108336607
77.63 0.629730148855
77.7 0.592813144055
77.77 0.644031092141
77.84 0.496245917862
77.91 0.688984426129
77.98 0.641708090053
78.05 0.602410754067
78.12 0.6172053176
78.19 0.662466689412
78.26 0.816413981166
78.33 0.531081198605
78.4 0.537815025396
78.47 0.565017279915
78.54 0.600481256971
78.61 0.666188781525
78.68 0.571145870139
78.75 0.56235789608
78.82 0.546211326399
78.89 0.766020514087
78.96 0.649528049326
79.03 0.571271211914
79.1 0.652318991969
79.17 0.700549433738
79.24 0.659537206757
79.31 0.743714012815
79.38 0.581422764272
79.45 0.627269446454
79.52 0.510608065895
79.59 0.590361592451
79.66 0.361443917348
79.73 0.193611619265
79.8 0.319848998318
79.87 0.27273322992
79.94 0.48129575228
80.01 0.377165615494
80.08 0.274437810534
80.15 0.58367938421
80.22 0.828089815749
80.29 0.827096869152
80.36 0.859938367674
80.43 0.837779699381
80.5 0.772436899015
80.57 0.735065714657
80.64 0.839921603367
80.71 0.770054866216
80.78 0.741096479176
80.85 0.731927632638
80.92 0.695914286414
80.99 0.723819604686
81.06 0.556258735316
81.13 0.574792338967
81.2 0.578894502365
81.27 0.627432105235
81.34 0.642020969106
81.41 0.587341401543
81.48 0.59103543852
81.55 0.560039979578
81.62 0.67452457383
81.69 0.641756968843
81.76 0.603081142115
81.83 0.608894197941
81.9 0.553985626469
81.97 0.552540695084
82.04 0.714834647843
82.11 0.663030859206
82.18 0.634887297372
82.25 0.554642414944
82.32 0.643975116633
82.39 0.444491379733
82.46 0.47917170116
82.53 0.502386354213
82.6 0.411731056583
82.67 0.56551187907
82.74 0.497505949543
82.81 0.431627475844
82.88 0.384398490217
82.95 0.487378924697
83.02 0.656567698438
83.09 0.491441450439
83.16 0.481992713034
83.23 0.353892337511
83.3 0.38631357914
83.37 0.72146527752
83.44 0.712162994329
83.51 0.492466369289
83.58 0.336854697338
83.65 0.541525503891
83.72 0.448925095497
83.79 0.376532523718
83.86 0.348807555668
83.93 0.352552220438
84.0 0.559262495072
84.07 0.530627812837
84.14 0.360258759592
84.21 0.228676950948
84.28 0.305339628939
84.35 0.667977632698
84.42 0.477239305842
84.49 0.383394689729
84.56 0.447873315156
84.63 0.331658524279
84.7 0.585044784079
84.77 0.499409689939
84.84 0.409696842917
84.91 0.416022056053
84.98 0.37974220824
85.05 0.540894916403
85.12 0.241899416788
85.19 0.195740175439
85.26 0.315943363052
85.33 0.313462039889
85.4 0.553325990126
85.47 0.360721355394
85.54 0.488167003927
85.61 0.685143631343
85.68 0.744993612303
85.75 0.736324139506
85.82 0.607154490648
85.89 0.575848773937
85.96 0.305144766878
86.03 0.769920046354
86.1 0.78472970374
86.17 0.78972855784
86.24 0.708586761086
86.31 0.67001798935
86.38 0.757231233829
86.45 0.644348202272
86.52 0.605892196074
86.59 0.633615108563
86.66 0.606702991612
86.73 0.662332525611
86.8 0.57005111556
86.87 0.532017692828
86.94 0.543561447308
87.01 0.552983446142
87.08 0.744301423174
87.15 0.507104190441
87.22 0.516395524962
87.29 0.889299363112
87.36 0.748556352599
87.43 0.657458606025
87.5 0.568784705422
87.57 0.447216624425
87.64 0.31725681412
87.71 0.386483953676
87.78 0.882266615231
87.85 0.542159506452
87.92 0.399294347841
87.99 0.841869841899
88.06 0.781428201732
88.13 0.786538826171
88.2 0.677864993751
88.27 0.460934511348
88.34 0.477661784161
88.41 0.646841645539
88.48 0.825072869605
88.55 0.651365321675
88.62 0.493883941584
88.69 0.376553369585
88.76 0.694158650012
88.83 0.660496868979
88.9 0.566494706329
88.97 0.535953637239
89.04 0.481984147213
89.11 0.735464592539
89.18 0.576714483141
89.25 0.442904731697
89.32 0.466391590963
89.39 0.444595785303
89.46 0.511479496013
89.53 0.428158304998
89.6 0.441900645385
89.67 0.418649682373
89.74 0.588145469121
89.81 0.70096836666
89.88 0.46603352365
89.95 0.62989879364
90.02 0.601130200847
90.09 0.625278778674
90.16 0.560753358154
90.23 0.434365584076
90.3 0.348445363906
90.37 0.276627575897
90.44 0.847154423295
90.51 0.759089898517
90.58 0.404437379933
90.65 0.827277985026
90.72 1.0
90.79 0.952832278357
90.86 0.655668036949
90.93 0.495116842242
91.0 0.398696893672
91.07 0.345008100151
91.14 0.893858688703
91.21 0.741627582294
91.28 0.458772331661
91.35 0.426228064464
91.42 0.354079094327
91.49 0.797260057462
91.56 0.673964886875
91.63 0.694166658995
91.7 0.671309109156
91.77 0.645309357292
91.84 0.786023512954
91.91 0.545063296086
91.98 0.553563787922
92.05 0.533376062622
92.12 0.502209691559
92.19 0.544458179476
92.26 0.430608261617
92.33 0.42108681988
92.4 0.394546509026
92.47 0.645832546208
92.54 0.499488165536
92.61 0.286312455394
92.68 0.798176153065
92.75 0.571884682569
92.82 0.563904989394
92.89 0.502954584775
92.96 0.411442022323
93.03 0.353518647644
93.1 0.321032448539
93.17 0.775076254467
93.24 0.442452315952
93.31 0.378848035155
93.38 0.87113981216
93.45 0.82643060111
93.52 0.86200551473
93.59 0.642291435201
93.66 0.326791520735
93.73 0.374021457133
93.8 0.466528950656
93.87 0.707486550684
93.94 0.508222828318
94.01 0.386833621035
94.08 0.240267773015
94.15 0.343139221344
94.22 0.839100420437
94.29 0.775317573964
94.36 0.749632864823
94.43 0.78465975694
94.5 0.649568160886
94.57 0.680343846688
94.64 0.554748271846
94.71 0.65966936387
94.78 0.561286208795
94.85 0.485041221207
94.92 0.699545714703
94.99 0.6470535104
95.06 0.471256758128
95.13 0.340698178569
95.2 0.700362146741
95.27 0.766480718153
95.34 0.558750915331
95.41 0.4246448315
95.48 0.389167697675
95.55 0.791009909292
95.62 0.614238233598
95.69 0.430817854699
95.76 0.384185017043
95.83 0.276444708058
95.9 0.201182284119
95.97 0.159969109849
96.04 0.13005852458
96.11 0.140980849774
96.18 0.363063611327
96.25 0.334774612693
96.32 0.257747416365
96.39 0.480138147619
96.46 0.417750228218
96.53 0.301514637383
96.6 0.158153543799
96.67 0.0823459047598
96.74 0.299894091857
96.81 0.522221550956
96.88 0.716021256932
96.95 0.991919967947
97.02 0.657042334373
97.09 0.593887421523
97.16 0.44054091904
97.23 0.805661008652
97.3 0.786142933887
97.37 0.287397737811
97.44 0.591108695245
97.51 0.227589407119
97.58 0.885345636921
97.65 0.661804648004
97.72 0.393398330617
97.79 0.565681988515
97.86 0.611211993005
97.93 0.804255094404
98.0 0.555315550156
98.07 0.572021756439
98.14 0.813184305286
98.21 0.441507159646
98.28 0.601946390009
98.35 0.541658395555
98.42 0.663810676209
98.49 0.625475210544
98.56 0.686665730646
98.63 0.664481249376
98.7 0.290631552949
98.77 0.428166507986
98.84 0.257705461021
98.91 0.640257716173
98.98 0.651477885805
99.05 0.504832806903
99.12 0.548606590014
99.19 0.406029965102
99.26 0.905066997397
99.33 0.663692348218
99.4 0.583703670326
99.47 0.618116283189
99.54 0.384704465076
99.61 0.868720071386
99.68 0.777474425189
99.75 0.553606354899
99.82 0.402466944905
99.89 0.490959409749
99.96 0.871737726905
100.03 0.571319936685
100.1 0.51615710961
100.17 0.452191131688
100.24 0.698358668734
100.31 0.86497855956
100.38 0.537058249028
100.45 0.522647365858
100.52 0.665720104938
100.59 0.789951649791
100.66 0.598441292771
100.73 0.498185058912
100.8 0.740434597711
100.87 0.565957476516
100.94 0.588055336957
101.01 0.506415613352
101.08 0.495114383863
101.15 0.638347801692
101.22 0.607903262475
101.29 0.682924153659
101.36 0.313303970576
101.43 0.240924043157
101.5 0.552041451667
101.57 0.739412534135
101.64 0.64354707142
101.71 0.454490536302
101.78 0.486743952113
101.85 0.415021441091
101.92 0.736853386993
101.99 0.649248515367
102.06 0.547396158347
102.13 0.59902312735
102.2 0.385532606994
102.27 0.750844513833
102.34 0.760115677799
102.41 0.485538508288
102.48 0.449507095942
102.55 0.282366089531
102.62 0.870616297435
102.69 0.619775700718
102.76 0.448354076304
102.83 0.556072927789
102.9 0.469439059509
102.97 0.831059670611
103.04 0.564951316873
103.11 0.537541191618
103.18 0.64225167907
103.25 0.692190454183
103.32 0.565764815147
103.39 0.497268726357
103.46 0.719759522512
103.53 0.652751057965
103.6 0.46375966248
103.67 0.612058883764
103.74 0.508502919115
103.81 0.589797437467
103.88 0.304464210619
103.95 0.773846589688
104.02 0.383968589371
104.09 0.289184422352
104.16 0.349909953435
104.23 0.38148932473
104.3 0.640620922386
104.37 0.424247037674
104.44 0.429564032646
104.51 0.446134561596
104.58 0.660031050627
104.65 0.644638622702
104.72 0.549583037336
104.79 0.629740408884
104.86 0.437729223829
104.93 0.582951711493
105.0 0.812114090066
105.07 0.589243320369
105.14 0.432051291461
105.21 0.275397471275
105.28 0.845193146469
105.35 0.654740009323
105.42 0.373722838158
105.49 0.617351995438
105.56 0.363794964207
105.63 0.823989137745
105.7 0.667204213403
105.77 0.363019748518
105.84 0.560572853913
105.91 0.687299761345
105.98 0.574866795263
106.05 0.545087330441
106.12 0.545940737385
106.19 0.691655250311
106.26 0.471098413358
106.33 0.675188325736
106.4 0.572145306264
106.47 0.650332959565
106.54 0.514312056343
106.61 0.544500367329
106.68 0.489423700506
106.75 0.287554954096
106.82 0.447735933248
106.89 0.333073918095
106.96 0.605346726249
107.03 0.445351562028
107.1 0.353209213283
107.17 0.29472110753
107.24 0.53781864484
107.31 0.8378391492
107.38 0.527888488744
107.45 0.554361514067
107.52 0.495393470574
107.59 0.489333489852
107.66 0.790533152636
107.73 0.664352217071
107.8 0.489729817537
107.87 0.229384759668
107.94 0.607968615365
108.01 0.569529622333
108.08 0.277756506384
108.15 0.159508907263
108.22 0.12815175564
108.29 0.590279447056
108.36 0.606155808327
108.43 0.349049377207
108.5 0.250682970208
108.57 0.163490253192
108.64 0.751574932233
108.71 0.542649990044
108.78 0.527004187679
108.85 0.551149168276
108.92 0.344989489039
108.99 0.567616689674
109.06 0.557472148138
109.13 0.537180082431
109.2 0.597290931441
109.27 0.51350105051
109.34 0.583279177914
109.41 0.177037319813
109.48 0.346001939762
109.55 0.254775538524
109.62 0.380196181945
109.69 0.584914312289
109.76 0.406249319133
109.83 0.388058734851
109.9 0.319022168523
109.97 0.723777076214
110.04 0.667455034682
110.11 0.520750744394
110.18 0.450858799975
110.25 0.202092527004
110.32 0.79709655602
110.39 0.689286300235
110.46 0.511730164754
110.53 0.213999370702
110.6 0.226384309838
110.67 0.719851582874
110.74 0.39620004718
110.81 0.16670181704
110.88 0.147670484985
110.95 0.247421917417
111.02 0.703983504563
111.09 0.491895252354
111.16 0.355358271744
111.23 0.259416055777
111.3 0.605926949553
111.37 0.619867417499
111.44 0.544447002738
111.51 0.668426094303
111.58 0.616709110132
111.65 0.613859224155
111.72 0.583424672472
111.79 0.515996130227
111.86 0.546806927899
111.93 0.441329990507
112.0 0.706464814397
112.07 0.393454759296
112.14 0.254675679474
112.21 0.439104633447
112.28 0.472039830262
112.35 0.652230155638
112.42 0.450805573113
112.49 0.324321263238
112.56 0.494661187657
112.63 0.633133892763
112.7 0.782129064792
112.77 0.563502672743
112.84 0.458100604833
112.91 0.296946221714
112.98 0.450525353474
113.05 0.867219441431
113.12 0.677003324581
113.19 0.525939564531
113.26 0.434029630324
113.33 0.693390097122
113.4 0.627961133541
113.47 0.302937216773
113.54 0.167990644334
113.61 0.147179595612
113.68 0.657794493134
113.75 0.632443776966
113.82 0.380019996157
113.89 0.361457657612
113.96 0.203388625767
114.03 0.786905936172
114.1 0.539934928372
114.17 0.510233708119
114.24 0.521298015055
114.31 0.3365793056
114.38 0.605891143118
114.45 0.578021980785
114.52 0.561475323285
114.59 0.500425468359
114.66 0.48171236159
114.73 0.725188170829
114.8 0.195139344701
114.87 0.242203248711
114.94 0.353641741336
115.01 0.444404849243
115.08 0.650669803368
115.15 0.357742395645
115.22 0.324992254033
115.29 0.237331137367
115.36 0.726328815639
115.43 0.626812663385
115.5 0.597276909796
115.57 0.43412798769
115.64 0.265090113977
115.71 0.733409293091
115.78 0.696125219757
115.85 0.617679346345
115.92 0.436347326165
115.99 0.478088392852
116.06 0.685241280815
116.13 0.323112213298
116.2 0.175105589442
116.27 0.116446639692
116.34 0.405134622066
116.41 0.744720576757
116.48 0.429002176098
116.55 0.397746976108
116.62 0.311364536297
116.69 0.765211737085
116.76 0.663061824412
116.83 0.498414107249
116.9 0.624589265623
116.97 0.507119679708
117.04 0.635754684494
117.11 0.621171254233
117.18 0.573462176847
117.25 0.555085321501
117.32 0.27386624487
117.39 0.648346924199
117.46 0.320874445868
117.53 0.209609606605
117.6 0.479395767577
117.67 0.360751203963
117.74 0.590465306417
117.81 0.387748403034
117.88 0.284420116841
117.95 0.408790564538
118.02 0.701541893103
118.09 0.703826593353
118.16 0.602961999601
118.23 0.450840262911
118.3 0.276354904665
118.37 0.382638837475
118.44 0.739906594224
118.51 0.587919892134
118.58 0.505260701059
118.65 0.426908522979
118.72 0.540864321435
118.79 0.415181899179
118.86 0.25935078582
118.93 0.126412928032
119.0 0.112927728142
119.07 0.499413929902
119.14 0.525482817004
119.21 0.363960343495
119.28 0.226260370523
119.35 0.0778573227208
119.42 0.473028502835
119.49 0.565886316816
119.56 0.550341574554
119.63 0.511817607511
119.7 0.320688826422
119.77 0.614421769346
119.84 0.625217255523
119.91 0.546860827113
119.98 0.533088688509
120.05 0.553271283793
120.12 0.362145027726
120.19 0.1169020514
120.26 0.239572690108
120.33 0.145576067696
120.4 0.527989856883
120.47 0.53242639682
120.54 0.379476202769
120.61 0.292214614122
120.68 0.185366136838
120.75 0.618227095353
120.82 0.622909059984
120.89 0.53862618821
120.96 0.407354219708
121.03 0.250770891312
121.1 0.661347625021
121.17 0.622407718058
121.24 0.534072408781
121.31 0.42191351639
121.38 0.343084082573
121.45 0.471687717853
121.52 0.240241540929
121.59 0.0994857883136
121.66 0.0739866260521
121.73 0.477815027054
121.8 0.532939759626
121.87 0.388795949336
121.94 0.26018732177
122.01 0.122742371535
122.08 0.629243706778
122.15 0.543387949447
122.22 0.464885129023
122.29 0.483439194974
122.36 0.322801133601
122.43 0.667890733451
122.5 0.61939383304
122.57 0.532474022726
122.64 0.647922009716
122.71 0.468050884093
122.78 0.270677259602
122.85 0.10392813506
122.92 0.251804032402
122.99 0.450487053117
123.06 0.577651972563
123.13 0.587440277242
123.2 0.410693259382
123.27 0.351307587686
123.34 0.249119313937
123.41 0.584899298407
123.48 0.658937753304
123.55 0.531675887838
123.62 0.432046382108
123.69 0.270793591271
123.76 0.693114400307
123.83 0.671176368549
123.9 0.564944649631
123.97 0.299156061369
124.04 0.285925438449
124.11 0.489895182015
124.18 0.296157230218
124.25 0.105366975293
124.32 0.0617403883521
124.39 0.144408348138
124.46 0.541272459704
124.53 0.248959849568
124.6 0.19753553243
124.67 0.0702238788694
124.74 0.303875489619
124.81 0.216385363564
124.88 0.117045761412
124.95 0.401052565541
125.02 0.330611315634
125.09 0.278501731333
125.16 0.0895343094839
125.23 0.120714505225
125.3 0.563506797192
125.37 0.488488373272
125.44 0.67493708831
125.51 0.14736445385
125.58 0.205961246603
125.65 0.23502685302
125.72 0.32257619046
125.79 0.421057664396
125.86 0.255609285843
125.93 0.350334337738
126.0 0.317233206278
126.07 0.492310924221
126.14 0.28750676691
126.21 0.0861257569274
126.28 0.150738732755
126.35 0.354501674831
126.42 0.634103019743
126.49 0.496255785439
126.56 0.154491576818
126.63 0.0518227359258
126.7 0.319373912175
126.77 0.602020239116
126.84 0.410522788585
126.91 0.0912655190789
126.98 0.0572082515419
127.05 0.64977834931
127.12 0.571185684027
127.19 0.334652718572
127.26 0.0915821064335
127.33 0.135939051056
127.4 0.629458284742
127.47 0.563373545657
127.54 0.48518152355
127.61 0.264642560195
127.68 0.0600295181392
127.75 0.0472615384127
127.82 0.0342364966792
127.89 0.0355823228182
127.96 0.0297770182908
128.03 0.317545229342
128.1 0.398392318312
128.17 0.625502668857
128.24 0.385303890391
128.31 0.198117910517
128.38 0.528148413429
128.45 0.763158534664
128.52 0.904382681005
128.59 0.801718368861
128.66 0.661789367551
128.73 0.822341034682
128.8 0.734544076297
128.87 0.784323483303
128.94 0.709405809965
129.01 0.68095108402
129.08 0.561720971602
129.15 0.530676561304
129.22 0.494784903348
129.29 0.3330850119
129.36 0.340962743074
129.43 0.303777241843
129.5 0.244615267807
129.57 0.194744625329
129.64 0.170813606621
129.71 0.165771027441
129.78 0.152890839013
129.85 0.0990399628014
129.92 0.0883039071909
129.99 0.0809024232257
130.06 0.0633245780098
130.13 0.0532433797133
130.2 0.0388452356838
130.27 0.0285863928627
130.34 0.0230558017982
130.41 0.0187357697632
130.48 0.0142507745878
130.55 0.0116599054734
130.62 0.00902528906418
130.69 0.00700793898775
130.76 0.00530159752325
130.83 0.00469579819466
130.9 0.00392341260319
130.97 0.00275296809549
131.04 0.00209278380049
131.11 0.00154562124885
131.18 0.0013416765141
131.25 0.000777118711107
131.32 0.0005975593168
131.39 0.000280118934352
131.46 0.000135794328073
131.53 8.57381816639e-05
131.6 3.61796348162e-05
131.67 4.36880567776e-06
