0.0 0.0189349112237
0.07 0.614780904472
0.14 0.881235648815
0.21 0.751455757547
0.28 0.793100652437
0.35 0.492324505961
0.42 0.262999434434
0.49 0.577991154587
0.56 0.811934656971
0.63 0.624886952245
0.7 0.698143901665
0.77 0.626340485866
0.84 0.529312256158
0.91 0.326393946328
0.98 0.298287917545
1.05 0.506579277744
1.12 0.597416430411
1.19 0.663267165897
1.26 0.654303879443
1.33 0.676089080717
1.4 0.50579353272
1.47 0.244843916029
1.54 0.243806995703
1.61 0.730609085778
1.68 0.674075168636
1.75 0.764225785849
1.82 0.63234430957
1.89 0.65930335532
1.96 0.500549619123
2.03 0.355192478845
2.1 0.372467022965
2.17 0.720067240122
2.24 0.715721927886
2.31 0.602084073403
2.38 0.651106515868
2.45 0.687341640343
2.52 0.584212020674
2.59 0.276703216454
2.66 0.274663482545
2.73 0.679663964188
2.8 0.713566772325
2.87 0.606098775784
2.94 0.65141605496
3.01 0.541555276888
3.08 0.374227611803
3.15 0.257127074316
3.22 0.331036946896
3.29 0.681788613752
3.36 0.565796032795
3.43 0.712506048683
3.5 0.495454643491
3.57 0.210017637242
3.64 0.636690974267
3.71 0.628558802817
3.78 0.50999980177
3.85 0.677710086839
3.92 0.568198252469
3.99 0.394481664183
4.06 0.238569816781
4.13 0.170245774518
4.2 0.136286213912
4.27 0.221163300084
4.34 0.175844925851
4.41 0.609509399213
4.48 0.777527884
4.55 0.794050435001
4.62 0.665304078544
4.69 0.661563527308
4.76 0.594910138126
4.83 0.240550426324
4.9 0.253327834992
4.97 0.680615422058
5.04 0.657315148726
5.11 0.587970726883
5.18 0.552614374945
5.25 0.539086088574
5.32 0.409802264058
5.39 0.281588572242
5.46 0.258717696598
5.53 0.714041477462
5.6 0.592712998099
5.67 0.754320475304
5.74 0.651327224439
5.81 0.713380209763
5.88 0.662578041862
5.95 0.28002333551
6.02 0.289257054569
6.09 0.820366257502
6.16 0.708564553714
6.23 0.753126637491
6.3 0.794894452194
6.37 0.708535542696
6.44 0.610779315147
6.51 0.382939443737
6.58 0.326048175821
6.65 0.892015438923
6.72 0.789270745693
6.79 0.772541640428
6.86 0.869640666387
6.93 0.647488583414
7.0 0.642352109039
7.07 0.490203445509
7.14 0.389798549327
7.21 0.251629862197
7.28 0.588026689689
7.35 0.750259691809
7.42 0.39288647989
7.49 0.196150416837
7.56 0.525457728804
7.63 0.747535483131
7.7 0.562352354053
7.77 0.581992176751
7.84 0.674465753598
7.91 0.486636351051
7.98 0.361704795947
8.05 0.256053464482
8.12 0.195342879738
8.19 0.173475742586
8.26 0.142259790478
8.33 0.11426450354
8.4 0.105389182321
8.47 0.0898157274743
8.54 0.0848196472921
8.61 0.056904693638
8.68 0.0259557173594
8.75 0.0333923267675
8.82 0.0390475499758
8.89 0.0294066310422
8.96 0.0173913822202
9.03 0.0530410233561
9.1 0.377339219161
9.17 0.271409094555
9.24 0.232287304642
9.31 0.266579322011
9.38 0.245072639023
9.45 0.385845924913
9.52 0.256262835647
9.59 0.170099063023
9.66 0.230527093912
9.73 0.175174279634
9.8 0.288661605192
9.87 0.330870437115
9.94 0.126952926082
10.01 0.243000777617
10.08 0.252474970085
10.15 0.393584649418
10.22 0.668811154267
10.29 0.54253859758
10.36 0.527657399243
10.43 0.416190881864
10.5 0.463479297538
10.57 0.498066776769
10.64 0.546425070647
10.71 0.551745361943
10.78 0.598410470448
10.85 0.443191701212
10.92 0.523794201595
10.99 0.618267613293
11.06 0.464813017644
11.13 0.488652837172
11.2 0.250956218752
11.27 0.37289753607
11.34 0.557005212768
11.41 0.620215788492
11.48 0.46606730029
11.55 0.460828780541
11.62 0.480544272713
11.69 0.470951008402
11.76 0.389982273175
11.83 0.393872301907
11.9 0.507404136525
11.97 0.611332500841
12.04 0.595620500165
12.11 0.667186364162
12.18 0.660957317866
12.25 0.606295090609
12.32 0.581946918747
12.39 0.647334239966
12.46 0.429798022536
12.53 0.339467776669
12.6 0.208826542162
12.67 0.306633582985
12.74 0.316289543323
12.81 0.215407226902
12.88 0.179913485271
12.95 0.329867060733
13.02 0.341834289913
13.09 0.254654334701
13.16 0.222897312333
13.23 0.749664973924
13.3 0.50441425067
13.37 0.274967811025
13.44 0.223027304208
13.51 0.335969471584
13.58 0.361440517768
13.65 0.341566569502
13.72 0.268154963968
13.79 0.613498387381
13.86 0.547551557349
13.93 0.465252155961
14.0 0.300076237653
14.07 0.33275051953
14.14 0.351427736006
14.21 0.515909536352
14.28 0.718783971179
14.35 0.617150702888
14.42 0.425575571943
14.49 0.391479947929
14.56 0.73875624337
14.63 0.607458996857
14.7 0.321995022824
14.77 0.221258037806
14.84 0.378756118536
14.91 0.270391345729
14.98 0.242379403159
15.05 0.362184982187
15.12 0.265644691375
15.19 0.454420589859
15.26 0.249270870382
15.33 0.221244930567
15.4 0.727615967105
15.47 0.671216692559
15.54 0.340940052784
15.61 0.188062238185
15.68 0.485231993208
15.75 0.734015161738
15.82 0.528023647175
15.89 0.503732853114
15.96 0.586257750495
16.03 0.604140624367
16.1 0.522782755529
16.17 0.546916496857
16.24 0.567306464312
16.31 0.625324066233
16.38 0.57885195975
16.45 0.601948319752
16.52 0.65469039975
16.59 0.345122531606
16.66 0.410735500059
16.73 0.767284439264
16.8 0.570991862763
16.87 0.371518021339
16.94 0.247960892513
17.01 0.304625028395
17.08 0.312134520916
17.15 0.21507475705
17.22 0.385264168841
17.29 0.29907633986
17.36 0.262786106229
17.43 0.219836361189
17.5 0.19186621694
17.57 0.318661406787
17.64 0.209568855732
17.71 0.14272167341
17.78 0.617727241078
17.85 0.285016523171
17.92 0.523540753285
17.99 0.44912229569
18.06 0.445853210955
18.13 0.732752105545
18.2 0.548244034907
18.27 0.400832434891
18.34 0.229500152712
18.41 0.332745068966
18.48 0.301601649494
18.55 0.201763748652
18.62 0.379287951341
18.69 0.387388838764
18.76 0.26880868697
18.83 0.207739237568
18.9 0.177116966458
18.97 0.315770441104
19.04 0.276832836039
19.11 0.196628645644
19.18 0.461002938271
19.25 0.335353025611
19.32 0.226337961853
19.39 0.435593908975
19.46 0.379964087387
19.53 0.454885390036
19.6 0.385031941082
19.67 0.314066744344
19.74 0.522859792007
19.81 0.400026331691
19.88 0.222316898542
19.95 0.19491834073
20.02 0.579822062679
20.09 0.583152032887
20.16 0.492707924334
20.23 0.562914855731
20.3 0.530777473298
20.37 0.523208485575
20.44 0.503616727601
20.51 0.552691767716
20.58 0.604282827658
20.65 0.59726899615
20.72 0.664579584014
20.79 0.774786936798
20.86 0.59983636878
20.93 0.264171897544
21.0 0.492474726584
21.07 0.591604211186
21.14 0.340098766689
21.21 0.267435221957
21.28 0.211568357558
21.35 0.393381389051
21.42 0.309138243592
21.49 0.247668933962
21.56 0.164012145851
21.63 0.451600770903
21.7 0.499519270594
21.77 0.279014342779
21.84 0.256937882453
21.91 0.69792908139
21.98 0.531505100303
22.05 0.518050636497
22.12 0.451413982931
22.19 0.695185110783
22.26 0.506606990109
22.33 0.494519322082
22.4 0.551681460335
22.47 0.558829727935
22.54 0.54830892832
22.61 0.576507778111
22.68 0.630950153356
22.75 0.617796142429
22.82 0.584697682201
22.89 0.573150860478
22.96 0.736374821059
23.03 0.582518311768
23.1 0.342197716583
23.17 0.518642559296
23.24 0.428494210727
23.31 0.372235627043
23.38 0.329193060994
23.45 0.238709768878
23.52 0.436655765486
23.59 0.322914764753
23.66 0.260462835385
23.73 0.183527616292
23.8 0.390659755866
23.87 0.336809044561
23.94 0.211028504513
24.01 0.439274075002
24.08 0.824398608774
24.15 0.487617001723
24.22 0.316971602567
24.29 0.429194881581
24.36 0.54214822494
24.43 0.5461147099
24.5 0.526885069761
24.57 0.601562794158
24.64 0.642829633984
24.71 0.661694711677
24.78 0.708595208046
24.85 0.631633982434
24.92 0.696052508103
24.99 0.598654644947
25.06 0.702582917644
25.13 0.699366641427
25.2 0.439044121705
25.27 0.606287592448
25.34 0.749285468964
25.41 0.474118827245
25.48 0.337480558971
25.55 0.282885959134
25.62 0.215627686794
25.69 0.465028421077
25.76 0.29434130213
25.83 0.199329765047
25.9 0.191752336803
25.97 0.250972311585
26.04 0.230032773726
26.11 0.210656279575
26.18 0.312565098009
26.25 0.354483850284
26.32 0.189360422011
26.39 0.503704278373
26.46 0.298760397665
26.53 0.518334134167
26.6 0.446439707913
26.67 0.342809487112
26.74 0.640698002521
26.81 0.768472964667
26.88 0.418416563184
26.95 0.179377055553
27.02 0.266735672337
27.09 0.426350932101
27.16 0.315339401557
27.23 0.222521363036
27.3 0.549194352638
27.37 0.376041688297
27.44 0.232462462903
27.51 0.151699399205
27.58 0.252288158844
27.65 0.275855396373
27.72 0.219070331559
27.79 0.182374635894
27.86 0.576811084247
27.93 0.308042296335
28.0 0.239141614085
28.07 0.170699548501
28.14 0.272356647739
28.21 0.250665558855
28.28 0.59432933314
28.35 0.607836127012
28.42 0.698478467105
28.49 0.683629919798
28.56 0.357352709772
28.63 0.375806677086
28.7 0.532770865781
28.77 0.610966886965
28.84 0.419190793382
28.91 0.488749603585
28.98 0.494686948734
29.05 0.540019395834
29.12 0.461525389649
29.19 0.510328471642
29.26 0.506066232515
29.33 0.391878951598
29.4 0.298943487456
29.47 0.637249851931
29.54 0.564892232457
29.61 0.480473467736
29.68 0.542475207871
29.75 0.902067202104
29.82 0.635973492175
29.89 0.23747209969
29.96 0.195675208527
30.03 0.52447582747
30.1 0.44597053187
30.17 0.354924229084
30.24 0.352891891537
30.31 0.678878350048
30.38 0.595535965526
30.45 0.43264604976
30.52 0.642134647829
30.59 0.774814129992
30.66 0.518789910665
30.73 0.358082225859
30.8 0.598882530287
30.87 0.848532107241
30.94 0.676802293104
31.01 0.975793542798
31.08 0.758566006447
31.15 0.888547389703
31.22 0.670579202
31.29 0.38438621069
31.36 0.640943958488
31.43 0.86281383081
31.5 0.72179169207
31.57 0.589993057672
31.64 0.72885026532
31.71 0.742995407765
31.78 0.647326357881
31.85 0.781483239514
31.92 0.742717753309
31.99 0.547894679651
32.06 0.304710626097
32.13 0.206272644699
32.2 0.422357744032
32.27 0.35057978795
32.34 0.210885552279
32.41 0.14140509175
32.48 0.264041002573
32.55 0.263735509231
32.62 0.227608898677
32.69 0.554451854834
32.76 0.930963053654
32.83 0.409783963659
32.9 0.287231159391
32.97 0.397299815104
33.04 0.696638311378
33.11 0.578879429254
33.18 0.555443309198
33.25 0.330120815892
33.32 0.765579058472
33.39 0.580362161493
33.46 0.593570544266
33.53 0.434004970725
33.6 0.542115080916
33.67 0.490500826993
33.74 0.465755283141
33.81 0.554747639541
33.88 0.712155194085
33.95 0.405436875773
34.02 0.571039082563
34.09 0.821570791392
34.16 0.764341509987
34.23 0.456451811989
34.3 0.282813723166
34.37 0.507025156552
34.44 0.616180610139
34.51 0.463963244492
34.58 0.375755820185
34.65 0.552970784813
34.72 0.68959288027
34.79 0.51146016023
34.86 0.200534666865
34.93 0.604200871421
35.0 0.483325796659
35.07 0.465974128806
35.14 0.410445100475
35.21 0.534033599128
35.28 0.521374990356
35.35 0.594973644175
35.42 0.586123190791
35.49 0.779467893533
35.56 0.275086413142
35.63 0.303459100726
35.7 0.282869194433
35.77 0.56584288903
35.84 0.470026076222
35.91 0.563082288967
35.98 0.62616645611
36.05 0.786794654011
36.12 0.410515992707
36.19 0.184731897141
36.26 0.668865258529
36.33 0.69449705999
36.4 0.487909632141
36.47 0.226639818093
36.54 0.287830879928
36.61 0.428395265833
36.68 0.425242930489
36.75 0.522443520463
36.82 0.357247318146
36.89 0.551518343341
36.96 0.473992508828
37.03 0.584085395409
37.1 0.723820283445
37.17 0.449800770185
37.24 0.24226305369
37.31 0.241696997801
37.38 0.554017220358
37.45 0.545797006597
37.52 0.4288039825
37.59 0.609211817042
37.66 0.623107508935
37.73 0.547584982045
37.8 0.578531987802
37.87 0.581594413565
37.94 0.558443928941
38.01 0.572651030103
38.08 0.575315425097
38.15 0.757684523171
38.22 0.578384220515
38.29 0.44014881924
38.36 0.667741625084
38.43 0.483823618701
38.5 0.340212766075
38.57 0.244129438437
38.64 0.3594569808
38.71 0.416340536779
38.78 0.273319192882
38.85 0.317915578273
38.92 0.371393895945
38.99 0.418400468896
39.06 0.315805026299
39.13 0.251360974016
39.2 0.738536673484
39.27 0.615003900592
39.34 0.261968630722
39.41 0.15643425079
39.48 0.565659470576
39.55 0.590866997704
39.62 0.661030320229
39.69 0.562306322383
39.76 0.630256881773
39.83 0.626225820429
39.9 0.586311414117
39.97 0.56560227165
40.04 0.631564057284
40.11 0.599237465537
40.18 0.633766735131
40.25 0.55669115093
40.32 0.589249427997
40.39 0.290687410206
40.46 0.711775167045
40.53 0.493672931538
40.6 0.311292356449
40.67 0.197199187922
40.74 0.175151985839
40.81 0.38945380989
40.88 0.309861689601
40.95 0.193029873056
41.02 0.360240182324
41.09 0.336070241573
41.16 0.411480227699
41.23 0.229448548321
41.3 0.229101900896
41.37 0.70809263203
41.44 0.563461590331
41.51 0.395649286064
41.58 0.398354509387
41.65 0.658993970381
41.72 0.566438358767
41.79 0.524291405577
41.86 0.646396905862
41.93 0.58723322982
42.0 0.446491127613
42.07 0.537884181077
42.14 0.65111206823
42.21 0.534078666624
42.28 0.417450719781
42.35 0.530042377218
42.42 0.512908790089
42.49 0.344418556674
42.56 0.395282386623
42.63 0.728363485468
42.7 0.481823340301
42.77 0.302699628351
42.84 0.233243695359
42.91 0.228681660678
42.98 0.360245086087
43.05 0.221686301172
43.12 0.177355798008
43.19 0.121907942068
43.26 0.259884022734
43.33 0.208927332511
43.4 0.209948210903
43.47 0.341545956831
43.54 0.298080599794
43.61 0.163254811238
43.68 0.403711308408
43.75 0.297433244994
43.82 0.673906640343
43.89 0.450092420432
43.96 0.592796967031
44.03 0.721033115519
44.1 0.659212801503
44.17 0.318861317996
44.24 0.153192589023
44.31 0.31708105303
44.38 0.30625740537
44.45 0.240177170316
44.52 0.193325542876
44.59 0.495378750062
44.66 0.191642684198
44.73 0.173778029286
44.8 0.173478901237
44.87 0.403432686869
44.94 0.280422403166
45.01 0.2132984753
45.08 0.193385324567
45.15 0.477581187403
45.22 0.397693805941
45.29 0.389204626922
45.36 0.271853257337
45.43 0.350646009101
45.5 0.455793644771
45.57 0.507009882467
45.64 0.592892078497
45.71 0.434034380211
45.78 0.409611984409
45.85 0.609508654632
45.92 0.671257344924
45.99 0.681090689993
46.06 0.533657488409
46.13 0.534625331419
46.2 0.590488296949
46.27 0.662103063324
46.34 0.623098786288
46.41 0.703760470661
46.48 0.648315425805
46.55 0.688472655608
46.62 0.607602977253
46.69 0.572541092463
46.76 0.664072112961
46.83 0.571719008408
46.9 0.367190891708
46.97 0.698053036636
47.04 0.724864777553
47.11 0.639349750002
47.18 0.584190273681
47.25 0.719771531036
47.32 0.62113957617
47.39 0.503096268558
47.46 0.595325423682
47.53 0.708894862537
47.6 0.323650480348
47.67 0.457217797991
47.74 0.66295330911
47.81 0.701952635848
47.88 0.673905362049
47.95 0.359984639881
48.02 0.249445294242
48.09 0.486174219441
48.16 0.459502272106
48.23 0.41107481511
48.3 0.433129339389
48.37 0.580951311019
48.44 0.666375959264
48.51 0.507443110674
48.58 0.602098541829
48.65 0.732617253535
48.72 0.797929648406
48.79 0.677787563957
48.86 0.716380447035
48.93 0.650569931999
49.0 0.580697174844
49.07 0.402769918375
49.14 0.699309093479
49.21 0.65237432458
49.28 0.494888174593
49.35 0.526850827772
49.42 0.628063025463
49.49 0.586274414852
49.56 0.516366828188
49.63 0.770501079045
49.7 0.650102816641
49.77 0.488423916399
49.84 0.576061145996
49.91 0.54806286183
49.98 0.559980723269
50.05 0.562189983094
50.12 0.400200005154
50.19 0.250352123803
50.26 0.481971766367
50.33 0.431628376555
50.4 0.24310512363
50.47 0.470053455561
50.54 0.494880154353
50.61 0.563084825195
50.68 0.498051589939
50.75 0.381522324769
50.82 0.529972827267
50.89 0.584087079441
50.96 0.568711520199
51.03 0.585991100419
51.1 0.657025816568
51.17 0.535100119448
51.24 0.384031131468
51.31 0.320432620443
51.38 0.679252440801
51.45 0.567533826119
51.52 0.440764849295
51.59 0.560580080242
51.66 0.537173567451
51.73 0.368334148928
51.8 0.526783821321
51.87 0.441218502574
51.94 0.41593319875
52.01 0.303674838639
52.08 0.657152386572
52.15 0.739480753897
52.22 0.665092008273
52.29 0.616078457149
52.36 0.489837774918
52.43 0.669972469025
52.5 0.686337836409
52.57 0.60131597727
52.64 0.636502720401
52.71 0.792315667991
52.78 0.52967805327
52.85 0.3699130906
52.92 0.277213281905
52.99 0.582753149922
53.06 0.498302803052
53.13 0.448703822397
53.2 0.556653481251
53.27 0.555211684957
53.34 0.439708614951
53.41 0.282070672287
53.48 0.320964427071
53.55 0.537430862277
53.62 0.400062747798
53.69 0.450991271927
53.76 0.554911607277
53.83 0.519444913415
53.9 0.482718948797
53.97 0.479430371171
54.04 0.550202661867
54.11 0.388530823508
54.18 0.567048525249
54.25 0.530146486186
54.32 0.550705973738
54.39 0.556499099993
54.46 0.464391797256
54.53 0.408119177061
54.6 0.551069881768
54.67 0.556105972986
54.74 0.388036235738
54.81 0.611821028712
54.88 0.614289568426
54.95 0.556162562578
55.02 0.497300703511
55.09 0.553897985639
55.16 0.674429032096
55.23 0.572016584763
55.3 0.484466561279
55.37 0.540338828252
55.44 0.542327708168
55.51 0.485259612501
55.58 0.447956584706
55.65 0.621261488181
55.72 0.628437084222
55.79 0.590613843154
55.86 0.448813187059
55.93 0.59153039153
56.0 0.517969616803
56.07 0.363848649005
56.14 0.484315745864
56.21 0.434144543261
56.28 0.250738981498
56.35 0.281776093161
56.42 0.526796499553
56.49 0.61946676497
56.56 0.414204603617
56.63 0.315572449518
56.7 0.26451655118
56.77 0.651701748561
56.84 0.470401928083
56.91 0.378642290752
56.98 0.50370288083
57.05 0.527783911076
57.12 0.533568265239
57.19 0.541181612233
57.26 0.375638350936
57.33 0.691640474451
57.4 0.708783777486
57.47 0.637468341302
57.54 0.696957194086
57.61 0.675698258711
57.68 0.534750211573
57.75 0.267343554177
57.82 0.652333388635
57.89 0.526857488279
57.96 0.397215274648
58.03 0.446681776644
58.1 0.565233128287
58.17 0.548691415966
58.24 0.422142800145
58.31 0.560305623702
58.38 0.542915211472
58.45 0.472265766422
58.52 0.469971180842
58.59 0.444102055898
58.66 0.547920357507
58.73 0.544171358479
58.8 0.344223110041
58.87 0.286936225426
58.94 0.464182955441
59.01 0.383067921729
59.08 0.265778448328
59.15 0.504508336884
59.22 0.651224433029
59.29 0.441865421097
59.36 0.257250904495
59.43 0.371336189482
59.5 0.619847029053
59.57 0.555565731654
59.64 0.42873688443
59.71 0.481675066931
59.78 0.736047605446
59.85 0.511622240337
59.92 0.428609886874
59.99 0.591543786713
60.06 0.670889935038
60.13 0.599156477836
60.2 0.57913207045
60.27 0.737965137946
60.34 0.590351070134
60.41 0.540389968734
60.48 0.551236666404
60.55 0.496105078413
60.62 0.569497262314
60.69 0.60854599024
60.76 0.481711818972
60.83 0.616621164905
60.9 0.605414325738
60.97 0.437526424709
61.04 0.326044346756
61.11 0.574803912657
61.18 0.677633989813
61.25 0.549596267734
61.32 0.413324482983
61.39 0.713644566472
61.46 0.712135160209
61.53 0.250624157547
61.6 0.232242001556
61.67 0.690146071781
61.74 0.618371422684
61.81 0.444105711906
61.88 0.43355730754
61.95 0.479808370973
62.02 0.34934695272
62.09 0.306919954272
62.16 0.54198397944
62.23 0.713111616796
62.3 0.443809264057
62.37 0.373544200098
62.44 0.57000874276
62.51 0.471750375473
62.58 0.297633849884
62.65 0.479313098247
62.72 0.48462305703
62.79 0.384378040661
62.86 0.510040970396
62.93 0.543578618387
63.0 0.461030656453
63.07 0.417220898821
63.14 0.380805773402
63.21 0.475230146023
63.28 0.601365049796
63.35 0.74980280862
63.42 0.427940296449
63.49 0.587853419057
63.56 0.475794103415
63.63 0.384005129312
63.7 0.514073128252
63.77 0.410347115392
63.84 0.434516153048
63.91 0.343794381312
63.98 0.341329699748
64.05 0.482051280903
64.12 0.662252017287
64.19 0.401044281205
64.26 0.379033967863
64.33 0.320963502162
64.4 0.454481899977
64.47 0.363523690402
64.54 0.333658599754
64.61 0.412738128543
64.68 0.375829631115
64.75 0.239355052813
64.82 0.313965913276
64.89 0.27754613859
64.96 0.366199963786
65.03 0.254041867581
65.1 0.310643225998
65.17 0.482475582866
65.24 0.428145726572
65.31 0.299272603786
65.38 0.339694178664
65.45 0.615957237366
65.52 0.555244375252
65.59 0.430236750752
65.66 0.505358851708
65.73 0.386419476054
65.8 0.225810102085
65.87 0.132797883592
65.94 0.0952264097106
66.01 0.45874843644
66.08 0.332426363679
66.15 0.782235715448
66.22 0.440711821184
66.29 0.680757680611
66.36 0.70958475733
66.43 0.835425115425
66.5 0.728741646693
66.57 0.884727626417
66.64 0.900135388777
66.71 0.358685797275
66.78 0.49263933274
66.85 0.449262865848
66.92 0.334015934531
66.99 0.466198720249
67.06 0.586481409758
67.13 0.626157490601
67.2 0.415552412588
67.27 0.398350540713
67.34 0.487223255201
67.41 0.491830558066
67.48 0.374275468568
67.55 0.387642513939
67.62 0.498286974894
67.69 0.472776964741
67.76 0.297908683077
67.83 0.406806521901
67.9 0.387005110635
67.97 0.224454109998
68.04 0.218137187176
68.11 0.711619949588
68.18 0.686916954455
68.25 0.394044246255
68.32 0.548910603381
68.39 0.422002269252
68.46 0.439026804385
68.53 0.40384912129
68.6 0.482069441693
68.67 0.689428087969
68.74 0.61139160921
68.81 0.433424580203
68.88 0.34305880678
68.95 0.488186275887
69.02 0.287417538717
69.09 0.566030674624
69.16 0.623129237024
69.23 0.493641615518
69.3 0.423721466962
69.37 0.748125541569
69.44 0.551811673258
69.51 0.381469908901
69.58 0.236096495462
69.65 0.215643689463
69.72 0.518927208739
69.79 0.579759171781
69.86 0.55053288198
69.93 0.490340678142
70.0 0.563736496237
70.07 0.515653063182
70.14 0.451347296417
70.21 0.396272440535
70.28 0.412033670797
70.35 0.379163633985
70.42 0.36443692743
70.49 0.388254109957
70.56 0.586146451668
70.63 0.527516122315
70.7 0.407490239001
70.77 0.371099363356
70.84 0.680787584545
70.91 0.562186780815
70.98 0.582231288973
71.05 0.391155661194
71.12 0.714480650681
71.19 0.526657542169
71.26 0.864583985766
71.33 0.737133068947
71.4 0.446392037293
71.47 0.434331428669
71.54 0.607686232144
71.61 0.455070844452
71.68 0.578753493307
71.75 0.630891428911
71.82 0.700806551547
71.89 0.588816961822
71.96 0.81721554802
72.03 0.544550044691
72.1 0.570358285616
72.17 0.527864472678
72.24 0.579536552314
72.31 0.471717765162
72.38 0.555643691587
72.45 0.497998740702
72.52 0.56759608005
72.59 0.570729002487
72.66 0.640059792104
72.73 0.840557507694
72.8 0.608876978201
72.87 0.674997813267
72.94 0.91527770228
73.01 0.695430143294
73.08 0.512504359124
73.15 0.654800100346
73.22 0.750411658997
73.29 0.710076648903
73.36 0.546960562368
73.43 0.540231915471
73.5 0.834843911972
73.57 0.646147781065
73.64 0.627066916015
73.71 0.767989247486
73.78 0.757494948838
73.85 0.737618804641
73.92 0.71888082194
73.99 0.720985220943
74.06 0.765490867825
74.13 0.537214119472
74.2 0.475494671426
74.27 0.441608239703
74.34 0.467530482922
74.41 0.384160527098
74.48 0.345774985039
74.55 0.309288523839
74.62 0.55514829234
74.69 0.631240257726
74.76 0.644731707709
74.83 0.706907599757
74.9 0.840610528534
74.97 0.699482734947
75.04 0.454362247885
75.11 0.520083173277
75.18 0.548569884971
75.25 0.775486596942
75.32 0.626722644849
75.39 0.52771865119
75.46 0.479129550364
75.53 0.51078733117
75.6 0.447221917632
75.67 0.834095698472
75.74 0.578791088818
75.81 0.455239583613
75.88 0.517787526088
75.95 0.44797622884
76.02 0.541543562829
76.09 0.414142797597
76.16 0.201489793832
76.23 0.254553118254
76.3 0.330889147615
76.37 0.298619072747
76.44 0.249691139684
76.51 0.533750943474
76.58 0.587617901764
76.65 0.572838932038
76.72 0.331890562201
76.79 0.402562935103
76.86 0.634962693254
76.93 0.676917070519
77.0 0.541396083486
77.07 0.617123034151
77.14 0.562607317701
77.21 0.469112106247
77.28 0.479887305259
77.35 0.604790298711
77.42 0.668170430889
77.49 0.465474374053
77.56 0.51289953082
77.63 0.583014302898
77.7 0.554331779553
77.77 0.639881005466
77.84 0.645777301238
77.91 0.536276503241
77.98 0.416775046189
78.05 0.504867447312
78.12 0.488687569246
78.19 0.487242237648
78.26 0.435303557381
78.33 0.521626584486
78.4 0.297029669134
78.47 0.530740398412
78.54 0.364525419108
78.61 0.61358388474
78.68 0.558648813716
78.75 0.538286994905
78.82 0.376808916237
78.89 0.32976525822
78.96 0.644563049987
79.03 0.658171157742
79.1 0.41650264888
79.17 0.5856945435
79.24 0.511750190433
79.31 0.662088330223
79.38 0.327919423611
79.45 0.553722200592
79.52 0.497543974914
79.59 0.449910994314
79.66 0.351042236589
79.73 0.452474446261
79.8 0.554619875591
79.87 0.448584842173
79.94 0.502179954318
80.01 0.594740632571
80.08 0.565159275183
80.15 0.602524900115
80.22 0.625220770195
80.29 0.578213138543
80.36 0.509670188083
80.43 0.450943543137
80.5 0.179853766113
80.57 0.309685932185
80.64 0.521868768104
80.71 0.432934731864
80.78 0.227394649926
80.85 0.669331766006
80.92 0.681749854833
80.99 0.614927248039
81.06 0.37822265987
81.13 0.458183635578
81.2 0.510623424513
81.27 0.731959199749
81.34 0.815962972674
81.41 0.537674830271
81.48 0.590421533359
81.55 0.342593484525
81.62 0.222823690456
81.69 0.590434141787
81.76 0.664443002889
81.83 0.516234031046
81.9 0.457875233717
81.97 0.625747540723
82.04 0.647695274379
82.11 0.556811476344
82.18 0.627783086366
82.25 0.726612566001
82.32 0.761472955894
82.39 0.956650077703
82.46 0.694308314585
82.53 0.439281904734
82.6 0.277928451725
82.67 0.248561754643
82.74 0.429577955294
82.81 0.520056099332
82.88 0.441527419242
82.95 0.277963627349
83.02 0.145989053752
83.09 0.151020220849
83.16 0.135423966124
83.23 0.21860219822
83.3 0.32369533843
83.37 0.194777420096
83.44 0.158578150384
83.51 0.129430243705
83.58 0.281613261202
83.65 0.180753559967
83.72 0.210938754901
83.79 0.155101560299
83.86 0.415499588073
83.93 0.124648378826
84.0 0.0568045024438
84.07 0.0430897829397
84.14 0.038204259912
84.21 0.0316950941905
84.28 0.0216607995715
84.35 0.0216794329958
84.42 0.204645235473
84.49 0.267160817771
84.56 0.119696111113
84.63 0.0435989031226
84.7 0.566369786079
84.77 0.493611874461
84.84 0.303031100581
84.91 0.102040177313
84.98 0.435761353845
85.05 0.647495792177
85.12 0.529298257458
85.19 0.51868674551
85.26 0.544818418065
85.33 0.502119880321
85.4 0.52166451884
85.47 0.634249047498
85.54 0.547876053498
85.61 0.556153093896
85.68 0.450438084779
85.75 0.550919924366
85.82 0.665488184862
85.89 0.568074734955
85.96 0.48885549693
86.03 0.585161407679
86.1 0.590564665922
86.17 0.435869959383
86.24 0.312852206605
86.31 0.590462994292
86.38 0.30818789823
86.45 0.183653815459
86.52 0.295280605301
86.59 0.579949252197
86.66 0.457930513021
86.73 0.243642825825
86.8 0.44734840038
86.87 0.695888169531
86.94 0.509662365623
87.01 0.185212973387
87.08 0.155028482315
87.15 0.294008218581
87.22 0.467218144381
87.29 0.36857280015
87.36 0.38051494772
87.43 0.456387952555
87.5 0.353674387746
87.57 0.351489104295
87.64 0.409734891133
87.71 0.463344977786
87.78 0.433703412609
87.85 0.38912508621
87.92 0.508523431915
87.99 0.545452802326
88.06 0.462075290171
88.13 0.316071058314
88.2 0.552007753948
88.27 0.68845265518
88.34 0.437066483213
88.41 0.485988075705
88.48 0.471160874016
88.55 0.307345322207
88.62 0.211698231639
88.69 0.608337126611
88.76 0.276852839376
88.83 0.184037568311
88.9 0.224224994354
88.97 0.590815591092
89.04 0.490811874151
89.11 0.278677889711
89.18 0.164334440251
89.25 0.121145233966
89.32 0.521954320724
89.39 0.320800279007
89.46 0.087308993094
89.53 0.0653963274464
89.6 0.592629706852
89.67 0.682363313758
89.74 0.260242030833
89.81 0.0966522135155
89.88 0.0819723108419
89.95 0.0688885246422
90.02 0.658472379924
90.09 0.658237767181
90.16 0.353651758017
90.23 0.103940017295
90.3 0.0914230737384
90.37 0.506593788343
90.44 0.763185283682
90.51 0.549737438501
90.58 0.285323844516
90.65 0.144117909215
90.72 0.106393778826
90.79 0.405981446435
90.86 0.809511187661
90.93 0.619948892646
91.0 0.485827332062
91.07 0.393283376337
91.14 0.426094986828
91.21 0.427985448292
91.28 0.511129167906
91.35 0.25624936048
91.42 0.366028035435
91.49 0.238378639853
91.56 0.404943607017
91.63 0.225127983216
91.7 0.293383547317
91.77 0.277481677093
91.84 0.473562967168
91.91 0.316190234864
91.98 0.303376075609
92.05 0.209384224426
92.12 0.351314852037
92.19 0.261327638307
92.26 0.330960058752
92.33 0.201759393146
92.4 0.635402349287
92.47 0.494963829525
92.54 0.471701698505
92.61 0.410943239546
92.68 0.501916254934
92.75 0.484906748117
92.82 0.508624516025
92.89 0.429952697555
92.96 0.486809564968
93.03 0.416485219583
93.1 0.209935726087
93.17 0.112366388309
93.24 0.24184018708
93.31 0.383050099781
93.38 0.359780659655
93.45 0.504083725163
93.52 0.316795980397
93.59 0.427775274375
93.66 0.245305436851
93.73 0.172936826085
93.8 0.53557006334
93.87 0.548072038206
93.94 0.502330394534
94.01 0.552319778368
94.08 0.467186669847
94.15 0.389088310901
94.22 0.641192689181
94.29 0.589307566375
94.36 0.578333677733
94.43 0.583011062808
94.5 0.597453138825
94.57 0.689430401696
94.64 0.609285040452
94.71 0.505939800666
94.78 0.366682004206
94.85 0.610851766345
94.92 0.508081043329
94.99 0.33011108108
95.06 0.522069799092
95.13 0.344415178429
95.2 0.226971444474
95.27 0.350352820247
95.34 0.595850175698
95.41 0.6148616115
95.48 0.304103900393
95.55 0.459578878123
95.62 0.605770876669
95.69 0.480527721788
95.76 0.370202470748
95.83 0.463561943093
95.9 0.636352236557
95.97 0.644302147144
96.04 0.553052415296
96.11 0.4769761181
96.18 0.573607486263
96.25 0.576803730058
96.32 0.7246417189
96.39 0.634161514176
96.46 0.572299859931
96.53 0.642772720093
96.6 0.617671641837
96.67 0.709675007208
96.74 0.634540369083
96.81 0.633317936169
96.88 0.427436440685
96.95 0.477415225878
97.02 0.464131817867
97.09 0.463378531911
97.16 0.542003276007
97.23 0.533439330609
97.3 0.216600003105
97.37 0.203236703906
97.44 0.474420226847
97.51 0.332373875098
97.58 0.240800851229
97.65 0.265096980968
97.72 0.488417231169
97.79 0.300007691141
97.86 0.180772267559
97.93 0.123424951199
98.0 0.475791273427
98.07 0.475852307235
98.14 0.119273256138
98.21 0.0505203688058
98.28 0.374885611781
98.35 0.64217906818
98.42 0.354758077051
98.49 0.171000719784
98.56 0.0720390407077
98.63 0.0709510060756
98.7 0.648492746549
98.77 0.78769735493
98.84 0.550092903101
98.91 0.300785898739
98.98 0.207105173244
99.05 0.34580552303
99.12 0.774532208739
99.19 0.614395864601
99.26 0.391744682746
99.33 0.219713790398
99.4 0.107522650514
99.47 0.267887006513
99.54 0.803974951948
99.61 0.727662509219
99.68 0.505987946828
99.75 0.445253401708
99.82 0.413633034632
99.89 0.446649227412
99.96 0.491929940692
100.03 0.230599129192
100.1 0.264826607988
100.17 0.279767634552
100.24 0.427447049506
100.31 0.233810721239
100.38 0.166802231022
100.45 0.388831177497
100.52 0.436745917928
100.59 0.350427646251
100.66 0.333200423729
100.73 0.247339461339
100.8 0.316013775041
100.87 0.333564890194
100.94 0.42495510058
101.01 0.433073059554
101.08 0.520911099092
101.15 0.502353432909
101.22 0.474704866111
101.29 0.483130882285
101.36 0.498157985003
101.43 0.556004945593
101.5 0.628773269707
101.57 0.374180602871
101.64 0.476179042942
101.71 0.511767403046
101.78 0.54675374052
101.85 0.426282199444
101.92 0.378578925766
101.99 0.256251114317
102.06 0.147938319645
102.13 0.266216018954
102.2 0.73385676527
102.27 0.422542705455
102.34 0.233717202186
102.41 0.456880790851
102.48 0.418842265599
102.55 0.2954048863
102.62 0.265891291578
102.69 0.122939487452
102.76 0.555016769129
102.83 0.378975605529
102.9 0.173435730096
102.97 0.130102656847
103.04 0.487720104344
103.11 0.473482603345
103.18 0.402516707109
103.25 0.146171905045
103.32 0.606150611402
103.39 0.382679474528
103.46 0.155888163336
103.53 0.123029498831
103.6 0.708692457274
103.67 0.546946070674
103.74 0.311272011361
103.81 0.0831406933002
103.88 0.567071218965
103.95 0.458248960905
104.02 0.205838043671
104.09 0.348730546012
104.16 0.540927015058
104.23 0.43805487927
104.3 0.397124742644
104.37 0.125071402495
104.44 0.531167168254
104.51 0.560669573905
104.58 0.240630582188
104.65 0.166360114382
104.72 0.0758902145395
104.79 0.0590724648987
104.86 0.0470306962042
104.93 0.170916737764
105.0 0.734275906067
105.07 0.738699604333
105.14 0.3348205762
105.21 0.275645325709
105.28 0.344482184881
105.35 0.508548616778
105.42 0.532632061094
105.49 0.435157206542
105.56 0.547870358618
105.63 0.604412108401
105.7 0.520197504235
105.77 0.278824846976
105.84 0.365733402501
105.91 0.629358632342
105.98 0.670601932073
106.05 0.502627748386
106.12 0.527913044939
106.19 0.676159762082
106.26 0.302988550409
106.33 0.740360449888
106.4 0.430775796683
106.47 0.159770891686
106.54 0.243198553973
106.61 0.635210166012
106.68 0.636650217196
106.75 0.576500836931
106.82 0.321098041507
106.89 0.302188165357
106.96 0.346218510856
107.03 0.39451714811
107.1 0.32226141695
107.17 0.117796135885
107.24 0.515097838617
107.31 0.533669061405
107.38 0.21942477236
107.45 0.107691055195
107.52 0.369730288752
107.59 0.352036960128
107.66 0.334869993385
107.73 0.19795773248
107.8 0.542193292435
107.87 0.439373882272
107.94 0.192585272541
108.01 0.101020226738
108.08 0.560313681752
108.15 0.656890304324
108.22 0.363378385176
108.29 0.093491332944
108.36 0.534878621215
108.43 0.485534460237
108.5 0.242033637015
108.57 0.346239770673
108.64 0.401549031339
108.71 0.375829373711
108.78 0.324051173866
108.85 0.300277765998
108.92 0.768098113337
108.99 0.512319098124
109.06 0.335086896159
109.13 0.331969844055
109.2 0.701223416429
109.27 0.438762162641
109.34 0.422508751409
109.41 0.291973340443
109.48 0.572280649166
109.55 0.349750740902
109.62 0.162238013497
109.69 0.141266976381
109.76 0.251596393874
109.83 0.269649000165
109.9 0.345830357416
109.97 0.294273378041
110.04 0.625091992626
110.11 0.486837120273
110.18 0.42231261982
110.25 0.263420254901
110.32 0.561640197458
110.39 0.574989199834
110.46 0.469386458081
110.53 0.345175417199
110.6 0.505485148311
110.67 0.402890970919
110.74 0.157794461684
110.81 0.289627265358
110.88 0.312686041483
110.95 0.445653279387
111.02 0.325430326487
111.09 0.255232683443
111.16 0.405284892588
111.23 0.535947315653
111.3 0.354938911286
111.37 0.0833812001569
111.44 0.420809482869
111.51 0.4803240106
111.58 0.412406715938
111.65 0.539772577492
111.72 0.637955561794
111.79 0.353056983416
111.86 0.623333351041
111.93 0.580777154743
112.0 0.225583585203
112.07 0.728888627226
112.14 0.710226417251
112.21 0.415057464162
112.28 0.723030196003
112.35 0.535160024752
112.42 0.730700781189
112.49 0.598596756701
112.56 0.27707703526
112.63 0.686974278447
112.7 0.565865665639
112.77 0.396944702434
112.84 0.244045347347
112.91 0.451764886974
112.98 0.551074091848
113.05 0.429425585276
113.12 0.326337553061
113.19 0.306645758044
113.26 0.505545814192
113.33 0.416517534678
113.4 0.548380387713
113.47 0.499002736598
113.54 0.415338778989
113.61 0.324353777595
113.68 0.364952180224
113.75 0.722691197981
113.82 0.575741371828
113.89 0.514484168825
113.96 0.622368340929
114.03 0.742822212754
114.1 0.650179268507
114.17 0.533276439026
114.24 0.523493521851
114.31 0.618632076849
114.38 0.661274981904
114.45 0.641809234044
114.52 0.807186072816
114.59 0.589224237318
114.66 0.400450648198
114.73 0.7044357676
114.8 0.689166743031
114.87 0.653249451289
114.94 0.416503445814
115.01 0.455045741029
115.08 0.642111946842
115.15 0.536255717513
115.22 0.449477864996
115.29 0.50420555719
115.36 0.608817189239
115.43 0.329756727535
115.5 0.425329450191
115.57 0.628351344003
115.64 0.650267893977
115.71 0.636942047771
115.78 0.196066561337
115.85 0.45240182346
115.92 0.651767210589
115.99 0.588444550739
116.06 0.531648193601
116.13 0.64126563919
116.2 0.638310132025
116.27 0.612504427329
116.34 0.635940230356
116.41 0.693523032016
116.48 0.620039997628
116.55 0.712449287488
116.62 0.647089829877
116.69 0.860682464023
116.76 0.514058219186
116.83 0.52940344985
116.9 0.826172125976
116.97 0.86462197829
117.04 0.418032916493
117.11 0.358231693176
117.18 0.444458030943
117.25 0.631290141728
117.32 0.487405263023
117.39 0.409043025819
117.46 0.491781651326
117.53 0.473289339556
117.6 0.359793374244
117.67 0.351587198447
117.74 0.640302660677
117.81 0.60272788999
117.88 0.472151182423
117.95 0.580262607264
118.02 0.549244123208
118.09 0.648664462579
118.16 0.660146504321
118.23 0.650255111038
118.3 0.697117822842
118.37 0.696449363831
118.44 0.697365884576
118.51 0.632032911935
118.58 0.658662358542
118.65 0.722218357205
118.72 0.639883279927
118.79 0.688948988061
118.86 0.762380019591
118.93 0.378177121194
119.0 0.498009842517
119.07 0.802062350841
119.14 0.703530799491
119.21 0.383981237286
119.28 0.340261126014
119.35 0.449179914897
119.42 0.579699622771
119.49 0.470033930676
119.56 0.550689850366
119.63 0.545751207609
119.7 0.440419026434
119.77 0.363904176988
119.84 0.478360895796
119.91 0.593929449644
119.98 0.58871760101
120.05 0.385147471803
120.12 0.361681423091
120.19 0.344387812178
120.26 0.52947895063
120.33 0.409897304266
120.4 0.24444433502
120.47 0.495725441115
120.54 0.402525810772
120.61 0.332092573359
120.68 0.247200834071
120.75 0.204197519935
120.82 0.205583372328
120.89 0.574595345698
120.96 0.530643480755
121.03 0.283611279684
121.1 0.224307908948
121.17 0.482421888705
121.24 0.498353947898
121.31 0.695425732526
121.38 0.467854564606
121.45 0.421422070692
121.52 0.610424045418
121.59 0.636582588321
121.66 0.508619228338
121.73 0.525779233541
121.8 0.402048793363
121.87 0.255480378704
121.94 0.351908403606
122.01 0.465554172169
122.08 0.428185743425
122.15 0.280273404122
122.22 0.310784641081
122.29 0.265895523473
122.36 0.703372464101
122.43 0.629656135983
122.5 0.531915925646
122.57 0.43332994137
122.64 0.397305540522
122.71 0.566438473654
122.78 0.601043463621
122.85 0.548045832453
122.92 0.397744832991
122.99 0.326496244744
123.06 0.262894214411
123.13 0.420066440715
123.2 0.456448974729
123.27 0.341537474137
123.34 0.465252302841
123.41 0.446187172877
123.48 0.543463955858
123.55 0.639282452699
123.62 0.480825798408
123.69 0.505214026387
123.76 0.574397175237
123.83 0.630304420055
123.9 0.50530837873
123.97 0.390673706575
124.04 0.38223819845
124.11 0.579254366386
124.18 0.38970613842
124.25 0.423940300992
124.32 0.396405689952
124.39 0.283107719134
124.46 0.236649500827
124.53 0.360118581525
124.6 0.523263133731
124.67 0.519462319444
124.74 0.356153079644
124.81 0.25687285234
124.88 0.744177854365
124.95 0.588936673539
125.02 0.494683888973
125.09 0.431961287047
125.16 0.556783160461
125.23 0.520486273595
125.3 0.486607705052
125.37 0.327199015549
125.44 0.821522003901
125.51 0.737790580295
125.58 0.555546205315
125.65 0.571785824352
125.72 0.502930560074
125.79 0.482196647208
125.86 0.328044956728
125.93 0.372842611605
126.0 0.640242127134
126.07 0.50268700509
126.14 0.338082180225
126.21 0.267210493814
126.28 0.639751807616
126.35 0.604859917012
126.42 0.462867570636
126.49 0.48534891711
126.56 0.714630119451
126.63 0.567918169399
126.7 0.422213163027
126.77 0.552462012199
126.84 0.554483281378
126.91 0.422916167968
126.98 0.245554269342
127.05 0.737015775664
127.12 0.638146744539
127.19 0.555296588978
127.26 0.398163844359
127.33 0.624459400012
127.4 0.522408667684
127.47 0.446749622203
127.54 0.269174062347
127.61 0.711707610884
127.68 0.645579123506
127.75 0.452797669932
127.82 0.4315757091
127.89 0.666070804764
127.96 0.529918865521
128.03 0.29500196922
128.1 0.51653815593
128.17 0.704564571346
128.24 0.58323954294
128.31 0.563121258753
128.38 0.472004613446
128.45 0.540937325757
128.52 0.396878600532
128.59 0.392884694059
128.66 0.557932841145
128.73 0.49400048163
128.8 0.341036377102
128.87 0.249586623523
128.94 0.564391337564
129.01 0.484582105088
129.08 0.394171655366
129.15 0.440164439439
129.22 0.774326307437
129.29 0.649837117651
129.36 0.5940526574
129.43 0.521124611987
129.5 0.637636583106
129.57 0.638903165878
129.64 0.621243391379
129.71 0.660734993614
129.78 0.623139067816
129.85 0.494356475581
129.92 0.651679076659
129.99 0.584810302949
130.06 0.64742728493
130.13 0.584773363309
130.2 0.815902985932
130.27 0.670670091752
130.34 0.575524639202
130.41 0.443111766396
130.48 0.753467941968
130.55 0.540666166022
130.62 0.654965872817
130.69 0.451573971813
130.76 0.45826782992
130.83 0.55075661541
130.9 0.27804994491
130.97 0.192300375873
131.04 0.335410976389
131.11 0.512747159348
131.18 0.456035053268
131.25 0.668751846664
131.32 0.744364111533
131.39 0.810833465655
131.46 0.529789826185
131.53 0.574326176844
131.6 0.666034006187
131.67 0.691494194871
131.74 0.579115939806
131.81 0.494729026273
131.88 0.70847834086
131.95 0.650948363716
132.02 0.521324754423
132.09 0.619160077681
132.16 0.634911727282
132.23 0.717419023763
132.3 0.619091698409
132.37 0.615900474717
132.44 0.519789558325
132.51 0.530012953189
132.58 0.523154868489
132.65 0.530103373215
132.72 0.633354896169
132.79 0.578183782865
132.86 0.457527563947
132.93 0.579323679292
133.0 0.532250597246
133.07 0.438760926521
133.14 0.327058621357
133.21 0.507508761756
133.28 0.494106478228
133.35 0.44781072977
133.42 0.606511386957
133.49 0.810354754034
133.56 0.666904578155
133.63 0.639854578666
133.7 0.5926015553
133.77 0.668525238163
133.84 0.562029230725
133.91 0.573362875486
133.98 0.592332360271
134.05 0.648276946104
134.12 0.548787812998
134.19 0.551691794302
134.26 0.696406311938
134.33 0.764021187563
134.4 0.701596047106
134.47 0.541487063402
134.54 0.608219535204
134.61 0.568938338113
134.68 0.574882681158
134.75 0.581788750598
134.82 0.690268689108
134.89 0.568279654633
134.96 0.674946149251
135.03 0.594757276569
135.1 0.553436757123
135.17 0.394366348692
135.24 0.188532369676
135.31 0.669280721505
135.38 0.629192746438
135.45 0.327001714736
135.52 0.190009148178
135.59 0.283547258827
135.66 0.428285720843
135.73 0.18081780478
135.8 0.576097983838
135.87 0.497790258089
135.94 0.282186531671
136.01 0.282244601699
136.08 0.63161538682
136.15 0.554411000328
136.22 0.520378012716
136.29 0.242645036708
136.36 0.10993304167
136.43 0.288421187045
136.5 0.436872165086
136.57 0.349213201584
136.64 0.241263587812
136.71 0.712694642845
136.78 0.554398461704
136.85 0.48267638699
136.92 0.374900442317
136.99 0.700854536287
137.06 0.810062634061
137.13 0.427260723988
137.2 0.34703862439
137.27 0.178644873808
137.34 0.163385011072
137.41 0.101443647421
137.48 0.0684325183716
137.55 0.0691621435288
137.62 0.0536946561938
137.69 0.0364693460224
137.76 0.0371861358871
137.83 0.0355322795021
137.9 0.0332932480816
137.97 0.0305363083893
138.04 0.0275176078407
138.11 0.0253171855503
138.18 0.0281125744041
138.25 0.248073980078
138.32 0.825320671701
138.39 0.873717637243
138.46 0.791924955055
138.53 0.64313250966
138.6 0.308182143726
138.67 0.266579825185
138.74 0.87359838798
138.81 0.642335182915
138.88 0.701694859662
138.95 0.626386350295
139.02 0.585621983233
139.09 0.410960075505
139.16 0.284426381839
139.23 0.353575807871
139.3 0.668725975391
139.37 0.559194540514
139.44 0.711616940725
139.51 0.636157387625
139.58 0.605118532305
139.65 0.331203090203
139.72 0.236665326077
139.79 0.66158853766
139.86 0.55729544075
139.93 0.785186426466
140.0 0.707327967949
140.07 0.672814575958
140.14 0.513756520006
140.21 0.435054455852
140.28 0.30460113346
140.35 0.655235078027
140.42 0.646274833882
140.49 0.718022324686
140.56 0.59791933509
140.63 0.674477282965
140.7 0.687580589688
140.77 0.33285021773
140.84 0.265964261947
140.91 0.553605500646
140.98 0.694673988085
141.05 0.653397785737
141.12 0.670818753408
141.19 0.583938442507
141.26 0.443821154081
141.33 0.250360366544
141.4 0.271530020578
141.47 0.618213010219
141.54 0.593476273362
141.61 0.681289213838
141.68 0.58625663217
141.75 0.307945400492
141.82 0.354793847467
141.89 0.727571932133
141.96 0.570556965066
142.03 0.620676859947
142.1 0.609452181381
142.17 0.476458884605
142.24 0.299844870816
142.31 0.18213915932
142.38 0.155242669987
142.45 0.187215433177
142.52 0.196243275656
142.59 0.431114198458
142.66 0.796661752438
142.73 0.735293601086
142.8 0.737789828442
142.87 0.658583182849
142.94 0.638995204494
143.01 0.375372675213
143.08 0.251536759063
143.15 0.490938253647
143.22 0.711108210284
143.29 0.628810492928
143.36 0.571081648732
143.43 0.54591942469
143.5 0.475381822359
143.57 0.275635524001
143.64 0.280955544804
143.71 0.588190352031
143.78 0.647892710438
143.85 0.718532323242
143.92 0.667122208059
143.99 0.655413525822
144.06 0.789761326979
144.13 0.307903725783
144.2 0.287503851915
144.27 0.691372694415
144.34 0.702476285535
144.41 0.758982744808
144.48 0.844482586983
144.55 0.669973667334
144.62 0.695986012096
144.69 0.43035485115
144.76 0.353765817028
144.83 0.629332185182
144.9 0.952822494866
144.97 0.735859642432
145.04 0.854282079805
145.11 0.675474647439
145.18 0.66171421184
145.25 0.57416486604
145.32 0.422027052739
145.39 0.314485550662
145.46 0.391399051847
145.53 0.765093756148
145.6 0.554524047174
145.67 0.235453174777
145.74 0.315890679263
145.81 0.767075754509
145.88 0.623802544535
145.95 0.511129276975
146.02 0.679906048916
146.09 0.570150868975
146.16 0.396659901748
146.23 0.294967654517
146.3 0.202927515291
146.37 0.195928000966
146.44 0.158725594826
146.51 0.11217366405
146.58 0.110539883715
146.65 0.0963292646993
146.72 0.0842610750218
146.79 0.0758562604934
146.86 0.028289914054
146.93 0.0300569249006
147.0 0.0383935419393
147.07 0.0330326622668
147.14 0.0206758370212
147.21 0.0244786189207
147.28 0.301956174643
147.35 0.319953724131
147.42 0.256274293756
147.49 0.264827042811
147.56 0.219317772324
147.63 0.328696473618
147.7 0.353879702982
147.77 0.12798589664
147.84 0.247333162942
147.91 0.165831177007
147.98 0.235949336055
148.05 0.346388902055
148.12 0.21137910607
148.19 0.201157114566
148.26 0.223304507844
148.33 0.363229144724
148.4 0.541516689572
148.47 0.632545766656
148.54 0.545497266304
148.61 0.43186663949
148.68 0.459381385348
148.75 0.484104870995
148.82 0.557854724153
148.89 0.481082547886
148.96 0.648336170814
149.03 0.431801181824
149.1 0.492111394441
149.17 0.619463715388
149.24 0.517601379444
149.31 0.502949488713
149.38 0.327731479502
149.45 0.292633292037
149.52 0.477284978052
149.59 0.624816170536
149.66 0.546050992983
149.73 0.438194496888
149.8 0.50704099489
149.87 0.455439025096
149.94 0.435648584762
150.01 0.367853523502
150.08 0.457271130043
150.15 0.568109030752
150.22 0.608447993523
150.29 0.659654125571
150.36 0.660844512427
150.43 0.644807746565
150.5 0.560974151063
150.57 0.662291642944
150.64 0.472580391058
150.71 0.399809946634
150.78 0.239266899977
150.85 0.253580429652
150.92 0.340543306125
150.99 0.242436984556
151.06 0.184946224422
151.13 0.184202759079
151.2 0.411751910967
151.27 0.279425373172
151.34 0.221905357704
151.41 0.562399325174
151.48 0.676134852074
151.55 0.346771434783
151.62 0.223680063036
151.69 0.269955075211
151.76 0.353650498628
151.83 0.373093628394
151.9 0.299007234912
151.97 0.328009193583
152.04 0.712441399585
152.11 0.482476288182
152.18 0.356462695811
152.25 0.323822413062
152.32 0.334840198521
152.39 0.417485940487
152.46 0.673715674283
152.53 0.698912791823
152.6 0.484319099386
152.67 0.287537900488
152.74 0.717464342845
152.81 0.627459925227
152.88 0.435926204316
152.95 0.260644382207
153.02 0.196435914114
153.09 0.404824842023
153.16 0.261047646856
153.23 0.227172933554
153.3 0.381632340939
153.37 0.436376812376
153.44 0.295232370429
153.51 0.228522787213
153.58 0.459943676159
153.65 0.784416678294
153.72 0.510574069861
153.79 0.213332791457
153.86 0.243850992864
153.93 0.738789163437
154.0 0.607248840392
154.07 0.502616303366
154.14 0.55296734549
154.21 0.612800174225
154.28 0.536178057158
154.35 0.527954910155
154.42 0.555448516901
154.49 0.652475850785
154.56 0.552305593523
154.63 0.580093556892
154.7 0.628943162095
154.77 0.531714923743
154.84 0.263021267229
154.91 0.704011343478
154.98 0.67655749182
155.05 0.432674761201
155.12 0.290515900681
155.19 0.224292538882
155.26 0.365517670406
155.33 0.229764250564
155.4 0.305266944265
155.47 0.370621295972
155.54 0.237101885992
155.61 0.273032680532
155.68 0.189662704349
155.75 0.268627490625
155.82 0.271057050373
155.89 0.163439215679
155.96 0.56366107835
156.03 0.31111192359
156.1 0.460073348098
156.17 0.533941691395
156.24 0.464352062529
156.31 0.587266903194
156.38 0.656524899862
156.45 0.466920605838
156.52 0.245749282606
156.59 0.285315789374
156.66 0.325637093074
156.73 0.233576627666
156.8 0.171245793015
156.87 0.490169055186
156.94 0.294690884251
157.01 0.241921798658
157.08 0.146833591571
157.15 0.277743849504
157.22 0.307025529134
157.29 0.208134310374
157.36 0.31904760134
157.43 0.457280384949
157.5 0.256886890305
157.57 0.394615850143
157.64 0.351268199399
157.71 0.447399370714
157.78 0.407970969134
157.85 0.312685128208
157.92 0.451217391796
157.99 0.49713449767
158.06 0.284008493159
158.13 0.17178250486
158.2 0.434892617152
158.27 0.629442314784
158.34 0.510632737589
158.41 0.482639499703
158.48 0.601565202411
158.55 0.517943953489
158.62 0.482456194681
158.69 0.564871848104
158.76 0.581255075247
158.83 0.581777112161
158.9 0.665308753988
158.97 0.746815797836
159.04 0.685321877776
159.11 0.373240057763
159.18 0.314201074276
159.25 0.677584885293
159.32 0.361679043923
159.39 0.295051923027
159.46 0.226541531978
159.53 0.368788543879
159.6 0.324943001288
159.67 0.265509734658
159.74 0.180876329992
159.81 0.336254150112
159.88 0.535754557946
159.95 0.358202340406
160.02 0.180382457717
160.09 0.592968925921
160.16 0.611269822265
160.23 0.49428454937
160.3 0.493109644559
160.37 0.595844251046
160.44 0.606379658696
160.51 0.48090742889
160.58 0.491722729102
160.65 0.585719569849
160.72 0.553631905632
160.79 0.600773276786
160.86 0.55816912047
160.93 0.671432506093
161.0 0.573227761709
161.07 0.581637363659
161.14 0.676586777693
161.21 0.670981277065
161.28 0.415138587108
161.35 0.401778493096
161.42 0.544301420159
161.49 0.349723171054
161.56 0.356713759136
161.63 0.271131313578
161.7 0.424549542565
161.77 0.312438872665
161.84 0.282269773473
161.91 0.217141596898
161.98 0.29866344656
162.05 0.399643015117
162.12 0.240079486265
162.19 0.181315988933
162.26 0.835480252212
162.33 0.579232466695
162.4 0.353457121407
162.47 0.361035425115
162.54 0.551634960394
162.61 0.483702333476
162.68 0.554354627421
162.75 0.480571615696
162.82 0.710838939633
162.89 0.653021042415
162.96 0.688952854936
163.03 0.661802825676
163.1 0.681764557395
163.17 0.609570690425
163.24 0.696712503325
163.31 0.727212769352
163.38 0.534638847305
163.45 0.235260659931
163.52 0.88664771696
163.59 0.526890978417
163.66 0.36662908371
163.73 0.335030944987
163.8 0.193666018425
163.87 0.419393917049
163.94 0.35555404988
164.01 0.219255964849
164.08 0.207113353452
164.15 0.206700511052
164.22 0.25962134424
164.29 0.208077025646
164.36 0.216861579271
164.43 0.419978911757
164.5 0.209200756527
164.57 0.323444743377
164.64 0.468035161797
164.71 0.374995251298
164.78 0.56243289675
164.85 0.350446304398
164.92 0.358971502511
164.99 0.844538881361
165.06 0.571241326403
165.13 0.244329374368
165.2 0.193198511872
165.27 0.413152476102
165.34 0.349812834865
165.41 0.269800478722
165.48 0.330429091232
165.55 0.555732455211
165.62 0.270006867201
165.69 0.182294331695
165.76 0.190245267534
165.83 0.285419715106
165.9 0.252989910214
165.97 0.194318562023
166.04 0.491440201423
166.11 0.412629312137
166.18 0.233465907634
166.25 0.223181957413
166.32 0.221003724211
166.39 0.273171114383
166.46 0.320027279112
166.53 0.712884669453
166.6 0.641465117029
166.67 0.707092809858
166.74 0.481631087222
166.81 0.373712463715
166.88 0.462551381217
166.95 0.630464691063
167.02 0.521936394069
167.09 0.278933305634
167.16 0.582715105044
167.23 0.534194720878
167.3 0.530796928379
167.37 0.320157128471
167.44 0.601215586842
167.51 0.422752118794
167.58 0.357321052001
167.65 0.343734097902
167.72 0.735913436937
167.79 0.401653460245
167.86 0.561820367097
167.93 0.829222812958
168.0 0.75045071313
168.07 0.371167031495
168.14 0.198653663904
168.21 0.407573050342
168.28 0.505375392453
168.35 0.420760830624
168.42 0.207209813017
168.49 0.631020426074
168.56 0.617809848823
168.63 0.537246558179
168.7 0.394984161669
168.77 0.825500444326
168.84 0.621781874511
168.91 0.418403053115
168.98 0.354434299307
169.05 0.8294821961
169.12 0.782255161803
169.19 0.866336532549
169.26 0.746097118888
169.33 0.929769685567
169.4 0.792790147718
169.47 0.496009571388
169.54 0.398935984787
169.61 0.866304759892
169.68 0.753771770184
169.75 0.701308298636
169.82 0.594553437406
169.89 0.803388178682
169.96 0.607400621435
170.03 0.727807943874
170.1 0.810865430275
170.17 0.66108294551
170.24 0.329288656729
170.31 0.260298637876
170.38 0.327687645218
170.45 0.416312830231
170.52 0.257264017551
170.59 0.134274880233
170.66 0.225352323073
170.73 0.270526050859
170.8 0.246269219569
170.87 0.499635087805
170.94 0.818499677884
171.01 0.62422716789
171.08 0.296791161883
171.15 0.396644470603
171.22 0.554596331133
171.29 0.652938709525
171.36 0.599529714939
171.43 0.342056323314
171.5 0.607093842528
171.57 0.716371014709
171.64 0.611420495162
171.71 0.379503375133
171.78 0.566307065329
171.85 0.536652563061
171.92 0.447095056776
171.99 0.407586423711
172.06 0.78363459655
172.13 0.459631243092
172.2 0.590769803738
172.27 0.482871420613
172.34 0.96600391858
172.41 0.551398362586
172.48 0.299377884888
172.55 0.390558980059
172.62 0.639768847172
172.69 0.494125524662
172.76 0.404427200995
172.83 0.439443923762
172.9 0.67455198972
172.97 0.639314439132
173.04 0.264642935039
173.11 0.476636644535
173.18 0.568505679975
173.25 0.430340557235
173.32 0.490159368364
173.39 0.428001751993
173.46 0.50733059027
173.53 0.59838101588
173.6 0.493684604877
173.67 0.842729442499
173.74 0.427945175489
173.81 0.31473572398
173.88 0.191327911227
173.95 0.507763053537
174.02 0.53256190908
174.09 0.563327536709
174.16 0.468469090957
174.23 0.815746224051
174.3 0.5752345581
174.37 0.211087210053
174.44 0.457312771303
174.51 0.730833126057
174.58 0.632887936418
174.65 0.265364848259
174.72 0.221527577495
174.79 0.417364032838
174.86 0.315677039846
174.93 0.614003918452
175.0 0.253460110055
175.07 0.559088174535
175.14 0.42799915614
175.21 0.643305759932
175.28 0.590440101342
175.35 0.635609872089
175.42 0.253171865683
175.49 0.250452095404
175.56 0.442720652084
175.63 0.56182877417
175.7 0.504181743694
175.77 0.437681556366
175.84 0.678839343905
175.91 0.583216626722
175.98 0.587412275316
176.05 0.545241537716
176.12 0.59151371263
176.19 0.551743381242
176.26 0.608240303481
176.33 0.698497052539
176.4 0.676726680346
176.47 0.318132284722
176.54 0.685700879563
176.61 0.542783484665
176.68 0.378671557721
176.75 0.262015286269
176.82 0.221727386905
176.89 0.478927990026
176.96 0.323345066991
177.03 0.304184390737
177.1 0.251798444298
177.17 0.470858827268
177.24 0.319317898699
177.31 0.321102189054
177.38 0.55115644219
177.45 0.706804895603
177.52 0.436295858124
177.59 0.155902338001
177.66 0.400037234273
177.73 0.628722907253
177.8 0.625282299906
177.87 0.588309614381
177.94 0.652661741479
178.01 0.593354399161
178.08 0.614510201375
178.15 0.538492441024
178.22 0.645032371456
178.29 0.595500453968
178.36 0.643305426907
178.43 0.531578965041
178.5 0.637111617314
178.57 0.388063263147
178.64 0.535999421763
178.71 0.648860211697
178.78 0.383217095285
178.85 0.211063347112
178.92 0.18044940309
178.99 0.293472609065
179.06 0.375351745513
179.13 0.248657686312
179.2 0.309245338155
179.27 0.323599747058
179.34 0.433073718334
179.41 0.250837846408
179.48 0.228314585272
179.55 0.606617129059
179.62 0.615394943646
179.69 0.464502310782
179.76 0.351631999813
179.83 0.564846449465
179.9 0.644959283292
179.97 0.486083254067
180.04 0.581993207821
180.11 0.689230465765
180.18 0.436725062395
180.25 0.49539094548
180.32 0.616643102406
180.39 0.612667875894
180.46 0.436748939879
180.53 0.484947457197
180.6 0.52434302742
180.67 0.440617449936
180.74 0.217422796839
180.81 0.721052982155
180.88 0.563536641745
180.95 0.343653150921
181.02 0.262724079162
181.09 0.201260188103
181.16 0.364523448587
181.23 0.240908975408
181.3 0.204208675558
181.37 0.121984793855
181.44 0.208997526699
181.51 0.244114424664
181.58 0.185777915313
181.65 0.220663331555
181.72 0.406162766392
181.79 0.183432452472
181.86 0.395283209734
181.93 0.186151220766
182.0 0.618082989258
182.07 0.551891042368
182.14 0.607714895594
182.21 0.540756680575
182.28 0.762246393521
182.35 0.434519179361
182.42 0.182974375336
182.49 0.259152970948
182.56 0.323928911379
182.63 0.256392936592
182.7 0.216502960383
182.77 0.469282081528
182.84 0.247131230313
182.91 0.176639498228
182.98 0.171456323225
183.05 0.333602719841
183.12 0.349576027644
183.19 0.219919493921
183.26 0.185441033239
183.33 0.434698493895
183.4 0.340952128953
183.47 0.481887077577
183.54 0.194031079682
183.61 0.370492755447
183.68 0.273552086691
183.75 0.593313978024
183.82 0.563923380191
183.89 0.477616854566
183.96 0.389570175356
184.03 0.55562625938
184.1 0.64407287444
184.17 0.686966796283
184.24 0.620437106397
184.31 0.45582331166
184.38 0.6191189076
184.45 0.619580019775
184.52 0.606355523809
184.59 0.719307337286
184.66 0.650864665276
184.73 0.685348442731
184.8 0.663531787282
184.87 0.547812127167
184.94 0.652995933174
185.01 0.594021142147
185.08 0.486778880096
185.15 0.554280476193
185.22 0.743799453187
185.29 0.653200748145
185.36 0.613669831464
185.43 0.667540367231
185.5 0.66023842078
185.57 0.575619984804
185.64 0.423683753655
185.71 0.758576667622
185.78 0.481255617831
185.85 0.298172715486
185.92 0.664276253155
185.99 0.672253774309
186.06 0.720750621288
186.13 0.487762152797
186.2 0.234447759524
186.27 0.438421355521
186.34 0.446496124448
186.41 0.461119436075
186.48 0.351392967575
186.55 0.48168591716
186.62 0.674235887556
186.69 0.577957345967
186.76 0.604017729276
186.83 0.64844469346
186.9 0.795480976783
186.97 0.748846903625
187.04 0.661570936759
187.11 0.692452676814
187.18 0.645824451233
187.25 0.321733074368
187.32 0.632314305292
187.39 0.713218427779
187.46 0.545033094368
187.53 0.492013415176
187.6 0.630897560069
187.67 0.582252721847
187.74 0.553219868892
187.81 0.641991333484
187.88 0.753203371483
187.95 0.52578077651
188.02 0.522263728932
188.09 0.590700570816
188.16 0.520747926836
188.23 0.606402624359
188.3 0.46793548541
188.37 0.273223261213
188.44 0.402057492742
188.51 0.473182445681
188.58 0.273228233326
188.65 0.403055134979
188.72 0.451331325741
188.79 0.58614153918
188.86 0.510890968958
188.93 0.438937703372
189.0 0.431785164613
189.07 0.595017477005
189.14 0.560749168424
189.21 0.634679531518
189.28 0.581503917918
189.35 0.6252218987
189.42 0.435529489651
189.49 0.30234409831
189.56 0.565109287928
189.63 0.664833868523
189.7 0.419829953431
189.77 0.53982665267
189.84 0.533569289037
189.91 0.472323532509
189.98 0.44287948483
190.05 0.446058779232
190.12 0.458449935177
190.19 0.36455668132
190.26 0.500483091123
190.33 0.755119185049
190.4 0.675245603054
190.47 0.642332095523
190.54 0.49899134393
190.61 0.620369732018
190.68 0.696613837649
190.75 0.650753844901
190.82 0.578867712287
190.89 0.738692908923
190.96 0.700313215895
191.03 0.392018311812
191.1 0.27401054048
191.17 0.428477408215
191.24 0.615526683541
191.31 0.41609064995
191.38 0.460361428139
191.45 0.616895730514
191.52 0.506574132574
191.59 0.338951082703
191.66 0.268261910197
191.73 0.474734617347
191.8 0.473767433117
191.87 0.423742091267
191.94 0.494949135689
192.01 0.56008264067
192.08 0.495568542534
192.15 0.460375005104
192.22 0.520596872923
192.29 0.471035196927
192.36 0.433829121691
192.43 0.60241499156
192.5 0.523754731544
192.57 0.583154070304
192.64 0.528275088608
192.71 0.377036938278
192.78 0.474329463616
192.85 0.592084819162
192.92 0.435868345155
192.99 0.508372958251
193.06 0.668134259097
193.13 0.552614334226
193.2 0.522924307312
193.27 0.52278385204
193.34 0.657006101175
193.41 0.607115282673
193.48 0.50318651989
193.55 0.546424529663
193.62 0.504190687389
193.69 0.526374554944
193.76 0.449953481953
193.83 0.557095414655
193.9 0.62427657635
193.97 0.635292605063
194.04 0.485911126483
194.11 0.568941536029
194.18 0.528717720055
194.25 0.40701412905
194.32 0.410213989587
194.39 0.501177796606
194.46 0.305461196951
194.53 0.233645918758
194.6 0.473266375348
194.67 0.608606520875
194.74 0.486554948887
194.81 0.344143892175
194.88 0.258590591427
194.95 0.577862664961
195.02 0.539488864592
195.09 0.367532373604
195.16 0.381330144403
195.23 0.590015517252
195.3 0.543815280182
195.37 0.535114352284
195.44 0.349767406713
195.51 0.643146131706
195.58 0.702419146233
195.65 0.675029295072
195.72 0.634562367663
195.79 0.71303230004
195.86 0.635434158301
195.93 0.287345312929
196.0 0.565044259269
196.07 0.58765627385
196.14 0.420583880716
196.21 0.411958911689
196.28 0.560594394516
196.35 0.531368792579
196.42 0.492337393607
196.49 0.454135422699
196.56 0.605504162606
196.63 0.472879580185
196.7 0.453748432667
196.77 0.464346271668
196.84 0.51903340457
196.91 0.564398210394
196.98 0.440356302777
197.05 0.253035358725
197.12 0.415068602334
197.19 0.408375978893
197.26 0.343171709655
197.33 0.345538329061
197.4 0.665417247548
197.47 0.49785170927
197.54 0.368673741742
197.61 0.248474267858
197.68 0.561928965364
197.75 0.598548866488
197.82 0.44455902198
197.89 0.460473707137
197.96 0.658960480243
198.03 0.665477824719
198.1 0.364852865948
198.17 0.578474047204
198.24 0.637843945939
198.31 0.636539619322
198.38 0.537382262386
198.45 0.733326623769
198.52 0.609429173545
198.59 0.559197486843
198.66 0.521687797168
198.73 0.559653674896
198.8 0.48960038163
198.87 0.629111485337
198.94 0.535885362752
199.01 0.557666225971
199.08 0.635226904537
199.15 0.499754278897
199.22 0.350233632064
199.29 0.410755343427
199.36 0.685031526182
199.43 0.624464639708
199.5 0.426375526534
199.57 0.556958379801
199.64 0.816450267333
199.71 0.411401950738
199.78 0.194678668618
199.85 0.513977010438
199.92 0.724774739998
199.99 0.485034943982
200.06 0.371699498357
200.13 0.53894873233
200.2 0.365165534606
200.27 0.324017900414
200.34 0.432320964636
200.41 0.698825005461
200.48 0.568416871269
200.55 0.3670219315
200.62 0.451001016918
200.69 0.564669626078
200.76 0.36158923614
200.83 0.332621576175
200.9 0.531014978564
200.97 0.445450200802
201.04 0.357886721057
201.11 0.572797949557
201.18 0.539994789767
201.25 0.420642490274
201.32 0.408853486388
201.39 0.421095380067
201.46 0.506833733855
201.53 0.751960570214
201.6 0.540693846394
201.67 0.440930200031
201.74 0.616861622317
201.81 0.434405738411
201.88 0.432392192803
201.95 0.417484662193
202.02 0.469641815833
202.09 0.392028625419
202.16 0.35354755743
202.23 0.270385623218
202.3 0.711986562539
202.37 0.43626107515
202.44 0.447060173458
202.51 0.293984114233
202.58 0.422741896805
202.65 0.421944907449
202.72 0.317688004144
202.79 0.3700772852
202.86 0.431105933903
202.93 0.26627625292
203.0 0.242047826223
203.07 0.33314263001
203.14 0.310436690639
203.21 0.330778741703
203.28 0.285619524517
203.35 0.441893072383
203.42 0.439938421368
203.49 0.3481627581
203.56 0.342470871561
203.63 0.420715812573
203.7 0.680109927344
203.77 0.368553964583
203.84 0.568493157349
203.91 0.424925872877
203.98 0.244133769221
204.05 0.169977657095
204.12 0.104170783523
204.19 0.368178566451
204.26 0.361458403703
204.33 0.631195015719
204.4 0.606699383419
204.47 0.605983676978
204.54 0.72691664144
204.61 0.773328628843
204.68 0.743240499901
204.75 0.847567988589
204.82 0.962262321732
204.89 0.528949668596
204.96 0.352472030882
205.03 0.542343363269
205.1 0.405789218078
205.17 0.379066184069
205.24 0.533706459137
205.31 0.618495552441
205.38 0.527521452175
205.45 0.392892407451
205.52 0.439282163592
205.59 0.510124799719
205.66 0.414001135291
205.73 0.402180095527
205.8 0.427985791497
205.87 0.509938250245
205.94 0.371386783163
206.01 0.244443917647
206.08 0.492946715164
206.15 0.2646514919
206.22 0.214372876252
206.29 0.408560531669
206.36 0.857827220765
206.43 0.424127954249
206.5 0.52774561752
206.57 0.394586843487
206.64 0.498764526016
206.71 0.380184535645
206.78 0.472586753442
206.85 0.549806078086
206.92 0.767616862579
206.99 0.386051474284
207.06 0.407910706083
207.13 0.44608503443
207.2 0.358272662569
207.27 0.413038779201
207.34 0.694066795563
207.41 0.483721592232
207.48 0.486002218377
207.55 0.524634399904
207.62 0.741221854206
207.69 0.430914127281
207.76 0.273829710608
207.83 0.194993098384
207.9 0.365979227584
207.97 0.600187822533
208.04 0.597061022528
208.11 0.478945036853
208.18 0.523415995288
208.25 0.549467964254
208.32 0.49210076526
208.39 0.408401765819
208.46 0.387714930235
208.53 0.405302073208
208.6 0.363720534578
208.67 0.377800674541
208.74 0.544141383287
208.81 0.552211305167
208.88 0.446961590675
208.95 0.406150018355
209.02 0.506271006766
209.09 0.694254879281
209.16 0.512253798973
209.23 0.45132494736
209.3 0.58961898437
209.37 0.639481888365
209.44 0.774933492687
209.51 0.800354874461
209.58 0.517112524364
209.65 0.471010830813
209.72 0.587374106827
209.79 0.448000586229
209.86 0.577186051918
209.93 0.513874527331
210.0 0.773548754256
210.07 0.562623099323
210.14 0.792181367145
210.21 0.604331490082
210.28 0.596287596535
210.35 0.543918807447
210.42 0.511686405166
210.49 0.554023162462
210.56 0.491760087569
210.63 0.528933689195
210.7 0.556697378068
210.77 0.541880492895
210.84 0.566345972583
210.91 0.830043569274
210.98 0.731222803561
211.05 0.551552297387
211.12 0.809656905897
211.19 0.910225509502
211.26 0.50747266704
211.33 0.596963363199
211.4 0.72407785458
211.47 0.719649509956
211.54 0.620556143337
211.61 0.506692653253
211.68 0.722455613792
211.75 0.769149336303
211.82 0.604428704408
211.89 0.715068657159
211.96 0.782836088947
212.03 0.736735785667
212.1 0.730516301126
212.17 0.695825438602
212.24 0.774871522335
212.31 0.623678263536
212.38 0.52591348058
212.45 0.387143862969
212.52 0.498840573598
212.59 0.414282032745
212.66 0.345847766354
212.73 0.326932973353
212.8 0.354026423202
212.87 0.681952092857
212.94 0.620887883151
213.01 0.733945259856
213.08 0.731464085538
213.15 0.80979582547
213.22 0.560364743705
213.29 0.434683078747
213.36 0.549172342424
213.43 0.689390306313
213.5 0.712356793688
213.57 0.568430493316
213.64 0.456036353376
213.71 0.547976662064
213.78 0.380676190174
213.85 0.727525439463
213.92 0.726262056062
213.99 0.482908361708
214.06 0.502239720012
214.13 0.460533449563
214.2 0.518209876436
214.27 0.487184144352
214.34 0.253067199733
214.41 0.205334566014
214.48 0.334148244496
214.55 0.301521695772
214.62 0.262968252206
214.69 0.399741291052
214.76 0.605436296687
214.83 0.598821463031
214.9 0.409952694094
214.97 0.304447650934
215.04 0.572183571541
215.11 0.687027499975
215.18 0.604373736315
215.25 0.547837895188
215.32 0.614091472133
215.39 0.525678140706
215.46 0.447548689696
215.53 0.536426227961
215.6 0.677321601827
215.67 0.523235169779
215.74 0.539631952073
215.81 0.526256448729
215.88 0.582958699293
215.95 0.577139432728
216.02 0.689043491647
216.09 0.555183891153
216.16 0.500856342768
216.23 0.390524915489
216.3 0.541226007861
216.37 0.471965480782
216.44 0.464192866218
216.51 0.51623704718
216.58 0.327967225114
216.65 0.482733308153
216.72 0.426689371687
216.79 0.541074535121
216.86 0.545611380577
216.93 0.601382003551
217.0 0.410253123705
217.07 0.340662760438
217.14 0.476860130741
217.21 0.717419298618
217.28 0.503971107323
217.35 0.525237180202
217.42 0.536518425092
217.49 0.672935736117
217.56 0.383554592511
217.63 0.520511211233
217.7 0.496630925486
217.77 0.447033588144
217.84 0.407079304589
217.91 0.402327262205
217.98 0.515242076417
218.05 0.503540112858
218.12 0.412925341159
218.19 0.618405154229
218.26 0.596090535675
218.33 0.517639204728
218.4 0.697535702796
218.47 0.589665885686
218.54 0.499775867376
218.61 0.482699924177
218.68 0.305310531325
218.75 0.222843519281
218.82 0.469362631497
218.89 0.492596686586
218.96 0.268091744408
219.03 0.490422395881
219.1 0.737245918014
219.17 0.668648904011
219.24 0.424835460122
219.31 0.349356636632
219.38 0.576598541342
219.45 0.601805342795
219.52 0.833564909826
219.59 0.633666648643
219.66 0.548497662091
219.73 0.499675398418
219.8 0.161998847468
219.87 0.459797920113
219.94 0.699480749883
220.01 0.527060062237
220.08 0.468081391246
220.15 0.595675959797
220.22 0.627859596401
220.29 0.603578615682
220.36 0.561495911668
220.43 0.747256183907
220.5 0.620992412401
220.57 1.0
220.64 0.768163904027
220.71 0.525965112602
220.78 0.347020968227
220.85 0.294278453406
220.92 0.308382745707
220.99 0.522384816378
221.06 0.482039146563
221.13 0.359050064507
221.2 0.162432394158
221.27 0.125844065002
221.34 0.141253501215
221.41 0.229958116416
221.48 0.290478433145
221.55 0.212201918709
221.62 0.156534779372
221.69 0.184308570985
221.76 0.262976846879
221.83 0.184719788978
221.9 0.124194434695
221.97 0.247912852511
222.04 0.356756624883
222.11 0.247939987535
222.18 0.0635099451798
222.25 0.0471498276715
222.32 0.0392163778461
222.39 0.0355062904342
222.46 0.0248683356897
222.53 0.0176811579277
222.6 0.101657582052
222.67 0.304617268467
222.74 0.140887491781
222.81 0.0794570748618
222.88 0.388784757541
222.95 0.558551304176
223.02 0.430019384069
223.09 0.123504154523
223.16 0.209225001938
223.23 0.618157172479
223.3 0.606403649611
223.37 0.503543533276
223.44 0.55501791654
223.51 0.507441026721
223.58 0.477179715856
223.65 0.605222993205
223.72 0.602374808921
223.79 0.543085499419
223.86 0.513635601254
223.93 0.519190371502
224.0 0.59277504698
224.07 0.63226050497
224.14 0.535001126564
224.21 0.574084689817
224.28 0.557244659469
224.35 0.501835034552
224.42 0.314386589771
224.49 0.549745361306
224.56 0.430268295091
224.63 0.192930041063
224.7 0.174180584257
224.77 0.571352203495
224.84 0.500509801503
224.91 0.281356994537
224.98 0.25999462497
225.05 0.683657158074
225.12 0.619830531936
225.19 0.255230491875
225.26 0.157399563389
225.33 0.206382268219
225.4 0.449708980246
225.47 0.398849095703
225.54 0.372321992594
225.61 0.439744600597
225.68 0.385711202331
225.75 0.349755912248
225.82 0.411229616649
225.89 0.423008849367
225.96 0.462412092261
226.03 0.383045990044
226.1 0.442728714497
226.17 0.523455616583
226.24 0.562265446063
226.31 0.306871441636
226.38 0.369611090388
226.45 0.717957499624
226.52 0.580012862953
226.59 0.359907795365
226.66 0.513795450528
226.73 0.417724325579
226.8 0.204596411626
226.87 0.529553660293
226.94 0.390702585256
227.01 0.236239550949
227.08 0.162205942717
227.15 0.52281399011
227.22 0.539822327703
227.29 0.342220336132
227.36 0.201301461436
227.43 0.121905673423
227.5 0.294082843896
227.57 0.532615200412
227.64 0.131970975759
227.71 0.061611190075
227.78 0.292221582505
227.85 0.756042283409
227.92 0.470322413547
227.99 0.117484018392
228.06 0.0885537038057
228.13 0.0741104265707
228.2 0.454358306842
228.27 0.748894274667
228.34 0.461640795304
228.41 0.141923747511
228.48 0.0881410868155
228.55 0.300369493403
228.62 0.742306145574
228.69 0.65486184965
228.76 0.3809581536
228.83 0.159802767595
228.9 0.125548994337
228.97 0.145029726885
229.04 0.794528383136
229.11 0.635504961823
229.18 0.552476310476
229.25 0.424591583747
229.32 0.361249377197
229.39 0.479147333047
229.46 0.534575885149
229.53 0.233293782958
229.6 0.414046819392
229.67 0.163239771288
229.74 0.406166221713
229.81 0.271417085709
229.88 0.305443875269
229.95 0.142876568022
230.02 0.48436724264
230.09 0.339842008485
230.16 0.331019059506
230.23 0.237749951925
230.3 0.261897914456
230.37 0.326118495075
230.44 0.297955187381
230.51 0.270137173197
230.58 0.513354040657
230.65 0.569562045203
230.72 0.458438868264
230.79 0.441172294939
230.86 0.495867363734
230.93 0.452193480456
231.0 0.508958905499
231.07 0.446762855962
231.14 0.472596225033
231.21 0.464417220617
231.28 0.307691779125
231.35 0.10481445323
231.42 0.129535469545
231.49 0.41594799293
231.56 0.3488302573
231.63 0.406430315201
231.7 0.432928082991
231.77 0.405218585636
231.84 0.321278532536
231.91 0.114723472137
231.98 0.372704084682
232.05 0.615060721412
232.12 0.500677960414
232.19 0.572976199573
232.26 0.448090210776
232.33 0.417276756921
232.4 0.555655350383
232.47 0.639501222742
232.54 0.566383690252
232.61 0.535131434014
232.68 0.638037355154
232.75 0.668371432792
232.82 0.610713325223
232.89 0.589669743836
232.96 0.367068605952
233.03 0.457995758365
233.1 0.654153951126
233.17 0.305753082789
233.24 0.483966198645
233.31 0.445226080539
233.38 0.248259492666
233.45 0.20182733614
233.52 0.540318045432
233.59 0.664481671644
233.66 0.409786432991
233.73 0.29912258676
233.8 0.609362933488
233.87 0.587320111633
233.94 0.341642462932
234.01 0.47173244591
234.08 0.525126665221
234.15 0.683237518466
234.22 0.565373032394
234.29 0.501198790293
234.36 0.532520304176
234.43 0.58258677975
234.5 0.656478026176
234.57 0.697456612905
234.64 0.578203546249
234.71 0.643609863002
234.78 0.580312742854
234.85 0.651611916056
234.92 0.70831013105
234.99 0.660944844684
235.06 0.480365187952
235.13 0.439304509741
235.2 0.484241559735
235.27 0.470732450681
235.34 0.494528083995
235.41 0.596794974515
235.48 0.280364874123
235.55 0.20606576468
235.62 0.341403291086
235.69 0.460885576638
235.76 0.251698846441
235.83 0.242795661615
235.9 0.394353112024
235.97 0.428918034239
236.04 0.196724618032
236.11 0.144291879346
236.18 0.255796053315
236.25 0.606249024037
236.32 0.19155506653
236.39 0.0647129462806
236.46 0.143797425368
236.53 0.626886811818
236.6 0.482913319277
236.67 0.240691534558
236.74 0.0853018564066
236.81 0.068968270405
236.88 0.388583314997
236.95 0.79313186375
237.02 0.704488627017
237.09 0.380698787909
237.16 0.201631525943
237.23 0.225821074472
237.3 0.673820600546
237.37 0.694640100935
237.44 0.494026443067
237.51 0.279043944227
237.58 0.117955194041
237.65 0.110599882091
237.72 0.612346142838
237.79 0.83926833155
237.86 0.564080286043
237.93 0.475447423996
238.0 0.412575948092
238.07 0.476237707762
238.14 0.489713037281
238.21 0.270290811329
238.28 0.300174523768
238.35 0.185390203968
238.42 0.411998711858
238.49 0.318465275199
238.56 0.200092857074
238.63 0.262745576023
238.7 0.450784637678
238.77 0.386595160756
238.84 0.348192440987
238.91 0.284287171414
238.98 0.263808853345
239.05 0.345330934234
239.12 0.36970097961
239.19 0.433213286507
239.26 0.500875051814
239.33 0.508752439944
239.4 0.48405433403
239.47 0.468344511834
239.54 0.521684545444
239.61 0.506135497431
239.68 0.633515936481
239.75 0.453132819984
239.82 0.452823477218
239.89 0.501752993968
239.96 0.547119415474
240.03 0.481072877062
240.1 0.306159887104
240.17 0.380004725208
240.24 0.154001029217
240.31 0.164808720744
240.38 0.662392567085
240.45 0.548290619195
240.52 0.248968761101
240.59 0.457019069096
240.66 0.377414241489
240.73 0.329146021523
240.8 0.290419015019
240.87 0.189635889261
240.94 0.433188014389
241.01 0.468761295277
241.08 0.260644050636
241.15 0.122856266009
241.22 0.395252501595
241.29 0.485299454843
241.36 0.443238984999
241.43 0.254734041199
241.5 0.487195856956
241.57 0.509430697754
241.64 0.187992878742
241.71 0.128689809038
241.78 0.533890111726
241.85 0.645714222741
241.92 0.447245078165
241.99 0.0890634420487
242.06 0.339096779125
242.13 0.62455544075
242.2 0.240140243764
242.27 0.20488434915
242.34 0.50023984735
242.41 0.517279836897
242.48 0.415192226008
242.55 0.242061990708
242.62 0.356990024774
242.69 0.641359105889
242.76 0.314861789356
242.83 0.197013781496
242.9 0.108759516951
242.97 0.0643773497713
243.04 0.0484136037226
243.11 0.0706732803607
243.18 0.554585834289
243.25 0.824276442267
243.32 0.472585450426
243.39 0.284074452544
243.46 0.171073719238
243.53 0.530964741177
243.6 0.478102923285
243.67 0.511417688587
243.74 0.391116090799
243.81 0.693518487455
243.88 0.523213710729
243.95 0.391180547934
244.02 0.188907200647
244.09 0.618557470439
244.16 0.619016087105
244.23 0.599717896092
244.3 0.441539651017
244.37 0.708395368096
244.44 0.408705711829
244.51 0.670306081924
244.58 0.516483138392
244.65 0.285762354593
244.72 0.113690401235
244.79 0.537680632766
244.86 0.684884817596
244.93 0.589831739596
245.0 0.393221333272
245.07 0.341287843257
245.14 0.275434045101
245.21 0.401241243176
245.28 0.347286601776
245.35 0.20581300278
245.42 0.29988017296
245.49 0.635390904266
245.56 0.318775762467
245.63 0.114747105305
245.7 0.278348265845
245.77 0.391499355019
245.84 0.317414542318
245.91 0.286133913481
245.98 0.357039905868
246.05 0.573819765947
246.12 0.250712026802
246.19 0.122705856333
246.26 0.376718987751
246.33 0.691210013699
246.4 0.492480137883
246.47 0.157793786907
246.54 0.428269581473
246.61 0.527887224565
246.68 0.326093747944
246.75 0.263651045851
246.82 0.403782373697
246.89 0.389610331818
246.96 0.351154088035
247.03 0.23337233332
247.1 0.682067577042
247.17 0.616991864325
247.24 0.393173331082
247.31 0.355577645237
247.38 0.60596489231
247.45 0.534287322293
247.52 0.405637077833
247.59 0.355228159097
247.66 0.477770130588
247.73 0.485869211821
247.8 0.116398490903
247.87 0.192964075094
247.94 0.192633629571
248.01 0.289059534163
248.08 0.224636570095
248.15 0.409994274276
248.22 0.548547419573
248.29 0.521976008093
248.36 0.447238797219
248.43 0.294213762135
248.5 0.355288441054
248.57 0.667836134487
248.64 0.479220024198
248.71 0.42293562014
248.78 0.407096480845
248.85 0.509104252898
248.92 0.165309212806
248.99 0.313009492019
249.06 0.101057798982
249.13 0.472198027024
249.2 0.372051600709
249.27 0.275219736726
249.34 0.230128005896
249.41 0.583642387308
249.48 0.428880976804
249.55 0.169447834076
249.62 0.136674826899
249.69 0.555344118534
249.76 0.441837401883
249.83 0.461788835992
249.9 0.648848517998
249.97 0.475330239782
250.04 0.432905829915
250.11 0.670730501683
250.18 0.384620945591
250.25 0.573016574174
250.32 0.72212780775
250.39 0.530176009104
250.46 0.680073794817
250.53 0.615864493433
250.6 0.617757432955
250.67 0.670960565504
250.74 0.420182996689
250.81 0.532710071925
250.88 0.643692054829
250.95 0.476271154272
251.02 0.303675701015
251.09 0.306156732816
251.16 0.571523579227
251.23 0.459953485138
251.3 0.374484435449
251.37 0.260396480442
251.44 0.515425464331
251.51 0.444954769562
251.58 0.244586581938
251.65 0.656785455137
251.72 0.439287555986
251.79 0.370950834037
251.86 0.315546299027
251.93 0.627059909394
252.0 0.654799461926
252.07 0.508734772147
252.14 0.591542621851
252.21 0.685316661348
252.28 0.702152404539
252.35 0.584446361472
252.42 0.467183178171
252.49 0.625516837028
252.56 0.650888043948
252.63 0.608805968174
252.7 0.768613334138
252.77 0.746433252019
252.84 0.314552868325
252.91 0.700123499044
252.98 0.597920306535
253.05 0.756505184323
253.12 0.445789159559
253.19 0.401309511924
253.26 0.599973841365
253.33 0.617638458548
253.4 0.399104382196
253.47 0.495975128711
253.54 0.611412448745
253.61 0.442853988756
253.68 0.408440742877
253.75 0.412775293593
253.82 0.732798553133
253.89 0.677525523883
253.96 0.356313293936
254.03 0.186684182076
254.1 0.669488162868
254.17 0.626587996435
254.24 0.518604710743
254.31 0.626903007904
254.38 0.59765803378
254.45 0.655500474531
254.52 0.600997690809
254.59 0.656359130299
254.66 0.715036621281
254.73 0.621482334907
254.8 0.665121033835
254.87 0.832197757753
254.94 0.677467986114
255.01 0.443527022867
255.08 0.732951295441
255.15 0.889172484156
255.22 0.619904518832
255.29 0.334616865012
255.36 0.378693486497
255.43 0.61922083518
255.5 0.519467748194
255.57 0.461654260291
255.64 0.420786237988
255.71 0.507901548466
255.78 0.392049844516
255.85 0.365629920318
255.92 0.533568367037
255.99 0.659356760085
256.06 0.438150219055
256.13 0.590472189573
256.2 0.526634783011
256.27 0.602814398059
256.34 0.6833394475
256.41 0.662522455709
256.48 0.66007475553
256.55 0.705674725262
256.62 0.724965912562
256.69 0.640423956083
256.76 0.637157954378
256.83 0.699774540801
256.9 0.647153117788
256.97 0.661717302141
257.04 0.805963189082
257.11 0.493841993544
257.18 0.362211064327
257.25 0.713656373603
257.32 0.831094918761
257.39 0.445406596291
257.46 0.341611980203
257.53 0.404775049639
257.6 0.551257261624
257.67 0.506410851249
257.74 0.539266586875
257.81 0.537079482692
257.88 0.495828580093
257.95 0.379896682468
258.02 0.46550202243
258.09 0.524055905735
258.16 0.543140070499
258.23 0.532457432183
258.3 0.361866291442
258.37 0.32819886826
258.44 0.469289069244
258.51 0.499029305915
258.58 0.283503679038
258.65 0.422923119327
258.72 0.44026663024
258.79 0.367911916375
258.86 0.264406034745
258.93 0.21918473232
259.0 0.203440964804
259.07 0.436695360604
259.14 0.590022173397
259.21 0.3928871663
259.28 0.199780706133
259.35 0.415051548235
259.42 0.471112298847
259.49 0.612426057295
259.56 0.618875550395
259.63 0.424287514125
259.7 0.426012223477
259.77 0.729934326915
259.84 0.539017614775
259.91 0.532039914339
259.98 0.43541795378
260.05 0.315202849518
260.12 0.234853144483
260.19 0.503118994268
260.26 0.406729002609
260.33 0.352775358832
260.4 0.259377713634
260.47 0.315525094472
260.54 0.541444658655
260.61 0.72052762953
260.68 0.521006143662
260.75 0.502786528779
260.82 0.32925495427
260.89 0.587686304304
260.96 0.539074114203
261.03 0.619141694389
261.1 0.403375752618
261.17 0.376764456622
261.24 0.225393021973
261.31 0.422034955184
261.38 0.401107739264
261.45 0.398643797918
261.52 0.318725660326
261.59 0.534930626982
261.66 0.43001696709
261.73 0.664205597967
261.8 0.57335742056
261.87 0.453858105631
261.94 0.554038120973
262.01 0.585666124365
262.08 0.595876874444
262.15 0.41827953851
262.22 0.350480328248
262.29 0.575195025515
262.36 0.451880997944
262.43 0.31486162357
262.5 0.471637205014
262.57 0.313717294561
262.64 0.242291933825
262.71 0.334246785106
262.78 0.493743769962
262.85 0.491398557253
262.92 0.438195525049
262.99 0.277208831872
263.06 0.54022135464
263.13 0.742248066821
263.2 0.477395501759
263.27 0.492146414459
263.34 0.483976358101
263.41 0.580612728916
263.48 0.443392480614
263.55 0.37657831434
263.62 0.682351225955
263.69 0.796895909999
263.76 0.627189992888
263.83 0.556939582046
263.9 0.529086035945
263.97 0.489434949455
264.04 0.387922114194
264.11 0.249149889097
264.18 0.605120098542
264.25 0.588251076082
264.32 0.387119783343
264.39 0.238424835854
264.46 0.520155554671
264.53 0.648951588626
264.6 0.555099333247
264.67 0.31398478229
264.74 0.737655415619
264.81 0.609529302206
264.88 0.455491483137
264.95 0.455516471674
265.02 0.572503328258
265.09 0.514555863808
265.16 0.29589321203
265.23 0.532926486068
265.3 0.74194778409
265.37 0.564890491708
265.44 0.443638134094
265.51 0.534754267502
265.58 0.6145444041
265.65 0.485695198062
265.72 0.296240135765
265.79 0.604475755513
265.86 0.654823422302
265.93 0.548254970937
266.0 0.398070584165
266.07 0.600125481345
266.14 0.603617027033
266.21 0.404881499965
266.28 0.214899709313
266.35 0.747369288924
266.42 0.638637097505
266.49 0.565954375456
266.56 0.463991377138
266.63 0.563399272412
266.7 0.423899112006
266.77 0.367882636319
266.84 0.531467091782
266.91 0.509133675472
266.98 0.414455080876
267.05 0.255334965863
267.12 0.439938713674
267.19 0.555166143373
267.26 0.425960633628
267.33 0.332340745617
267.4 0.729111018374
267.47 0.678565883533
267.54 0.622524268065
267.61 0.58063896957
267.68 0.552748531819
267.75 0.693849425972
267.82 0.601943341822
267.89 0.613401796933
267.96 0.672853286887
268.03 0.52926229508
268.1 0.602704989769
268.17 0.618480692819
268.24 0.594970098691
268.31 0.638873051076
268.38 0.723440441096
268.45 0.75865717687
268.52 0.575122351815
268.59 0.494826593983
268.66 0.68111179275
268.73 0.6016870897
268.8 0.636474785534
268.87 0.519044184994
268.94 0.363212702869
269.01 0.631646329095
269.08 0.327712811176
269.15 0.215725229782
269.22 0.205371166812
269.29 0.487018880871
269.36 0.520595892752
269.43 0.532742440829
269.5 0.696905781657
269.57 0.858091379695
269.64 0.628955377873
269.71 0.527970249682
269.78 0.658763227421
269.85 0.661537888717
269.92 0.64590109506
269.99 0.492653504496
270.06 0.655312555145
270.13 0.67500831011
270.2 0.568593011155
270.27 0.569438609128
270.34 0.572054556927
270.41 0.740694136955
270.48 0.7031708994
270.55 0.534638030011
270.62 0.587831932376
270.69 0.536300561053
270.76 0.517750973281
270.83 0.521759595404
270.9 0.607327747047
270.97 0.606834869487
271.04 0.504081488512
271.11 0.520251306012
271.18 0.571837901377
271.25 0.45272708164
271.32 0.392893307637
271.39 0.425093669677
271.46 0.504047810775
271.53 0.47823334853
271.6 0.465294245133
271.67 0.801229863015
271.74 0.748323601505
271.81 0.611022474573
271.88 0.585931862621
271.95 0.646492705193
272.02 0.621380187734
272.09 0.583925195659
272.16 0.534200494288
272.23 0.671866701383
272.3 0.582741869232
272.37 0.521320468721
272.44 0.6660226237
272.51 0.74501003825
272.58 0.737099365034
272.65 0.552369610017
272.72 0.642279864346
272.79 0.541803148114
272.86 0.546029433589
272.93 0.607157437287
273.0 0.656602340624
273.07 0.60465155074
273.14 0.647103014192
273.21 0.6089483198
273.28 0.608828343408
273.35 0.458000958796
273.42 0.227384919477
273.49 0.496388157256
273.56 0.730749113497
273.63 0.400334921151
273.7 0.230155402687
273.77 0.179697264545
273.84 0.423359279321
273.91 0.276513610127
273.98 0.466396752554
274.05 0.541314278492
274.12 0.408462924694
274.19 0.0826516564382
274.26 0.559881452621
274.33 0.603447562197
274.4 0.525946335206
274.47 0.38824325682
274.54 0.115209556852
274.61 0.186694374979
274.68 0.399231280863
274.75 0.399796688152
274.82 0.307904006455
274.89 0.546583846677
274.96 0.655854527045
275.03 0.503360503109
275.1 0.371688975336
275.17 0.629114885395
275.24 0.796578510636
275.31 0.564611653485
275.38 0.393582484026
275.45 0.202713432326
275.52 0.176964786948
275.59 0.134212472149
275.66 0.0778603345107
275.73 0.0724377724301
275.8 0.0578796697897
275.87 0.0366250739249
275.94 0.0346910588493
276.01 0.0306602665432
276.08 0.0322842102687
276.15 0.0265253928994
276.22 0.0186399161796
276.29 0.0145397804276
276.36 0.012876599332
276.43 0.0120518845222
276.5 0.00732451073871
276.57 0.005535457684
276.64 0.00441479092752
276.71 0.0030123628866
276.78 0.00188108585429
276.85 0.000562417331812
276.92 0.0
