0.0 0.010478202386
0.07 0.543291580182
0.14 1.0
0.21 0.526226500647
0.28 0.354868662092
0.35 0.302122344999
0.42 0.320543620102
0.49 0.294140974819
0.56 0.614642372436
0.63 0.528110446541
0.7 0.365501814097
0.77 0.229348559437
0.84 0.354137347005
0.91 0.382958392471
0.98 0.20772241453
1.05 0.167244689621
1.12 0.132399428112
1.19 0.862362351569
1.26 0.667602116913
1.33 0.365807925128
1.4 0.163942574657
1.47 0.471848124108
1.54 0.319086805581
1.61 0.580705185826
1.68 0.402977458677
1.75 0.42052425306
1.82 0.247551929916
1.89 0.266404173176
1.96 0.287323232246
2.03 0.319253235813
2.1 0.184292293441
2.17 0.300367296258
2.24 0.425529001519
2.31 0.889360644399
2.38 0.3679443315
2.45 0.292994281612
2.52 0.381161987743
2.59 0.429103264528
2.66 0.368405305897
2.73 0.636392247228
2.8 0.460930261809
2.87 0.494016060786
2.94 0.424342971844
3.01 0.485577073148
3.08 0.536452923659
3.15 0.265841140289
3.22 0.186691102224
3.29 0.226156381759
3.36 0.85071710416
3.43 0.599661672662
3.5 0.279346955968
3.57 0.24821079222
3.64 0.31764621164
3.71 0.19035079468
3.78 0.538755886173
3.85 0.415988619527
3.92 0.62295022331
3.99 0.323632842057
4.06 0.167847353428
4.13 0.143402551318
4.2 0.189284697761
4.27 0.106671932137
4.34 0.140561002287
4.41 0.148733144971
4.48 0.689764146725
4.55 0.30985653499
4.62 0.26990581486
4.69 0.291744455218
4.76 0.279177745802
4.83 0.168475935861
4.9 0.417519190547
4.97 0.36640186248
5.04 0.265965899264
5.11 0.183389759574
5.18 0.180061630809
5.25 0.201529010132
5.32 0.240212550098
5.39 0.177234304652
5.46 0.173888810219
5.53 0.335839915799
5.6 0.689367431048
5.67 0.31142759054
5.74 0.179369475717
5.81 0.222421098682
5.88 0.18860288117
5.95 0.242453354706
6.02 0.473759462865
6.09 0.295524260868
6.16 0.267715217613
6.23 0.194593170908
6.3 0.209207796744
6.37 0.282104970151
6.44 0.268227578166
6.51 0.137068547077
6.58 0.159212916771
6.65 0.623686284313
6.72 0.543989113713
6.79 0.277033661894
6.86 0.266420390783
6.93 0.315283845378
7.0 0.250798908192
7.07 0.366460370978
7.14 0.439877151208
7.21 0.298922359908
7.28 0.28263541614
7.35 0.184697785145
7.42 0.178758819103
7.49 0.29921554484
7.56 0.280512793445
7.63 0.167386142083
7.7 0.25027155146
7.77 0.576892537492
7.84 0.516055876591
7.91 0.263515400951
7.98 0.238741218251
8.05 0.277806963509
8.12 0.259499488254
8.19 0.41722993956
8.26 0.312002602725
8.33 0.318160496534
8.4 0.303544813847
8.47 0.302319565682
8.54 0.242628611527
8.61 0.333798461439
8.68 0.182979282032
8.75 0.167975083682
8.82 0.159186020608
8.89 0.787292186505
8.96 0.44839581014
9.03 0.300606146558
9.1 0.331394847255
9.17 0.375551399968
9.24 0.237194660626
9.31 0.472651301096
9.38 0.340703179078
9.45 0.423788381866
9.52 0.433563108165
9.59 0.249796642691
9.66 0.303072592811
9.73 0.4401015169
9.8 0.259198497893
9.87 0.173896915057
9.94 0.23068252247
10.01 0.717869827027
10.08 0.408297015871
10.15 0.395790845376
10.22 0.317868566737
10.29 0.363411555232
10.36 0.207927811432
10.43 0.479742260462
10.5 0.357209238983
10.57 0.502199469937
10.64 0.401992106757
10.71 0.202979318972
10.78 0.281997155491
10.85 0.37928824651
10.92 0.243662035294
10.99 0.123015405535
11.06 0.24929787348
11.13 0.673722732436
11.2 0.384512816993
11.27 0.226855516429
11.34 0.304599590763
11.41 0.364870798726
11.48 0.202175940727
11.55 0.503686669419
11.62 0.317696875052
11.69 0.402610623329
11.76 0.306832325233
11.83 0.275000346079
11.9 0.28865721709
11.97 0.316601524379
12.04 0.165263948671
12.11 0.163886398963
12.18 0.356857139072
12.25 0.638464716099
12.32 0.315736545405
12.39 0.308027023861
12.46 0.321754045586
12.53 0.394723151283
12.6 0.253331792301
12.67 0.480171503553
12.74 0.298504102714
12.81 0.433778480709
12.88 0.295343936912
12.95 0.223545177658
13.02 0.378827735105
13.09 0.358622633387
13.16 0.173854512134
13.23 0.153722123944
13.3 0.579796334648
13.37 0.444628178105
13.44 0.286883190636
13.51 0.295180097253
13.58 0.519747378674
13.65 0.333187114797
13.72 0.40170653492
13.79 0.321922570683
13.86 0.323867643408
13.93 0.295118106897
14.0 0.210673172155
14.07 0.20973721265
14.14 0.369785766406
14.21 0.307458191182
14.28 0.224959386016
14.35 0.288663060504
14.42 0.691360109654
14.49 0.344249321524
14.56 0.279328426377
14.63 0.26647077759
14.7 0.221816412383
14.77 0.150517976883
14.84 0.364348564647
14.91 0.375516976964
14.98 0.363912242836
15.05 0.240948880766
15.12 0.180522416836
15.19 0.300884978739
15.26 0.30792372015
15.33 0.176638311101
15.4 0.126858346628
15.47 0.336512431903
15.54 0.728173043248
15.61 0.342433587131
15.68 0.268809530272
15.75 0.272997445959
15.82 0.349242504106
15.89 0.264128030487
15.96 0.43738088411
16.03 0.311139423172
16.1 0.437563604322
16.17 0.255049249468
16.24 0.256995763714
16.31 0.381077213623
16.38 0.388567803434
16.45 0.181665816554
16.52 0.140752263559
16.59 0.299129651409
16.66 0.577439050391
16.73 0.293865673075
16.8 0.269284691852
16.87 0.220412417607
16.94 0.207089550165
17.01 0.108327301789
17.08 0.39118479543
17.15 0.321654970269
17.22 0.431993748931
17.29 0.226518558436
17.36 0.219350151525
17.43 0.342604269553
17.5 0.278550062584
17.57 0.118566842245
17.64 0.135269847218
17.71 0.412697011605
17.78 0.498644122181
17.85 0.272634684345
17.92 0.323518612926
17.99 0.328280096302
18.06 0.21275514971
18.13 0.107986866896
18.2 0.410805743103
18.27 0.293658928837
18.34 0.423608063859
18.41 0.257406480188
18.48 0.256435823057
18.55 0.340794434094
18.62 0.342087566592
18.69 0.152187252155
18.76 0.226328943908
18.83 0.316699079853
18.9 0.511626580506
18.97 0.216167123638
19.04 0.299659847561
19.11 0.375738790747
19.18 0.3105691341
19.25 0.184092793489
19.32 0.393653636948
19.39 0.279761348618
19.46 0.392003711169
19.53 0.256963884687
19.6 0.302984995134
19.67 0.362777023303
19.74 0.335988233826
19.81 0.171216323634
19.88 0.166187213076
19.95 0.392700226514
20.02 0.50229512982
20.09 0.243480988595
20.16 0.331726428791
20.23 0.320522000263
20.3 0.249240331613
20.37 0.15848516682
20.44 0.421358046009
20.51 0.422081770805
20.58 0.359007735601
20.65 0.242385622059
20.72 0.26648711714
20.79 0.398405638408
20.86 0.292185942314
20.93 0.2278109672
21.0 0.377524847059
21.07 0.503178583859
21.14 0.452503768013
21.21 0.311289339365
21.28 0.338856790059
21.35 0.382682358069
21.42 0.299350978407
21.49 0.309570052041
21.56 0.39711279937
21.63 0.358502591576
21.7 0.380874136638
21.77 0.262216812683
21.84 0.325228165522
21.91 0.40633482335
21.98 0.297777739756
22.05 0.145262240201
22.12 0.182555475874
22.19 0.606300995791
22.26 0.332359985165
22.33 0.253277213781
22.4 0.31647798683
22.47 0.371432482967
22.54 0.23046270441
22.61 0.356952531272
22.68 0.409680266229
22.75 0.385917295581
22.82 0.336651996706
22.89 0.20785499678
22.96 0.230789304074
23.03 0.300380381976
23.1 0.196672747251
23.17 0.128859870661
23.24 0.284304871851
23.31 0.667722646502
23.38 0.420680205994
23.45 0.330283403895
23.52 0.299867761672
23.59 0.253807075825
23.66 0.162747563731
23.73 0.447980365597
23.8 0.402114305893
23.87 0.397864808313
23.94 0.298566939741
24.01 0.272890869579
24.08 0.320486143669
24.15 0.296343301525
24.22 0.149323972246
24.29 0.0959722887412
24.36 0.247105691948
24.43 0.659814231755
24.5 0.345620749229
24.57 0.309365699101
24.64 0.263231113
24.71 0.358298076043
24.78 0.174457737084
24.85 0.482158899888
24.92 0.36909865862
24.99 0.374122555314
25.06 0.248579662947
25.13 0.229941396315
25.2 0.275809462648
25.27 0.435232377489
25.34 0.277069269642
25.41 0.157477928369
25.48 0.370841251193
25.55 0.710243538941
25.62 0.322913199918
25.69 0.291776132987
25.76 0.281561008169
25.83 0.230576450721
25.9 0.124855919414
25.97 0.367910038372
26.04 0.337446663367
26.11 0.430423989164
26.18 0.247371445351
26.25 0.271886370414
26.32 0.266617282315
26.39 0.288955971804
26.46 0.139122947366
26.53 0.219088128826
26.6 0.302205015331
26.67 0.638750320653
26.74 0.318779794342
26.81 0.358278368648
26.88 0.276329089299
26.95 0.314480342214
27.02 0.203604195487
27.09 0.463129780821
27.16 0.413309589587
27.23 0.390690264528
27.3 0.264558793421
27.37 0.186624549365
27.44 0.200228385493
27.51 0.260740024075
27.58 0.167864672499
27.65 0.109324621109
27.72 0.151885778975
27.79 0.650755858072
27.86 0.397145574638
27.93 0.347432262166
28.0 0.354872124122
28.07 0.311536483863
28.14 0.185441252036
28.21 0.367838227034
28.28 0.402437898587
28.35 0.400161989872
28.42 0.333934647491
28.49 0.28079942015
28.56 0.282799720774
28.63 0.312950332336
28.7 0.171154169693
28.77 0.0855490069142
28.84 0.354206186072
28.91 0.677615534885
28.98 0.496375834491
29.05 0.322911987414
29.12 0.211894432839
29.19 0.271745805271
29.26 0.253093280074
29.33 0.358915649777
29.4 0.428488155457
29.47 0.491036819739
29.54 0.397365463088
29.61 0.316460632068
29.68 0.285748696821
29.75 0.377605567274
29.82 0.221140793143
29.89 0.27929337878
29.96 0.312518922998
30.03 0.645844007408
30.1 0.409221114058
30.17 0.271076370492
30.24 0.304241599849
30.31 0.323100869285
30.38 0.179662474262
30.45 0.447389408446
30.52 0.491950524896
30.59 0.421807416857
30.66 0.274975602283
30.73 0.274048516956
30.8 0.246674645468
30.87 0.36556412369
30.94 0.20396906188
31.01 0.119673915437
31.08 0.177085284701
31.15 0.68371732934
31.22 0.507066019765
31.29 0.365840125375
31.36 0.257299515172
31.43 0.303081179477
31.5 0.221147423742
31.57 0.466101855903
31.64 0.493229396846
31.71 0.371095630064
31.78 0.275290797672
31.85 0.170924455305
31.92 0.217890705782
31.99 0.269439616685
32.06 0.232743471071
32.13 0.122734159252
32.2 0.161657409077
32.27 0.618536770076
32.34 0.386066622871
32.41 0.387238227423
32.48 0.344617570633
32.55 0.305900522741
32.62 0.227954472887
32.69 0.401720508948
32.76 0.468514162834
32.83 0.367972786171
32.9 0.367428770652
32.97 0.218953565723
33.04 0.182585817213
33.11 0.313481705301
33.18 0.176803574435
33.25 0.120369395743
33.32 0.254763885829
33.39 0.647073785359
33.46 0.395062365742
33.53 0.319472867487
33.6 0.254515549647
33.67 0.318413876056
33.74 0.192154730214
33.81 0.410957864208
33.88 0.445505980073
33.95 0.392758892648
34.02 0.332816506115
34.09 0.246524781821
34.16 0.271724168577
34.23 0.288333488571
34.3 0.161495582987
34.37 0.178728107966
34.44 0.299783024235
34.51 0.630701618359
34.58 0.369631924201
34.65 0.252158029433
34.72 0.283175726733
34.79 0.334464923948
34.86 0.221972456527
34.93 0.450379732548
35.0 0.413121409639
35.07 0.389218314037
35.14 0.332768914113
35.21 0.205922887829
35.28 0.264957473096
35.35 0.280630052348
35.42 0.159476160896
35.49 0.080927929063
35.56 0.263107382124
35.63 0.655281165993
35.7 0.302737051554
35.77 0.347245460289
35.84 0.398671246073
35.91 0.513943653864
35.98 0.243699510872
36.05 0.527955628781
36.12 0.379936682076
36.19 0.404600700456
36.26 0.303859728665
36.33 0.351433476109
36.4 0.289013866615
36.47 0.439779037567
36.54 0.285508007442
36.61 0.258062883776
36.68 0.306619589859
36.75 0.577530499725
36.82 0.390929907962
36.89 0.374689731336
36.96 0.397330791239
37.03 0.332404632657
37.1 0.339685879724
37.17 0.492490155376
37.24 0.468836048308
37.31 0.421805398331
37.38 0.331039168327
37.45 0.302660411022
37.52 0.333445896553
37.59 0.446675335098
37.66 0.405679541055
37.73 0.213005640242
37.8 0.166615801831
37.87 0.576111199447
37.94 0.363633601007
38.01 0.316580817635
38.08 0.374338420593
38.15 0.490495981712
38.22 0.316177165011
38.29 0.378840506544
38.36 0.367020244219
38.43 0.500008456295
38.5 0.336080020242
38.57 0.2569472606
38.64 0.209771586083
38.71 0.478123378936
38.78 0.296834860158
38.85 0.283130340635
38.92 0.302264127603
38.99 0.595197409285
39.06 0.337530541245
39.13 0.323536278992
39.2 0.218826956763
39.27 0.451916795369
39.34 0.275623273467
39.41 0.374306358154
39.48 0.318167714052
39.55 0.373024764763
39.62 0.325978940151
39.69 0.308772605446
39.76 0.359962242542
39.83 0.562625433201
39.9 0.286381404542
39.97 0.269410697039
40.04 0.339346323226
40.11 0.540073887385
40.18 0.316663222268
40.25 0.292487598907
40.32 0.377314720105
40.39 0.437282613825
40.46 0.2607218276
40.53 0.345667006783
40.6 0.381835511128
40.67 0.488776876809
40.74 0.280020893765
40.81 0.218815823145
40.88 0.30185839895
40.95 0.423652935411
41.02 0.245805923893
41.09 0.283024902402
41.16 0.304015656813
41.23 0.53994491786
41.3 0.279603682516
41.37 0.326892479742
41.44 0.325447180534
41.51 0.415925412702
41.58 0.304423233468
41.65 0.447567418434
41.72 0.428410174529
41.79 0.367653885855
41.86 0.293771178107
41.93 0.28179799163
42.0 0.440143892063
42.07 0.440828082107
42.14 0.294126542756
42.21 0.176835268067
42.28 0.520834711755
42.35 0.423949118388
42.42 0.268038167869
42.49 0.177442298077
42.56 0.408861566619
42.63 0.327154849437
42.7 0.368479742507
42.77 0.301450709274
42.84 0.350601653107
42.91 0.338183897217
42.98 0.2358849318
43.05 0.196195663313
43.12 0.301838351499
43.19 0.312835984235
43.26 0.328458685277
43.33 0.256253739335
43.4 0.567367698943
43.47 0.503868809652
43.54 0.332981258869
43.61 0.214643781042
43.68 0.378495305907
43.75 0.246829588147
43.82 0.355801456992
43.89 0.34031112802
43.96 0.354817890615
44.03 0.351764649181
44.1 0.306016520561
44.17 0.181690712037
44.24 0.435877851692
44.31 0.408194987123
44.38 0.215015376185
44.45 0.182098569263
44.52 0.582483590379
44.59 0.377723492409
44.66 0.375256518721
44.73 0.335408881217
44.8 0.521151833468
44.87 0.361417614551
44.94 0.386493760192
45.01 0.355503105785
45.08 0.524494724438
45.15 0.317781971383
45.22 0.29471113005
45.29 0.221832124366
45.36 0.52061708671
45.43 0.317966224326
45.5 0.267815183222
45.57 0.260305231029
45.64 0.558432537625
45.71 0.274674718004
45.78 0.321184529819
45.85 0.286179321948
45.92 0.451054270152
45.99 0.260470143402
46.06 0.404869842524
46.13 0.328415662719
46.2 0.459946130324
46.27 0.29019956714
46.34 0.279620315526
46.41 0.285201985638
46.48 0.435642939302
46.55 0.24407610375
46.62 0.207149317764
46.69 0.401066488728
46.76 0.5104905262
46.83 0.293100727126
46.9 0.27069127621
46.97 0.353850873969
47.04 0.421336097019
47.11 0.255109018058
47.18 0.501364737125
47.25 0.406182592198
47.32 0.491266235711
47.39 0.272569451062
47.46 0.261326964994
47.53 0.386626174893
47.6 0.429086765359
47.67 0.243803498662
47.74 0.260811818558
47.81 0.450035473758
47.88 0.472861458785
47.95 0.279464830542
48.02 0.250532360664
48.09 0.381492447986
48.16 0.425375829511
48.23 0.286369569992
48.3 0.510838270814
48.37 0.447156735668
48.44 0.361097762474
48.51 0.303824828789
48.58 0.22040015774
48.65 0.422893657395
48.72 0.451911770866
48.79 0.232863373093
48.86 0.252807091575
48.93 0.521548456943
49.0 0.363572501934
49.07 0.254818203606
49.14 0.334463893865
49.21 0.475776513486
49.28 0.339798534484
49.35 0.301593947279
49.42 0.383266325727
49.49 0.423471869875
49.56 0.42728139227
49.63 0.255493393563
49.7 0.249770067748
49.77 0.437252085109
49.84 0.418034849545
49.91 0.296703414072
49.98 0.25958789691
50.05 0.592161524596
50.12 0.296379803532
50.19 0.338093850739
50.26 0.300799102163
50.33 0.447703542027
50.4 0.289606328738
50.47 0.330667140926
50.54 0.383339215727
50.61 0.410529018675
50.68 0.262069927254
50.75 0.316752358624
50.82 0.348492162727
50.89 0.542787995657
50.96 0.24327319048
51.03 0.214570305115
51.1 0.273441309483
51.17 0.472174660321
51.24 0.314953692474
51.31 0.192604549182
51.38 0.267831612
51.45 0.334843004943
51.52 0.281010961857
51.59 0.450811778376
51.66 0.360746469577
51.73 0.343984936277
51.8 0.248332988381
51.87 0.24414695143
51.94 0.404405192942
52.01 0.415100394789
52.08 0.203736108531
52.15 0.171742505536
52.22 0.53083963328
52.29 0.485125755157
52.36 0.297878436039
52.43 0.290584801212
52.5 0.239837940055
52.57 0.276812425116
52.64 0.265155666359
52.71 0.338767647754
52.78 0.321824505621
52.85 0.399256004882
52.92 0.245432735542
52.99 0.22333732204
53.06 0.472469217374
53.13 0.498338093437
53.2 0.173616344921
53.27 0.152723679366
53.34 0.399259317207
53.41 0.482471852691
53.48 0.261767506278
53.55 0.239549968988
53.62 0.260255128759
53.69 0.328477002705
53.76 0.219095724075
53.83 0.384179075159
53.9 0.319216579146
53.97 0.368799276339
54.04 0.273239044468
54.11 0.186352705685
54.18 0.319466250767
54.25 0.376749413897
54.32 0.214967692973
54.39 0.14871326606
54.46 0.401601316782
54.53 0.468762589235
54.6 0.190842166926
54.67 0.225775103442
54.74 0.318139119591
54.81 0.289809292702
54.88 0.259187573465
54.95 0.380577799991
55.02 0.35951987011
55.09 0.358760136042
55.16 0.346207817049
55.23 0.282625956035
55.3 0.37318923992
55.37 0.322217314122
55.44 0.237790147563
55.51 0.152745035488
55.58 0.478526559647
55.65 0.611363669795
55.72 0.398077305747
55.79 0.212568572885
55.86 0.34661639107
55.93 0.523856699746
56.0 0.336848575942
56.07 0.37874144709
56.14 0.356880146896
56.21 0.524003947043
56.28 0.377245417053
56.35 0.22683433777
56.42 0.356917110903
56.49 0.529718058625
56.56 0.287420781771
56.63 0.180171813966
56.7 0.43340136238
56.77 0.539152855653
56.84 0.298421682219
56.91 0.281180717304
56.98 0.300500477324
57.05 0.445296484651
57.12 0.230191342559
57.19 0.490116115174
57.26 0.353625806354
57.33 0.453192199341
57.4 0.245679014533
57.47 0.241649194232
57.54 0.307369576311
57.61 0.564040861003
57.68 0.32991704641
57.75 0.255169294254
57.82 0.435438109491
57.89 0.461723598978
57.96 0.365804238047
58.03 0.300400518655
58.1 0.326716174992
58.17 0.288733511617
58.24 0.247844371284
58.31 0.44559466236
58.38 0.34880063234
58.45 0.341473024612
58.52 0.318360803499
58.59 0.258851430417
58.66 0.291461349037
58.73 0.34193239787
58.8 0.156392882489
58.87 0.167346081879
58.94 0.374240148325
59.01 0.650897224281
59.08 0.308186319854
59.15 0.251041773733
59.22 0.285336813449
59.29 0.42600927683
59.36 0.283587523851
59.43 0.505854912187
59.5 0.34963612557
59.57 0.479660286105
59.64 0.27983631762
59.71 0.237661002557
59.78 0.299015637416
59.85 0.394871125289
59.92 0.236664087736
59.99 0.223324555558
60.06 0.434151972434
60.13 0.454919737241
60.2 0.303370103297
60.27 0.22722687264
60.34 0.31079059593
60.41 0.343400350966
60.48 0.268174209175
60.55 0.363470563405
60.62 0.29605253367
60.69 0.343529789432
60.76 0.276996752415
60.83 0.261380959569
60.9 0.309136625168
60.97 0.322915424658
61.04 0.224234386257
61.11 0.18951343362
61.18 0.634803841874
61.25 0.355596426915
61.32 0.333265589451
61.39 0.269054881296
61.46 0.299297592562
61.53 0.222065326561
61.6 0.458661753033
61.67 0.452425578888
61.74 0.370705655034
61.81 0.411753813762
61.88 0.440911251122
61.95 0.313746010243
62.02 0.370586013755
62.09 0.233977321765
62.16 0.1684511534
62.23 0.281836466557
62.3 0.709611023555
62.37 0.405079548126
62.44 0.322041880828
62.51 0.242058546515
62.58 0.402957687831
62.65 0.27384693602
62.72 0.397698987803
62.79 0.323505043395
62.86 0.524964851601
62.93 0.369266469897
63.0 0.2822320887
63.07 0.215313533075
63.14 0.307155159493
63.21 0.184503135207
63.28 0.36023314735
63.35 0.315639253648
63.42 0.632918323592
63.49 0.424249659637
63.56 0.41954533544
63.63 0.347151911133
63.7 0.307792966073
63.77 0.269296575972
63.84 0.30064873785
63.91 0.421461814695
63.98 0.40007445862
64.05 0.334943778558
64.12 0.269762302233
64.19 0.328452142914
64.26 0.358471006008
64.33 0.208375710025
64.4 0.116721387141
64.47 0.230809065006
64.54 0.695540802866
64.61 0.481760490869
64.68 0.363650030776
64.75 0.444758169782
64.82 0.646509122581
64.89 0.530126888431
64.96 0.491830837021
65.03 0.335958035252
65.1 0.412855956636
65.17 0.346071207661
65.24 0.298169971252
65.31 0.283323055326
65.38 0.335316845955
65.45 0.182740169998
65.52 0.511838007209
65.59 0.699621044673
65.66 0.582973792752
65.73 0.329912360971
65.8 0.351267881642
65.87 0.24903303119
65.94 0.274069925624
66.01 0.158134863357
66.08 0.404936928766
66.15 0.346008520338
66.22 0.327262289342
66.29 0.246770686056
66.36 0.162781814229
66.43 0.24623855664
66.5 0.270273040826
66.57 0.115705908029
66.64 0.16931735975
66.71 0.366296152598
66.78 0.580465984564
66.85 0.226574078803
66.92 0.195257034913
66.99 0.256305557749
67.06 0.269728324375
67.13 0.193882257208
67.2 0.63497715056
67.27 0.474921186951
67.34 0.653133082707
67.41 0.305667152997
67.48 0.333406745479
67.55 0.276501006035
67.62 0.283076269721
67.69 0.163334747547
67.76 0.171311872478
67.83 0.495088164703
67.9 0.398539955639
67.97 0.283219096287
68.04 0.185166691872
68.11 0.301590693447
68.18 0.298744894209
68.25 0.307037740972
68.32 0.447139594061
68.39 0.394480047802
68.46 0.397133629049
68.53 0.387163076
68.6 0.500627146365
68.67 0.373200931706
68.74 0.400825760683
68.81 0.297684181678
68.88 0.277367469162
68.95 0.599322135992
69.02 0.731305674414
69.09 0.381845439182
69.16 0.192531122826
69.23 0.300394442258
69.3 0.288653359485
69.37 0.33537000774
69.44 0.387531222994
69.51 0.474143038296
69.58 0.438902680094
69.65 0.282653509508
69.72 0.33943730461
69.79 0.468975531815
69.86 0.447208903061
69.93 0.525644660571
70.0 0.738242108488
70.07 0.640307712488
70.14 0.486613332369
70.21 0.36620607043
70.28 0.444879909891
70.35 0.33509586298
70.42 0.230601999548
70.49 0.317235357359
70.56 0.312083076076
70.63 0.350948644244
70.7 0.305773531094
70.77 0.265293445619
70.84 0.264357881691
70.91 0.403720414988
70.98 0.190904698596
71.05 0.135783617566
71.12 0.174419930372
71.19 0.68746122486
71.26 0.496632900103
71.33 0.358972692961
71.4 0.274175994398
71.47 0.399977500972
71.54 0.263249483965
71.61 0.338691031017
71.68 0.313322988296
71.75 0.59090638817
71.82 0.800833127113
71.89 0.654854334029
71.96 0.272226662544
72.03 0.351384935321
72.1 0.181711751897
72.17 0.346209889112
72.24 0.309927611687
72.31 0.641570833789
72.38 0.490873909038
72.45 0.374243701565
72.52 0.385493456706
72.59 0.33921120493
72.66 0.194993583581
72.73 0.375278544051
72.8 0.362550764004
72.87 0.36243277641
72.94 0.335597350658
73.01 0.26201617161
73.08 0.22301788041
73.15 0.326073662153
73.22 0.201078422816
73.29 0.163314706044
73.36 0.188367943003
73.43 0.673323573906
73.5 0.404222578812
73.57 0.347335431419
73.64 0.245508544275
73.71 0.401591146822
73.78 0.226467389401
73.85 0.359999394918
73.92 0.276637331878
73.99 0.483003865119
74.06 0.368645813847
74.13 0.262217789229
74.2 0.241757120923
74.27 0.29335407294
74.34 0.135181753833
74.41 0.447283149319
74.48 0.458590675344
74.55 0.652850845998
74.62 0.346145012739
74.69 0.424451158286
74.76 0.371425548002
74.83 0.29521659232
74.9 0.161813363001
74.97 0.366248606202
75.04 0.396482035818
75.11 0.642854046165
75.18 0.397271903027
75.25 0.313610434903
75.32 0.269790287963
75.39 0.254902551416
75.46 0.12980602491
75.53 0.156786428604
75.6 0.318490622669
75.67 0.495561110465
75.74 0.231402650404
75.81 0.301933281699
75.88 0.323650907665
75.95 0.305716043755
76.02 0.155475774786
76.09 0.278615643855
76.16 0.330432926494
76.23 0.693118223858
76.3 0.417486615545
76.37 0.275769094114
76.44 0.334337662635
76.51 0.287359952364
76.58 0.18310609225
76.65 0.0866503834222
76.72 0.357202285181
76.79 0.477399046401
76.86 0.304431505855
76.93 0.223240169082
77.0 0.212946722288
77.07 0.324779072271
77.14 0.203735530534
77.21 0.486013033092
77.28 0.382374589388
77.35 0.421451744869
77.42 0.365028518365
77.49 0.51285133792
77.56 0.420409264503
77.63 0.33472144428
77.7 0.275787080409
77.77 0.363923518226
77.84 0.409143591165
77.91 0.718629353889
77.98 0.359634570165
78.05 0.293982221132
78.12 0.374169362113
78.19 0.356021845117
78.26 0.193595718739
78.33 0.363563308521
78.4 0.311194194027
78.47 0.481426622133
78.54 0.304075934
78.61 0.23574223511
78.68 0.323515969807
78.75 0.278570934895
78.82 0.22369583543
78.89 0.42517539267
78.96 0.411878839429
79.03 0.673609754473
79.1 0.359209343306
79.17 0.449110475364
79.24 0.350179591844
79.31 0.281365670188
79.38 0.202544417862
79.45 0.363025805623
79.52 0.315764546007
79.59 0.541780393356
79.66 0.369224794675
79.73 0.300730059854
79.8 0.322964649524
79.87 0.236987620945
79.94 0.118784268014
80.01 0.121914617929
80.08 0.307482224131
80.15 0.55651950751
80.22 0.399214250346
80.29 0.333133007201
80.36 0.37544842739
80.43 0.420669030737
80.5 0.331362484416
80.57 0.351668774161
80.64 0.367780764481
80.71 0.380203427888
80.78 0.301085328335
80.85 0.274084523254
80.92 0.239964380474
80.99 0.214363407207
81.06 0.114698056882
81.13 0.11978177372
81.2 0.376995798969
81.27 0.547548413259
81.34 0.254498434808
81.41 0.227646763691
81.48 0.225469673514
81.55 0.233285084386
81.62 0.147447528408
81.69 0.33904718285
81.76 0.316280815718
81.83 0.355177190199
81.9 0.287836804311
81.97 0.26852664815
82.04 0.282304772485
82.11 0.323773830535
82.18 0.147708018376
82.25 0.126417794439
82.32 0.435864804639
82.39 0.802721963668
82.46 0.433541870021
82.53 0.264651142961
82.6 0.325167854626
82.67 0.340967276814
82.74 0.189677167197
82.81 0.308017703546
82.88 0.278973103368
82.95 0.485403380783
83.02 0.322124646337
83.09 0.260487078794
83.16 0.266849621977
83.23 0.319692003451
83.3 0.169191248481
83.37 0.148884810024
83.44 0.322984815946
83.51 0.680496042655
83.58 0.439380935888
83.65 0.333152496484
83.72 0.322601303966
83.79 0.255477199751
83.86 0.158001739793
83.93 0.360769159156
84.0 0.354824421082
84.07 0.548985487669
84.14 0.527724182386
84.21 0.363126064691
84.28 0.33167284268
84.35 0.324030476778
84.42 0.213314672981
84.49 0.160641040663
84.56 0.224335418631
84.63 0.560463781377
84.7 0.312854248126
84.77 0.238529542703
84.84 0.217913323979
84.91 0.314122229356
84.98 0.159220758882
85.05 0.295487078749
85.12 0.273837139824
85.19 0.34480277038
85.26 0.269290778163
85.33 0.265898770391
85.4 0.248970937726
85.47 0.336700510726
85.54 0.15354435487
85.61 0.156435173381
85.68 0.212899629961
85.75 0.62671474626
85.82 0.348502722314
85.89 0.335230292241
85.96 0.308881963744
86.03 0.297643499855
86.1 0.144205671795
86.17 0.340925121746
86.24 0.292401432837
86.31 0.371936745622
86.38 0.360657084375
86.45 0.322992691766
86.52 0.322268003312
86.59 0.289445844036
86.66 0.126092320034
86.73 0.0864541353199
86.8 0.193101477331
86.87 0.710886254029
86.94 0.473671500346
87.01 0.227707616892
87.08 0.26972463432
87.15 0.221784848627
87.22 0.0803918894969
87.29 0.303909006076
87.36 0.287033482576
87.43 0.436072776252
87.5 0.334594876959
87.57 0.341149241566
87.64 0.335566947852
87.71 0.391060948558
87.78 0.167557160595
87.85 0.196754176329
87.92 0.244586577636
87.99 0.640333971169
88.06 0.479385267906
88.13 0.314948206961
88.2 0.284282039508
88.27 0.272942335048
88.34 0.179657332771
88.41 0.398939600955
88.48 0.277718845338
88.55 0.364242078486
88.62 0.335546772507
88.69 0.263478178184
88.76 0.212214464362
88.83 0.277717919354
88.9 0.139932127386
88.97 0.259908030549
89.04 0.296456451003
89.11 0.705788842743
89.18 0.456034729875
89.25 0.305008448329
89.32 0.180902742401
89.39 0.365599780017
89.46 0.33030958822
89.53 0.329510804203
89.6 0.294847822717
89.67 0.304175990819
89.74 0.370727842956
89.81 0.411843470613
89.88 0.2610320084
89.95 0.335526116325
90.02 0.245683905195
90.09 0.141042378071
90.16 0.156726638203
90.23 0.575875762597
90.3 0.422056916962
90.37 0.302850725492
90.44 0.137106512415
90.51 0.36831976442
90.58 0.379370806794
90.65 0.408071320689
90.72 0.305762263635
90.79 0.252832015809
90.86 0.162984788107
90.93 0.198186846862
91.0 0.209648184358
91.07 0.474857648992
91.14 0.329712713299
91.21 0.191614457296
91.28 0.160416573847
91.35 0.534826067172
91.42 0.486424497095
91.49 0.282730283881
91.56 0.193576726156
91.63 0.461767848912
91.7 0.543109335851
91.77 0.366705588161
91.84 0.28376763961
91.91 0.31588924748
91.98 0.181954007716
92.05 0.177517710242
92.12 0.311072661124
92.19 0.352899797332
92.26 0.17300801318
92.33 0.157322204453
92.4 0.30881759696
92.47 0.562584384555
92.54 0.45644915425
92.61 0.271395082439
92.68 0.214517224627
92.75 0.408664379644
92.82 0.373605187113
92.89 0.350984190524
92.96 0.281655837244
93.03 0.211777043069
93.1 0.124291917912
93.17 0.100593341807
93.24 0.287350403032
93.31 0.378492127423
93.38 0.198190027329
93.45 0.113810320912
93.52 0.32515100053
93.59 0.620774000624
93.66 0.358079071937
93.73 0.339290147533
93.8 0.328341897298
93.87 0.413661583416
93.94 0.286272165214
94.01 0.334708071051
94.08 0.300081410142
94.15 0.277695522244
94.22 0.231377881823
94.29 0.128251831388
94.36 0.374126753967
94.43 0.425444727073
94.5 0.221370607664
94.57 0.134565402516
94.64 0.202482288707
94.71 0.548971101211
94.78 0.337504254804
94.85 0.235430619729
94.92 0.256924694948
94.99 0.479630174775
95.06 0.288404448281
95.13 0.381929132657
95.2 0.313152300917
95.27 0.263561388839
95.34 0.19311525605
95.41 0.163104818021
95.48 0.332226038724
95.55 0.334557189218
95.62 0.150900770085
95.69 0.179274455298
95.76 0.372597041515
95.83 0.522001831134
95.9 0.257754278339
95.97 0.190624719345
96.04 0.284452056688
96.11 0.438861268589
96.18 0.298027949716
96.25 0.407205141108
96.32 0.268289600247
96.39 0.287179418228
96.46 0.207043070534
96.53 0.18635334614
96.6 0.334728243421
96.67 0.302514447611
96.74 0.204746875436
96.81 0.139902255979
96.88 0.437446120367
96.95 0.565719056058
97.02 0.33100239963
97.09 0.22237840924
97.16 0.280813663844
97.23 0.404051815095
97.3 0.247695204603
97.37 0.293697145003
97.44 0.320645768812
97.51 0.334664380277
97.58 0.164489925304
97.65 0.121026311894
97.72 0.291771565527
97.79 0.317795100724
97.86 0.175721668373
97.93 0.195457204071
98.0 0.441493761396
98.07 0.577264298201
98.14 0.295006464374
98.21 0.162287756233
98.28 0.290679693738
98.35 0.461369140486
98.42 0.30604540749
98.49 0.255209340577
98.56 0.202426433242
98.63 0.199044652932
98.7 0.162548814283
98.77 0.150965043676
98.84 0.340928455882
98.91 0.239461523649
98.98 0.201957194389
99.05 0.147229097341
99.12 0.513662036791
99.19 0.405741130879
99.26 0.305519318781
99.33 0.184424635768
99.4 0.357558306148
99.47 0.374105273918
99.54 0.381618294547
99.61 0.359560500379
99.68 0.221382365875
99.75 0.153337107983
99.82 0.183301654292
99.89 0.340161615334
99.96 0.454631234774
100.03 0.301406156958
100.1 0.239584745928
100.17 0.202292526458
100.24 0.573284756643
100.31 0.384997716275
100.38 0.290147832996
100.45 0.16096005301
100.52 0.45543039553
100.59 0.402529336024
100.66 0.408629055442
100.73 0.304198840016
100.8 0.26863774936
100.87 0.222588010743
100.94 0.207365061098
101.01 0.256084565851
101.08 0.372453138269
101.15 0.264700921038
101.22 0.159361465798
101.29 0.188739223867
101.36 0.57474254771
101.43 0.418457036719
101.5 0.291152069435
101.57 0.33337214402
101.64 0.457318113766
101.71 0.424403356104
101.78 0.407402731589
101.85 0.381756566542
101.92 0.419753949491
101.99 0.205093632598
102.06 0.14275318481
102.13 0.234275602582
102.2 0.314888426474
102.27 0.247369246387
102.34 0.29335822797
102.41 0.281420150557
102.48 0.544829391523
102.55 0.331850070439
102.62 0.203943553701
102.69 0.218403763301
102.76 0.418051320954
102.83 0.271847597071
102.9 0.344443279452
102.97 0.274273721387
103.04 0.247059896395
103.11 0.146055834148
103.18 0.166941763022
103.25 0.196696260698
103.32 0.562979688454
103.39 0.304223374623
103.46 0.183137709543
103.53 0.167085188405
103.6 0.521294185145
103.67 0.232719805937
103.74 0.23378950765
103.81 0.272572192332
103.88 0.420068734434
103.95 0.263353922849
104.02 0.465160596281
104.09 0.418172702171
104.16 0.275985160651
104.23 0.195367374714
104.3 0.196279593737
104.37 0.333843894133
104.44 0.375747782903
104.51 0.202410187876
104.58 0.174289337897
104.65 0.334071153772
104.72 0.649184156118
104.79 0.348899206991
104.86 0.266312199383
104.93 0.234761515092
105.0 0.280223317406
105.07 0.272056473848
105.14 0.341195259196
105.21 0.345120439355
105.28 0.317262810698
105.35 0.282419623235
105.42 0.324805650189
105.49 0.315920858824
105.56 0.399768721353
105.63 0.302724662802
105.7 0.300842438009
105.77 0.403903754836
105.84 0.688309248614
105.91 0.386912102648
105.98 0.388729586893
106.05 0.31057106439
106.12 0.422546500691
106.19 0.348613109703
106.26 0.406567905584
106.33 0.325505442169
106.4 0.53311344019
106.47 0.347776461472
106.54 0.28299550985
106.61 0.273633579027
106.68 0.538816107841
106.75 0.313404327155
106.82 0.168129739841
106.89 0.159666538816
106.96 0.71599113168
107.03 0.52949128478
107.1 0.490853499719
107.17 0.409027866976
107.24 0.488622131423
107.31 0.432512875907
107.38 0.594383281101
107.45 0.414460780854
107.52 0.437677028422
107.59 0.345089315788
107.66 0.271447825845
107.73 0.280721489784
107.8 0.418639199754
107.87 0.28275763213
107.94 0.146105794646
108.01 0.133097095484
108.08 0.541792055399
108.15 0.377477216393
108.22 0.247573036201
108.29 0.182985996902
108.36 0.380118344446
108.43 0.249182842292
108.5 0.377746846238
108.57 0.335768538702
108.64 0.374579850561
108.71 0.378003963403
108.78 0.312928110706
108.85 0.22634769062
108.92 0.498512143704
108.99 0.345240436553
109.06 0.257958777017
109.13 0.158414236852
109.2 0.653150037928
109.27 0.487632215017
109.34 0.258709676564
109.41 0.190117554811
109.48 0.543233053838
109.55 0.552167846349
109.62 0.476949960091
109.69 0.400753984045
109.76 0.365456145445
109.83 0.301592111173
109.9 0.26430720539
109.97 0.21390754555
110.04 0.441231732749
110.11 0.300669126349
110.18 0.19233488662
110.25 0.210431236564
110.32 0.587935234115
110.39 0.400747331634
110.46 0.278198130223
110.53 0.162964389693
110.6 0.451596745009
110.67 0.414213288369
110.74 0.436129778788
110.81 0.309479269931
110.88 0.395373856204
110.95 0.387943243181
111.02 0.361052060114
111.09 0.273945242987
111.16 0.434844342663
111.23 0.468175550166
111.3 0.272246183553
111.37 0.334647383417
111.44 0.608247653793
111.51 0.456084626922
111.58 0.348215796201
111.65 0.267599026467
111.72 0.480796562489
111.79 0.343475094916
111.86 0.42916067751
111.93 0.331218976746
112.0 0.398901579106
112.07 0.324506011131
112.14 0.199612770799
112.21 0.156368218006
112.28 0.421975837855
112.35 0.293679038747
112.42 0.165125473436
112.49 0.121744890242
112.56 0.565954201431
112.63 0.379731198921
112.7 0.246097520573
112.77 0.205255756113
112.84 0.38117982136
112.91 0.271028155881
112.98 0.392813601044
113.05 0.341109523401
113.12 0.380972118421
113.19 0.32316689471
113.26 0.329290317928
113.33 0.22228260461
113.4 0.434362004212
113.47 0.286704459888
113.54 0.298326716328
113.61 0.293672826526
113.68 0.612966003572
113.75 0.541462552865
113.82 0.356120828232
113.89 0.259281450779
113.96 0.561278608511
114.03 0.470231827208
114.1 0.327642058721
114.17 0.329541404301
114.24 0.341634272706
114.31 0.318637986953
114.38 0.229211005229
114.45 0.178250081189
114.52 0.303938365911
114.59 0.294259298504
114.66 0.197612617897
114.73 0.154788429061
114.8 0.660522893946
114.87 0.49289685661
114.94 0.380986001239
115.01 0.262874612187
115.08 0.296923429424
115.15 0.303997499003
115.22 0.390545581037
115.29 0.318799982575
115.36 0.441019272989
115.43 0.423218693593
115.5 0.363351060924
115.57 0.317774935294
115.64 0.495104890906
115.71 0.346641471948
115.78 0.192949907455
115.85 0.199207356426
115.92 0.871065912823
115.99 0.497694517799
116.06 0.307803668424
116.13 0.347728116985
116.2 0.42122484908
116.27 0.291894344642
116.34 0.641975053505
116.41 0.523918507682
116.48 0.386592331868
116.55 0.258727469532
116.62 0.235087619047
116.69 0.229498067166
116.76 0.360282294885
116.83 0.157806847949
116.9 0.118199718394
116.97 0.104575485836
117.04 0.599621657072
117.11 0.319654738054
117.18 0.218398035882
117.25 0.160464441463
117.32 0.356799820274
117.39 0.221307048885
117.46 0.452508434615
117.53 0.382895624843
117.6 0.295955239931
117.67 0.272495137388
117.74 0.252920183551
117.81 0.276944493812
117.88 0.388468031151
117.95 0.213077349463
118.02 0.219557826704
118.09 0.364578845135
118.16 0.729077848452
118.23 0.282997680062
118.3 0.251034734669
118.37 0.243952332227
118.44 0.294692604424
118.51 0.147884108979
118.58 0.48745315611
118.65 0.36212411347
118.72 0.298833381187
118.79 0.269121981418
118.86 0.202723853508
118.93 0.397648737811
119.0 0.320978719496
119.07 0.121253636966
119.14 0.147661904578
119.21 0.656079062691
119.28 0.528320983942
119.35 0.187860312503
119.42 0.241223878145
119.49 0.258763099091
119.56 0.238213770309
119.63 0.44783615402
119.7 0.448172939506
119.77 0.637878445379
119.84 0.39585600232
119.91 0.202786687561
119.98 0.204212463777
120.05 0.362939241994
120.12 0.262164255663
120.19 0.0988428773798
120.26 0.0583197257245
120.33 0.571607963452
120.4 0.496056688304
120.47 0.207437230337
120.54 0.217302076479
120.61 0.272972188609
120.68 0.142513277659
120.75 0.347244073296
120.82 0.319339439557
120.89 0.253618137443
120.96 0.249127238646
121.03 0.22878728235
121.1 0.22797207352
121.17 0.296407351056
121.24 0.244768541396
121.31 0.152177740497
121.38 0.294040270604
121.45 0.580773990194
121.52 0.46044267876
121.59 0.229130461487
121.66 0.368477625831
121.73 0.274783811594
121.8 0.258389492363
121.87 0.41464369241
121.94 0.372949622263
122.01 0.343495517123
122.08 0.332189402877
122.15 0.204734275512
122.22 0.174686768386
122.29 0.341612181943
122.36 0.268749234248
122.43 0.136795525593
122.5 0.13499845265
122.57 0.597863009485
122.64 0.36617355987
122.71 0.248170666583
122.78 0.24921686278
122.85 0.311538725458
122.92 0.260210703345
122.99 0.391591653307
123.06 0.363517646809
123.13 0.308491540593
123.2 0.280489838166
123.27 0.169300886358
123.34 0.156743219659
123.41 0.339238303342
123.48 0.270903364188
123.55 0.160805429567
123.62 0.24572702987
123.69 0.687244359241
123.76 0.341832017849
123.83 0.236452125667
123.9 0.179222545674
123.97 0.24722364286
124.04 0.202260214181
124.11 0.453415396151
124.18 0.311443063592
124.25 0.289122111551
124.32 0.257530818803
124.39 0.245539707498
124.46 0.228398506934
124.53 0.347338452268
124.6 0.23695033671
124.67 0.146965348584
124.74 0.254169303065
124.81 0.704957776192
124.88 0.485421481091
124.95 0.433066465544
125.02 0.384441873146
125.09 0.349115934803
125.16 0.181609475294
125.23 0.41732270153
125.3 0.323716796275
125.37 0.407940739119
125.44 0.341686568983
125.51 0.289528435054
125.58 0.262063454289
125.65 0.36923513615
125.72 0.219345117107
125.79 0.169514565561
125.86 0.349207008389
125.93 0.711838813826
126.0 0.483600235409
126.07 0.352802279533
126.14 0.351994021531
126.21 0.396650601564
126.28 0.238099021675
126.35 0.448624645142
126.42 0.32683966991
126.49 0.479922867963
126.56 0.354598099324
126.63 0.308480785697
126.7 0.339951125521
126.77 0.388327886369
126.84 0.1550628881
126.91 0.119000132302
126.98 0.345942721948
127.05 0.725691227051
127.12 0.436386440893
127.19 0.380051310749
127.26 0.340212029901
127.33 0.304323278764
127.4 0.239861555617
127.47 0.41244415456
127.54 0.330879310201
127.61 0.382612458185
127.68 0.337242594964
127.75 0.345415549619
127.82 0.344529894634
127.89 0.314649491904
127.96 0.147178667903
128.03 0.250787977815
128.1 0.535198927363
128.17 0.654493270713
128.24 0.438250449382
128.31 0.34435438401
128.38 0.370499081319
128.45 0.428933164068
128.52 0.371323462743
128.59 0.425441812306
128.66 0.466631898385
128.73 0.464500080293
128.8 0.341806314361
128.87 0.35790648302
128.94 0.415485761711
129.01 0.342496629382
129.08 0.157584007058
129.15 0.121738601682
129.22 0.535522930505
129.29 0.406727945139
129.36 0.282626816586
129.43 0.359295830595
129.5 0.424180712504
129.57 0.365823204854
129.64 0.315973427741
129.71 0.397825024715
129.78 0.426656160828
129.85 0.39870863738
129.92 0.236878971511
129.99 0.194940547707
130.06 0.429288355218
130.13 0.337117170747
130.2 0.204167832148
130.27 0.203512698565
130.34 0.560459420132
130.41 0.352453016067
130.48 0.298628157783
130.55 0.266568035638
130.62 0.279184682749
130.69 0.217100302216
130.76 0.435308520329
130.83 0.379073186262
130.9 0.478650116033
130.97 0.299422403091
131.04 0.20348488435
131.11 0.229040840327
131.18 0.411098884412
131.25 0.215856501657
131.32 0.151268942855
131.39 0.296758945344
131.46 0.728368568607
131.53 0.392058902385
131.6 0.325753584033
131.67 0.278727146588
131.74 0.451639467168
131.81 0.276621747788
131.88 0.465042529373
131.95 0.339407992363
132.02 0.440023487392
132.09 0.310421834258
132.16 0.362890208472
132.23 0.382362903551
132.3 0.379391974548
132.37 0.212560167648
132.44 0.24278571153
132.51 0.552467201862
132.58 0.621506380494
132.65 0.363164606043
132.72 0.303359046018
132.79 0.237703178445
132.86 0.235728223407
132.93 0.259834019257
133.0 0.491311190542
133.07 0.414222903135
133.14 0.390014126776
133.21 0.291709926133
133.28 0.258330911491
133.35 0.342824217488
133.42 0.270990619826
133.49 0.115930428382
133.56 0.131430907486
133.63 0.554711157195
133.7 0.486239538262
133.77 0.341344498251
133.84 0.257926406247
133.91 0.416978066993
133.98 0.283186387444
134.05 0.436559296501
134.12 0.38886260735
134.19 0.339670844879
134.26 0.32243283637
134.33 0.289553012292
134.4 0.37786272013
134.47 0.348389904961
134.54 0.227957313298
134.61 0.164910302149
134.68 0.148324355812
134.75 0.541276316096
134.82 0.450284393884
134.89 0.294343739508
134.96 0.167353323192
135.03 0.230738563331
135.1 0.132544366398
135.17 0.292785328496
135.24 0.24750197041
135.31 0.286510482132
135.38 0.294186337123
135.45 0.186038935954
135.52 0.174565060993
135.59 0.253250685434
135.66 0.183372839053
135.73 0.136464865084
135.8 0.112999886749
135.87 0.411636707538
135.94 0.307609970247
136.01 0.186515203956
136.08 0.148691534191
136.15 0.200049105499
136.22 0.122321821811
136.29 0.190021014549
136.36 0.185318736638
136.43 0.247100872668
136.5 0.16459283344
136.57 0.143763918007
136.64 0.173701338144
136.71 0.149452733574
136.78 0.0904858214684
136.85 0.082091529902
136.92 0.071548822925
136.99 0.271097332031
137.06 0.189376272013
137.13 0.0903297555138
137.2 0.0550927483034
137.27 0.0797104308078
137.34 0.0512885399056
137.41 0.151768304934
137.48 0.106950811907
137.55 0.12529741345
137.62 0.117578558704
137.69 0.0948769499652
137.76 0.088180201956
137.83 0.0904485392167
137.9 0.0439635247343
137.97 0.0342764417173
138.04 0.0853730878259
138.11 0.175269072445
138.18 0.0842620975432
138.25 0.0566817822164
138.32 0.0488149147987
138.39 0.0584005520204
138.46 0.0249974042957
138.53 0.0732010091356
138.6 0.0530408225924
138.67 0.0698265177264
138.74 0.0431006207961
138.81 0.037717137007
138.88 0.0426903821854
138.95 0.0419340546276
139.02 0.0168741880607
139.09 0.0130695771475
139.16 0.0200473017739
139.23 0.066498851953
139.3 0.0416724235384
139.37 0.0294404285369
139.44 0.0148682492464
139.51 0.017269402732
139.58 0.00937218604447
139.65 0.0378812790479
139.72 0.0239168772959
139.79 0.0438845851057
139.86 0.0263072421772
139.93 0.0176815993921
140.0 0.0172887760196
140.07 0.0179686781834
140.14 0.00656095852345
140.21 0.00876600369656
140.28 0.0110871220374
140.35 0.0399152809235
140.42 0.0224170481473
140.49 0.0154927559623
140.56 0.0101167484518
140.63 0.0132910825998
140.7 0.00482997148266
140.77 0.0170060029541
140.84 0.00943233831308
140.91 0.0118092189262
140.98 0.0079250705597
141.05 0.00491999714071
141.12 0.00261451246106
141.19 0.00616875181263
141.26 0.00177204560147
141.33 0.0003662633
141.4 0.00330191073191
141.47 0.0169049319147
141.54 0.00537470379657
141.61 0.0033751070794
141.68 0.00119538766407
141.75 0.00226785146612
141.82 0.0
141.89 0.00443541312974
