0.0 0.0
0.07 0.0
0.14 0.0
0.21 7.80843754845e-05
0.28 0.314600807823
0.35 0.201403110355
0.42 0.127885150217
0.49 0.110092899895
0.56 0.184497946595
0.63 0.202586745854
0.7 0.205206851738
0.77 0.188767761238
0.84 0.13428028257
0.91 0.135273980769
0.98 0.194593991908
1.05 0.14248535389
1.12 0.176423728399
1.19 0.356016463358
1.26 0.16916219423
1.33 0.138533614123
1.4 0.111862968422
1.47 0.15870695475
1.54 0.141461817028
1.61 0.271231528751
1.68 0.160828681209
1.75 0.147247812741
1.82 0.16586902743
1.89 0.132218067354
1.96 0.182015755551
2.03 0.354706691892
2.1 0.253372092909
2.17 0.163631874052
2.24 0.13437723126
2.31 0.190756311582
2.38 0.182620049934
2.45 0.176163767088
2.52 0.282842105099
2.59 0.128558196035
2.66 0.105915756794
2.73 0.309548887634
2.8 0.185392472331
2.87 0.0845307840058
2.94 0.348476041013
3.01 0.149475426116
3.08 0.129663419308
3.15 0.179382662926
3.22 0.121934407731
3.29 0.0815493680289
3.36 0.207407219053
3.43 0.142696888307
3.5 0.0813386402956
3.57 0.169717190328
3.64 0.172037024452
3.71 0.0967420246604
3.78 0.218755923071
3.85 0.23008138425
3.92 0.141140345022
3.99 0.125614211035
4.06 0.188378637819
4.13 0.191088024586
4.2 0.157000277743
4.27 0.262646606559
4.34 0.131581624261
4.41 0.198915831167
4.48 0.222856420453
4.55 0.168933290235
4.62 0.173152421859
4.69 0.346758821041
4.76 0.183319304338
4.83 0.143357068169
4.9 0.121444049846
4.97 0.0918914022039
5.04 0.193193846006
5.11 0.229254665224
5.18 0.226640449855
5.25 0.235679966246
5.32 0.217342361203
5.39 0.161662697054
5.46 0.150889003082
5.53 0.205707981221
5.6 0.409927730583
5.67 0.216910198846
5.74 0.165441124966
5.81 0.141380115519
5.88 0.165468767897
5.95 0.131786204807
6.02 0.293530299247
6.09 0.153609331843
6.16 0.161083032402
6.23 0.185139803526
6.3 0.134085669094
6.37 0.221553665409
6.44 0.380471058867
6.51 0.223543367542
6.58 0.132796826105
6.65 0.16392160069
6.72 0.127920389776
6.79 0.103485900961
6.86 0.203298546991
6.93 0.448297545463
7.0 0.424807473818
7.07 0.430277363911
7.14 0.350397297992
7.21 0.368032756216
7.28 0.353460693719
7.35 0.66913748793
7.42 0.561553240024
7.49 0.457683940076
7.56 0.480469224848
7.63 0.450329367691
7.7 0.550260505606
7.77 0.530285960698
7.84 0.430534475946
7.91 0.416687941147
7.98 0.509743068433
8.05 0.541707941344
8.12 0.451320611329
8.19 0.509872948792
8.26 0.602148716277
8.33 0.392079862237
8.4 0.424377427388
8.47 0.587758506988
8.54 0.53786005453
8.61 0.399344161561
8.68 0.595040300991
8.75 0.448763873239
8.82 0.389988211701
8.89 0.549528060705
8.96 0.476414969412
9.03 0.35876543154
9.1 0.519926654006
9.17 0.453033027868
9.24 0.414615993963
9.31 0.401409948616
9.38 0.417608334678
9.45 0.559926983322
9.52 0.502253262244
9.59 0.421613056727
9.66 0.421083852933
9.73 0.539458228292
9.8 0.565202542495
9.87 0.468683695239
9.94 0.457709577082
10.01 0.74041342655
10.08 0.454070254623
10.15 0.403560620776
10.22 0.507134294943
10.29 0.467887755287
10.36 0.409123907133
10.43 0.697695374017
10.5 0.468163656146
10.57 0.443566284126
10.64 0.578937243782
10.71 0.415709434049
10.78 0.369674134998
10.85 0.54617467951
10.92 0.509005190282
10.99 0.428828133259
11.06 0.420601600706
11.13 0.426408197045
11.2 0.539903237191
11.27 0.468706912195
11.34 0.471899187476
11.41 0.450193560149
11.48 0.400893940783
11.55 0.634045549531
11.62 0.521861827353
11.69 0.439593188816
11.76 0.681256531562
11.83 0.514626820993
11.9 0.379026752436
11.97 0.582351169378
12.04 0.503777577012
12.11 0.412096270568
12.18 0.570629443258
12.25 0.477135281707
12.32 0.431915533214
12.39 0.573619379021
12.46 0.48536972364
12.53 0.502711083176
12.6 0.522434723629
12.67 0.555983267253
12.74 0.417085614548
12.81 0.34830875556
12.88 0.674779087294
12.95 0.619976033605
13.02 0.486563602294
13.09 0.559938391208
13.16 0.430437926283
13.23 0.362451573996
13.3 0.697385743434
13.37 0.549775939018
13.44 0.44650559942
13.51 0.634070660251
13.58 0.493408199717
13.65 0.304895799106
13.72 0.637748602144
13.79 0.647517802594
13.86 0.459089137456
13.93 0.706110879731
14.0 0.480450841523
14.07 0.510255560507
14.14 0.675628138944
14.21 0.662529529173
14.28 0.51266728753
14.35 0.524097831099
14.42 0.611142948388
14.49 0.533960794487
14.56 0.353132930013
14.63 0.481993252748
14.7 0.468741996457
14.77 0.417494823092
14.84 0.514792413274
14.91 0.252046942691
14.98 0.144459867078
15.05 0.518224204537
15.12 0.347077646521
15.19 0.388465055192
15.26 0.638506332475
15.33 0.387028828537
15.4 0.224720797616
15.47 0.373807809936
15.54 0.329128269781
15.61 0.39554117294
15.68 0.56226631805
15.75 0.264126683149
15.82 0.123469727043
15.89 0.139659651556
15.96 0.35459172008
16.03 0.236795270905
16.1 0.164516767039
16.17 0.510855510877
16.24 0.287107511023
16.31 0.186312369774
16.38 0.253691149178
16.45 0.206147820012
16.52 0.350205240452
16.59 0.507112894104
16.66 0.275162087683
16.73 0.241653889019
16.8 0.52089111532
16.87 0.339920319038
16.94 0.185537183588
17.01 0.435828899434
17.08 0.384265896534
17.15 0.449296961625
17.22 0.326902343108
17.29 0.260317437338
17.36 0.281275672393
17.43 0.437752828821
17.5 0.346027163411
17.57 0.205626581678
17.64 0.20433298055
17.71 0.244400532055
17.78 0.132573344576
17.85 0.0527159305022
17.92 0.604901047078
17.99 0.24162646178
18.06 0.174181635702
18.13 0.26332722528
18.2 0.27541709242
18.27 0.345609161153
18.34 0.491064937261
18.41 0.347485923281
18.48 0.124735432883
18.55 0.439495342851
18.62 0.389519554464
18.69 0.281975088565
18.76 0.461735197411
18.83 0.423848717525
18.9 0.278601270669
18.97 0.328101309907
19.04 0.392875810817
19.11 0.323503582731
19.18 0.237973850612
19.25 0.51226393499
19.32 0.346784796681
19.39 0.325453036964
19.46 0.337393497259
19.53 0.230130242525
19.6 0.123270079345
19.67 0.425500928298
19.74 0.363279082451
19.81 0.140424499683
19.88 0.219354945971
19.95 0.226356281569
20.02 0.377997417806
20.09 0.494036297734
20.16 0.367654473416
20.23 0.354589485524
20.3 0.454873471983
20.37 0.480234070134
20.44 0.307945187874
20.51 0.305054573401
20.58 0.521080116521
20.65 0.534810482424
20.72 0.562038335054
20.79 0.428946241215
20.86 0.40540764346
20.93 0.561014511324
21.0 0.706103697228
21.07 0.501954739736
21.14 0.592309601818
21.21 0.555922608535
21.28 0.540207760216
21.35 0.426494820618
21.42 0.70332765554
21.49 0.748080254475
21.56 0.633913579128
21.63 0.45389277131
21.7 0.385935425119
21.77 0.559739302149
21.84 0.544278073831
21.91 0.474665570532
21.98 0.417181176347
22.05 0.523672618299
22.12 0.530845984548
22.19 0.518342400927
22.26 0.352035767104
22.33 0.706987772746
22.4 0.470431139961
22.47 0.358878656257
22.54 0.531177546569
22.61 0.48155028644
22.68 0.315147890226
22.75 0.618535486664
22.82 0.520124289309
22.89 0.462591226657
22.96 0.472822052824
23.03 0.445155489465
23.1 0.39476869583
23.17 0.482000650942
23.24 0.636461148204
23.31 0.468605399487
23.38 0.254172676683
23.45 0.412494122992
23.52 0.457937536352
23.59 0.459991969444
23.66 0.532552775872
23.73 0.442159227492
23.8 0.347854059987
23.87 0.720535720331
23.94 0.467449864183
24.01 0.474351882806
24.08 0.714804523017
24.15 0.577929978633
24.22 0.431740241318
24.29 0.502040073479
24.36 0.548992442266
24.43 0.569564045131
24.5 0.597322764531
24.57 0.557790415182
24.64 0.600237501861
24.71 0.561869250739
24.78 0.619091817888
24.85 0.549347059475
24.92 0.581050090251
24.99 0.821935621855
25.06 0.738514754553
25.13 0.502442785417
25.2 0.469771169318
25.27 0.538620582371
25.34 0.597439617167
25.41 0.539408675492
25.48 0.540081117376
25.55 0.524030255178
25.62 0.653216245106
25.69 0.597123750964
25.76 0.408824524019
25.83 0.68326611607
25.9 0.627848468765
25.97 0.417656944909
26.04 0.556698657484
26.11 0.465948196946
26.18 0.362565012247
26.25 0.577012363199
26.32 0.438132897541
26.39 0.406234556608
26.46 0.366524601001
26.53 0.659908465622
26.6 0.374462918908
26.67 0.346019156969
26.74 0.534490395153
26.81 0.515141331932
26.88 0.376392225466
26.95 0.431460169
27.02 0.386628118209
27.09 0.510968263231
27.16 0.502748406308
27.23 0.496160761308
27.3 0.434501078964
27.37 0.588478189466
27.44 0.58203221664
27.51 0.487594095183
27.58 0.600664157632
27.65 0.640754373924
27.72 0.391076561484
27.79 0.442234274941
27.86 0.527773568632
27.93 0.514397250514
28.0 0.564430309116
28.07 0.5814939905
28.14 0.44776788009
28.21 0.402192179262
28.28 0.561946230778
28.35 0.489453110273
28.42 0.336653227097
28.49 0.522548593261
28.56 0.478153324924
28.63 0.316519765537
28.7 0.292940466932
28.77 0.380043771122
28.84 0.400380385354
28.91 0.438657390649
28.98 0.198323703901
29.05 0.12954875809
29.12 0.420325704161
29.19 0.409378972262
29.26 0.269399073823
29.33 0.38322615051
29.4 0.536337025279
29.47 0.265413580607
29.54 0.289918688739
29.61 0.452714819263
29.68 0.354079402716
29.75 0.332975701487
29.82 0.483524124516
29.89 0.290010488892
29.96 0.15953146079
30.03 0.254096898042
30.1 0.294506558847
30.17 0.207416053748
30.24 0.463017822035
30.31 0.501941276318
30.38 0.317012903677
30.45 0.307394376177
30.52 0.361355004237
30.59 0.323722075332
30.66 0.466176607009
30.73 0.330344817535
30.8 0.18628901909
30.87 0.499282921988
30.94 0.495087479682
31.01 0.229649310327
31.08 0.200857488179
31.15 0.553176616886
31.22 0.437526715864
31.29 0.324005531839
31.36 0.363644561847
31.43 0.345334120901
31.5 0.394092427592
31.57 0.537380023919
31.64 0.435082305218
31.71 0.187345289184
31.78 0.492806532449
31.85 0.460703871956
31.92 0.410346951493
31.99 0.436956537292
32.06 0.362250431561
32.13 0.256205652857
32.2 0.22400368833
32.27 0.228488151964
32.34 0.386345211714
32.41 0.424320681301
32.48 0.303157922427
32.55 0.237333419397
32.62 0.258251753815
32.69 0.565532404872
32.76 0.365392722662
32.83 0.261643320904
32.9 0.522397176178
32.97 0.363235264869
33.04 0.28627259359
33.11 0.423192676768
33.18 0.330318557183
33.25 0.356172588971
33.32 0.475362545085
33.39 0.348280627325
33.46 0.289474628879
33.53 0.318768561904
33.6 0.341904848906
33.67 0.224939001192
33.74 0.333744399694
33.81 0.446707002841
33.88 0.429986405679
33.95 0.228630991025
34.02 0.195653680701
34.09 0.262377810554
34.16 0.239739186884
34.23 0.435232596395
34.3 0.243584936202
34.37 0.161487894777
34.44 0.588770010461
34.51 0.40302820966
34.58 0.300949928285
34.65 0.563873071991
34.72 0.567895051459
34.79 0.57147007434
34.86 0.371377645665
34.93 0.29586529859
35.0 0.450673651154
35.07 0.581715500615
35.14 0.550075686649
35.21 0.681425169396
35.28 0.650305258638
35.35 0.548388033568
35.42 0.474051973406
35.49 0.579149274288
35.56 0.616609536255
35.63 0.578170713268
35.7 0.422962278036
35.77 0.464308845658
35.84 0.354063090023
35.91 0.429556395916
35.98 0.531362175718
36.05 0.399376321056
36.12 0.235605050368
36.19 0.590221234096
36.26 0.508319017523
36.33 0.399066474783
36.4 0.547489860501
36.47 0.569904924993
36.54 0.47661625636
36.61 0.527047771321
36.68 0.464219439674
36.75 0.388582787846
36.82 0.499661672838
36.89 0.548869899708
36.96 0.454472791852
37.03 0.324897449873
37.1 0.478642369253
37.17 0.50151420642
37.24 0.452246399287
37.31 0.622842919936
37.38 0.579422205085
37.45 0.365453254122
37.52 0.410307805774
37.59 0.45777202819
37.66 0.509204139141
37.73 0.51412544778
37.8 0.443960707067
37.87 0.406250220072
37.94 0.67790535257
38.01 0.503714090589
38.08 0.309332950968
38.15 0.585031142394
38.22 0.727303624585
38.29 0.470432466459
38.36 0.565326213116
38.43 0.566804652613
38.5 0.570755270788
38.57 0.525077388611
38.64 0.630820450427
38.71 0.695395916201
38.78 0.652260942022
38.85 0.604643378561
38.92 0.621562340061
38.99 0.481567919161
39.06 0.658227947592
39.13 0.662612954052
39.2 0.504329542655
39.27 0.540657333133
39.34 0.496726651947
39.41 0.566248666494
39.48 0.438252640433
39.55 0.393311799528
39.62 0.31713814237
39.69 0.481696119289
39.76 0.577199360633
39.83 0.499260537599
39.9 0.51983514935
39.97 0.677499881947
40.04 0.478978508232
40.11 0.394177278187
40.18 0.471205651035
40.25 0.547241363155
40.32 0.520129075487
40.39 0.632459803872
40.46 0.467429930041
40.53 0.3619555456
40.6 0.508190392484
40.67 0.476981649479
40.74 0.483705902233
40.81 0.546144506527
40.88 0.488583766435
40.95 0.407622684219
41.02 0.355966019756
41.09 0.386685589017
41.16 0.486066353088
41.23 0.521011779212
41.3 0.530054636653
41.37 0.4227593087
41.44 0.529531133565
41.51 0.61323695211
41.58 0.417579848397
41.65 0.369114622335
41.72 0.726150162069
41.79 0.522357972222
41.86 0.511211478309
41.93 0.631309382597
42.0 0.573529248316
42.07 0.534013157737
42.14 0.682854073349
42.21 0.497339142579
42.28 0.508354817878
42.35 0.525936817144
42.42 0.538706888879
42.49 0.499579917405
42.56 0.556664015388
42.63 0.437161665693
42.7 0.490221758871
42.77 0.456331977338
42.84 0.317503203326
42.91 0.448479929271
42.98 0.518703087674
43.05 0.456207605721
43.12 0.350224350655
43.19 0.36113505788
43.26 0.524504651946
43.33 0.448591644153
43.4 0.405357342213
43.47 0.531159680902
43.54 0.422316212978
43.61 0.31128101831
43.68 0.578721824775
43.75 0.566780454265
43.82 0.626337731731
43.89 0.678761729078
43.96 0.528256929509
44.03 0.417709661892
44.1 0.498105334459
44.17 0.574187340292
44.24 0.476833290891
44.31 0.64812076185
44.38 0.586832371768
44.45 0.544119254241
44.52 0.486196026384
44.59 0.468179906289
44.66 0.465863851067
44.73 0.497916853073
44.8 0.593103013875
44.87 0.511348094691
44.94 0.487339448493
45.01 0.69256513435
45.08 0.499623040462
45.15 0.348970093682
45.22 0.514947691223
45.29 0.457382397898
45.36 0.367320670368
45.43 0.536592951014
45.5 0.47797452374
45.57 0.575766035019
45.64 0.582593390122
45.71 0.510453383461
45.78 0.378081647212
45.85 0.508047335576
45.92 0.53949837913
45.99 0.496795338676
46.06 0.410927862838
46.13 0.58472391245
46.2 0.418787800874
46.27 0.360392085112
46.34 0.344921293065
46.41 0.372389067175
46.48 0.417920374527
46.55 0.578705468943
46.62 0.34834162252
46.69 0.29361467748
46.76 0.521258359066
46.83 0.379804828878
46.9 0.394569908738
46.97 0.501736909306
47.04 0.352368198359
47.11 0.322513732455
47.18 0.501628354294
47.25 0.525447220647
47.32 0.463427444706
47.39 0.550003458278
47.46 0.475403306328
47.53 0.43514858268
47.6 0.301585980978
47.67 0.592235831258
47.74 0.466853917034
47.81 0.425939630399
47.88 0.630636200894
47.95 0.534238988139
48.02 0.465206576559
48.09 0.396165129693
48.16 0.353053484629
48.23 0.449144466088
48.3 0.614935997978
48.37 0.485444878935
48.44 0.446138627444
48.51 0.479507166329
48.58 0.518249789778
48.65 0.472613402193
48.72 0.456703884319
48.79 0.530453077913
48.86 0.410192732587
48.93 0.477950372843
49.0 0.502368048562
49.07 0.526491222249
49.14 0.507794246174
49.21 0.538069848322
49.28 0.406351670229
49.35 0.469411177096
49.42 0.625016722776
49.49 0.607992724181
49.56 0.481736824453
49.63 0.58598243363
49.7 0.566062861831
49.77 0.485824263915
49.84 0.526810515779
49.91 0.439808862338
49.98 0.503114282575
50.05 0.537107658232
50.12 0.375572203639
50.19 0.335059250677
50.26 0.515733804303
50.33 0.487674500391
50.4 0.441939285449
50.47 0.504798756374
50.54 0.496948075786
50.61 0.297228199008
50.68 0.306676225104
50.75 0.59460896473
50.82 0.596234682204
50.89 0.555319815361
50.96 0.800939960136
51.03 0.637404756533
51.1 0.393210226427
51.17 0.547705014209
51.24 0.580045885754
51.31 0.2926696952
51.38 0.568768424401
51.45 0.589775310667
51.52 0.492629545224
51.59 0.427413339797
51.66 0.431647561148
51.73 0.481429849024
51.8 0.60544829772
51.87 0.53748394805
51.94 0.473227048927
52.01 0.587834958585
52.08 0.648029337
52.15 0.569750695302
52.22 0.482045480113
52.29 0.578483128418
52.36 0.402616494789
52.43 0.319340847774
52.5 0.520100151354
52.57 0.394571202883
52.64 0.530874406122
52.71 0.612380623054
52.78 0.628066536455
52.85 0.445311645275
52.92 0.654535476768
52.99 0.605692947142
53.06 0.526413191796
53.13 0.557360828173
53.2 0.539862450065
53.27 0.621880619843
53.34 0.609289815185
53.41 0.427829314561
53.48 0.653419104439
53.55 0.667177057193
53.62 0.474745781618
53.69 0.565975798248
53.76 0.447404249164
53.83 0.566783683156
53.9 0.549062477062
53.97 0.793165836833
54.04 0.730029296006
54.11 0.513260642076
54.18 0.492463116063
54.25 0.531484204933
54.32 0.490507378757
54.39 0.534158807249
54.46 0.593392436388
54.53 0.541368741712
54.6 0.408602470363
54.67 0.605217672513
54.74 0.601158913453
54.81 0.572626709667
54.88 0.591038728028
54.95 0.567299568045
55.02 0.509704356253
55.09 0.518879559398
55.16 0.724543824411
55.23 0.610778933533
55.3 0.425122004895
55.37 0.517474745948
55.44 0.370918248034
55.51 0.321128238428
55.58 0.576423428157
55.65 0.456155044036
55.72 0.502517114616
55.79 0.433210189069
55.86 0.415906232472
55.93 0.304003857345
56.0 0.549982480193
56.07 0.447262773269
56.14 0.667963931662
56.21 0.836378875976
56.28 0.491521520128
56.35 0.525647961897
56.42 0.639776794296
56.49 0.56693239979
56.56 0.471437044101
56.63 0.531260762228
56.7 0.548170958055
56.77 0.419152102598
56.84 0.469085902461
56.91 0.471241835319
56.98 0.416820670781
57.05 0.461755213515
57.12 0.604026099594
57.19 0.393766587848
57.26 0.361715973539
57.33 0.544530315569
57.4 0.500342798432
57.47 0.454612943406
57.54 0.54940060471
57.61 0.514318702403
57.68 0.373218575084
57.75 0.593729310873
57.82 0.592931776966
57.89 0.582190169154
57.96 0.577191153599
58.03 0.513642516128
58.1 0.562969487242
58.17 0.610384732753
58.24 0.611498941703
58.31 0.48825436995
58.38 0.47939541478
58.45 0.706385262127
58.52 0.547762707178
58.59 0.365767211461
58.66 0.393492406044
58.73 0.395958780483
58.8 0.40584356315
58.87 0.595160572326
58.94 0.459279784378
59.01 0.307726712528
59.08 0.617237496229
59.15 0.516737411337
59.22 0.488035236747
59.29 0.518231464689
59.36 0.555561999437
59.43 0.506924145261
59.5 0.607087677048
59.57 0.48060440473
59.64 0.516285135815
59.71 0.430849565662
59.78 0.557711774324
59.85 0.398380586736
59.92 0.424552572614
59.99 0.601630814679
60.06 0.552557866908
60.13 0.487574833996
60.2 0.589719181456
60.27 0.554893509009
60.34 0.399579786481
60.41 0.412382009083
60.48 0.382908621331
60.55 0.471048718738
60.62 0.585094641759
60.69 0.423666189204
60.76 0.333330381246
60.83 0.514559311937
60.9 0.491114114759
60.97 0.44415926337
61.04 0.481087476581
61.11 0.489482683636
61.18 0.384141621978
61.25 0.326298430498
61.32 0.552227342359
61.39 0.459384172244
61.46 0.486071954577
61.53 0.553764611516
61.6 0.374419342901
61.67 0.289248285134
61.74 0.49347987592
61.81 0.565955495275
61.88 0.368470852227
61.95 0.609195823615
62.02 0.580085777764
62.09 0.491321214573
62.16 0.36778749639
62.23 0.298845925138
62.3 0.388440477228
62.37 0.521389371802
62.44 0.492752683089
62.51 0.447152201548
62.58 0.403387104016
62.65 0.530686660241
62.72 0.351122517252
62.79 0.480042081616
62.86 0.588838623855
62.93 0.526213692925
63.0 0.400790089987
63.07 0.539373123182
63.14 0.511534585252
63.21 0.52902980349
63.28 0.581648990207
63.35 0.508228468377
63.42 0.522447149574
63.49 0.585919807812
63.56 0.607720317512
63.63 0.555447540969
63.7 0.554348689202
63.77 0.506281526941
63.84 0.564450029724
63.91 0.554718566533
63.98 0.398623061995
64.05 0.452236766537
64.12 0.573754237523
64.19 0.496701715936
64.26 0.333075484355
64.33 0.387682783564
64.4 0.615008230663
64.47 0.547463270141
64.54 0.426305920792
64.61 0.592385572424
64.68 0.418801607241
64.75 0.409362241129
64.82 0.56581339819
64.89 0.548679552596
64.96 0.575657930801
65.03 0.584337782819
65.1 0.507816951942
65.17 0.501310671974
65.24 0.442838687954
65.31 0.587051278496
65.38 0.44192999349
65.45 0.517965578353
65.52 0.568893065631
65.59 0.518212708219
65.66 0.454267861887
65.73 0.413762902426
65.8 0.409698632466
65.87 0.419787424099
65.94 0.592769575344
66.01 0.439519582181
66.08 0.51290247244
66.15 0.681359342728
66.22 0.57352612727
66.29 0.547130562802
66.36 0.60125857122
66.43 0.425236482776
66.5 0.257389756405
66.57 0.494912455244
66.64 0.381260042792
66.71 0.456434702228
66.78 0.603240098672
66.85 0.711224616897
66.92 0.528209210081
66.99 0.606199673801
67.06 0.621856932682
67.13 0.595056152107
67.2 0.472044606199
67.27 0.643435580691
67.34 0.770346708022
67.41 0.662107049175
67.48 0.730067663081
67.55 0.685496526955
67.62 0.614400362285
67.69 0.756279187236
67.76 0.721893213381
67.83 0.691897433349
67.9 0.665445836732
67.97 0.768799161199
68.04 0.836795724288
68.11 0.795631113406
68.18 0.708195160113
68.25 0.605515435789
68.32 0.723962831104
68.39 0.663591165653
68.46 0.79222216811
68.53 0.868612452144
68.6 0.639336468044
68.67 0.624177989773
68.74 0.583770785686
68.81 0.701076575008
68.88 0.593572303085
68.95 0.610884106513
69.02 0.775002811907
69.09 0.755213830089
69.16 0.587309320158
69.23 0.71905217759
69.3 0.637732121212
69.37 0.645496827455
69.44 0.67426766289
69.51 0.526904503035
69.58 0.486698478051
69.65 0.606583514953
69.72 0.653933082622
69.79 0.603015506336
69.86 0.618751362937
69.93 0.554776177539
70.0 0.581523326603
70.07 0.577651064574
70.14 0.547973350792
70.21 0.593719594004
70.28 0.75200761687
70.35 0.608708056175
70.42 0.731901560981
70.49 0.706835400153
70.56 0.588438316869
70.63 0.545719951584
70.7 0.289414073693
70.77 0.578049723683
70.84 0.497688460265
70.91 0.421070029311
70.98 0.353935899328
71.05 0.268954291399
71.12 0.236786446996
71.19 0.511522161463
71.26 0.463171872703
71.33 0.231889276312
71.4 0.459166292204
71.47 0.452857835191
71.54 0.382864536293
71.61 0.41100784745
71.68 0.642770789359
71.75 0.330784291809
71.82 0.346329272856
71.89 0.482007911093
71.96 0.378183008936
72.03 0.392248454777
72.1 0.598923936395
72.17 0.39691802208
72.24 0.283106863373
72.31 0.49573547733
72.38 0.389119253949
72.45 0.181937595684
72.52 0.528323273835
72.59 0.496907907693
72.66 0.409849719543
72.73 0.389468839092
72.8 0.336883019738
72.87 0.42377227887
72.94 0.516413655165
73.01 0.451422661107
73.08 0.373299008332
73.15 0.395293905032
73.22 0.645150098059
73.29 0.530462425951
73.36 0.38900723063
73.43 0.494144216458
73.5 0.405568177792
73.57 0.356317781218
73.64 0.567750883743
73.71 0.507654126974
73.78 0.557209471483
73.85 0.550201701829
73.92 0.435681308705
73.99 0.40255254463
74.06 0.610404241984
74.13 0.50811241164
74.2 0.318055138772
74.27 0.479509482848
74.34 0.630463872589
74.41 0.542947324281
74.48 0.428214585742
74.55 0.281054649739
74.62 0.457577237848
74.69 0.563279486655
74.76 0.543790567378
74.83 0.299003017046
74.9 0.214091726468
74.97 0.620578048136
75.04 0.567711075853
75.11 0.423149918228
75.18 0.567475500542
75.25 0.446906568576
75.32 0.256265586854
75.39 0.406604298053
75.46 0.38076074021
75.53 0.25514801097
75.6 0.462580366627
75.67 0.431572753115
75.74 0.357648297822
75.81 0.430665184558
75.88 0.54273298157
75.95 0.467424319924
76.02 0.480069830235
76.09 0.461895606643
76.16 0.35268380142
76.23 0.365343323003
76.3 0.380916967197
76.37 0.440730638448
76.44 0.286446446828
76.51 0.603380021594
76.58 0.486039497429
76.65 0.352731807716
76.72 0.662054826124
76.79 0.363363201854
76.86 0.353725926512
76.93 0.449176524208
77.0 0.480733549583
77.07 0.310153837716
77.14 0.516718419764
77.21 0.525144097455
77.28 0.591461292145
77.35 0.593303996699
77.42 0.532144753627
77.49 0.485750102955
77.56 0.556322704144
77.63 0.602152109092
77.7 0.561596816031
77.77 0.196516650876
77.84 0.618251169551
77.91 0.529558798064
77.98 0.465932956236
78.05 0.36203352213
78.12 0.295351993362
78.19 0.316712416226
78.26 0.595690455547
78.33 0.42249756147
78.4 0.321323309168
78.47 0.475961583083
78.54 0.504281790874
78.61 0.573879974462
78.68 0.663273998835
78.75 0.689800401328
78.82 0.609115901554
78.89 0.496784776298
78.96 0.44528667691
79.03 0.469879627269
79.1 0.478192425348
79.17 0.508397554849
79.24 0.396790676088
79.31 0.306004205974
79.38 0.560656151881
79.45 0.592066235756
79.52 0.396569890694
79.59 0.699973491388
79.66 0.604482080683
79.73 0.512711424334
79.8 0.293611450746
79.87 0.292887376804
79.94 0.361050968673
80.01 0.550347903509
80.08 0.498780224433
80.15 0.388055706449
80.22 0.555140388673
80.29 0.658757336881
80.36 0.502290792439
80.43 0.473761634207
80.5 0.647832040331
80.57 0.644065872283
80.64 0.593508102725
80.71 0.575981755994
80.78 0.497871719778
80.85 0.581555997285
80.92 0.571416533418
80.99 0.453592445627
81.06 0.464450552342
81.13 0.631018003767
81.2 0.462471095521
81.27 0.257156627027
81.34 0.595892682907
81.41 0.6306322063
81.48 0.50557705282
81.55 0.423019774727
81.62 0.373539658847
81.69 0.438973701175
81.76 0.531496952258
81.83 0.576861407694
81.9 0.527412575604
81.97 0.530871828617
82.04 0.442561497264
82.11 0.426206901469
82.18 0.509936806204
82.25 0.598481293623
82.32 0.483436497981
82.39 0.402881826799
82.46 0.521733924879
82.53 0.514445545836
82.6 0.499098616375
82.67 0.630631712368
82.74 0.504427030573
82.81 0.368654245468
82.88 0.450961570303
82.95 0.34290762553
83.02 0.196540096464
83.09 0.507840214192
83.16 0.585091236002
83.23 0.517870156753
83.3 0.401527817155
83.37 0.494785266706
83.44 0.553007821597
83.51 0.494310082666
83.58 0.609137574163
83.65 0.474620297038
83.72 0.541294710167
83.79 0.633142952646
83.86 0.506431522622
83.93 0.46553163766
84.0 0.658861815337
84.07 0.551036614948
84.14 0.525940186234
84.21 0.617216263629
84.28 0.555946032554
84.35 0.517472047656
84.42 0.557193959003
84.49 0.558225582111
84.56 0.54710176377
84.63 0.618505738592
84.7 0.578124462694
84.77 0.59413245635
84.84 0.719233163722
84.91 0.668005298996
84.98 0.74778011213
85.05 0.504019387944
85.12 0.459118922195
85.19 0.536743455726
85.26 0.435025940903
85.33 0.530782560675
85.4 0.405648813789
85.47 0.473634253704
85.54 0.491547379295
85.61 0.403900892391
85.68 0.286143938355
85.75 0.572079031957
85.82 0.452344823303
85.89 0.319843862395
85.96 0.371992877727
86.03 0.448491656379
86.1 0.340503074539
86.17 0.491782383026
86.24 0.469664876903
86.31 0.394332808494
86.38 0.395528585226
86.45 0.391165307455
86.52 0.32123486085
86.59 0.419010307481
86.66 0.444368028317
86.73 0.442705380268
86.8 0.307706728778
86.87 0.301611958775
86.94 0.379372701032
87.01 0.444450038265
87.08 0.463778166538
87.15 0.381930785032
87.22 0.276737115668
87.29 0.454497604919
87.36 0.409122030623
87.43 0.359614461621
87.5 0.501911620993
87.57 0.487831799362
87.64 0.321507800275
87.71 0.414426630402
87.78 0.418059078796
87.85 0.338984374202
87.92 0.426476672396
87.99 0.488914718051
88.06 0.405997232045
88.13 0.347400542087
88.2 0.466346329769
88.27 0.313613002296
88.34 0.338029957607
88.41 0.744311815202
88.48 0.74097950484
88.55 0.531034998691
88.62 0.526305872693
88.69 0.500779119307
88.76 0.554243725441
88.83 0.527533437932
88.9 0.499440389198
88.97 0.463524261825
89.04 0.539551027092
89.11 0.499636219169
89.18 0.371816071682
89.25 0.528719148376
89.32 0.570825493234
89.39 0.376177472943
89.46 0.414422605612
89.53 0.524633421498
89.6 0.427877987342
89.67 0.428592208529
89.74 0.505319207437
89.81 0.410150422684
89.88 0.354539236043
89.95 0.527796265773
90.02 0.374587460921
90.09 0.368184345852
90.16 0.547862041409
90.23 0.426047592261
90.3 0.346346847341
90.37 0.457556908993
90.44 0.489749115669
90.51 0.544073842704
90.58 0.449990014919
90.65 0.389777570244
90.72 0.395221665876
90.79 0.523577166502
90.86 0.632842818928
90.93 0.509053942868
91.0 0.468502126742
91.07 0.568115813127
91.14 0.355733351956
91.21 0.433199769048
91.28 0.631234531426
91.35 0.549400637064
91.42 0.553813301552
91.49 0.703766264894
91.56 0.567152719292
91.63 0.532279538794
91.7 0.819055295832
91.77 0.736182651938
91.84 0.678312369696
91.91 0.692622954577
91.98 0.784031457482
92.05 0.796207208376
92.12 0.546774787335
92.19 0.451308985596
92.26 0.53522083413
92.33 0.593306556948
92.4 0.641576802861
92.47 0.454817127081
92.54 0.556434287455
92.61 0.545744671904
92.68 0.511502471052
92.75 0.403840913099
92.82 0.470460726265
92.89 0.457699983156
92.96 0.306675226456
93.03 0.440750139051
93.1 0.258441464638
93.17 0.265149478034
93.24 0.491636737828
93.31 0.281131696641
93.38 0.218354716655
93.45 0.365842013023
93.52 0.328299318355
93.59 0.258383230285
93.66 0.49253179632
93.73 0.371854505622
93.8 0.327205574145
93.87 0.316288307763
93.94 0.291126410427
94.01 0.269138185043
94.08 0.475298564729
94.15 0.41321395214
94.22 0.236744337685
94.29 0.263562779021
94.36 0.668515804557
94.43 0.323993284916
94.5 0.274035957503
94.57 0.542405789444
94.64 0.55091144959
94.71 0.475339082242
94.78 0.529875231534
94.85 0.450688932846
94.92 0.512640257161
94.99 0.437503693031
95.06 0.3681766953
95.13 0.208255865204
95.2 0.513869841266
95.27 0.47930574781
95.34 0.482620365058
95.41 0.365535906828
95.48 0.408489651145
95.55 0.351231246973
95.62 0.340590045375
95.69 0.286650401871
95.76 0.372624353461
95.83 0.417198306509
95.9 0.474676402523
95.97 0.236532427966
96.04 0.258777230473
96.11 0.425623438503
96.18 0.388509351607
96.25 0.315192792732
96.32 0.485826056306
96.39 0.372915072276
96.46 0.249279692558
96.53 0.417937416255
96.6 0.365488944475
96.67 0.392742785686
96.74 0.532300991399
96.81 0.370110859215
96.88 0.273320726883
96.95 0.340195301054
97.02 0.404734742155
97.09 0.363496921509
97.16 0.293036447171
97.23 0.514164591342
97.3 0.507830930861
97.37 0.369845540145
97.44 0.318267076531
97.51 0.338817371303
97.58 0.429172742415
97.65 0.523713577978
97.72 0.28779861663
97.79 0.206337276321
97.86 0.431646381319
97.93 0.37208939935
98.0 0.353051625374
98.07 0.444626686855
98.14 0.557521752906
98.21 0.309726073294
98.28 0.466717240259
98.35 0.519216269957
98.42 0.620161678658
98.49 0.472141091155
98.56 0.434288067065
98.63 0.403785719986
98.7 0.346194696909
98.77 0.473834721027
98.84 0.429096804163
98.91 0.377592488567
98.98 0.622069075347
99.05 0.533762732116
99.12 0.381889383187
99.19 0.393511956256
99.26 0.338798686011
99.33 0.488457576545
99.4 0.489575527731
99.47 0.445354298126
99.54 0.377433587014
99.61 0.598087731288
99.68 0.606022602457
99.75 0.429460484698
99.82 0.547207365975
99.89 0.648149058323
99.96 0.387075646377
100.03 0.520231377623
100.1 0.523954743994
100.17 0.439179375273
100.24 0.477689324452
100.31 0.600752280256
100.38 0.492727563741
100.45 0.439834988962
100.52 0.627683368259
100.59 0.500042783344
100.66 0.436539958594
100.73 0.648040798808
100.8 0.610527558872
100.87 0.491205649611
100.94 0.416040873126
101.01 0.478200958076
101.08 0.633705689886
101.15 0.583413222142
101.22 0.514381317436
101.29 0.394327724662
101.36 0.652327331643
101.43 0.559169026516
101.5 0.459401231227
101.57 0.576828674462
101.64 0.737814607189
101.71 0.542350706333
101.78 0.540924830679
101.85 0.576367881311
101.92 0.685556512717
101.99 0.638509783528
102.06 0.633613663258
102.13 0.585710881097
102.2 0.532883876315
102.27 0.676505079411
102.34 0.588257975652
102.41 0.503029250799
102.48 0.638381717128
102.55 0.561415331654
102.62 0.449682140059
102.69 0.394094304102
102.76 0.325814659809
102.83 0.514833213342
102.9 0.529468003031
102.97 0.439716799044
103.04 0.413173717182
103.11 0.504727392923
103.18 0.537195371044
103.25 0.503588782874
103.32 0.501984250548
103.39 0.726037668544
103.46 0.466445236932
103.53 0.401009443195
103.6 0.56865209805
103.67 0.44556953164
103.74 0.462791577507
103.81 0.58320930808
103.88 0.498416354091
103.95 0.456341983233
104.02 0.614324081084
104.09 0.522716243232
104.16 0.466705021376
104.23 0.585075251158
104.3 0.525743452518
104.37 0.48398118406
104.44 0.361686611553
104.51 0.393973650995
104.58 0.487791862057
104.65 0.460206847068
104.72 0.524629385923
104.79 0.48048170256
104.86 0.414486357335
104.93 0.628202128306
105.0 0.516032477794
105.07 0.457373336728
105.14 0.698315204606
105.21 0.504079876265
105.28 0.440709438201
105.35 0.549225168302
105.42 0.576170722685
105.49 0.687413901499
105.56 0.700328710373
105.63 0.495690676199
105.7 0.538526897081
105.77 0.600027319825
105.84 0.576165565518
105.91 0.482274990199
105.98 0.53150773464
106.05 0.561545119266
106.12 0.401735790517
106.19 0.312996560209
106.26 0.428330819346
106.33 0.381079026463
106.4 0.364011113226
106.47 0.50295739773
106.54 0.148096875175
106.61 0.0575966763328
106.68 0.477873341039
106.75 0.474727076914
106.82 0.298951518716
106.89 0.506138866904
106.96 0.404666816815
107.03 0.274695563629
107.1 0.437806212288
107.17 0.424300926183
107.24 0.387318697531
107.31 0.406777681085
107.38 0.417444439884
107.45 0.283974910909
107.52 0.350843689469
107.59 0.281215371722
107.66 0.304581401757
107.73 0.346893836997
107.8 0.508733184798
107.87 0.487201680323
107.94 0.441218246276
108.01 0.316989473188
108.08 0.34081078116
108.15 0.246549948895
108.22 0.529610982291
108.29 0.277185873273
108.36 0.266988470549
108.43 0.584272076937
108.5 0.520734262829
108.57 0.350725738967
108.64 0.432871006693
108.71 0.378732373348
108.78 0.271418073235
108.85 0.458887585208
108.92 0.348047618735
108.99 0.522560262132
109.06 0.420012874885
109.13 0.441833454612
109.2 0.383201880984
109.27 0.338065343836
109.34 0.591496687002
109.41 0.496470870724
109.48 0.248367928815
109.55 0.519220749855
109.62 0.36940036085
109.69 0.443757783026
109.76 0.364605720935
109.83 0.229282523845
109.9 0.320730176783
109.97 0.498716043485
110.04 0.287840969671
110.11 0.235580772214
110.18 0.478652193968
110.25 0.525449606187
110.32 0.496257205283
110.39 0.478238621999
110.46 0.517792790628
110.53 0.424562470663
110.6 0.532238844415
110.67 0.43335275636
110.74 0.434879366078
110.81 0.529743727024
110.88 0.484072265961
110.95 0.415838386938
111.02 0.3565630583
111.09 0.437225348395
111.16 0.380004357946
111.23 0.246477265417
111.3 0.56085065104
111.37 0.532450674328
111.44 0.447007593823
111.51 0.285204988946
111.58 0.389167769276
111.65 0.495292935933
111.72 0.483380647011
111.79 0.397648926949
111.86 0.37414306674
111.93 0.420436498043
112.0 0.461813991409
112.07 0.448864175921
112.14 0.408069347467
112.21 0.487769544532
112.28 0.359130673676
112.35 0.338348153271
112.42 0.485099460938
112.49 0.504118079416
112.56 0.425226880223
112.63 0.547771938743
112.7 0.454214077234
112.77 0.431458266607
112.84 0.556979909631
112.91 0.531878410027
112.98 0.407145282878
113.05 0.627934827038
113.12 0.616231221101
113.19 0.491790782025
113.26 0.349246868088
113.33 0.406017914633
113.4 0.558093930931
113.47 0.493428146801
113.54 0.398975134052
113.61 0.333930672407
113.68 0.322679376502
113.75 0.660479196362
113.82 0.445233000103
113.89 0.315249353325
113.96 0.716526488187
114.03 0.467230994123
114.1 0.423026269176
114.17 0.429572687041
114.24 0.520018628867
114.31 0.493353013075
114.38 0.646553707954
114.45 0.52134367124
114.52 0.429719997371
114.59 0.452119348791
114.66 0.552170501369
114.73 0.503094464906
114.8 0.604457921159
114.87 0.553952756425
114.94 0.462021619666
115.01 0.254025884011
115.08 0.43710760927
115.15 0.498234535392
115.22 0.428195339654
115.29 0.498815448894
115.36 0.419578816606
115.43 0.283924620447
115.5 0.556529169828
115.57 0.37706111708
115.64 0.373678837635
115.71 0.72578954003
115.78 0.555737612712
115.85 0.450559432102
115.92 0.469408273898
115.99 0.568176829891
116.06 0.595730957961
116.13 0.607001920552
116.2 0.566264444275
116.27 0.608596876207
116.34 0.555519879342
116.41 0.476842190293
116.48 0.480206092884
116.55 0.60743469547
116.62 0.546035796218
116.69 0.508226149702
116.76 0.387298698682
116.83 0.414032584919
116.9 0.503671821667
116.97 0.405699175429
117.04 0.561571830412
117.11 0.4169555034
117.18 0.384418821295
117.25 0.534827528466
117.32 0.45020641532
117.39 0.396332635152
117.46 0.659208661206
117.53 0.635854979468
117.6 0.471414359902
117.67 0.497420788009
117.74 0.624532745023
117.81 0.491000900826
117.88 0.53761247387
117.95 0.616402686642
118.02 0.487584591847
118.09 0.389891901455
118.16 0.508941867783
118.23 0.493952915993
118.3 0.556925853208
118.37 0.631975161792
118.44 0.567266461667
118.51 0.547717390545
118.58 0.512421067879
118.65 0.505613886334
118.72 0.565875993811
118.79 0.604987288879
118.86 0.551730254922
118.93 0.507399079099
119.0 0.524660551084
119.07 0.516798689087
119.14 0.441730322066
119.21 0.589250269705
119.28 0.645054070367
119.35 0.392510512601
119.42 0.46521102626
119.49 0.521329882128
119.56 0.482813936747
119.63 0.59413905433
119.7 0.527477297936
119.77 0.401107910349
119.84 0.429291566465
119.91 0.500430903801
119.98 0.473567275247
120.05 0.445567139629
120.12 0.61119228334
120.19 0.470507488026
120.26 0.43329201568
120.33 0.414532269274
120.4 0.351868824599
120.47 0.488691937517
120.54 0.584007849263
120.61 0.411605019722
120.68 0.359651359842
120.75 0.501038793749
120.82 0.439685403094
120.89 0.394337607613
120.96 0.495360721074
121.03 0.568754074493
121.1 0.363893790384
121.17 0.435806008171
121.24 0.581038192748
121.31 0.590909984359
121.38 0.569783350886
121.45 0.714165403202
121.52 0.440137721754
121.59 0.37265434742
121.66 0.58743191664
121.73 0.530042001487
121.8 0.479296080549
121.87 0.697162296416
121.94 0.594223451975
122.01 0.521244949571
122.08 0.467926456683
122.15 0.454633979727
122.22 0.470732410369
122.29 0.579182331057
122.36 0.440765315054
122.43 0.521011309006
122.5 0.612241075434
122.57 0.589246734533
122.64 0.456484121299
122.71 0.449094585438
122.78 0.536460635507
122.85 0.391403574587
122.92 0.384443912604
122.99 0.545358412859
123.06 0.547157735527
123.13 0.479212636258
123.2 0.563022941887
123.27 0.39424153247
123.34 0.364874967733
123.41 0.57671594152
123.48 0.562247565893
123.55 0.459891166359
123.62 0.530688040662
123.69 0.508847507381
123.76 0.384875585342
123.83 0.390803770887
123.9 0.412887061981
123.97 0.515202719685
124.04 0.604893405154
124.11 0.477809231269
124.18 0.421265764378
124.25 0.519516136219
124.32 0.537095762886
124.39 0.518750250619
124.46 0.463791144652
124.53 0.523096723922
124.6 0.372308444119
124.67 0.371675546983
124.74 0.58610075512
124.81 0.488595784725
124.88 0.491510200676
124.95 0.578655560254
125.02 0.462449144671
125.09 0.370603984413
125.16 0.443828615878
125.23 0.597585292562
125.3 0.437153434933
125.37 0.604233208036
125.44 0.653338386479
125.51 0.510883009294
125.58 0.429590492314
125.65 0.326744517852
125.72 0.452918936074
125.79 0.528328010405
125.86 0.522567839349
125.93 0.47028928445
126.0 0.380030555748
126.07 0.561560200365
126.14 0.520210964648
126.21 0.533841355719
126.28 0.537447161987
126.35 0.558770347996
126.42 0.429347035662
126.49 0.545386308147
126.56 0.481466093702
126.63 0.549374176119
126.7 0.535321188578
126.77 0.479248464653
126.84 0.483967325927
126.91 0.554001556463
126.98 0.571877341667
127.05 0.744241336084
127.12 0.697964118256
127.19 0.564829494509
127.26 0.533528662327
127.33 0.511721528763
127.4 0.477620163204
127.47 0.489319901806
127.54 0.486617065567
127.61 0.547792834866
127.68 0.325977243204
127.75 0.303777664583
127.82 0.577455555982
127.89 0.514600735351
127.96 0.483401450386
128.03 0.589281935268
128.1 0.497723000986
128.17 0.349561714074
128.24 0.542032361843
128.31 0.563586192471
128.38 0.604123182013
128.45 0.738864281459
128.52 0.701710554912
128.59 0.473169962049
128.66 0.42490108793
128.73 0.668557549351
128.8 0.45570926512
128.87 0.312090154224
128.94 0.672222170181
129.01 0.531146830046
129.08 0.446936079389
129.15 0.434738026068
129.22 0.454097951476
129.29 0.516483290933
129.36 0.63220391049
129.43 0.447201288456
129.5 0.420725351133
129.57 0.648305971207
129.64 0.575211614816
129.71 0.524160756727
129.78 0.561397683834
129.85 0.517455294953
129.92 0.375441234041
129.99 0.490125886478
130.06 0.418986085406
130.13 0.467445496445
130.2 0.592764853873
130.27 0.584506254572
130.34 0.688918560367
130.41 0.503310341178
130.48 0.847308734385
130.55 0.680765722882
130.62 0.502137162369
130.69 0.682567342657
130.76 0.705881936912
130.83 0.635951192654
130.9 0.630288250687
130.97 0.602395893594
131.04 0.700033500876
131.11 0.623040757988
131.18 0.473872229653
131.25 0.631033024473
131.32 0.589908788748
131.39 0.589045738767
131.46 0.659808055094
131.53 0.722045499698
131.6 0.670010088699
131.67 0.533891585787
131.74 0.551509212855
131.81 0.522996287511
131.88 0.519938368172
131.95 0.536310866301
132.02 0.634190101177
132.09 0.555858425431
132.16 0.486204559111
132.23 0.580910059484
132.3 0.643526809263
132.37 0.471647316727
132.44 0.621849036243
132.51 0.502755545673
132.58 0.489052617793
132.65 0.562828246449
132.72 0.907475219669
132.79 0.607325389855
132.86 0.580495098467
132.93 0.449287044163
133.0 0.401381893716
133.07 0.530355417443
133.14 0.525307431453
133.21 0.548827986676
133.28 0.499037575885
133.35 0.512485803152
133.42 0.480644991263
133.49 0.506258329398
133.56 0.678789208084
133.63 0.484476423028
133.7 0.81569907399
133.77 0.614298851734
133.84 0.537129378293
133.91 0.606140527076
133.98 0.677455909068
134.05 0.628734975118
134.12 0.607318858738
134.19 0.640635133591
134.26 0.472194858552
134.33 0.505808732756
134.4 0.503436574206
134.47 0.380097862055
134.54 0.534679467532
134.61 0.6219089422
134.68 0.487911238275
134.75 0.344977553848
134.82 0.377150059329
134.89 0.522651262072
134.96 0.470956914272
135.03 0.410065619541
135.1 0.530350631264
135.17 0.424527522287
135.24 0.327926250957
135.31 0.649810282813
135.38 0.568236880361
135.45 0.655908037976
135.52 0.671140081901
135.59 0.561449909042
135.66 0.716672105346
135.73 0.682822138173
135.8 0.648634168452
135.87 0.491838542434
135.94 0.64545333988
136.01 0.661942369266
136.08 0.463678862504
136.15 0.445249845553
136.22 0.535400582196
136.29 0.468397208277
136.36 0.596864445354
136.43 0.688033154037
136.5 0.507742823335
136.57 0.384934041857
136.64 0.715948997698
136.71 0.584474043311
136.78 0.551164648994
136.85 0.643192214629
136.92 0.778577739884
136.99 0.672398933087
137.06 0.640431299335
137.13 0.693214253589
137.2 0.604093472765
137.27 0.602724783207
137.34 0.557931011059
137.41 0.566696638985
137.48 0.674859175437
137.55 0.659325198934
137.62 0.705289956316
137.69 0.604484103863
137.76 0.620336127203
137.83 0.514819765022
137.9 0.437984301693
137.97 0.377846740542
138.04 0.424338538341
138.11 0.4731946608
138.18 0.566154290995
138.25 0.401460730853
138.32 0.397911146542
138.39 0.587395221168
138.46 0.49617180899
138.53 0.478400620872
138.6 0.543550242556
138.67 0.35858025885
138.74 0.346356094004
138.81 0.695785128053
138.88 0.553374653374
138.95 0.536412611955
139.02 0.655451666487
139.09 0.559087726191
139.16 0.40320462099
139.23 0.579878117153
139.3 0.707271645536
139.37 0.49262545357
139.44 0.536323803434
139.51 0.874007109293
139.58 0.88067652051
139.65 0.760104527892
139.72 0.608499886535
139.79 0.568719993193
139.86 0.564353012012
139.93 0.722152704485
140.0 0.771322829579
140.07 0.443827727232
140.14 0.604940054755
140.21 0.51634213426
140.28 0.423463825959
140.35 0.582295119973
140.42 0.694512164219
140.49 0.682371678767
140.56 0.777989404462
140.63 0.675862909728
140.7 0.71937066875
140.77 0.582853420453
140.84 0.765129266729
140.91 0.844254654342
140.98 0.756752419274
141.05 0.786072673043
141.12 0.7461441515
141.19 0.653718159703
141.26 0.820178451636
141.33 0.779638502817
141.4 0.728246316229
141.47 0.662172056219
141.54 0.702669673566
141.61 0.641644825261
141.68 0.60461236007
141.75 0.443798283284
141.82 0.443709308681
141.89 0.587660883185
141.96 0.540313534974
142.03 0.528456163081
142.1 0.591540685763
142.17 0.545721409654
142.24 0.397389254665
142.31 0.567860633681
142.38 0.668664488838
142.45 0.540089059111
142.52 0.532784611105
142.59 0.7076021593
142.66 0.785696089886
142.73 0.649783735592
142.8 0.672513240572
142.87 0.653059097118
142.94 0.448145403659
143.01 0.647837831629
143.08 0.614733908661
143.15 0.530405110441
143.22 0.565821139332
143.29 0.493585413418
143.36 0.480870750487
143.43 0.597775894189
143.5 0.530230088159
143.57 0.504475019614
143.64 0.696232843872
143.71 0.649121444117
143.78 0.624399896759
143.85 0.599224930719
143.92 0.613061222363
143.99 0.356579888651
144.06 0.304521148538
144.13 0.567628852371
144.2 0.502553874795
144.27 0.55184539713
144.34 0.687113565032
144.41 0.778314271442
144.48 0.502397233681
144.55 0.666487025726
144.62 0.59087593757
144.69 0.555965364918
144.76 0.614707143592
144.83 0.729750938429
144.9 0.706765427908
144.97 0.682156074265
145.04 0.759300173843
145.11 0.581781577485
145.18 0.656220036844
145.25 0.777703734968
145.32 0.768476934275
145.39 0.733410434446
145.46 0.702029386863
145.53 0.795281575716
145.6 1.0
145.67 0.835982427698
145.74 0.70731858632
145.81 0.691305200395
145.88 0.699742605194
145.95 0.569589093301
146.02 0.624451897649
146.09 0.668146084681
146.16 0.589255237063
146.23 0.565414965558
146.3 0.544649286288
146.37 0.578645431415
146.44 0.609311125434
146.51 0.772214400352
146.58 0.701406152674
146.65 0.61270441805
146.72 0.595782766886
146.79 0.739868796551
146.86 0.71662174802
146.93 0.800990222558
147.0 0.627118047043
147.07 0.498261354384
147.14 0.663742157826
147.21 0.743822924014
147.28 0.657923724377
147.35 0.612401872909
147.42 0.654042060388
147.49 0.626728835191
147.56 0.60168479561
147.63 0.577050126341
147.7 0.614580472712
147.77 0.656509416219
147.84 0.656314981767
147.91 0.496754834104
147.98 0.4809771982
148.05 0.642539115895
148.12 0.524345851768
148.19 0.505697388862
148.26 0.513173250643
148.33 0.62880184573
148.4 0.498576036444
148.47 0.570492313532
148.54 0.352795106489
148.61 0.355099333228
148.68 0.262847101921
148.75 0.668342617804
148.82 0.376952257944
148.89 0.392846634325
148.96 0.497382220341
149.03 0.463038746197
149.1 0.390461161184
149.17 0.537705863664
149.24 0.529532419082
149.31 0.362686506549
149.38 0.432093868506
149.45 0.385588723762
149.52 0.422979841736
149.59 0.494219619797
149.66 0.523178347783
149.73 0.334042132773
149.8 0.409354047036
149.87 0.491498473568
149.94 0.359576101016
150.01 0.248215564849
150.08 0.636782508051
150.15 0.430684993599
150.22 0.507258929702
150.29 0.284325235871
150.36 0.420282908954
150.43 0.387595126832
150.5 0.561598010958
150.57 0.403608333733
150.64 0.339396705948
150.71 0.518338671633
150.78 0.605665151072
150.85 0.480609262086
150.92 0.41781508076
150.99 0.484728308875
151.06 0.433804003037
151.13 0.554232589327
151.2 0.522634468388
151.27 0.576196678913
151.34 0.557449153547
151.41 0.507871931521
151.48 0.367090532621
151.55 0.364502288579
151.62 0.574158014973
151.69 0.426623846842
151.76 0.195458756631
151.83 0.653107045178
151.9 0.630520325337
151.97 0.52261347089
152.04 0.364609290618
152.11 0.297605666497
152.18 0.528646879024
152.25 0.582274156986
152.32 0.459791737224
152.39 0.193425672612
152.46 0.44621254683
152.53 0.633361404266
152.6 0.556241091068
152.67 0.486210921989
152.74 0.603107942776
152.81 0.360135318182
152.88 0.2961634005
152.95 0.491198201808
153.02 0.307658735423
153.09 0.301059281353
153.16 0.539018147927
153.23 0.421073892332
153.3 0.357256810433
153.37 0.563433968705
153.44 0.562580294802
153.51 0.42765310598
153.58 0.573184457979
153.65 0.419040146143
153.72 0.466860907572
153.79 0.415037246681
153.86 0.470541651288
153.93 0.466428723646
154.0 0.509990403206
154.07 0.56631017072
154.14 0.483693773941
154.21 0.545703556928
154.28 0.542723631375
154.35 0.466395339028
154.42 0.41974172138
154.49 0.520368990497
154.56 0.408742074062
154.63 0.342957234409
154.7 0.613772495057
154.77 0.540632431632
154.84 0.569692756446
154.91 0.569335408592
154.98 0.475047748708
155.05 0.50187279881
155.12 0.643199420858
155.19 0.54526094651
155.26 0.480759419535
155.33 0.540351759694
155.4 0.52930485884
155.47 0.504181701725
155.54 0.511259570882
155.61 0.299266312936
155.68 0.39876328904
155.75 0.4929239049
155.82 0.598466769006
155.89 0.432668315598
155.96 0.354068820927
156.03 0.635253631422
156.1 0.588219211706
156.17 0.649956275273
156.24 0.738533482983
156.31 0.69343050085
156.38 0.579732424503
156.45 0.515650070986
156.52 0.431372686977
156.59 0.455460314824
156.66 0.555050551307
156.73 0.432116255052
156.8 0.368583947529
156.87 0.401585605029
156.94 0.585719349117
157.01 0.5701056684
157.08 0.588724480295
157.15 0.657679808304
157.22 0.588078408766
157.29 0.450159364533
157.36 0.27330462341
157.43 0.386208968477
157.5 0.415078743429
157.57 0.602907855068
157.64 0.447799258784
157.71 0.347686528646
157.78 0.6978318502
157.85 0.541049139745
157.92 0.404812006905
157.99 0.576714988166
158.06 0.60642494772
158.13 0.588284676014
158.2 0.597785395367
158.27 0.51963076724
158.34 0.584998506223
158.41 0.598067193212
158.48 0.546119947975
158.55 0.490273884862
158.62 0.56618198569
158.69 0.550633120053
158.76 0.427506878417
158.83 0.399619695746
158.9 0.713235527904
158.97 0.564071097694
159.04 0.446607470174
159.11 0.428502800388
159.18 0.456647425101
159.25 0.399363619026
159.32 0.629758026675
159.39 0.532572636679
159.46 0.483199874413
159.53 0.532737974445
159.6 0.37612040332
159.67 0.426079984702
159.74 0.586902738728
159.81 0.533848152135
159.88 0.51051602869
159.95 0.538557430268
160.02 0.483904495204
160.09 0.573993740563
160.16 0.545349597577
160.23 0.63131731139
160.3 0.489489594368
160.37 0.394387348064
160.44 0.46040465061
160.51 0.269487940581
160.58 0.197539089872
160.65 0.620644787177
160.72 0.542048236684
160.79 0.47413341393
160.86 0.436042752526
160.93 0.538230415008
161.0 0.401112687899
161.07 0.607044644581
161.14 0.526455907198
161.21 0.495410549957
161.28 0.626553081717
161.35 0.593537980212
161.42 0.477939120256
161.49 0.605204183211
161.56 0.64371535967
161.63 0.542332409285
161.7 0.610057933184
161.77 0.530496498624
161.84 0.56041061597
161.91 0.579749966634
161.98 0.668571148654
162.05 0.567093070008
162.12 0.586077954448
162.19 0.661763307096
162.26 0.632004767508
162.33 0.433158986235
162.4 0.605619064423
162.47 0.545238803695
162.54 0.473079585456
162.61 0.373103583859
162.68 0.323022195424
162.75 0.450441850432
162.82 0.511694979385
162.89 0.423474968545
162.96 0.317879376671
163.03 0.503589360926
163.1 0.589354010498
163.17 0.452103305711
163.24 0.510020675406
163.31 0.63799847344
163.38 0.535109168857
163.45 0.575784345009
163.52 0.610176008787
163.59 0.461747828263
163.66 0.513406211782
163.73 0.649758079174
163.8 0.473742970484
163.87 0.493036706863
163.94 0.579455777354
164.01 0.589722507408
164.08 0.576920362455
164.15 0.596208976177
164.22 0.434924432509
164.29 0.405836307312
164.36 0.405317665895
164.43 0.461663145907
164.5 0.536124164364
164.57 0.588793557423
164.64 0.450681454846
164.71 0.424807980692
164.78 0.54243139841
164.85 0.558765356911
164.92 0.488066938977
164.99 0.464539938915
165.06 0.700541301675
165.13 0.477258087408
165.2 0.42777843742
165.27 0.609832881426
165.34 0.500445493125
165.41 0.485026419413
165.48 0.70694820643
165.55 0.546296736765
165.62 0.55436123162
165.69 0.534598443291
165.76 0.497350725174
165.83 0.487549000712
165.9 0.678644716831
165.97 0.505512449118
166.04 0.49077404805
166.11 0.376618979025
166.18 0.363338362904
166.25 0.457001459944
166.32 0.477050183067
166.39 0.503354676418
166.46 0.40531186597
166.53 0.375342423939
166.6 0.63096164161
166.67 0.499214101532
166.74 0.481979306182
166.81 0.683358216033
166.88 0.604195371559
166.95 0.532784160311
167.02 0.57630594139
167.09 0.55168933191
167.16 0.495824548994
167.23 0.671093374063
167.3 0.525278809287
167.37 0.490464986891
167.44 0.526653585639
167.51 0.600484467802
167.58 0.497490747313
167.65 0.591110555214
167.72 0.470329152733
167.79 0.473489594213
167.86 0.459806924012
167.93 0.517880061273
168.0 0.542878426175
168.07 0.52337801705
168.14 0.608512211106
168.21 0.510455438994
168.28 0.397114188529
168.35 0.623167597107
168.42 0.491625107781
168.49 0.446712336874
168.56 0.617830020366
168.63 0.593520438081
168.7 0.477865852255
168.77 0.63873123325
168.84 0.484320825857
168.91 0.503072002868
168.98 0.662118616672
169.05 0.557535278874
169.12 0.577719900129
169.19 0.583262782138
169.26 0.508167598283
169.33 0.551607772756
169.4 0.626186349158
169.47 0.510565376583
169.54 0.506610504987
169.61 0.421878587174
169.68 0.499548881659
169.75 0.428436330961
169.82 0.454953428554
169.89 0.588250010192
169.96 0.506600302813
170.03 0.446542092143
170.1 0.760485459376
170.17 0.655417091255
170.24 0.542884763171
170.31 0.675800898629
170.38 0.631744812669
170.45 0.614359402606
170.52 0.573628757256
170.59 0.652311609942
170.66 0.601034533209
170.73 0.70122530027
170.8 0.642511602379
170.87 0.613070494909
170.94 0.575971437347
171.01 0.625274885225
171.08 0.587346557014
171.15 0.548221104004
171.22 0.611587301588
171.29 0.613284078389
171.36 0.529852799693
171.43 0.57403099036
171.5 0.541906396272
171.57 0.577561432115
171.64 0.640393615999
171.71 0.542532988767
171.78 0.465441069103
171.85 0.742738987264
171.92 0.68653417215
171.99 0.629973191168
172.06 0.677541756155
172.13 0.775188545393
172.2 0.717743454382
172.27 0.625664230805
172.34 0.728935659641
172.41 0.709906856245
172.48 0.674028211616
172.55 0.727569379349
172.62 0.68748854992
172.69 0.639206412975
172.76 0.597311216447
172.83 0.492943140203
172.9 0.561132714184
172.97 0.687634313748
173.04 0.614182570678
173.11 0.45529913989
173.18 0.505158964287
173.25 0.457717139201
173.32 0.494996883085
173.39 0.530943934044
173.46 0.475000180264
173.53 0.417040013204
173.6 0.633597147816
173.67 0.710215652105
173.74 0.510779950083
173.81 0.644460053651
173.88 0.759495753613
173.95 0.614149809406
174.02 0.717104770262
174.09 0.621403315564
174.16 0.590584379717
174.23 0.578697673878
174.3 0.625229314077
174.37 0.398744726692
174.44 0.412375551301
174.51 0.587408667331
174.58 0.485037590039
174.65 0.382122040202
174.72 0.749975294239
174.79 0.966597403541
174.86 0.892027150646
174.93 0.756565398114
175.0 0.584385756762
175.07 0.702149638786
175.14 0.623977395192
175.21 0.821811081999
175.28 0.510978230302
175.35 0.731938310375
175.42 0.672506705141
175.49 0.453086913895
175.56 0.528505741763
175.63 0.700281622919
175.7 0.687568008246
175.77 0.497419377392
175.84 0.535737780217
175.91 0.722996307786
175.98 0.493992089752
176.05 0.535648193053
176.12 0.440998998757
176.19 0.554793283975
176.26 0.423018187243
176.33 0.367102087176
176.4 0.37961443
176.47 0.677168822486
176.54 0.59777024309
176.61 0.689932162511
176.68 0.561546674396
176.75 0.422366710503
176.82 0.484761115443
176.89 0.55807170831
176.96 0.483636527452
177.03 0.355808013319
177.1 0.385160646589
177.17 0.523412005603
177.24 0.496094783656
177.31 0.477016632367
177.38 0.603259715749
177.45 0.451794749268
177.52 0.326341160998
177.59 0.581905157517
177.66 0.592626475297
177.73 0.592897255657
177.8 0.609097774901
177.87 0.490033758475
177.94 0.388841886393
178.01 0.551773938775
178.08 0.64288985714
178.15 0.532933623236
178.22 0.612375517653
178.29 0.638041829443
178.36 0.579603674364
178.43 0.495339458277
178.5 0.515428077723
178.57 0.589373418354
178.64 0.585616790309
178.71 0.611010673861
178.78 0.555608099027
178.85 0.584695624605
178.92 0.570146021988
178.99 0.553078753666
179.06 0.440405907354
179.13 0.519785145757
179.2 0.510998168757
179.27 0.457132395031
179.34 0.580548395658
179.41 0.553609007875
179.48 0.601481149005
179.55 0.586947843983
179.62 0.507734734931
179.69 0.463526254808
179.76 0.570047602286
179.83 0.628074745646
179.9 0.492290267944
179.97 0.477695126534
180.04 0.632212087327
180.11 0.527022030783
180.18 0.437565753738
180.25 0.456237931845
180.32 0.464331698096
180.39 0.491449861181
180.46 0.586601218118
180.53 0.407336993156
180.6 0.408861400671
180.67 0.645531618378
180.74 0.555526121433
180.81 0.506923498189
180.88 0.505103734506
180.95 0.490755280796
181.02 0.413013786784
181.09 0.581865537278
181.16 0.582314737049
181.23 0.528472119884
181.3 0.527548242947
181.37 0.596174301728
181.44 0.496713294217
181.51 0.475319948313
181.58 0.637699297389
181.65 0.619038913254
181.72 0.578473489197
181.79 0.682179711818
181.86 0.499409769735
181.93 0.501885751041
182.0 0.466221144998
182.07 0.463943389988
182.14 0.569621442604
182.21 0.621973737866
182.28 0.475679112283
182.35 0.440622092064
182.42 0.562868843768
182.49 0.665588889326
182.56 0.610877713438
182.63 0.498974070049
182.7 0.626365348778
182.77 0.439782332373
182.84 0.533936266132
182.91 0.594479476929
182.98 0.634421731503
183.05 0.564737754751
183.12 0.594294371103
183.19 0.424335538082
183.26 0.502562815178
183.33 0.701120394747
183.4 0.746341439541
183.47 0.697091614548
183.54 0.671181882774
183.61 0.612233420569
183.68 0.525958877997
183.75 0.563845860442
183.82 0.535886831173
183.89 0.540731090751
183.96 0.596979000883
184.03 0.59634884949
184.1 0.523354737544
184.17 0.558931061351
184.24 0.592561828457
184.31 0.475094987145
184.38 0.463580587315
184.45 0.525142087217
184.52 0.408031534716
184.59 0.40227361763
184.66 0.662208712867
184.73 0.632707738264
184.8 0.591371989692
184.87 0.778145417916
184.94 0.61092356067
185.01 0.418201059407
185.08 0.585384724287
185.15 0.552494095772
185.22 0.377468481468
185.29 0.608247530481
185.36 0.63345590271
185.43 0.521360318254
185.5 0.469751351649
185.57 0.442815572373
185.64 0.54468267522
185.71 0.626102020534
185.78 0.532514971749
185.85 0.495672156988
185.92 0.565046485903
185.99 0.716520274136
186.06 0.622875284337
186.13 0.548146347737
186.2 0.671752533708
186.27 0.459289967139
186.34 0.353483041441
186.41 0.519924592002
186.48 0.441735625902
186.55 0.595378747862
186.62 0.661903413355
186.69 0.723662578756
186.76 0.53517986798
186.83 0.616970854976
186.9 0.598639800462
186.97 0.418256843513
187.04 0.612740928028
187.11 0.466875788079
187.18 0.61642536437
187.25 0.602265564599
187.32 0.477086902265
187.39 0.652856082487
187.46 0.619094708145
187.53 0.469566247981
187.6 0.547391296286
187.67 0.576355895375
187.74 0.691996221883
187.81 0.554369736308
187.88 0.689349909569
187.95 0.685033805528
188.02 0.514476555699
188.09 0.553177115132
188.16 0.569345470567
188.23 0.533102998733
188.3 0.477374105321
188.37 0.558758614417
188.44 0.548502856554
188.51 0.484133397042
188.58 0.623199560324
188.65 0.700607380702
188.72 0.63793642136
188.79 0.536908441916
188.86 0.550613073752
188.93 0.540226052951
189.0 0.490025324966
189.07 0.779584565024
189.14 0.633879972348
189.21 0.518453401872
189.28 0.551490691488
189.35 0.432340597187
189.42 0.348966094775
189.49 0.65501583523
189.56 0.466377928468
189.63 0.575286062645
189.7 0.520313260313
189.77 0.390970709078
189.84 0.37235893086
189.91 0.628352339678
189.98 0.529636625768
190.05 0.669622017851
190.12 0.846992598569
190.19 0.492287634359
190.26 0.544555861984
190.33 0.733289259367
190.4 0.681525148543
190.47 0.568364008506
190.54 0.635492202678
190.61 0.587216864306
190.68 0.477925311732
190.75 0.46261081138
190.82 0.442827642429
190.89 0.416350492924
190.96 0.425645710732
191.03 0.544826459007
191.1 0.331118452904
191.17 0.338772380364
191.24 0.578554347356
191.31 0.479207207321
191.38 0.447652996711
191.45 0.548247545537
191.52 0.47014484712
191.59 0.355751424687
191.66 0.541517919925
191.73 0.556959449204
191.8 0.58546720444
191.87 0.570663121216
191.94 0.548441078401
192.01 0.55612103111
192.08 0.602195506077
192.15 0.731643584026
192.22 0.520945076839
192.29 0.442841064866
192.36 0.65131907216
192.43 0.568897927301
192.5 0.428991460787
192.57 0.467042885882
192.64 0.448543668053
192.71 0.555498519484
192.78 0.655644733459
192.85 0.594345837079
192.92 0.41623552974
192.99 0.619874479916
193.06 0.648390319243
193.13 0.613357279525
193.2 0.57462010874
193.27 0.685290952074
193.34 0.637717331295
193.41 0.75898481667
193.48 0.70842858283
193.55 0.656767585139
193.62 0.541493264312
193.69 0.649655291734
193.76 0.535545062664
193.83 0.569945228972
193.9 0.677121219531
193.97 0.670194814909
194.04 0.621638494004
194.11 0.677206382878
194.18 0.631076982254
194.25 0.512225000648
194.32 0.457426573526
194.39 0.407773305403
194.46 0.530685432961
194.53 0.590672683522
194.6 0.488241391836
194.67 0.46658608301
194.74 0.645251261347
194.81 0.654763459764
194.88 0.58990781814
194.95 0.506778810658
195.02 0.552285911033
195.09 0.439107785347
195.16 0.456882592756
195.23 0.650178894039
195.3 0.514788360445
195.37 0.513680374173
195.44 0.640590619328
195.51 0.467649168933
195.58 0.456927991351
195.65 0.679794948299
195.72 0.536623971662
195.79 0.558599719335
195.86 0.721801911475
195.93 0.737507877647
196.0 0.710552403646
196.07 0.506826495575
196.14 0.619962999412
196.21 0.576622894675
196.28 0.624700347542
196.35 0.732166163957
196.42 0.544038329218
196.49 0.483282990854
196.56 0.694920764515
196.63 0.53197031371
196.7 0.556262459553
196.77 0.705691145477
196.84 0.708156068317
196.91 0.742948617131
196.98 0.693839219776
197.05 0.699818838943
197.12 0.648728472774
197.19 0.681901856801
197.26 0.75333845054
197.33 0.807480774354
197.4 0.688446844635
197.47 0.78657615787
197.54 0.78575104574
197.61 0.697251950445
197.68 0.766377391614
197.75 0.830654679985
197.82 0.780803685969
197.89 0.864657257011
197.96 0.712209202161
198.03 0.700689705558
198.1 0.634124007052
198.17 0.452751805918
198.24 0.496147990257
198.31 0.711344493518
198.38 0.591303516498
198.45 0.521779010722
198.52 0.53877646641
198.59 0.509743836293
198.66 0.506225667344
198.73 0.628569246952
198.8 0.672361016805
198.87 0.547397767009
198.94 0.624348810398
199.01 0.638756820647
199.08 0.646314578059
199.15 0.535297085133
199.22 0.69173343718
199.29 0.562177084618
199.36 0.616248217534
199.43 0.871372282514
199.5 0.637718038761
199.57 0.544868876755
199.64 0.52640055016
199.71 0.512854302219
199.78 0.563721723928
199.85 0.723995577278
199.92 0.672892679475
199.99 0.676538569718
200.06 0.72628551666
200.13 0.619346343791
200.2 0.600373453915
200.27 0.628649462352
200.34 0.487301974378
200.41 0.316111197595
200.48 0.453677934667
200.55 0.422120068098
200.62 0.5369017706
200.69 0.679003067647
200.76 0.898167062572
200.83 0.588357059682
200.9 0.848230258136
200.97 0.765434385061
201.04 0.613488095982
201.11 0.81231794202
201.18 0.814887477044
201.25 0.910589910978
201.32 0.809735187308
201.39 0.817098501641
201.46 0.871396275956
201.53 0.854500214346
201.6 0.698544844107
201.67 0.521711389506
201.74 0.463915906669
201.81 0.665786979737
201.88 0.692521879721
201.95 0.653871645261
202.02 0.724405555838
202.09 0.929098841362
202.16 0.527727026876
202.23 0.71890532021
202.3 0.668894154222
202.37 0.617277150979
202.44 0.682400838004
202.51 0.621538070534
202.58 0.745997173334
202.65 0.674847676962
202.72 0.688091664474
202.79 0.694738743068
202.86 0.616415449065
202.93 0.830563373765
203.0 0.727381950534
203.07 0.772368608474
203.14 0.787735318935
203.21 0.992139302733
203.28 0.776547129838
203.35 0.844471708286
203.42 0.824642228368
203.49 0.608159811199
203.56 0.722583784074
203.63 0.657658086086
203.7 0.803109705832
203.77 0.679757590656
203.84 0.715158661392
203.91 0.66352988359
203.98 0.660348302257
204.05 0.627602290095
204.12 0.722942292344
204.19 0.695158084765
204.26 0.669292673131
204.33 0.622158778985
204.4 0.638961440017
204.47 0.646293910569
204.54 0.542322534961
204.61 0.572854558934
204.68 0.726828371524
204.75 0.572661015285
204.82 0.460289782329
204.89 0.44503229552
204.96 0.336580334398
205.03 0.563833635089
205.1 0.513420954247
205.17 0.390117587343
205.24 0.306449959007
205.31 0.35950776155
205.38 0.51691134438
205.45 0.419360936566
205.52 0.429158692318
205.59 0.615102483219
205.66 0.342999865692
205.73 0.245336908273
205.8 0.5176758625
205.87 0.464767033264
205.94 0.475124219716
206.01 0.598583559092
206.08 0.503817533729
206.15 0.441361268674
206.22 0.503066105882
206.29 0.415495283303
206.36 0.359299583281
206.43 0.569039517512
206.5 0.595626026555
206.57 0.472063024034
206.64 0.44036246076
206.71 0.387088814299
206.78 0.547400049017
206.85 0.527587753184
206.92 0.486497436991
206.99 0.463514214949
207.06 0.457909198897
207.13 0.556030697655
207.2 0.492269119463
207.27 0.478300702119
207.34 0.652297536119
207.41 0.457860741807
207.48 0.334466135548
207.55 0.560714043286
207.62 0.448516890043
207.69 0.328143115093
207.76 0.650378375655
207.83 0.502410785533
207.9 0.571106046543
207.97 0.558175492242
208.04 0.406608422061
208.11 0.388984373878
208.18 0.539964204347
208.25 0.552096161385
208.32 0.520510004814
208.39 0.377157673214
208.46 0.378199461829
208.53 0.448996582019
208.6 0.521990085717
208.67 0.567862007632
208.74 0.382024377574
208.81 0.317732357523
208.88 0.779998760339
208.95 0.476574123323
209.02 0.411035809602
209.09 0.589162955921
209.16 0.485548015794
209.23 0.360669435413
209.3 0.544178752542
209.37 0.447980033539
209.44 0.580885410342
209.51 0.539206480486
209.58 0.634165447721
209.65 0.485061415242
209.72 0.555874095366
209.79 0.523925906137
209.86 0.57888011808
209.93 0.44577205881
210.0 0.600857308724
210.07 0.635949622425
210.14 0.54174881906
210.21 0.52460046179
210.28 0.586072288251
210.35 0.600772128122
210.42 0.650941572317
210.49 0.539075821484
210.56 0.527498649166
210.63 0.650050769403
210.7 0.656443399743
210.77 0.646139059688
210.84 0.647518147699
210.91 0.605972497489
210.98 0.525723792304
211.05 0.606754525386
211.12 0.567470612989
211.19 0.697176109253
211.26 0.680026716668
211.33 0.733108985015
211.4 0.778930510779
211.47 0.689977511497
211.54 0.616500073185
211.61 0.555905765243
211.68 0.598516546124
211.75 0.730558133126
211.82 0.611660155462
211.89 0.49174861232
211.96 0.431555223926
212.03 0.507032715371
212.1 0.581023890292
212.17 0.565099854272
212.24 0.437695112125
212.31 0.459008917742
212.38 0.533495370455
212.45 0.589222383044
212.52 0.553684087678
212.59 0.639670611883
212.66 0.688509049856
212.73 0.422332206449
212.8 0.508789363618
212.87 0.552162033349
212.94 0.49758300473
213.01 0.586673450803
213.08 0.650650590359
213.15 0.515233000513
213.22 0.424239805887
213.29 0.572562084396
213.36 0.585519108269
213.43 0.594379176403
213.5 0.707385111827
213.57 0.596471860098
213.64 0.559163034626
213.71 0.492947361272
213.78 0.531860143175
213.85 0.616274106898
213.92 0.612206940212
213.99 0.525246337041
214.06 0.49123101916
214.13 0.606460791214
214.2 0.73705251559
214.27 0.560717490024
214.34 0.576119209256
214.41 0.67804147502
214.48 0.495541103272
214.55 0.472871711312
214.62 0.654434061122
214.69 0.460113142366
214.76 0.509721052876
214.83 0.654897710018
214.9 0.582940542272
214.97 0.576437269034
215.04 0.588799715395
215.11 0.463049802507
215.18 0.389222556891
215.25 0.586080012138
215.32 0.545254488728
215.39 0.548881053078
215.46 0.430041717422
215.53 0.439947823279
215.6 0.596842988435
215.67 0.606831945434
215.74 0.452088474813
215.81 0.445113030736
215.88 0.658959214822
215.95 0.72244675788
216.02 0.515633214752
216.09 0.512839320337
216.16 0.701639633627
216.23 0.431742743331
216.3 0.350971896068
216.37 0.587514942491
216.44 0.43673346989
216.51 0.447763460586
216.58 0.665096575125
216.65 0.566028377189
216.72 0.617824550448
216.79 0.653148813698
216.86 0.622516023307
216.93 0.65040715959
217.0 0.78011846225
217.07 0.732522429042
217.14 0.627387270115
217.21 0.499060823037
217.28 0.417792383619
217.35 0.400446971254
217.42 0.290199703627
217.49 0.432862849268
217.56 0.231765070778
217.63 0.307585167612
217.7 0.255132112403
217.77 0.184455347666
217.84 0.22980401238
217.91 0.216773800312
217.98 0.143098731011
218.05 0.110909794206
218.12 0.119255888471
218.19 0.157283195023
218.26 0.161457676499
218.33 0.112068823701
218.4 0.0787565455977
218.47 0.100131029344
218.54 0.0660564633636
218.61 0.0707660111098
218.68 0.051940966478
218.75 0.0504754166619
218.82 0.040093386946
218.89 0.0368268579572
218.96 0.0304434936934
219.03 0.0241769906932
219.1 0.0419830840495
219.17 0.0247733390272
219.24 0.0205484182626
219.31 0.0153954275319
219.38 0.011733722841
219.45 0.0182722723058
219.52 0.014788389563
219.59 0.0102382998521
219.66 0.00829560321057
219.73 0.0088791287278
219.8 0.00585512892061
219.87 0.00930392308762
219.94 0.00424385841485
220.01 0.003981524506
220.08 0.00466790864149
