-4.0 0.0
21.7714190018 0.00787401574803
21.8811691054 0.0472440944882
22.4627900313 0.0
48.5922538743 0.00787401574803
48.7012120045 0.11811023622
48.7457969499 0.629921259843
49.4033069558 0.543307086614
49.5425928906 0.0393700787402
50.6287699953 0.0
50.680628068 0.346456692913
50.8681150192 0.834645669291
51.7745300486 0.984251968504
51.8960151146 0.724409448819
52.0053709734 0.125984251969
52.6964610068 0.0
52.8133278981 0.212598425197
52.9228711075 0.716535433071
53.8043100155 1.0
53.9156499473 0.771653543307
54.0563878976 0.0157480314961
54.8508881072 0.0
54.9599908512 0.354330708661
55.0699809101 0.984251968504
55.8306869628 0.992125984252
55.940915864 0.582677165354
56.0659999048 0.0
56.7627958776 0.016393442623
56.890258635 0.314315218794
56.9430217446 0.959984510133
57.6541026922 0.983606557377
57.8468088645 0.621401832968
57.9762738535 0.016393442623
58.755151871 0.016393442623
58.8841548656 0.17258293533
58.9875837774 0.660771911708
59.1101299055 0.983606557377
59.6669486076 0.983606557377
59.7881597307 0.786756163676
59.9398899708 0.448173486511
60.0587918247 0.0229766361172
60.7456486672 0.016393442623
60.8480098784 0.180456951078
61.019263728 0.684393958952
61.755014691 0.983606557377
61.8826486953 0.794630179424
62.0399668139 0.471795533755
62.7322457004 0.016393442623
62.8509279177 0.016393442623
63.0177247974 0.0544726991093
63.1310927017 0.016393442623
163.061025264 0
168.315267556 0.352941176471
288.960830801 0.294117647059
292.434964364 0
452.247709751 0.0
