0.0 0.0116194749625
0.07 0.011532511042
0.14 0.0116836899973
0.21 0.325484431238
0.28 0.621645640003
0.35 0.69434507441
0.42 0.694101681129
0.49 0.685347484702
0.56 0.651668639892
0.63 0.594178480438
0.7 0.613645527393
0.77 0.706408502958
0.84 0.559608082438
0.91 0.564192123211
0.98 0.538842710181
1.05 0.571474830816
1.12 0.627771335665
1.19 0.587563872231
1.26 0.599289515546
1.33 0.650183367467
1.4 0.647785466209
1.47 0.537832762941
1.54 0.551426825692
1.61 0.63300618565
1.68 0.547956740099
1.75 0.563449943181
1.82 0.627300572306
1.89 0.619754146328
1.96 0.589342659508
2.03 0.58558512199
2.1 0.611193223332
2.17 0.594657702973
2.24 0.603994949124
2.31 0.544848632917
2.38 0.433982130235
2.45 0.595659753948
2.52 0.761440403876
2.59 0.728650414754
2.66 0.765550383004
2.73 0.74961889161
2.8 0.723161484762
2.87 0.772877682901
2.94 0.777009230004
3.01 0.670397922321
3.08 0.640344024229
3.15 0.797046517416
3.22 0.73989605744
3.29 0.706838798605
3.36 0.806294220922
3.43 0.675012470529
3.5 0.771235001614
3.57 0.718830649502
3.64 0.714253847402
3.71 0.623465955401
3.78 0.646457988249
3.85 0.708288969061
3.92 0.69273429837
3.99 0.674584216515
4.06 0.661897761143
4.13 0.655825932915
4.2 0.545387329629
4.27 0.651139054784
4.34 0.613661874227
4.41 0.518822017492
4.48 0.532601514217
4.55 0.589591103506
4.62 0.585957869756
4.69 0.578277320891
4.76 0.553202280253
4.83 0.561068400807
4.9 0.472056076983
4.97 0.420197501884
5.04 0.38956044906
5.11 0.372795544533
5.18 0.509408377088
5.25 0.752909163744
5.32 0.65438119878
5.39 0.665292619623
5.46 0.663745585221
5.53 0.668168584884
5.6 0.652344327417
5.67 0.631559254952
5.74 0.510154907208
5.81 0.646827034909
5.88 0.600356568256
5.95 0.661885497575
6.02 0.69690474667
6.09 0.632724049545
6.16 0.639929775885
6.23 0.658139221745
6.3 0.612848436734
6.37 0.756822712311
6.44 0.801076440778
6.51 0.75813838805
6.58 0.658748322085
6.65 0.649038792958
6.72 0.613991546294
6.79 0.756913425537
6.86 0.706289651004
6.93 0.625793003735
7.0 0.7006464228
7.07 0.742088564578
7.14 0.648362921239
7.21 0.678909505282
7.28 0.764809437249
7.35 0.727814491756
7.42 0.613860869739
7.49 0.676294505804
7.56 0.661343292559
7.63 0.631600066952
7.7 0.767058161592
7.77 0.725627901222
7.84 0.621255939454
7.91 0.58710903051
7.98 0.577959416618
8.05 0.560543077995
8.12 0.590044623157
8.19 0.663347993571
8.26 0.735500676628
8.33 0.701877802857
8.4 0.734878543234
8.47 0.803618867609
8.54 0.718830401614
8.61 0.64974735146
8.68 0.700575068936
8.75 0.727077660253
8.82 0.535329671111
8.89 0.343226790745
8.96 0.331519389574
9.03 0.363617354667
9.1 0.278123661163
9.17 0.482137446674
9.24 0.774124571449
9.31 0.645078407336
9.38 0.564215266307
9.45 0.202654758643
9.52 0.490366394311
9.59 0.80155042668
9.66 0.608508543234
9.73 0.554747479596
9.8 0.613557349854
9.87 0.582400463903
9.94 0.600042824713
10.01 0.687301409996
10.08 0.607774173397
10.15 0.687589660671
10.22 0.50461107003
10.29 0.705846411818
10.36 0.705500355045
10.43 0.534092276328
10.5 0.38047590576
10.57 0.390144505828
10.64 0.541038142052
10.71 0.612643474696
10.78 0.5743069595
10.85 0.497491598375
10.92 0.418334288095
10.99 0.42824440507
11.06 0.441035212671
11.13 0.476783073372
11.2 0.670218525452
11.27 0.665001822932
11.34 0.492380291279
11.41 0.360954626426
11.48 0.294126329112
11.55 0.332181329645
11.62 0.267663985162
11.69 0.255484429706
11.76 0.531863078328
11.83 0.811361780956
11.9 0.659782548574
11.97 0.661940156872
12.04 0.661658463179
12.11 0.563197849721
12.18 0.541225591838
12.25 0.644778425018
12.32 0.533296753905
12.39 0.298660370537
12.46 0.256797550821
12.53 0.177568614689
12.6 0.216900549857
12.67 0.34981859498
12.74 0.319994520023
12.81 0.335329093739
12.88 0.366841549163
12.95 0.277721604087
13.02 0.206233975194
13.09 0.234860362201
13.16 0.294981735416
13.23 0.488459419688
13.3 0.275365413424
13.37 0.151204596191
13.44 0.0984852972471
13.51 0.0607021764545
13.58 0.194157427519
13.65 0.271769299176
13.72 0.411996670596
13.79 0.257422429919
13.86 0.137290847472
13.93 0.0768897257946
14.0 0.105257894443
14.07 0.32574004333
14.14 0.29662112186
14.21 0.277112586377
14.28 0.229700427748
14.35 0.133742041955
14.42 0.0588625378447
14.49 0.219890404149
14.56 0.514882535367
14.63 0.550685535649
14.7 0.524460666654
14.77 0.349014418857
14.84 0.281420932689
14.91 0.262766047638
14.98 0.438858911209
15.05 0.380521637648
15.12 0.310429995031
15.19 0.261974947605
15.26 0.097457555438
15.33 0.0603325117953
15.4 0.562001444247
15.47 0.777940001137
15.54 0.721008565678
15.61 0.765102781678
15.68 0.839029941515
15.75 0.851848006464
15.82 0.757618918148
15.89 0.76288902159
15.96 0.787959235298
16.03 0.826894907772
16.1 0.826912292638
16.17 0.80009257514
16.24 0.762401802946
16.31 0.777543440633
16.38 0.818925670986
16.45 0.786397145144
16.52 0.754794916402
16.59 0.62576340178
16.66 0.401578078584
16.73 0.429919754205
16.8 0.525453442488
16.87 0.482360098273
16.94 0.398634328012
17.01 0.406174119544
17.08 0.464951695508
17.15 0.462213223721
17.22 0.453550880116
17.29 0.449584867092
17.36 0.481954806604
17.43 0.528784425057
17.5 0.572262205644
17.57 0.460316694821
17.64 0.465180201739
17.71 0.59061309397
17.78 0.536488070539
17.85 0.575277893649
17.92 0.569800578241
17.99 0.542894082739
18.06 0.587316137468
18.13 0.592588745611
18.2 0.532868703022
18.27 0.672012027635
18.34 0.533965292272
18.41 0.671803805181
18.48 0.706444092097
18.55 0.511278483539
18.62 0.561259479397
18.69 0.438127980817
18.76 0.379024643908
18.83 0.362281639596
18.9 0.48230140391
18.97 0.489965588725
19.04 0.409448836708
19.11 0.431672413401
19.18 0.509666733162
19.25 0.478682323875
19.32 0.635761365776
19.39 0.501526797964
19.46 0.466760568467
19.53 0.542432682316
19.6 0.612035408944
19.67 0.558740670781
19.74 0.503391531788
19.81 0.534592404083
19.88 0.419294853985
19.95 0.466928056385
20.02 0.566455262927
20.09 0.617568153135
20.16 0.602644662028
20.23 0.743465678661
20.3 0.770440971683
20.37 0.695138550036
20.44 0.58608491062
20.51 0.483958565987
20.58 0.374600671629
20.65 0.399437703664
20.72 0.422537512693
20.79 0.437487431413
20.86 0.428386524064
20.93 0.462464108727
21.0 0.516209787818
21.07 0.578072322703
21.14 0.490238745777
21.21 0.626317369424
21.28 0.553962399454
21.35 0.424969603555
21.42 0.692968566275
21.49 0.709096613895
21.56 0.72052988884
21.63 0.556026813925
21.7 0.491091335798
21.77 0.496250641924
21.84 0.669721578927
21.91 0.730695555935
21.98 0.638944855002
22.05 0.542903421574
22.12 0.652330476676
22.19 0.733206239334
22.26 0.750038149356
22.33 0.833661841417
22.4 0.608759757036
22.47 0.396003191716
22.54 0.24471209123
22.61 0.190062900075
22.68 0.644273353276
22.75 0.778115819124
22.82 0.743437553705
22.89 0.451442153948
22.96 0.21651542835
23.03 0.138498509469
23.1 0.129517857052
23.17 0.828888632857
23.24 0.542412346895
23.31 0.242844257085
23.38 0.14508418192
23.45 0.676302458877
23.52 0.689399661175
23.59 0.721484550176
23.66 0.709897899713
23.73 0.694969378545
23.8 0.694537067087
23.87 0.703513606974
23.94 0.678651529647
24.01 0.60783401252
24.08 0.446845231608
24.15 0.604682957025
24.22 0.551325074566
24.29 0.404132237057
24.36 0.341425667728
24.43 0.253667667369
24.5 0.223877864646
24.57 0.571826545976
24.64 0.719996113736
24.71 0.437373835028
24.78 0.355723401802
24.85 0.308376628789
24.92 0.249224998484
24.99 0.19092078698
25.06 0.710432736948
25.13 0.477680119691
25.2 0.338734315312
25.27 0.303932605127
25.34 0.242564756511
25.41 0.184722787217
25.48 0.481888925211
25.55 0.60565755785
25.62 0.390613614879
25.69 0.445290350863
25.76 0.320234577145
25.83 0.132141098804
25.9 0.591203220551
25.97 0.735326850352
26.04 0.471097144743
26.11 0.294061447879
26.18 0.19269353371
26.25 0.369569335947
26.32 0.343061187808
26.39 0.672812218614
26.46 0.751632628484
26.53 0.619364628252
26.6 0.587243094867
26.67 0.20509084842
26.74 0.123077834277
26.81 0.96809072069
26.88 0.420844973216
26.95 0.234869124352
27.02 0.504169359486
27.09 0.591886286185
27.16 0.664020024748
27.23 0.679543401305
27.3 0.608658374299
27.37 0.662794461452
27.44 0.754339121002
27.51 0.6752696302
27.58 0.635427068189
27.65 0.603154493563
27.72 0.548245596722
27.79 0.738927693408
27.86 0.846912185116
27.93 0.848578224681
28.0 0.879401181434
28.07 0.945074038482
28.14 0.824002024157
28.21 0.625730776968
28.28 0.835596154296
28.35 0.768942196248
28.42 0.798705390608
28.49 0.889863448208
28.56 0.900648897204
28.63 0.787123377715
28.7 0.690092010558
28.77 0.729492004746
28.84 0.808095073672
28.91 0.81622396064
28.98 0.875931538252
29.05 0.750952344703
29.12 0.69518784187
29.19 0.791098104689
29.26 0.85357320346
29.33 0.756450348427
29.4 0.874519048489
29.47 0.816614012364
29.54 0.804412561859
29.61 0.823033956213
29.68 0.778289683271
29.75 0.656801683665
29.82 0.602125682737
29.89 0.699496170968
29.96 0.908335846398
30.03 0.923130420267
30.1 0.825201808825
30.17 0.502775819382
30.24 0.671466383173
30.31 0.81234619057
30.38 0.792334745479
30.45 0.573855913564
30.52 0.511326195088
30.59 0.503332648067
30.66 0.902931406611
30.73 0.89291953851
30.8 0.668614060227
30.87 0.570864212163
30.94 0.532651918105
31.01 0.923050855114
31.08 0.839497181077
31.15 0.8998091526
31.22 0.777427730315
31.29 0.724830328559
31.36 0.807863308747
31.43 0.61881063995
31.5 0.944898700778
31.57 0.425764087947
31.64 0.304497455742
31.71 0.298132221113
31.78 0.294169289475
31.85 0.251678388775
31.92 0.184993737377
31.99 0.174489527614
32.06 0.35262356788
32.13 0.817393323946
32.2 0.517305158285
32.27 0.285167893654
32.34 0.181021112286
32.41 0.13353007536
32.48 0.140653854068
32.55 0.174300774695
32.62 0.130013822354
32.69 0.0704799126452
32.76 0.805329730139
32.83 0.932377235509
32.9 0.826058044866
32.97 0.779660464161
33.04 0.999857657218
33.11 0.879983200012
33.18 0.50475898857
33.25 0.941803729937
33.32 0.43084334003
33.39 0.29034904835
33.46 0.231433682824
33.53 0.243161324736
33.6 0.146336549825
33.67 0.216623746787
33.74 0.210701574035
33.81 0.16629960684
33.88 0.254755709649
33.95 0.88736163369
34.02 0.679225393744
34.09 0.396956529262
34.16 0.243758827706
34.23 0.156904742228
34.3 0.119484007829
34.37 0.175481725042
34.44 0.108954969675
34.51 0.0583578620346
34.58 0.379303836344
34.65 0.975268642263
34.72 0.883252906052
34.79 0.837259136575
34.86 0.936624713274
34.93 0.912307683068
35.0 0.694681678732
35.07 0.729739267834
35.14 0.792158259572
35.21 0.85628098534
35.28 0.73938605376
35.35 0.832175598096
35.42 0.766907442262
35.49 0.699053439608
35.56 0.801502434536
35.63 0.863375509825
35.7 0.912823684259
35.77 0.997996503998
35.84 0.9240642177
35.91 0.892321834131
35.98 0.705017063016
36.05 0.875445707092
36.12 1.0
36.19 0.780869668573
36.26 0.961286337026
36.33 0.809739292209
36.4 0.578078172171
36.47 0.864226597025
36.54 0.782242028027
36.61 0.842136230853
36.68 0.794552204951
36.75 0.872293277884
36.82 0.70963625568
36.89 0.639745407485
36.96 0.935438404071
37.03 0.624199049648
37.1 0.328533110723
37.17 0.90260203924
37.24 0.447863138806
37.31 0.270239993928
37.38 0.555628991602
37.45 0.753217033719
37.52 0.694129107179
37.59 0.775887280437
37.66 0.488934194012
37.73 0.244697625934
37.8 0.466880363772
37.87 0.873784095082
37.94 0.363077328999
38.01 0.190338969811
38.08 0.678278954026
38.15 0.651192300776
38.22 0.734292964709
38.29 0.748618777259
38.36 0.598458818852
38.43 0.697099743267
38.5 0.715003730895
38.57 0.801793017768
38.64 0.488216072886
38.71 0.373947194178
38.78 0.562645378011
38.85 0.736548805502
38.92 0.443575912893
38.99 0.302484397118
39.06 0.230063263438
39.13 0.148408574801
39.2 0.208333755015
39.27 0.655520271553
39.34 0.406054489498
39.41 0.242469801646
39.48 0.296234693776
39.55 0.159091761401
39.62 0.120250243321
39.69 0.375776342306
39.76 0.552342671904
39.83 0.301024870612
39.9 0.304235853024
39.97 0.273679320755
40.04 0.148738529184
40.11 0.169961669617
40.18 0.560607702733
40.25 0.440892350012
40.32 0.238774575246
40.39 0.347975752762
40.46 0.213824373744
40.53 0.112929378182
40.6 0.400053293848
40.67 0.566022366178
40.74 0.338225523529
40.81 0.16628574577
40.88 0.221957474808
40.95 0.113741063245
41.02 0.0798469311744
41.09 0.589538905873
41.16 0.823803360883
41.23 0.662950582674
41.3 0.732278701073
41.37 0.355160529126
41.44 0.230164236471
41.51 0.458054532885
41.58 0.757546020148
41.65 0.293434766429
41.72 0.139326780648
41.79 0.610714956198
41.86 0.575095773454
41.93 0.5853744241
42.0 0.498431837452
42.07 0.477493764744
42.14 0.571349750677
42.21 0.593950860751
42.28 0.636283756969
42.35 0.464863154745
42.42 0.386459015916
42.49 0.403361534417
42.56 0.742759361479
42.63 0.409717266674
42.7 0.328309488229
42.77 0.203474284884
42.84 0.132975512096
42.91 0.618305223919
42.98 0.509679883275
43.05 0.587204314171
43.12 0.43552385226
43.19 0.603990636906
43.26 0.368521165759
43.33 0.296279243032
43.4 0.446595276182
43.47 0.779229089169
43.54 0.585504112545
43.61 0.342724614472
43.68 0.315391386712
43.75 0.209119835317
43.82 0.662432252368
43.89 0.571718527071
43.96 0.612701545896
44.03 0.389280879628
44.1 0.575214238083
44.17 0.352272990595
44.24 0.285490979475
44.31 0.227580529407
44.38 0.560842590358
44.45 0.693083887546
44.52 0.624200681577
44.59 0.570257337651
44.66 0.598796715979
44.73 0.735164562917
44.8 0.579679070564
44.87 0.808636264757
44.94 0.690952767111
45.01 0.615583823694
45.08 0.657783571363
45.15 0.667807546382
45.22 0.766854659338
45.29 0.674549222997
45.36 0.611874369557
45.43 0.364342747172
45.5 0.250457561172
45.57 0.514966201
45.64 0.299165927727
45.71 0.221364982963
45.78 0.185619416946
45.85 0.172171986816
45.92 0.169486349595
45.99 0.154333682615
46.06 0.22167047218
46.13 0.197722104752
46.2 0.388643170606
46.27 0.467657940138
46.34 0.398089453036
46.41 0.279768501142
46.48 0.231644570073
46.55 0.22759575386
46.62 0.166090249954
46.69 0.133008865078
46.76 0.354186274311
46.83 0.276357974077
46.9 0.195585005741
46.97 0.22130661051
47.04 0.112924411815
47.11 0.0493400350283
47.18 0.261092953595
47.25 0.416653543954
47.32 0.157182665959
47.39 0.0881436692856
47.46 0.0996765160092
47.53 0.037895577581
47.6 0.0336796452815
47.67 0.101685233152
47.74 0.0908410829067
47.81 0.0641427771505
47.88 0.0977839877464
47.95 0.238919083604
48.02 0.231067390475
48.09 0.347326764838
48.16 0.444746844435
48.23 0.309565172427
48.3 0.212148645891
48.37 0.249534434973
48.44 0.135499020255
48.51 0.0634292212954
48.58 0.593314895552
48.65 0.899112873159
48.72 0.708753798601
48.79 0.65312274557
48.86 0.641171436407
48.93 0.471385252538
49.0 0.390825973963
49.07 0.926891979079
49.14 0.738271878236
49.21 0.716522125629
49.28 0.764977796218
49.35 0.909332442116
49.42 0.830523448865
49.49 0.793796611428
49.56 0.420797697192
49.63 0.239092668878
49.7 0.211744256259
49.77 0.338879904738
49.84 0.306054531329
49.91 0.226671889161
49.98 0.299317931254
50.05 0.55202349204
50.12 0.532938979262
50.19 0.430847412967
50.26 0.296552078174
50.33 0.193751235534
50.4 0.0999709862622
50.47 0.259880232272
50.54 0.546653725583
50.61 0.457875905501
50.68 0.391136498405
50.75 0.449073803002
50.82 0.265781103873
50.89 0.194632141592
50.96 0.81694134843
51.03 0.699957289075
51.1 0.395919841107
51.17 0.224046621269
51.24 0.152960193893
51.31 0.664091060145
51.38 0.625660937975
51.45 0.695865805144
51.52 0.444348225083
51.59 0.206935940565
51.66 0.224190675166
51.73 0.166352925132
51.8 0.13697819016
51.87 0.322429010579
51.94 0.880228765756
52.01 0.435637056155
52.08 0.325692287024
52.15 0.741141925172
52.22 0.564071295039
52.29 0.321072242245
52.36 0.441949752306
52.43 0.65871334578
52.5 0.500298501015
52.57 0.405241886905
52.64 0.835509162832
52.71 0.608898052703
52.78 0.732357154173
52.85 0.522741289861
52.92 0.587211174126
52.99 0.463092367019
53.06 0.480157105819
53.13 0.412290841318
53.2 0.170868801877
53.27 0.212528701188
53.34 0.276131345941
53.41 0.164908175504
53.48 0.135614181432
53.55 0.179799998923
53.62 0.0962123057053
53.69 0.0842683643238
53.76 0.420951074432
53.83 0.670292671499
53.9 0.339825920982
53.97 0.246807023464
54.04 0.150626332083
54.11 0.0636292600028
54.18 0.0528410756318
54.25 0.146422992148
54.32 0.118604806001
54.39 0.101674043764
54.46 0.184478352462
54.53 0.126957392928
54.6 0.0574114997809
54.67 0.0612171482226
54.74 0.101840118376
54.81 0.0717211910061
54.88 0.0588429529735
54.95 0.536071524067
55.02 0.75307893774
55.09 0.397057271622
55.16 0.247170857592
55.23 0.150903210897
55.3 0.114514621761
55.37 0.0982929998745
55.44 0.169811736987
55.51 0.062760583085
55.58 0.08316669337
55.65 0.475083062827
55.72 0.489419009519
55.79 0.339629306227
55.86 0.185102196972
55.93 0.147889580018
56.0 0.0545771297769
56.07 0.0498635090095
56.14 0.13774537589
56.21 0.107886152484
56.28 0.0902650136393
56.35 0.18555577171
56.42 0.100524805863
56.49 0.0665873398762
56.56 0.107937176092
56.63 0.133233635775
56.7 0.099605475448
56.77 0.242791548183
56.84 0.753858097835
56.91 0.554101981039
56.98 0.448483325247
57.05 0.576700176708
57.12 0.65835093873
57.19 0.396936100883
57.26 0.251377814281
57.33 0.208209313532
57.4 0.0706023486459
57.47 0.0617946256314
57.54 0.583896682993
57.61 0.5030531561
57.68 0.312757587342
57.75 0.188847997683
57.82 0.185148636374
57.89 0.0736470154435
57.96 0.0634680983923
58.03 0.145318208823
58.1 0.112933210117
58.17 0.0997337815735
58.24 0.211748714799
58.31 0.112263482232
58.38 0.0762570743763
58.45 0.114917830482
58.52 0.681103613363
58.59 0.436900238173
58.66 0.251494257934
58.73 0.247396401217
58.8 0.127808741788
58.87 0.0815348261951
58.94 0.165113485274
59.01 0.186143985766
59.08 0.157454640379
59.15 0.182285585387
59.22 0.200881479987
59.29 0.429258836672
59.36 0.6038793025
59.43 0.531349302964
59.5 0.189518104285
59.57 0.698427126547
59.64 0.676245017725
59.71 0.443352009804
59.78 0.559228058127
59.85 0.757612104671
59.92 0.610490899901
59.99 0.481545023687
60.06 0.30968820749
60.13 0.487075390563
60.2 0.53588628978
60.27 0.383206689578
60.34 0.250089755673
60.41 0.603698650697
60.48 0.592373067583
60.55 0.659806029074
60.62 0.7237602616
60.69 0.762365387514
60.76 0.895012279346
60.83 0.757220469219
60.9 0.805756087122
60.97 0.750007874316
61.04 0.79821411452
61.11 0.823401014605
61.18 0.613577347872
61.25 0.687177596839
61.32 0.556635416767
61.39 0.672925011084
61.46 0.585486880888
61.53 0.641892249871
61.6 0.697223093354
61.67 0.538764403404
61.74 0.601140913341
61.81 0.656004448405
61.88 0.561776038337
61.95 0.593931124392
62.02 0.676096682596
62.09 0.741330621283
62.16 0.816852910954
62.23 0.857495364413
62.3 0.713712926583
62.37 0.549298967394
62.44 0.609732359265
62.51 0.657929980197
62.58 0.76960144398
62.65 0.752974721505
62.72 0.590661740263
62.79 0.459193225219
62.86 0.679384067868
62.93 0.517726507587
63.0 0.706741003358
63.07 0.678009413728
63.14 0.727652199156
63.21 0.677406328115
63.28 0.514250367674
63.35 0.607469284963
63.42 0.674394926506
63.49 0.674246925337
63.56 0.66823902294
63.63 0.596627179794
63.7 0.557413327094
63.77 0.467566526285
63.84 0.582834505413
63.91 0.362797122633
63.98 0.306494572072
64.05 0.516383559007
64.12 0.707616588431
64.19 0.687998562208
64.26 0.601050029692
64.33 0.45926815108
64.4 0.472514122311
64.47 0.452251671713
64.54 0.439766714833
64.61 0.447671941436
64.68 0.330996363168
64.75 0.583816430983
64.82 0.757318187002
64.89 0.69404250304
64.96 0.651912914552
65.03 0.586477782069
65.1 0.565924646674
65.17 0.58350557086
65.24 0.664072170738
65.31 0.706703672118
65.38 0.652738667258
65.45 0.66644111386
65.52 0.758603375963
65.59 0.549256072446
65.66 0.479683011466
65.73 0.437618908439
65.8 0.267231375894
65.87 0.320448860804
65.94 0.680853611457
66.01 0.654294744407
66.08 0.625686007368
66.15 0.554567972554
66.22 0.482199845585
66.29 0.38331834073
66.36 0.401490501829
66.43 0.308905038151
66.5 0.202227649389
66.57 0.383801340114
66.64 0.716885927049
66.71 0.74915687491
66.78 0.7500264246
66.85 0.725848593818
66.92 0.6850358396
66.99 0.578176981349
67.06 0.610790283156
67.13 0.655847309809
67.2 0.659834291745
67.27 0.634593801379
67.34 0.583300667351
67.41 0.664123333782
67.48 0.519678298289
67.55 0.614574590853
67.62 0.356352952899
67.69 0.210277990299
67.76 0.556068946273
67.83 0.47727150047
67.9 0.478073752018
67.97 0.417146043989
68.04 0.47270225551
68.11 0.396084276904
68.18 0.495902395475
68.25 0.393408381336
68.32 0.227278125018
68.39 0.181214127501
68.46 0.610604634001
68.53 0.54866305556
68.6 0.525104958478
68.67 0.571782824735
68.74 0.51613335225
68.81 0.46512205996
68.88 0.382869181497
68.95 0.642586756224
69.02 0.538433261224
69.09 0.318477958627
69.16 0.289120195374
69.23 0.291168335311
69.3 0.195241840994
69.37 0.194779268268
69.44 0.220888442437
69.51 0.193598935919
69.58 0.188301909089
69.65 0.499905381678
69.72 0.694128019226
69.79 0.569764512263
69.86 0.424452738198
69.93 0.29977889443
70.0 0.277192134316
70.07 0.253707811449
70.14 0.621277287084
70.21 0.725355190024
70.28 0.610380465809
70.35 0.453003249107
70.42 0.47222845036
70.49 0.579173682076
70.56 0.623323041099
70.63 0.58284030668
70.7 0.560409907068
70.77 0.313879404357
70.84 0.324078457142
70.91 0.659563981962
70.98 0.374647517291
71.05 0.234041782754
71.12 0.231561593018
71.19 0.154492592576
71.26 0.126175419992
71.33 0.129632155785
71.4 0.152517944537
71.47 0.121929982138
71.54 0.53268132898
71.61 0.511244326643
71.68 0.582898591339
71.75 0.497107464977
71.82 0.42354743239
71.89 0.41112273983
71.96 0.549535421533
72.03 0.692343682013
72.1 0.712357206608
72.17 0.66028866179
72.24 0.556980604211
72.31 0.497464086253
72.38 0.585660230324
72.45 0.501847821495
72.52 0.708786977718
72.59 0.6042526872
72.66 0.29128854032
72.73 0.358354553591
72.8 0.586858758338
72.87 0.462702401368
72.94 0.40151353131
73.01 0.484574187157
73.08 0.370236016875
73.15 0.216720874114
73.22 0.496285299761
73.29 0.719531048358
73.36 0.383798980014
73.43 0.385245655938
73.5 0.680655340673
73.57 0.609981278381
73.64 0.703170886361
73.71 0.591654209679
73.78 0.285537201974
73.85 0.700628349357
73.92 0.616749427365
73.99 0.413508697708
74.06 0.510023533468
74.13 0.605535416217
74.2 0.730522736704
74.27 0.479207211162
74.34 0.320812579594
74.41 0.513201774011
74.48 0.657377467172
74.55 0.383453618705
74.62 0.382373643113
74.69 0.797444978394
74.76 0.502202757477
74.83 0.265633032124
74.9 0.187900294424
74.97 0.166063488382
75.04 0.166134250069
75.11 0.154388143947
75.18 0.11482260363
75.25 0.117366917164
75.32 0.103806450118
75.39 0.566107613818
75.46 0.728588764671
75.53 0.745385465994
75.6 0.678879569367
75.67 0.683731955755
75.74 0.637750609941
75.81 0.672655109284
75.88 0.551866360331
75.95 0.542246172439
76.02 0.563247225906
76.09 0.610840872959
76.16 0.610888028482
76.23 0.572232970356
76.3 0.640486683757
76.37 0.603091333774
76.44 0.585717371944
76.51 0.590212226412
76.58 0.536515462159
76.65 0.506429676034
76.72 0.529911365091
76.79 0.47496783107
76.86 0.535651362562
76.93 0.646076204622
77.0 0.65198874245
77.07 0.440949384903
77.14 0.697958182756
77.21 0.809942434681
77.28 0.776407767712
77.35 0.484889991269
77.42 0.707393659679
77.49 0.688039666854
77.56 0.43989937277
77.63 0.386021472989
77.7 0.46398396841
77.77 0.515925606637
77.84 0.575347102593
77.91 0.472411004358
77.98 0.427623368236
78.05 0.669361397704
78.12 0.737508870452
78.19 0.662859421872
78.26 0.50030552795
78.33 0.690482439278
78.4 0.718665592263
78.47 0.590383090082
78.54 0.415265364427
78.61 0.376690133113
78.68 0.360961479495
78.75 0.415158801863
78.82 0.463552428159
78.89 0.532601629554
78.96 0.486450382357
79.03 0.465589986378
79.1 0.484877903287
79.17 0.452769174004
79.24 0.631249687633
79.31 0.662252919192
79.38 0.613500896811
79.45 0.565376561204
79.52 0.459381950595
79.59 0.342316361918
79.66 0.310794674388
79.73 0.313823829251
79.8 0.218571839827
79.87 0.160125054868
79.94 0.455788511471
80.01 0.494341555089
80.08 0.51945424027
80.15 0.578374582491
80.22 0.585103692563
80.29 0.634326364687
80.36 0.65070267211
80.43 0.592409124954
80.5 0.700340670202
80.57 0.685825818972
80.64 0.662509886061
80.71 0.650300590934
80.78 0.735070964551
80.85 0.658417073175
80.92 0.588317575609
80.99 0.690565808823
81.06 0.716476598593
81.13 0.645704770318
81.2 0.729033370684
81.27 0.767648446546
81.34 0.547048819417
81.41 0.454324736441
81.48 0.463097009754
81.55 0.494359817891
81.62 0.563099212687
81.69 0.63299567279
81.76 0.577383784597
81.83 0.509499715198
81.9 0.540130076769
81.97 0.561872144848
82.04 0.639132254866
82.11 0.505568175817
82.18 0.597291862126
82.25 0.534233655102
82.32 0.769954229879
82.39 0.678729724531
82.46 0.421065140771
82.53 0.246507943184
82.6 0.176085673099
82.67 0.153735702805
82.74 0.268587706981
82.81 0.545123060394
82.88 0.6136110658
82.95 0.282743001872
83.02 0.154534260134
83.09 0.648382597347
83.16 0.493319194515
83.23 0.216239386158
83.3 0.130846321399
83.37 0.108024622017
83.44 0.101294401614
83.51 0.382676254076
83.58 0.681481866307
83.65 0.604276148764
83.72 0.496474798066
83.79 0.576464387046
83.86 0.605143563863
83.93 0.335299045929
84.0 0.198379228222
84.07 0.152474121731
84.14 0.112609518348
84.21 0.121832357314
84.28 0.662515466983
84.35 0.708103080626
84.42 0.272408531675
84.49 0.187760072462
84.56 0.125030860977
84.63 0.155257287376
84.7 0.111465828661
84.77 0.0910660670626
84.84 0.0957208850159
84.91 0.0550229476867
84.98 0.0568387546223
85.05 0.0515768607479
85.12 0.0502989982539
85.19 0.0390858013483
85.26 0.0285101602557
85.33 0.0287284204505
85.4 0.0253021060202
85.47 0.0272233135442
85.54 0.0247163174786
85.61 0.0187535685647
85.68 0.0168864350474
85.75 0.0165075245111
85.82 0.0168076755302
85.89 0.0159541972437
85.96 0.0148606979858
86.03 0.0152193815521
86.1 0.0159083190331
86.17 0.0150390120667
86.24 0.757193187771
86.31 0.471959565933
86.38 0.308933454032
86.45 0.136382973269
86.52 0.0963571015453
86.59 0.119469983222
86.66 0.169166692891
86.73 0.635122909647
86.8 0.40583335277
86.87 0.160086127849
86.94 0.11551241044
87.01 0.585314813928
87.08 0.452864455943
87.15 0.200840141225
87.22 0.146906712817
87.29 0.102836665894
87.36 0.0852443750118
87.43 0.522604989348
87.5 0.696642529396
87.57 0.508099072415
87.64 0.454641664656
87.71 0.666450130785
87.78 0.581739246839
87.85 0.322487167851
87.92 0.155098423893
87.99 0.144597879085
88.06 0.121089595436
88.13 0.627745419322
88.2 0.72938547489
88.27 0.461179122896
88.34 0.222688432743
88.41 0.121716089248
88.48 0.143820194267
88.55 0.099252167952
88.62 0.0753295395583
88.69 0.0830429146428
88.76 0.0574200209299
88.83 0.0523939425386
88.9 0.0418554175055
88.97 0.0411967378501
89.04 0.0333784941034
89.11 0.0286103689683
89.18 0.026072254355
89.25 0.0220720241841
89.32 0.0233425757044
89.39 0.0194193801636
89.46 0.0179266401128
89.53 0.0174185919935
89.6 0.0166497881067
89.67 0.0162155090376
89.74 0.0156436418156
89.81 0.0150648130731
89.88 0.013330506194
89.95 0.013668434307
90.02 0.637019652006
90.09 0.814016704169
90.16 0.440658963487
90.23 0.199143179357
90.3 0.124364383179
90.37 0.134674376159
90.44 0.114193202298
90.51 0.726195225553
90.58 0.699685142511
90.65 0.304650097925
90.72 0.181475465117
90.79 0.680382094106
90.86 0.591046495102
90.93 0.251567298814
91.0 0.171380883341
91.07 0.141782777206
91.14 0.104896198349
91.21 0.251169185567
91.28 0.83277645444
91.35 0.750510372499
91.42 0.698416710088
91.49 0.758987855371
91.56 0.685990988105
91.63 0.513614244103
91.7 0.241046599336
91.77 0.228914834615
91.84 0.20533366846
91.91 0.314343657214
91.98 0.852994593341
92.05 0.678902178815
92.12 0.285684106583
92.19 0.162627451235
92.26 0.14705477768
92.33 0.118612079103
92.4 0.118495420269
92.47 0.082786416007
92.54 0.0906016024687
92.61 0.0601925773138
92.68 0.0542115483834
92.75 0.0497199784311
92.82 0.0358832144197
92.89 0.0369338979163
92.96 0.0319544224637
93.03 0.02872052935
93.1 0.0235677802052
93.17 0.0222580279565
93.24 0.0197864265061
93.31 0.0167709295813
93.38 0.0182573794747
93.45 0.0154952688145
93.52 0.0141699254453
93.59 0.0155118687014
93.66 0.013052276046
93.73 0.0136523732322
93.8 0.405570594963
93.87 0.690237066336
93.94 0.707840248796
94.01 0.368273930214
94.08 0.176113168007
94.15 0.130831475664
94.22 0.116622843545
94.29 0.241790519746
94.36 0.791368152813
94.43 0.597349043339
94.5 0.271213978476
94.57 0.173846146433
94.64 0.708919664919
94.71 0.498999922661
94.78 0.214627424043
94.85 0.170163126794
94.92 0.140453622559
94.99 0.107160885644
95.06 0.537577250693
95.13 0.675716530898
95.2 0.694624550884
95.27 0.573961152336
95.34 0.692078781008
95.41 0.686423478594
95.48 0.338304548149
95.55 0.227777770768
95.62 0.22273903804
95.69 0.185072180149
95.76 0.639053414441
95.83 0.732775415204
95.9 0.46173283921
95.97 0.218434501283
96.04 0.149022178439
96.11 0.156423435024
96.18 0.115043878073
96.25 0.0931874630596
96.32 0.0916973172254
96.39 0.0764979440197
96.46 0.0607388604314
96.53 0.0501025900724
96.6 0.0454859623598
96.67 0.0384114875362
96.74 0.0341318273708
96.81 0.0311443572797
96.88 0.0297767197468
96.95 0.0243505140189
97.02 0.0237539767794
97.09 0.0192717990268
97.16 0.0181159542225
97.23 0.0220429317763
97.3 0.0183240389603
97.37 0.0183316529082
97.44 0.0157470747933
97.51 0.0152026198495
97.58 0.0164045838666
97.65 0.435454440185
97.72 0.688675990113
97.79 0.719710068231
97.86 0.706423968413
97.93 0.779893564927
98.0 0.924495028058
98.07 0.969292591749
98.14 0.780078632234
98.21 0.589954185362
98.28 0.680405268189
98.35 0.832283861447
98.42 0.806869680799
98.49 0.669239636509
98.56 0.819052889159
98.63 0.824066411336
98.7 0.882531743135
98.77 0.884608202551
98.84 0.892183269919
98.91 0.871961502213
98.98 0.849558053532
99.05 0.924145571433
99.12 0.888885385559
99.19 0.922966494017
99.26 0.898852776705
99.33 0.88425302901
99.4 0.910871568204
99.47 0.84932910489
99.54 0.819592169441
99.61 0.655324543342
99.68 0.465924308065
99.75 0.404878026956
99.82 0.41273891432
99.89 0.276727008687
99.96 0.23696335768
100.03 0.278306122203
100.1 0.246476895215
100.17 0.191549537606
100.24 0.165299494211
100.31 0.253932688875
100.38 0.215325540265
100.45 0.202894177109
100.52 0.399340621094
100.59 0.376325202426
100.66 0.441117683622
100.73 0.584068863568
100.8 0.528978035891
100.87 0.567087187896
100.94 0.513529206478
101.01 0.705544007429
101.08 0.609764854968
101.15 0.55093550829
101.22 0.476257318477
101.29 0.443294728747
101.36 0.415370296782
101.43 0.420464021047
101.5 0.681117262694
101.57 0.555295694174
101.64 0.492257371553
101.71 0.630561240764
101.78 0.655759338844
101.85 0.816391531188
101.92 0.812948751143
101.99 0.752796613998
102.06 0.755831809409
102.13 0.788809241432
102.2 0.704472637336
102.27 0.579848956454
102.34 0.683070101756
102.41 0.7710060633
102.48 0.830195651452
102.55 0.784033085759
102.62 0.771555374438
102.69 0.743192144613
102.76 0.76541414102
102.83 0.845530767422
102.9 0.789607013782
102.97 0.72870163977
103.04 0.696484053239
103.11 0.735545809454
103.18 0.724522413826
103.25 0.693912738851
103.32 0.672972238907
103.39 0.481960585492
103.46 0.402256095222
103.53 0.365148402016
103.6 0.35843840514
103.67 0.209937896609
103.74 0.206857945369
103.81 0.282403817104
103.88 0.184295142594
103.95 0.160355475345
104.02 0.267113840845
104.09 0.225402193199
104.16 0.192799075456
104.23 0.269771706006
104.3 0.158787663111
104.37 0.166946172692
104.44 0.323087407917
104.51 0.295647748424
104.58 0.150976899039
104.65 0.419570118085
104.72 0.714066538774
104.79 0.493756505047
104.86 0.395593154025
104.93 0.602068370694
105.0 0.389994869287
105.07 0.355402653702
105.14 0.473950701965
105.21 0.657083812884
105.28 0.667906834122
105.35 0.601582124666
105.42 0.439372641816
105.49 0.439098272868
105.56 0.406547442273
105.63 0.691444674969
105.7 0.664894348003
105.77 0.58456449491
105.84 0.534295386092
105.91 0.541553430566
105.98 0.566398129914
106.05 0.50559716666
106.12 0.711477347189
106.19 0.537920723578
106.26 0.529991677351
106.33 0.684793840689
106.4 0.646551720888
106.47 0.522920382035
106.54 0.566063334829
106.61 0.744430016236
106.68 0.760358138764
106.75 0.698727303388
106.82 0.656679316522
106.89 0.544438058135
106.96 0.48658702888
107.03 0.684865690329
107.1 0.51279234399
107.17 0.606840463758
107.24 0.687818024022
107.31 0.615278501456
107.38 0.6062112449
107.45 0.636276452881
107.52 0.550493747824
107.59 0.50797780011
107.66 0.645206691082
107.73 0.718072124358
107.8 0.528996739383
107.87 0.701272625688
107.94 0.785935682749
108.01 0.539062452539
108.08 0.360691469243
108.15 0.26412940566
108.22 0.415780986901
108.29 0.282100937596
108.36 0.215188261972
108.43 0.495926581766
108.5 0.640208870198
108.57 0.670128259801
108.64 0.593960130728
108.71 0.381853009515
108.78 0.407210322252
108.85 0.773772067867
108.92 0.564680436693
108.99 0.664296776176
109.06 0.741456372785
109.13 0.684432945067
109.2 0.681370075718
109.27 0.719200656728
109.34 0.667871131368
109.41 0.544566548455
109.48 0.582270766851
109.55 0.719001353078
109.62 0.643583899362
109.69 0.712053855425
109.76 0.698371811379
109.83 0.588729212521
109.9 0.593873387152
109.97 0.529829066284
110.04 0.539705183014
110.11 0.608929877043
110.18 0.621354130634
110.25 0.736776951951
110.32 0.637303934752
110.39 0.520889503019
110.46 0.383600032703
110.53 0.402354525683
110.6 0.61374357225
110.67 0.661014644751
110.74 0.611325660924
110.81 0.580241555914
110.88 0.532330223211
110.95 0.515292629866
111.02 0.648676613138
111.09 0.66403009864
111.16 0.674284735138
111.23 0.612243746735
111.3 0.632152817536
111.37 0.628245097779
111.44 0.609697174666
111.51 0.647757127794
111.58 0.659725060944
111.65 0.659904741851
111.72 0.616162199696
111.79 0.566915549576
111.86 0.345289454507
111.93 0.218197530711
112.0 0.36043175495
112.07 0.306850824959
112.14 0.186608440031
112.21 0.280544894876
112.28 0.612990920674
112.35 0.643688795567
112.42 0.701081801872
112.49 0.69847552151
112.56 0.74390920705
112.63 0.695834495516
112.7 0.747058332806
112.77 0.780417613871
112.84 0.868754498059
112.91 0.810813743687
112.98 0.758869518129
113.05 0.777339149958
113.12 0.7909094103
113.19 0.658803308457
113.26 0.587068559356
113.33 0.604424843675
113.4 0.614129566529
113.47 0.700979911309
113.54 0.753865148871
113.61 0.568779613758
113.68 0.606982371015
113.75 0.535925493951
113.82 0.558960638649
113.89 0.488505599151
113.96 0.352528816146
114.03 0.26241864986
114.1 0.438110206905
114.17 0.495178459311
114.24 0.342619719988
114.31 0.256681516872
114.38 0.377645095703
114.45 0.395801858483
114.52 0.259139331275
114.59 0.156808930084
114.66 0.734179975994
114.73 0.742888791708
114.8 0.733894333307
114.87 0.637936928738
114.94 0.776635172219
115.01 0.754368654099
115.08 0.611421841457
115.15 0.72247816091
115.22 0.684102222919
115.29 0.675691012209
115.36 0.617960728496
115.43 0.664350411214
115.5 0.610434081912
115.57 0.523027369795
115.64 0.620832768865
115.71 0.588627797076
115.78 0.526328836481
115.85 0.522431627862
115.92 0.3076421023
115.99 0.219402240432
116.06 0.380970786552
116.13 0.415100637705
116.2 0.236462747922
116.27 0.15870996056
116.34 0.461474846361
116.41 0.295063266459
116.48 0.452376552165
116.55 0.644204863895
116.62 0.752945899364
116.69 0.587150386487
116.76 0.688255623757
116.83 0.670399929525
116.9 0.706556500684
116.97 0.738100410338
117.04 0.643039258502
117.11 0.517036022527
117.18 0.453055906365
117.25 0.351322326452
117.32 0.569262015801
117.39 0.675030220341
117.46 0.432247918035
117.53 0.38701036008
117.6 0.712386803399
117.67 0.607738165947
117.74 0.550364661884
117.81 0.556566302502
117.88 0.583282173875
117.95 0.569107767511
118.02 0.502922350437
118.09 0.473086456045
118.16 0.406209803362
118.23 0.580012096003
118.3 0.508661290942
118.37 0.401982163521
118.44 0.368640174364
118.51 0.503158055748
118.58 0.504501407146
118.65 0.433345486787
118.72 0.441001202097
118.79 0.654048312777
118.86 0.578454767365
118.93 0.632799534875
119.0 0.523074623439
119.07 0.470029585929
119.14 0.55092457884
119.21 0.478356783274
119.28 0.600571063652
119.35 0.768780635263
119.42 0.536057590697
119.49 0.497317990723
119.56 0.584236793897
119.63 0.654615299704
119.7 0.612345229316
119.77 0.690345451909
119.84 0.490539581931
119.91 0.60495655821
119.98 0.52202020613
120.05 0.349625290562
120.12 0.480167789102
120.19 0.529755223212
120.26 0.554049332388
120.33 0.363270776296
120.4 0.269024972756
120.47 0.489188487477
120.54 0.537042094991
120.61 0.474466061058
120.68 0.522738731795
120.75 0.67234728923
120.82 0.494695680271
120.89 0.432746016207
120.96 0.58262072958
121.03 0.444775473774
121.1 0.341702766887
121.17 0.42776600022
121.24 0.645185503547
121.31 0.415178247298
121.38 0.328693514898
121.45 0.603716884235
121.52 0.454232606467
121.59 0.453241982438
121.66 0.650222891827
121.73 0.688208149767
121.8 0.415185744187
121.87 0.436086805844
121.94 0.666926011997
122.01 0.36520812236
122.08 0.436483347412
122.15 0.705860033606
122.22 0.539574103641
122.29 0.275358443296
122.36 0.496645078166
122.43 0.682356122426
122.5 0.747749434143
122.57 0.689266660671
122.64 0.646923194785
122.71 0.698556950987
122.78 0.664417050042
122.85 0.675902505406
122.92 0.599845101348
122.99 0.457301499149
123.06 0.26154598952
123.13 0.567429188946
123.2 0.580487552019
123.27 0.536257510625
123.34 0.515792798935
123.41 0.570625492603
123.48 0.572360627497
123.55 0.622804189196
123.62 0.574386579739
123.69 0.612118129505
123.76 0.687686519453
123.83 0.59731544419
123.9 0.60519656541
123.97 0.541537154311
124.04 0.385319917322
124.11 0.493766436059
124.18 0.304580584285
124.25 0.216826961559
124.32 0.163893131068
124.39 0.121591277654
124.46 0.113880209305
124.53 0.091899910556
124.6 0.0809829655982
124.67 0.063004632236
124.74 0.0454458492659
124.81 0.049664678756
124.88 0.0449536504837
124.95 0.0369010889104
125.02 0.0192942260025
125.09 0.0146136793434
125.16 0.0115187997386
125.23 0.00966547736846
125.3 0.00663495739967
125.37 0.0058569696078
125.44 0.00507833283144
125.51 0.00405880575428
125.58 0.00611109092909
125.65 0.00254982043417
125.72 0.00260652652914
125.79 0.000731477811187
125.86 0.0
