0.0 0.0108587384844
0.07 0.0108482106442
0.14 0.0107852798325
0.21 0.0112928082309
0.28 0.0110914973756
0.35 0.0109362356164
0.42 0.0107884202936
0.49 0.0109429994194
0.56 0.0108039489013
0.63 0.0114188400784
0.7 0.0117071701941
0.77 0.0108455843293
0.84 0.0109385371159
0.91 0.0111381335712
0.98 0.0112081807929
1.05 0.0107098757622
1.12 0.0112810749261
1.19 0.297940095276
1.26 0.440211295229
1.33 0.562772995724
1.4 0.323056159156
1.47 0.205998420803
1.54 0.123261080152
1.61 0.0964965503467
1.68 0.0766666781249
1.75 0.41634881555
1.82 0.695426168629
1.89 0.614799259561
1.96 0.571329750129
2.03 0.54902442851
2.1 0.557250301981
2.17 0.38734008754
2.24 0.518995788841
2.31 0.484798834886
2.38 0.298009039515
2.45 0.154885087982
2.52 0.107943440927
2.59 0.106425514314
2.66 0.0892717926644
2.73 0.134365359969
2.8 0.728510900823
2.87 0.618897076748
2.94 0.543457255901
3.01 0.547982212282
3.08 0.540620724688
3.15 0.343500507416
3.22 0.416668458218
3.29 0.775298300515
3.36 0.285920584682
3.43 0.214215298452
3.5 0.11906395804
3.57 0.100916506242
3.64 0.092577763763
3.71 0.072604257131
3.78 0.0625049648337
3.85 0.0589869935005
3.92 0.756854761247
3.99 0.453747455755
4.06 0.216601329818
4.13 0.145499818089
4.2 0.103246476556
4.27 0.0834903217961
4.34 0.0721137754614
4.41 0.582676187639
4.48 0.694387528845
4.55 0.578614484018
4.62 0.527890465898
4.69 0.462157836531
4.76 0.392350510927
4.83 0.284025092305
4.9 0.678821662916
4.97 0.383158707684
5.04 0.230240892807
5.11 0.152713151649
5.18 0.096531583511
5.25 0.0675091680926
5.32 0.0720850388523
5.39 0.455164069493
5.46 0.567080344896
5.53 0.405862279033
5.6 0.463132472049
5.67 0.457434341516
5.74 0.40476880103
5.81 0.276630527387
5.88 0.420576237554
5.95 0.330943159847
6.02 0.215773410114
6.09 0.125962043494
6.16 0.0806960999591
6.23 0.0819705001372
6.3 0.0627576364721
6.37 0.0546184939218
6.44 0.044923265029
6.51 0.270748759778
6.58 0.499012204247
6.65 0.215468161806
6.72 0.127287972942
6.79 0.086540687496
6.86 0.0631931218579
6.93 0.0507323851564
7.0 0.0434412782843
7.07 0.436759570604
7.14 0.522565843542
7.21 0.477024437445
7.28 0.39872350016
7.35 0.344757902553
7.42 0.283346924657
7.49 0.183488557545
7.56 0.498463193275
7.63 0.25048331011
7.7 0.154963470974
7.77 0.0964907453571
7.84 0.0691792073187
7.91 0.068119619547
7.98 0.052299282467
8.05 0.465201917834
8.12 0.480647232091
8.19 0.435746394957
8.26 0.401614553461
8.33 0.329205798722
8.4 0.287825750304
8.47 0.173947124399
8.54 0.48831669679
8.61 0.304137661614
8.68 0.17785597198
8.75 0.102620814361
8.82 0.0745890650563
8.89 0.0640179810021
8.96 0.0539095556602
9.03 0.040243783369
9.1 0.034456345972
9.17 0.37920428173
9.24 0.402777979678
9.31 0.178372035901
9.38 0.104133081891
9.45 0.156510061243
9.52 0.114763296243
9.59 0.0491308802419
9.66 0.0489146139826
9.73 0.510751473845
9.8 0.410952761598
9.87 0.372925139829
9.94 0.313039507191
10.01 0.292338452286
10.08 0.230200909248
10.15 0.25796593474
10.22 0.457794711171
10.29 0.277308602975
10.36 0.187970716457
10.43 0.142530824725
10.5 0.0858098146418
10.57 0.0569946557637
10.64 0.0940953516647
10.71 0.458749208134
10.78 0.455098842393
10.85 0.450747865476
10.92 0.429194257006
10.99 0.396107249368
11.06 0.283501376984
11.13 0.233104159628
11.2 0.472536758407
11.27 0.242412792195
11.34 0.121980709971
11.41 0.0875950313229
11.48 0.0794606741545
11.55 0.0658476105434
11.62 0.0498515170686
11.69 0.0460534575933
11.76 0.107089379663
11.83 0.596217083175
11.9 0.418528008989
11.97 0.297875738403
12.04 0.326956274934
12.11 0.286888221905
12.18 0.225218833387
12.25 0.255280284621
12.32 0.33665085767
12.39 0.570365883891
12.46 0.382092171989
12.53 0.294895209751
12.6 0.265266548108
12.67 0.25144530562
12.74 0.223038953841
12.81 0.404327967481
12.88 0.403443962406
12.95 0.258576589422
13.02 0.286042331398
13.09 0.268924886591
13.16 0.257827321942
13.23 0.318498999153
13.3 0.203256207643
13.37 0.460259597988
13.44 0.413956027329
13.51 0.390893265736
13.58 0.372789941934
13.65 0.308393075063
13.72 0.310810693424
13.79 0.384517427855
13.86 0.488207293059
13.93 0.321225058392
14.0 0.233924278552
14.07 0.135853848232
14.14 0.166977544819
14.21 0.23475345583
14.28 0.250180184393
14.35 0.25296883747
14.42 0.388086733916
14.49 0.552652020696
14.56 0.373259359238
14.63 0.303092461254
14.7 0.245882544943
14.77 0.31464883894
14.84 0.283236113972
14.91 0.252308595463
14.98 0.410171582309
15.05 0.478667247761
15.12 0.318901059818
15.19 0.272609092191
15.26 0.253160730415
15.33 0.246261378702
15.4 0.307411738273
15.47 0.427438292817
15.54 0.392087347925
15.61 0.271981022541
15.68 0.214871911906
15.75 0.261368219683
15.82 0.240842665837
15.89 0.221242207082
15.96 0.359359049387
16.03 0.444608559208
16.1 0.426102813449
16.17 0.427807687824
16.24 0.383244476318
16.31 0.334051558073
16.38 0.266440194719
16.45 0.472516281142
16.52 0.292437868377
16.59 0.157985093117
16.66 0.104858603108
16.73 0.0826685735843
16.8 0.0751861956055
16.87 0.0564498309151
16.94 0.0510572769794
17.01 0.0367410523046
17.08 0.293899633193
17.15 0.512704227528
17.22 0.304136909502
17.29 0.2655926315
17.36 0.270294878029
17.43 0.242498385394
17.5 0.277810703309
17.57 0.298382233298
17.64 0.555011905292
17.71 0.339371403732
17.78 0.25342759666
17.85 0.294053659958
17.92 0.330956258419
17.99 0.383544426835
18.06 0.41753133987
18.13 0.540396157398
18.2 0.316573154775
18.27 0.280300253516
18.34 0.273949009545
18.41 0.164758180227
18.48 0.22349536637
18.55 0.233557852046
18.62 0.589867484125
18.69 0.578005248451
18.76 0.50115038236
18.83 0.456064704422
18.9 0.435100960711
18.97 0.4439339819
19.04 0.38637703942
19.11 0.49071019891
19.18 0.403420567012
19.25 0.265576560954
19.32 0.155678047475
19.39 0.188057322316
19.46 0.217113389999
19.53 0.273022022882
19.6 0.266471203299
19.67 0.202414624848
19.74 0.563079435601
19.81 0.428157218718
19.88 0.341766554247
19.95 0.439687208193
20.02 0.269090349638
20.09 0.24264000838
20.16 0.3104911984
20.23 0.323709573092
20.3 0.615383119577
20.37 0.455126522918
20.44 0.403440088939
20.51 0.372673680603
20.58 0.365290126406
20.65 0.327206257726
20.72 0.489446126819
20.79 0.532629025747
20.86 0.400969810533
20.93 0.366826393798
21.0 0.374946017896
21.07 0.288895499413
21.14 0.25781234222
21.21 0.42240922989
21.28 0.502564025861
21.35 0.648984740758
21.42 0.620447641229
21.49 0.602234453396
21.56 0.535889168346
21.63 0.32275174981
21.7 0.596365311899
21.77 0.467188982098
21.84 0.217087726109
21.91 0.159132132657
21.98 0.105135795703
22.05 0.0886719037898
22.12 0.065376763704
22.19 0.0481268602206
22.26 0.0401299277563
22.33 0.355153004405
22.4 0.289715020815
22.47 0.210404369686
22.54 0.233888286574
22.61 0.223756389412
22.68 0.346655163176
22.75 0.202174051281
22.82 0.162654566294
22.89 0.209238732293
22.96 0.300516423303
23.03 0.423329400641
23.1 0.425020017878
23.17 0.364479552191
23.24 0.36451850051
23.31 0.390710193178
23.38 0.400296419582
23.45 0.170001536203
23.52 0.148086357825
23.59 0.140993473456
23.66 0.316128414756
23.73 0.377649459909
23.8 0.303097555819
23.87 0.253307479232
23.94 0.248278649061
24.01 0.44894698644
24.08 0.434274044981
24.15 0.400396118802
24.22 0.216995278784
24.29 0.236702165822
24.36 0.340377372646
24.43 0.1652126925
24.5 0.113914110684
24.57 0.38551949551
24.64 0.403912040498
24.71 0.232401351172
24.78 0.111680092923
24.85 0.0870420721935
24.92 0.0590591511538
24.99 0.312948379971
25.06 0.314800736168
25.13 0.273996797358
25.2 0.279781452112
25.27 0.261630733054
25.34 0.418593507058
25.41 0.266048927652
25.48 0.231574824526
25.55 0.317061630232
25.62 0.284227257755
25.69 0.411578983101
25.76 0.351392639148
25.83 0.348727768529
25.9 0.248856453962
25.97 0.399407613493
26.04 0.325892963075
26.11 0.168998308245
26.18 0.155449036988
26.25 0.378174587396
26.32 0.450396910257
26.39 0.322771705981
26.46 0.238172940356
26.53 0.240602585572
26.6 0.37123947125
26.67 0.366597008123
26.74 0.161405901222
26.81 0.148071074132
26.88 0.287387581283
26.95 0.334123076517
27.02 0.378526791504
27.09 0.270634612353
27.16 0.281090741285
27.23 0.291575509556
27.3 0.437618722958
27.37 0.197333869375
27.44 0.117184128018
27.51 0.0860921539109
27.58 0.0800551141205
27.65 0.369770933947
27.72 0.28362102369
27.79 0.235291405709
27.86 0.229882770806
27.93 0.252936150966
28.0 0.421151789592
28.07 0.201075563826
28.14 0.186758529718
28.21 0.299724629324
28.28 0.329489491099
28.35 0.378132505564
28.42 0.357337419208
28.49 0.301226844946
28.56 0.361006697195
28.63 0.461518876012
28.7 0.359893678159
28.77 0.179359646666
28.84 0.181782498549
28.91 0.192664778334
28.98 0.392204875515
29.05 0.459328928926
29.12 0.401341647734
29.19 0.329522227975
29.26 0.404136564364
29.33 0.427037842333
29.4 0.361359665574
29.47 0.233643257651
29.54 0.309452115686
29.61 0.464110776071
29.68 0.17771302194
29.75 0.143669252315
29.82 0.3494513947
29.89 0.422224781644
29.96 0.307561665764
30.03 0.110501504601
30.1 0.0857561245676
30.17 0.0626250787879
30.24 0.275601946459
30.31 0.35527444715
30.38 0.292980099914
30.45 0.25365357959
30.52 0.233092705977
30.59 0.35802504819
30.66 0.208082104619
30.73 0.191591037643
30.8 0.245414848987
30.87 0.352792289533
30.94 0.348156875074
31.01 0.405023051584
31.08 0.273552196298
31.15 0.231985769848
31.22 0.305337996934
31.29 0.427924784642
31.36 0.287052839042
31.43 0.16379660333
31.5 0.153130640177
31.57 0.197554141112
31.64 0.464619150379
31.71 0.38481329473
31.78 0.234516443073
31.85 0.204631083471
31.92 0.359844842946
31.99 0.369487137351
32.06 0.33539420075
32.13 0.254586970501
32.2 0.370518155264
32.27 0.346632842974
32.34 0.214811452818
32.41 0.184768734921
32.48 0.366110386025
32.55 0.441964132852
32.62 0.372780690775
32.69 0.176195972502
32.76 0.0838134992191
32.83 0.0849087923666
32.9 0.294810245338
32.97 0.315595357952
33.04 0.224693290761
33.11 0.302754423961
33.18 0.42436710593
33.25 0.500056067132
33.32 0.335742896157
33.39 0.33824922386
33.46 0.327177274466
33.53 0.251378596875
33.6 0.524079445073
33.67 0.396395815713
33.74 0.24865792575
33.81 0.240470585459
33.88 0.358812345126
33.95 0.429519110615
34.02 0.265726283482
34.09 0.170164058542
34.16 0.293922041981
34.23 0.413540770821
34.3 0.332907992494
34.37 0.327807605664
34.44 0.440031066109
34.51 0.532186389211
34.58 0.448899674559
34.65 0.324994907563
34.72 0.390754628619
34.79 0.385437841783
34.86 0.383066319416
34.93 0.511678681105
35.0 0.427103922291
35.07 0.420329473388
35.14 0.393883248774
35.21 0.455897865686
35.28 0.227595900195
35.35 0.148196432031
35.42 0.109598919044
35.49 0.15176367977
35.56 0.345704623054
35.63 0.294406154142
35.7 0.311945680055
35.77 0.577744958415
35.84 0.556458483685
35.91 0.374141585645
35.98 0.328796185664
36.05 0.335951747245
36.12 0.299515370045
36.19 0.350891488943
36.26 0.34501847398
36.33 0.236805398061
36.4 0.214987973484
36.47 0.316878967602
36.54 0.347672566634
36.61 0.264865498365
36.68 0.162337002793
36.75 0.307763714836
36.82 0.317967394464
36.89 0.464141597057
36.96 0.355487220341
37.03 0.35893035907
37.1 0.475773291964
37.17 0.570844137216
37.24 0.383156826534
37.31 0.294702981568
37.38 0.305404163741
37.45 0.320615211407
37.52 0.450658334542
37.59 0.382567423812
37.66 0.345223206687
37.73 0.379021037211
37.8 0.427448620905
37.87 0.424054234013
37.94 0.208002530058
38.01 0.172294534882
38.08 0.153447649582
38.15 0.233710754985
38.22 0.488573259265
38.29 0.424815286908
38.36 0.289420071066
38.43 0.346718041878
38.5 0.402817581101
38.57 0.207021413865
38.64 0.199393723553
38.71 0.239372146639
38.78 0.356732927334
38.85 0.409967292531
38.92 0.251499567161
38.99 0.211351468849
39.06 0.262915367523
39.13 0.436991002442
39.2 0.402573973028
39.27 0.327790319232
39.34 0.210347992503
39.41 0.191865553551
39.48 0.332918395272
39.55 0.304426919278
39.62 0.247247942067
39.69 0.346719973401
39.76 0.505367170568
39.83 0.51275333371
39.9 0.418466323592
39.97 0.374106344043
40.04 0.290372777203
40.11 0.273283448903
40.18 0.461839465334
40.25 0.302204686931
40.32 0.212645877308
40.39 0.202124399687
40.46 0.33060244413
40.53 0.415385868175
40.6 0.173181440715
40.67 0.129404249465
40.74 0.106287926334
40.81 0.371704332454
40.88 0.459635742253
40.95 0.456026202507
41.02 0.377129671901
41.09 0.36889790659
41.16 0.38548458046
41.23 0.310459258798
41.3 0.357738453318
41.37 0.337876118663
41.44 0.457703283453
41.51 0.465086714325
41.58 0.379777924826
41.65 0.28931202218
41.72 0.277831291741
41.79 0.430145811524
41.86 0.269720404657
41.93 0.199221715562
42.0 0.171971746542
42.07 0.218345029186
42.14 0.50888920991
42.21 0.503935721277
42.28 0.455980754406
42.35 0.383575266928
42.42 0.438018268476
42.49 0.364605660465
42.56 0.347034775103
42.63 0.418961816451
42.7 0.395099480942
42.77 0.409325236713
42.84 0.472817424964
42.91 0.420405431555
42.98 0.406049113891
43.05 0.327063979898
43.12 0.372841073436
43.19 0.209548564493
43.26 0.10572563267
43.33 0.0949017710216
43.4 0.183168268721
43.47 0.587184911935
43.54 0.560065461384
43.61 0.474422848507
43.68 0.471251481256
43.75 0.416236981783
43.82 0.484619733066
43.89 0.489787417477
43.96 0.503736651127
44.03 0.653600692348
44.1 0.521297519322
44.17 0.447794136699
44.24 0.561006620073
44.31 0.477635661855
44.38 0.633940794112
44.45 0.587271684544
44.52 0.596362279131
44.59 0.564734715702
44.66 0.460305478597
44.73 0.446849830601
44.8 0.522883172551
44.87 0.502647659746
44.94 0.554411472742
45.01 0.674206614556
45.08 0.474919697948
45.15 0.524868947974
45.22 0.47703128636
45.29 0.419059618888
45.36 0.270476722542
45.43 0.604050381633
45.5 0.515439496239
45.57 0.413584233552
45.64 0.264729404188
45.71 0.270212809164
45.78 0.544892773201
45.85 0.404296423911
45.92 0.317290718883
45.99 0.294828294305
46.06 0.393708982709
46.13 0.696087249598
46.2 0.529687619111
46.27 0.516749438517
46.34 0.544004958927
46.41 0.524223543257
46.48 0.490256695823
46.55 0.664294072004
46.62 0.528916239866
46.69 0.673670297439
46.76 0.541741546241
46.83 0.407134964811
46.9 0.544588784204
46.97 0.46886382755
47.04 0.526734753613
47.11 0.607976164775
47.18 0.516477536765
47.25 0.508256038748
47.32 0.484463022665
47.39 0.471027765086
47.46 0.431602678054
47.53 0.356070696484
47.6 0.652510490291
47.67 0.563121507011
47.74 0.477545820001
47.81 0.462562982074
47.88 0.457762227894
47.95 0.456859056974
48.02 0.455234420687
48.09 0.55902316873
48.16 0.310654424216
48.23 0.209423533147
48.3 0.167722037339
48.37 0.21476817768
48.44 0.354112801338
48.51 0.141435781703
48.58 0.070638432668
48.65 0.0645118133075
48.72 0.360013915439
48.79 0.545984972786
48.86 0.264567908405
48.93 0.2804008247
49.0 0.264869260665
49.07 0.259228005829
49.14 0.219573553966
49.21 0.233174135634
49.28 0.540249861933
49.35 0.349149425811
49.42 0.245367917504
49.49 0.216281258117
49.56 0.206506121163
49.63 0.207559692033
49.7 0.317164834679
49.77 0.473562443789
49.84 0.280014445496
49.91 0.218831071133
49.98 0.219560481449
50.05 0.194920848802
50.12 0.181324461943
50.19 0.210007459168
50.26 0.567688487903
50.33 0.304581934386
50.4 0.296152662208
50.47 0.242567253206
50.54 0.226905330505
50.61 0.177331646977
50.68 0.443616717159
50.75 0.555955395009
50.82 0.293424900727
50.89 0.242826532319
50.96 0.22246998496
51.03 0.4319195485
51.1 0.337954333168
51.17 0.195425245424
51.24 0.133622059017
51.31 0.111391755859
51.38 0.650566814069
51.45 0.416543793374
51.52 0.406174662858
51.59 0.391624878544
51.66 0.266091037276
51.73 0.240702145833
51.8 0.230798102328
51.87 0.410464897559
51.94 0.61079013782
52.01 0.361673155856
52.08 0.26475682764
52.15 0.21781988954
52.22 0.206815557331
52.29 0.194172708622
52.36 0.531665135191
52.43 0.369463669005
52.5 0.282006494894
52.57 0.232523295903
52.64 0.188308904868
52.71 0.200772491955
52.78 0.173408243499
52.85 0.403431518676
52.92 0.489800316296
52.99 0.347604622896
53.06 0.347288115479
53.13 0.342363292239
53.2 0.252849086545
53.27 0.24746649593
53.34 0.611325185204
53.41 0.32317180907
53.48 0.245819640186
53.55 0.209402149177
53.62 0.318514696247
53.69 0.46937864953
53.76 0.214968644363
53.83 0.0770880158027
53.9 0.0818813270207
53.97 0.727940976603
54.04 0.723618265573
54.11 0.670638739766
54.18 0.584379899974
54.25 0.531249312427
54.32 0.473756714662
54.39 0.586827601104
54.46 0.504541435985
54.53 0.630880553677
54.6 0.615247605552
54.67 0.678973346495
54.74 0.579958356478
54.81 0.546666524072
54.88 0.527694240922
54.95 0.620764770485
55.02 0.775489255491
55.09 0.603553516559
55.16 0.547590900053
55.23 0.460805685621
55.3 0.477793384916
55.37 0.506911155366
55.44 0.456921183563
55.51 0.770674820851
55.58 0.521148521115
55.65 0.525550351617
55.72 0.478305849814
55.79 0.414361763446
55.86 0.408766231153
55.93 0.551601037927
56.0 0.626428779768
56.07 0.474921742374
56.14 0.332859475148
56.21 0.275530004191
56.28 0.529318170258
56.35 0.540641080365
56.42 0.383664573792
56.49 0.301434527047
56.56 0.220644836829
56.63 0.550242164902
56.7 0.597605191323
56.77 0.432053613883
56.84 0.537838220523
56.91 0.520305706801
56.98 0.527787466415
57.05 0.594402025165
57.12 0.530217679623
57.19 0.729385708585
57.26 0.612471222507
57.33 0.552443586483
57.4 0.394922830002
57.47 0.430045540838
57.54 0.410879938682
57.61 0.756262280595
57.68 0.657961108018
57.75 0.522308244089
57.82 0.592821409181
57.89 0.555258683355
57.96 0.50198252119
58.03 0.506408405401
58.1 0.58622581892
58.17 0.799739127033
58.24 0.659077694813
58.31 0.468957480339
58.38 0.513033699769
58.45 0.486939005316
58.52 0.524149337703
58.59 0.709165359622
58.66 0.596114304289
58.73 0.40593792107
58.8 0.326230404584
58.87 0.295137254541
58.94 0.546365666851
59.01 0.248396954818
59.08 0.189895235519
59.15 0.138706639322
59.22 0.190808856115
59.29 0.589140269352
59.36 0.318091764021
59.43 0.291174418126
59.5 0.258390529257
59.57 0.260880543238
59.64 0.241870082989
59.71 0.218940351538
59.78 0.608622083639
59.85 0.460558212766
59.92 0.353813297226
59.99 0.256210319685
60.06 0.22072234612
60.13 0.212955963108
60.2 0.262747983375
60.27 0.65070952788
60.34 0.335804348798
60.41 0.328602923977
60.48 0.243646738092
60.55 0.213104341212
60.62 0.189994099251
60.69 0.223671636911
60.76 0.565400187758
60.83 0.53447354295
60.9 0.337467678067
60.97 0.310328207076
61.04 0.315169643082
61.11 0.230865782045
61.18 0.228269298094
61.25 0.492906975804
61.32 0.281892482953
61.39 0.190577990533
61.46 0.20270398152
61.53 0.342666888678
61.6 0.41539334414
61.67 0.207364292123
61.74 0.178382565478
61.81 0.194435209835
61.88 0.423558857532
61.95 0.513303115902
62.02 0.302862469373
62.09 0.267469260266
62.16 0.187895239434
62.23 0.18915283606
62.3 0.203633347846
62.37 0.195431885901
62.44 0.584041219998
62.51 0.328122919776
62.58 0.243614223549
62.65 0.17713804658
62.72 0.193564711522
62.79 0.205251996761
62.86 0.403221786938
62.93 0.493402770898
63.0 0.286706952333
63.07 0.259222638559
63.14 0.183275831252
63.21 0.218998024509
63.28 0.183247954449
63.35 0.183329682866
63.42 0.531964880744
63.49 0.432084770107
63.56 0.328792357358
63.63 0.334540050899
63.7 0.335788681232
63.77 0.270264560768
63.84 0.426920076777
63.91 0.670852254648
63.98 0.270373811644
64.05 0.215268956171
64.12 0.215234291247
64.19 0.526009260188
64.26 0.462233336135
64.33 0.213800962543
64.4 0.2024105221
64.47 0.200447973582
64.54 0.51997960604
64.61 0.484745447047
64.68 0.362653884703
64.75 0.552634612676
64.82 0.347962696261
64.89 0.371425230917
64.96 0.649883798508
65.03 0.438331996724
65.1 0.334521979352
65.17 0.433909680271
65.24 0.330743596394
65.31 0.373435695785
65.38 0.469873286058
65.45 0.347618697651
65.52 0.355757411167
65.59 0.481572196908
65.66 0.293303395451
65.73 0.373746021287
65.8 0.493343076081
65.87 0.367485923643
65.94 0.406525852569
66.01 0.329352142822
66.08 0.240434204397
66.15 0.409329540951
66.22 0.351173310592
66.29 0.29041506921
66.36 0.374592087229
66.43 0.269501597195
66.5 0.251710087488
66.57 0.498534319162
66.64 0.357088252796
66.71 0.31851670246
66.78 0.31567488214
66.85 0.238357508454
66.92 0.371604084348
66.99 0.435159472643
67.06 0.307343758058
67.13 0.373457302088
67.2 0.264847214906
67.27 0.212809568635
67.34 0.460222787892
67.41 0.264124280054
67.48 0.244712033582
67.55 0.328352531258
67.62 0.230472336804
67.69 0.259377733568
67.76 0.23906377524
67.83 0.165171367991
67.9 0.292681045679
67.97 0.204116944124
68.04 0.132813789776
68.11 0.341362127814
68.18 0.298725516273
68.25 0.236618623997
68.32 0.33860713395
68.39 0.160635223718
68.46 0.204027576466
68.53 0.437757290596
68.6 0.236133613817
68.67 0.373455603321
68.74 0.287662889254
68.81 0.212295099262
68.88 0.399213094232
68.95 0.423795920662
69.02 0.405464831788
69.09 0.403121405085
69.16 0.220217669844
69.23 0.164616359225
69.3 0.368476226727
69.37 0.243338828729
69.44 0.359791486372
69.51 0.289019419092
69.58 0.217594092467
69.65 0.317492849593
69.72 0.368363741592
69.79 0.383509180022
69.86 0.346079725779
69.93 0.236581819113
70.0 0.266629176485
70.07 0.385964291112
70.14 0.276604745382
70.21 0.293171926854
70.28 0.284924874376
70.35 0.207130659531
70.42 0.29164324312
70.49 0.36149680194
70.56 0.284615497265
70.63 0.354101665555
70.7 0.258772625066
70.77 0.203517312323
70.84 0.270378824571
70.91 0.113708250676
70.98 0.184346780615
71.05 0.269560070914
71.12 0.170131926135
71.19 0.342658301046
71.26 0.228137018327
71.33 0.194952642497
71.4 0.281454673487
71.47 0.117626083657
71.54 0.140243290588
71.61 0.486163222825
71.68 0.225471308746
71.75 0.283155717819
71.82 0.349926163642
71.89 0.300247245137
71.96 0.364394638151
72.03 0.371790401586
72.1 0.372327687938
72.17 0.381662901521
72.24 0.258723857595
72.31 0.192703542532
72.38 0.371505387366
72.45 0.326760842021
72.52 0.318642395596
72.59 0.450497467546
72.66 0.28220393923
72.73 0.25394108464
72.8 0.397292726555
72.87 0.26387574243
72.94 0.320585217224
73.01 0.375521990283
73.08 0.356893004004
73.15 0.359924799643
73.22 0.395517164012
73.29 0.353431538391
73.36 0.3933184417
73.43 0.284720053083
73.5 0.253919063198
73.57 0.326640491838
73.64 0.285551835833
73.71 0.333632424624
73.78 0.333711382556
73.85 0.196622671301
73.92 0.168159546307
73.99 0.294267596927
74.06 0.0976090100748
74.13 0.284175011112
74.2 0.202740107245
74.27 0.154730137142
74.34 0.324408329172
74.41 0.246314717907
74.48 0.221022894158
74.55 0.405155383461
74.62 0.182458053778
74.69 0.297559131978
74.76 0.350724823906
74.83 0.26577658297
74.9 0.362591973499
74.97 0.30056531931
75.04 0.270424633963
75.11 0.410665105431
75.18 0.295987616036
75.25 0.285889954764
75.32 0.418621078153
75.39 0.270529556284
75.46 0.171868703635
75.53 0.414667812502
75.6 0.310056652721
75.67 0.322976174667
75.74 0.333430731633
75.81 0.257166220129
75.88 0.329142471879
75.95 0.371427820755
76.02 0.278259881314
76.09 0.426884960237
76.16 0.339655433084
76.23 0.263585411312
76.3 0.37966483001
76.37 0.285344537605
76.44 0.298293115765
76.51 0.498372147693
76.58 0.271499719077
76.65 0.286241413707
76.72 0.371953075042
76.79 0.298001164045
76.86 0.403120302102
76.93 0.281240910217
77.0 0.208242122232
77.07 0.291806423774
77.14 0.222616084146
77.21 0.168563628818
77.28 0.301456129876
77.35 0.181221177595
77.42 0.188149135644
77.49 0.313486170047
77.56 0.229947125942
77.63 0.368728688191
77.7 0.301508833345
77.77 0.164394293187
77.84 0.368294568072
77.91 0.322696086525
77.98 0.272986835126
78.05 0.359188045372
78.12 0.298071829631
78.19 0.316804824579
78.26 0.427533034694
78.33 0.365675171608
78.4 0.395851140245
78.47 0.334637733485
78.54 0.234656349923
78.61 0.41899663423
78.68 0.335178943676
78.75 0.292758862416
78.82 0.404204725224
78.89 0.336445292949
78.96 0.3232371456
79.03 0.43786514494
79.1 0.422512199845
79.17 0.489307852732
79.24 0.435790014017
79.31 0.282471632278
79.38 0.368710708703
79.45 0.421411124288
79.52 0.366959149498
79.59 0.43169620057
79.66 0.332168723075
79.73 0.271987329518
79.8 0.367144226531
79.87 0.317060466455
79.94 0.29757940428
80.01 0.359496277813
80.08 0.250201455459
80.15 0.210720147571
80.22 0.35195783357
80.29 0.209907650519
80.36 0.270655426593
80.43 0.266926627487
80.5 0.187841875912
80.57 0.299191805275
80.64 0.220623788097
80.71 0.20478803705
80.78 0.309725618934
80.85 0.132420707564
80.92 0.117520202523
80.99 0.426238016555
81.06 0.298883244545
81.13 0.307698100389
81.2 0.341407209412
81.27 0.269117799144
81.34 0.300142466985
81.41 0.395880107872
81.48 0.315809873334
81.55 0.446099029367
81.62 0.302971378065
81.69 0.19908247745
81.76 0.377668651809
81.83 0.321241903631
81.9 0.26738374523
81.97 0.38307773138
82.04 0.250981847897
82.11 0.304773231547
82.18 0.439264369764
82.25 0.34437956557
82.32 0.4176520774
82.39 0.354269628117
82.46 0.281036997365
82.53 0.314811710412
82.6 0.291748075117
82.67 0.291219425033
82.74 0.37261241903
82.81 0.341842074695
82.88 0.276009982338
82.95 0.445462292183
83.02 0.356572042968
83.09 0.398148458794
83.16 0.375761363597
83.23 0.247502074506
83.3 0.364492393689
83.37 0.282881516305
83.44 0.279841108715
83.51 0.342168887619
83.58 0.346230334167
83.65 0.298256969196
83.72 0.394980384859
83.79 0.311537057076
83.86 0.374697207566
83.93 0.326879552495
84.0 0.265363033914
84.07 0.32616764226
84.14 0.316211982636
84.21 0.298457142329
84.28 0.379838041728
84.35 0.282926726439
84.42 0.260664231817
84.49 0.443617988629
84.56 0.316717282488
84.63 0.315766924749
84.7 0.284141101774
84.77 0.262667090446
84.84 0.268327832469
84.91 0.30384513669
84.98 0.156941344872
85.05 0.316753574963
85.12 0.207237765236
85.19 0.131349296164
85.26 0.444667896207
85.33 0.335265002386
85.4 0.351972931407
85.47 0.313203690083
85.54 0.275449515978
85.61 0.387346893031
85.68 0.405343352567
85.75 0.299619741743
85.82 0.372242727
85.89 0.398089380606
85.96 0.297528232828
86.03 0.467066486743
86.1 0.382109008544
86.17 0.333677089346
86.24 0.339242554502
86.31 0.23124278329
86.38 0.328801455663
86.45 0.462580357093
86.52 0.308066778023
86.59 0.29049512144
86.66 0.318577215395
86.73 0.249733062973
86.8 0.382043941246
86.87 0.282947627528
86.94 0.27830889891
87.01 0.298663968098
87.08 0.271248391862
87.15 0.306542273464
87.22 0.533955252219
87.29 0.418997862275
87.36 0.392858643795
87.43 0.347572719771
87.5 0.313519778887
87.57 0.393563031167
87.64 0.404010565519
87.71 0.29831880571
87.78 0.316644367511
87.85 0.230381675095
87.92 0.142793772341
87.99 0.380961750144
88.06 0.29394762597
88.13 0.235800943794
88.2 0.235015441159
88.27 0.239106742932
88.34 0.232250763628
88.41 0.31059950957
88.48 0.285566442103
88.55 0.301360835639
88.62 0.290143617336
88.69 0.246036146149
88.76 0.267742808675
88.83 0.348038025642
88.9 0.302092245221
88.97 0.288265600722
89.04 0.283180509745
89.11 0.276015226283
89.18 0.401321462281
89.25 0.379683554663
89.32 0.330469040536
89.39 0.298701881176
89.46 0.236186187013
89.53 0.215263319669
89.6 0.395865242791
89.67 0.38931229367
89.74 0.36761783517
89.81 0.353846157427
89.88 0.312040487937
89.95 0.412202512283
90.02 0.412530909333
90.09 0.374804575555
90.16 0.315034533774
90.23 0.215512173424
90.3 0.210492278281
90.37 0.442831612293
90.44 0.332432471439
90.51 0.333989129249
90.58 0.304116663254
90.65 0.212736655395
90.72 0.48988447996
90.79 0.432356878559
90.86 0.415422977032
90.93 0.398575983597
91.0 0.309377660007
91.07 0.301320921559
91.14 0.402492453049
91.21 0.302259999345
91.28 0.273566401326
91.35 0.292637730591
91.42 0.245216791496
91.49 0.308759836806
91.56 0.207470852417
91.63 0.268759065726
91.7 0.24246536539
91.77 0.212843486658
91.84 0.198449622418
91.91 0.2960881299
91.98 0.220471626848
92.05 0.236281422192
92.12 0.212090420401
92.19 0.140485694933
92.26 0.211730637846
92.33 0.346695129366
92.4 0.267870056409
92.47 0.303804522607
92.54 0.279124260244
92.61 0.252872204021
92.68 0.311424439931
92.75 0.290803560582
92.82 0.0994272398115
92.89 0.0682516092384
92.96 0.0588200609678
93.03 0.0517376558038
93.1 0.0477063736634
93.17 0.03674218829
93.24 0.0245380314336
93.31 0.390837623295
93.38 0.253831243189
93.45 0.316599697577
93.52 0.311291503585
93.59 0.156013362919
93.66 0.13055717737
93.73 0.0684143556475
93.8 0.0361778363041
93.87 0.0315928568175
93.94 0.0213201252578
94.01 0.0234863851377
94.08 0.0188921405959
94.15 0.0152883641518
94.22 0.01528798549
94.29 0.0140344533983
94.36 0.0129115961037
94.43 0.0149975432058
94.5 0.18495522933
94.57 0.179741499298
94.64 0.0666976645931
94.71 0.0327409958667
94.78 0.0321155924822
94.85 0.0197587098584
94.92 0.0152637511349
94.99 0.0156133028732
95.06 0.186563954874
95.13 0.187020384773
95.2 0.0818764513158
95.27 0.0306953380325
95.34 0.0266532848745
95.41 0.0158615643175
95.48 0.0118216042213
95.55 0.00989208960339
95.62 0.224715527588
95.69 0.253498177135
95.76 0.175515435612
95.83 0.11848255064
95.9 0.0704147356051
95.97 0.0518580997844
96.04 0.0658946757732
96.11 0.0630090071118
96.18 0.100507393435
96.25 0.112119571627
96.32 0.0677794805072
96.39 0.0205423157104
96.46 0.0125206364818
96.53 0.0129935433804
96.6 0.0151908448429
96.67 0.0127087237027
96.74 0.239123871299
96.81 0.226608143525
96.88 0.0928012193855
96.95 0.0355229598307
97.02 0.0273927453614
97.09 0.0174518691803
97.16 0.0131909859795
97.23 0.0108569268135
97.3 0.258609779649
97.37 0.220070868918
97.44 0.0866693491323
97.51 0.0390148451874
97.58 0.0275813276219
97.65 0.0161038140715
97.72 0.013249067141
97.79 0.0105178594908
97.86 0.264926964902
97.93 0.276169991265
98.0 0.184591474301
98.07 0.130659725238
98.14 0.0856030027686
98.21 0.0553990913232
98.28 0.0625075581459
98.35 0.052243584443
98.42 0.135524874505
98.49 0.116092399155
98.56 0.0516791056575
98.63 0.016459568568
98.7 0.0119019569497
98.77 0.0138457009137
98.84 0.0172073526665
98.91 0.0131580146114
98.98 0.175680896922
99.05 0.134188187935
99.12 0.0612227499793
99.19 0.0245980892792
99.26 0.0140269183759
99.33 0.0116736690468
99.4 0.0107875205376
99.47 0.0107909771292
99.54 0.177861136023
99.61 0.127592307598
99.68 0.0536540388475
99.75 0.0242059710911
99.82 0.0126471876866
99.89 0.011061991284
99.96 0.0101189983436
100.03 0.0108203095228
100.1 0.244982618703
100.17 0.184929551544
100.24 0.130434770601
100.31 0.10075904894
100.38 0.0628019346915
100.45 0.0472735076445
100.52 0.0616216059156
100.59 0.0592912656252
100.66 0.135297187597
100.73 0.0995215196514
100.8 0.0328369136794
100.87 0.0173112935932
100.94 0.0120469149392
101.01 0.0132556676678
101.08 0.0140067416078
101.15 0.0112959139524
101.22 0.219830953666
101.29 0.134548175453
101.36 0.0476577121483
101.43 0.0253271330926
101.5 0.0152753472182
101.57 0.0114368890451
101.64 0.0103269270954
101.71 0.0298098860526
101.78 0.203017381478
101.85 0.120709874077
101.92 0.0475116355432
101.99 0.022460595537
102.06 0.0119706528005
102.13 0.0121443196074
102.2 0.0105913372495
102.27 0.011315053743
102.34 0.201836257165
102.41 0.157247017004
102.48 0.106658287101
102.55 0.0773840702717
102.62 0.0501968062563
102.69 0.0381593248594
102.76 0.0554884051352
102.83 0.049478562989
102.9 0.11337340248
102.97 0.0835811363594
103.04 0.0351422970306
103.11 0.0150484749546
103.18 0.010929515238
103.25 0.0136703058109
103.32 0.0129757236951
103.39 0.0142308399132
103.46 0.45248966285
103.53 0.294818449098
103.6 0.104941821854
103.67 0.0826990714919
103.74 0.0658341228881
103.81 0.0483039176139
103.88 0.0409212927013
103.95 0.037859975338
104.02 0.352334904294
104.09 0.304239247195
104.16 0.0845499321486
104.23 0.0482130283605
104.3 0.0364697967095
104.37 0.0197433202092
104.44 0.0181670779423
104.51 0.0148866421973
104.58 0.396975289853
104.65 0.340246122908
104.72 0.258459942481
104.79 0.159466640405
104.86 0.116564317712
104.93 0.111044988501
105.0 0.110680929499
105.07 0.0961853198772
105.14 0.149659676753
105.21 0.117882349109
105.28 0.0689486040205
105.35 0.0555563488733
105.42 0.050499643635
105.49 0.0884773880031
105.56 0.0527379777932
105.63 0.0719346892746
105.7 0.327796502884
105.77 0.208064159871
105.84 0.0966814658409
105.91 0.0730722292673
105.98 0.0611354944895
106.05 0.0497602873669
106.12 0.0436718572647
106.19 0.186094553202
106.26 0.558148522507
106.33 0.299804189989
106.4 0.0887665605545
106.47 0.0697682886992
106.54 0.04670722761
106.61 0.0316690077896
106.68 0.0295848271968
106.75 0.178660338225
106.82 0.4995621584
106.89 0.398071835364
106.96 0.290410457526
107.03 0.179253598781
107.1 0.127690316736
107.17 0.105883374838
107.24 0.0892337857891
107.31 0.109512681424
107.38 0.214320135661
107.45 0.15549594589
107.52 0.0768855568033
107.59 0.0551213220504
107.66 0.0587914337884
107.73 0.072703025329
107.8 0.0535554460845
107.87 0.155440939184
107.94 0.340122875441
108.01 0.231482431047
108.08 0.149920183912
108.15 0.136934872083
108.22 0.131944175586
108.29 0.114544339401
108.36 0.099129882607
108.43 0.248728023344
108.5 0.332385374944
108.57 0.203220540481
108.64 0.100402438112
108.71 0.0752469117668
108.78 0.064635868471
108.85 0.0611219773055
108.92 0.055610897016
108.99 0.171187400737
109.06 0.423622879168
109.13 0.290497212765
109.2 0.213492877746
109.27 0.170136607298
109.34 0.144795230964
109.41 0.133098380172
109.48 0.150496488062
109.55 0.186595838892
109.62 0.206943016977
109.69 0.123309838938
109.76 0.0710489142162
109.83 0.0599744878871
109.9 0.0673680853071
109.97 0.0479489517067
110.04 0.0211410425449
110.11 0.168234889583
110.18 0.19063558534
110.25 0.102346051802
110.32 0.0359909198082
110.39 0.0215436903101
110.46 0.0115375158126
110.53 0.0107083871697
110.6 0.0107814845296
110.67 0.147684489964
110.74 0.148460713648
110.81 0.0883051038328
110.88 0.0329138619255
110.95 0.0166400756051
111.02 0.0113852902957
111.09 0.0100828621966
111.16 0.0105846794023
111.23 0.0566708877672
111.3 0.208468181588
111.37 0.128944752057
111.44 0.08940205406
111.51 0.0609493961115
111.58 0.0407704828237
111.65 0.041083900152
111.72 0.0536014587039
111.79 0.0754318585266
111.86 0.099484508066
111.93 0.0631592316269
112.0 0.0226575882582
112.07 0.0116339442976
112.14 0.00489224616615
112.21 0.00178279011898
112.28 0.000357248299937
112.35 0.000602039256713
112.42 0.000704298786031
112.49 6.13241045417e-05
112.56 5.24915575485e-06
112.63 4.81491057328e-06
112.7 2.83301556458e-06
112.77 5.89531258503e-06
112.84 4.02284736209e-06
112.91 7.06603759455e-06
112.98 4.4067201026e-06
113.05 1.17333048061e-05
113.12 0.000575484295369
113.19 0.024735178746
113.26 0.203909859545
113.33 0.4677593423
113.4 0.216670001351
113.47 0.22894778361
113.54 0.233428047476
113.61 0.221789892737
113.68 0.228231015039
113.75 0.213507035876
113.82 0.492180702475
113.89 0.594704772221
113.96 0.547650732091
114.03 0.632454079306
114.1 0.578252620561
114.17 0.594743079594
114.24 0.631487694446
114.31 0.560739967477
114.38 0.556305676279
114.45 0.57592467383
114.52 0.591000567025
114.59 0.485483387675
114.66 0.568086798428
114.73 0.627541341978
114.8 0.611264024376
114.87 0.643057134227
114.94 0.585153401809
115.01 0.513130823047
115.08 0.58463956296
115.15 0.57670459902
115.22 0.527870733797
115.29 0.510274134172
115.36 0.430468387952
115.43 0.575591718942
115.5 0.484038947506
115.57 0.522914151602
115.64 0.586401875813
115.71 0.433093440025
115.78 0.57621916849
115.85 0.539950309185
115.92 0.493290695691
115.99 0.561157461216
116.06 0.469656543865
116.13 0.499572345792
116.2 0.536701363164
116.27 0.434272090878
116.34 0.585969694164
116.41 0.487840958612
116.48 0.545203022276
116.55 0.580273736594
116.62 0.502212103144
116.69 0.574979829268
116.76 0.545896876597
116.83 0.543447851888
116.9 0.567488271346
116.97 0.551740696389
117.04 0.558350218972
117.11 0.637278975781
117.18 0.338466177964
117.25 0.317707948601
117.32 0.343494697216
117.39 0.657651305347
117.46 0.649382813316
117.53 0.576703294547
117.6 0.569826570482
117.67 0.386585774131
117.74 0.561134757141
117.81 0.609978328612
117.88 0.63881330644
117.95 0.502237152143
118.02 0.562791284394
118.09 0.590617142426
118.16 0.55291587328
118.23 0.578940781059
118.3 0.598955751158
118.37 0.684693878868
118.44 0.621365305516
118.51 0.371361389927
118.58 0.157512052471
118.65 0.155212065919
118.72 0.28669061603
118.79 0.519713215728
118.86 0.570515585575
118.93 0.546313807555
119.0 0.560728814324
119.07 0.518471321407
119.14 0.532879012013
119.21 0.603420040012
119.28 0.528765575895
119.35 0.670802964346
119.42 0.587372429426
119.49 0.612998866879
119.56 0.642255696531
119.63 0.681493182697
119.7 0.697917686835
119.77 0.705209509343
119.84 0.693854227127
119.91 0.656413498142
119.98 0.661455805547
120.05 0.675350247877
120.12 0.611708212035
120.19 0.595618347656
120.26 0.421134044597
120.33 0.345571552961
120.4 0.684915611406
120.47 0.603523517165
120.54 0.51796807814
120.61 0.494441110184
120.68 0.427038809831
120.75 0.396877437044
120.82 0.411535621114
120.89 0.431468491082
120.96 0.448267623749
121.03 0.587963638608
121.1 0.550833711059
121.17 0.554898831321
121.24 0.552384433605
121.31 0.539044581429
121.38 0.478658667076
121.45 0.461356438785
121.52 0.566200322718
121.59 0.475157737261
121.66 0.424042226265
121.73 0.691364927045
121.8 0.563005325581
121.87 0.551653529485
121.94 0.571482760761
122.01 0.468197559957
122.08 0.397221143842
122.15 0.433319970104
122.22 0.45582373656
122.29 0.493471001238
122.36 0.577628026609
122.43 0.735668911547
122.5 0.524873934846
122.57 0.529828043581
122.64 0.490479922164
122.71 0.31505051747
122.78 0.252854306172
122.85 0.41094266974
122.92 0.215528018162
122.99 0.232604675187
123.06 0.53826267087
123.13 0.452025762196
123.2 0.406254346849
123.27 0.364981965181
123.34 0.844544303428
123.41 0.725799477383
123.48 0.763770002859
123.55 0.708764641642
123.62 0.673506284771
123.69 0.674150848789
123.76 0.65279364073
123.83 0.658770039049
123.9 0.582333271167
123.97 0.564964787484
124.04 0.591402078805
124.11 0.594451544749
124.18 0.659072968488
124.25 0.577166483039
124.32 0.535644280118
124.39 0.670385751997
124.46 0.568582207912
124.53 0.526211451693
124.6 0.596076761187
124.67 0.5435635487
124.74 0.584287277214
124.81 0.569491015334
124.88 0.530734716254
124.95 0.661151750545
125.02 0.575398158495
125.09 0.643284218403
125.16 0.667146814459
125.23 0.503010237103
125.3 0.639715412591
125.37 0.545757287615
125.44 0.542779272373
125.51 0.646966327467
125.58 0.54011996704
125.65 0.686213948915
125.72 0.706592828635
125.79 0.589998346516
125.86 0.311376502736
125.93 0.289446773671
126.0 0.277130020513
126.07 0.382381883005
126.14 0.779855583844
126.21 0.593085291293
126.28 0.635722418717
126.35 0.61302283895
126.42 0.40670328515
126.49 0.411822731869
126.56 0.401604140262
126.63 0.524228014245
126.7 0.564598751798
126.77 0.561615827849
126.84 0.539947549123
126.91 0.659196050942
126.98 0.573271407979
127.05 0.469457815901
127.12 0.727444561407
127.19 0.631304203276
127.26 0.6333988596
127.33 0.438515748441
127.4 0.412591865198
127.47 0.643495320618
127.54 0.59522777017
127.61 0.560017882008
127.68 0.612199440606
127.75 0.405164638094
127.82 0.494525187
127.89 0.480143839443
127.96 0.45538334594
128.03 0.486949885763
128.1 0.532400921964
128.17 0.663052738728
128.24 0.587160451772
128.31 0.513856279995
128.38 0.3132479553
128.45 0.278781381985
128.52 0.279436202875
128.59 0.255139726403
128.66 0.220927551286
128.73 0.570119206573
128.8 0.674301544026
128.87 0.60583636606
128.94 0.677645164182
129.01 0.612783887722
129.08 0.591769177523
129.15 0.524879071098
129.22 0.223192516833
129.29 0.227045152243
129.36 0.477079412885
129.43 0.775861381031
129.5 0.696980408561
129.57 0.563431116878
129.64 0.638206858727
129.71 0.604259402946
129.78 0.583770511552
129.85 0.175913690553
129.92 0.227320359469
129.99 0.614064806789
130.06 0.629399301675
130.13 0.601439531114
130.2 0.586681981325
130.27 0.388412030456
130.34 0.250824494813
130.41 0.392315995383
130.48 0.376922323301
130.55 0.507228628544
130.62 0.679325279633
130.69 0.662431851494
130.76 0.532902228497
130.83 0.455674059194
130.9 0.552034779384
130.97 0.467654169854
131.04 0.47081924055
131.11 0.332549226073
131.18 0.610969385546
131.25 0.519720556208
131.32 0.403065731379
131.39 0.245760105172
131.46 0.249012995876
131.53 0.179345743872
131.6 0.529388594405
131.67 0.825708746716
131.74 0.63071308268
131.81 0.660284385745
131.88 0.701063930397
131.95 0.621835699004
132.02 0.607892857443
132.09 0.468931774762
132.16 0.38613245169
132.23 0.567172608102
132.3 0.512595666233
132.37 0.491664984213
132.44 0.645420454571
132.51 0.631384858239
132.58 0.473226405761
132.65 0.255411120957
132.72 0.196140296121
132.79 0.272882555488
132.86 0.190031268901
132.93 0.300351747108
133.0 0.397619635012
133.07 0.3100414194
133.14 0.285362317339
133.21 0.288421638912
133.28 0.255976909426
133.35 0.222220651799
133.42 0.201696866199
133.49 0.229790533655
133.56 0.616084854579
133.63 0.522108242917
133.7 0.466603042915
133.77 0.465506757952
133.84 0.479082337519
133.91 0.749921321287
133.98 0.634998658799
134.05 0.585481246499
134.12 0.747429530375
134.19 0.636206784478
134.26 0.584991881708
134.33 0.543854682303
134.4 0.468875842245
134.47 0.4174230287
134.54 0.432348343036
134.61 0.354991011846
134.68 0.195106295812
134.75 0.591241248286
134.82 0.414786300642
134.89 0.399180386885
134.96 0.386403283462
135.03 0.331161715447
135.1 0.680390766192
135.17 0.706766849786
135.24 0.571123299547
135.31 0.654725837246
135.38 0.58893445798
135.45 0.585325145778
135.52 0.609374712177
135.59 0.562002106308
135.66 0.643838268356
135.73 0.580083311397
135.8 0.711390642107
135.87 0.645464952543
135.94 0.715178361336
136.01 0.574750381062
136.08 0.615515831852
136.15 0.647527116905
136.22 0.611868474562
136.29 0.692055055543
136.36 0.609486667533
136.43 0.630618582244
136.5 0.648009589356
136.57 0.573737424275
136.64 0.539307680163
136.71 0.62878873558
136.78 0.564088461601
136.85 0.616860056919
136.92 0.719443319494
136.99 0.681575847347
137.06 0.693365267052
137.13 0.626498941631
137.2 0.715606591353
137.27 0.608175122022
137.34 0.446066275121
137.41 0.545772236071
137.48 0.483625888278
137.55 0.551174023796
137.62 0.49441392991
137.69 0.629132558756
137.76 0.658120053914
137.83 0.601491433836
137.9 0.4597936807
137.97 0.229736725467
138.04 0.211536964495
138.11 0.200025918532
138.18 0.173587560704
138.25 0.560751160581
138.32 0.615151326447
138.39 0.549228921514
138.46 0.695941544707
138.53 0.521287479574
138.6 0.446939464017
138.67 0.227503220115
138.74 0.210420639985
138.81 0.366848036578
138.88 0.703469957886
138.95 0.555888373608
139.02 0.534754216454
139.09 0.488240788995
139.16 0.575524529054
139.23 0.612476992757
139.3 0.342550780202
139.37 0.243826362743
139.44 0.455357471875
139.51 0.574328923532
139.58 0.672352012443
139.65 0.484110384312
139.72 0.237635928447
139.79 0.289402866272
139.86 0.204593517789
139.93 0.391946695911
140.0 0.649212168856
140.07 0.719306254345
140.14 0.681864349424
140.21 0.669972312371
140.28 0.5490956673
140.35 0.690723774457
140.42 0.484483470402
140.49 0.391569977794
140.56 0.427676052476
140.63 0.480060476527
140.7 0.465178300108
140.77 0.250662519623
140.84 0.147501552891
140.91 0.85575572369
140.98 0.635227082186
141.05 0.622624717287
141.12 0.585324565627
141.19 0.603622340947
141.26 0.631920421506
141.33 0.424755769263
141.4 0.271186458077
141.47 0.472792266535
141.54 0.228413972956
141.61 0.198778245276
141.68 0.779078453456
141.75 0.617851812119
141.82 0.667567818636
141.89 0.680664759268
141.96 0.624643795843
142.03 0.710515592905
142.1 0.612773922664
142.17 0.646562401284
142.24 0.564870757769
142.31 0.40910159697
142.38 0.575070510084
142.45 0.562603348291
142.52 0.438382139883
142.59 0.260800096712
142.66 0.585014399926
142.73 0.590623901018
142.8 0.648150409858
142.87 0.543137792143
142.94 0.492465105277
143.01 0.507166111134
143.08 0.594184980739
143.15 0.511011435592
143.22 0.547529240711
143.29 0.233482328124
143.36 0.302400955331
143.43 0.694535799257
143.5 0.686832895942
143.57 0.68064607283
143.64 0.601278825658
143.71 0.698183792283
143.78 0.571971429022
143.85 0.189687417934
143.92 0.237097007596
143.99 0.641691184743
144.06 0.590246420366
144.13 0.386471895938
144.2 0.331837979364
144.27 0.242402323412
144.34 0.289829305462
144.41 0.473381403499
144.48 0.76302951408
144.55 0.822697928593
144.62 0.672797379512
144.69 0.634606380809
144.76 0.663124352707
144.83 0.668926005554
144.9 0.6919543454
144.97 0.608598834152
145.04 0.670054061632
145.11 0.698426828889
145.18 0.636442374647
145.25 0.668074845047
145.32 0.671949272617
145.39 0.556155604618
145.46 0.558523977839
145.53 0.389605600236
145.6 0.602201721731
145.67 0.450964425285
145.74 0.595991315631
145.81 0.530563215462
145.88 0.499828892634
145.95 0.622091078595
146.02 0.484040634114
146.09 0.357758287901
146.16 0.422948261908
146.23 0.441122121023
146.3 0.364885234461
146.37 0.331527040707
146.44 0.554570915414
146.51 0.771712027626
146.58 0.587090008519
146.65 0.596046141691
146.72 0.534147126058
146.79 0.589263904166
146.86 0.593434292408
146.93 0.487790073762
147.0 0.518094245472
147.07 0.431089608687
147.14 0.413371896344
147.21 0.730997145555
147.28 0.475102223357
147.35 0.6347350685
147.42 0.616058940564
147.49 0.581682202156
147.56 0.40531971747
147.63 0.340812613118
147.7 0.227988859082
147.77 0.20707752529
147.84 0.149442663592
147.91 0.134604860082
147.98 0.201423303893
148.05 0.425964945815
148.12 0.52666894115
148.19 0.497522064115
148.26 0.208094650831
148.33 0.512276035724
148.4 0.505524928368
148.47 0.564414887178
148.54 0.480529334524
148.61 0.509539738721
148.68 0.460406984277
148.75 0.163957612758
148.82 0.365745891041
148.89 0.261100733336
148.96 0.164082055268
149.03 0.194341464985
149.1 0.170376451334
149.17 0.125079846616
149.24 0.184767166427
149.31 0.180670094405
149.38 0.0802855385097
149.45 0.206825888892
149.52 0.300825671878
149.59 0.789046098247
149.66 0.741770639974
149.73 0.452999270414
149.8 0.18527167769
149.87 0.173944376496
149.94 0.165153312076
150.01 0.15338246938
150.08 0.198869481926
150.15 0.62541056514
150.22 0.368773835794
150.29 0.422772312709
150.36 0.47639222857
150.43 0.570489708036
150.5 0.753508077057
150.57 0.646023089612
150.64 0.652519871724
150.71 0.674930058343
150.78 0.445492126564
150.85 0.436417562573
150.92 0.48130020657
150.99 0.406567576583
151.06 0.413985701908
151.13 0.483148449597
151.2 0.682909992714
151.27 0.515414282227
151.34 0.333891735002
151.41 0.663528384845
151.48 0.617161233744
151.55 0.632930022447
151.62 0.594799191019
151.69 0.588402660487
151.76 0.57450775612
151.83 0.58543890412
151.9 0.60174714519
151.97 0.560430840491
152.04 0.496771174295
152.11 0.423610869683
152.18 0.51513401865
152.25 0.621120148056
152.32 0.536133092549
152.39 0.503165276528
152.46 0.53339238014
152.53 0.526231161213
152.6 0.510875167717
152.67 0.527422307905
152.74 0.488016048007
152.81 0.477805745271
152.88 0.57260382028
152.95 0.613524110744
153.02 0.802383577707
153.09 0.771449953711
153.16 0.544759439086
153.23 0.593746123873
153.3 0.578098503472
153.37 0.607264601936
153.44 0.60619046174
153.51 0.495069231944
153.58 0.423616360279
153.65 0.399153175345
153.72 0.304684407564
153.79 0.607182446221
153.86 0.69505378949
153.93 0.637371648914
154.0 0.633553145176
154.07 0.598939809149
154.14 0.646752840376
154.21 0.495791081183
154.28 0.601767342802
154.35 0.555743295766
154.42 0.559282790028
154.49 0.559226251305
154.56 0.652771958
154.63 0.693796531575
154.7 0.662515818879
154.77 0.669138325393
154.84 0.650327275742
154.91 0.629702201585
154.98 0.591992433392
155.05 0.564449689323
155.12 0.564127470714
155.19 0.565972734819
155.26 0.612360496933
155.33 0.565248047353
155.4 0.480229300632
155.47 0.481610500807
155.54 0.673726245588
155.61 0.644922027951
155.68 0.632557658941
155.75 0.690525225401
155.82 0.51844189869
155.89 0.588185718542
155.96 0.56357869076
156.03 0.549179440144
156.1 0.55966027589
156.17 0.506087192503
156.24 0.494494334748
156.31 0.545417794732
156.38 0.500189408195
156.45 0.508613830723
156.52 0.523631460373
156.59 0.530856737413
156.66 0.601125184501
156.73 0.607732612286
156.8 0.606571178386
156.87 0.560082852035
156.94 0.581915504722
157.01 0.721708191243
157.08 0.534361669232
157.15 0.518496855024
157.22 0.595060969648
157.29 0.575832669435
157.36 0.524948522535
157.43 0.499593837454
157.5 0.496869855644
157.57 0.534293730705
157.64 0.513465864048
157.71 0.466161328717
157.78 0.52462398853
157.85 0.330423668862
157.92 0.394554517135
157.99 0.356357487635
158.06 0.360275245926
158.13 0.384826264765
158.2 0.394614434285
158.27 0.396245047523
158.34 0.369873438391
158.41 0.367773400901
158.48 0.404259342846
158.55 0.603284847329
158.62 0.665318307007
158.69 0.632954093526
158.76 0.584178167032
158.83 0.612612923657
158.9 0.61861347122
158.97 0.560794659789
159.04 0.554362446461
159.11 0.543373920777
159.18 0.641361233095
159.25 0.519116333567
159.32 0.589143157951
159.39 0.723160993238
159.46 0.560026358474
159.53 0.754996407255
159.6 0.615732627891
159.67 0.642839063245
159.74 0.641468342275
159.81 0.519978827872
159.88 0.607653430282
159.95 0.573206187826
160.02 0.453520248254
160.09 0.711491637114
160.16 0.565042440944
160.23 0.675900479946
160.3 0.637793915877
160.37 0.590240532002
160.44 0.634971092915
160.51 0.633137918196
160.58 0.533984423073
160.65 0.590010088506
160.72 0.558093710343
160.79 0.710182144715
160.86 0.64457624025
160.93 0.570249372435
161.0 0.634901049167
161.07 0.642115343278
161.14 0.605797818983
161.21 0.642833923519
161.28 0.650583681889
161.35 0.654581341294
161.42 0.652963614716
161.49 0.525007173426
161.56 0.560679379852
161.63 0.618305403792
161.7 0.520256308806
161.77 0.640512412302
161.84 0.571926561073
161.91 0.700216132685
161.98 0.71106847387
162.05 0.598917857186
162.12 0.551817792278
162.19 0.651645920293
162.26 0.512524135629
162.33 0.556927294783
162.4 0.557147083639
162.47 0.633907972124
162.54 0.672905522195
162.61 0.606670526736
162.68 0.611325294634
162.75 0.628198843029
162.82 0.615157953028
162.89 0.62167554417
162.96 0.599718516715
163.03 0.531258455894
163.1 0.672367047748
163.17 0.627260953338
163.24 0.578671894705
163.31 0.645109759091
163.38 0.643997638074
163.45 0.592275913858
163.52 0.605071851363
163.59 0.544555257002
163.66 0.618971601906
163.73 0.682890974512
163.8 0.538010093029
163.87 0.492173452318
163.94 0.592236764049
164.01 0.59320464966
164.08 0.517606640242
164.15 0.546259935098
164.22 0.750505236887
164.29 0.747101583203
164.36 0.650716616498
164.43 0.551173497491
164.5 0.600881857819
164.57 0.456984607678
164.64 0.539063062904
164.71 0.553809622817
164.78 0.588343914062
164.85 0.706874492219
164.92 0.55176651487
164.99 0.657274411795
165.06 0.712578947098
165.13 0.654798658426
165.2 0.712942648282
165.27 0.584470320242
165.34 0.572227281072
165.41 0.715442738488
165.48 0.611202061062
165.55 0.64394260184
165.62 0.726788154654
165.69 0.680115741348
165.76 0.708957955438
165.83 0.612626152503
165.9 0.642334029151
165.97 0.720727412024
166.04 0.642670690755
166.11 0.586144670655
166.18 0.630519418014
166.25 0.510950523151
166.32 0.628664438976
166.39 0.635881604316
166.46 0.566380911393
166.53 0.813078037766
166.6 0.709265684155
166.67 0.728524959945
166.74 0.701459600711
166.81 0.584098568153
166.88 0.667949673005
166.95 0.593063631143
167.02 0.613416935559
167.09 0.692712584386
167.16 0.543784386693
167.23 0.607750716836
167.3 0.623098770593
167.37 0.602687838368
167.44 0.610235511189
167.51 0.572989815611
167.58 0.607399765091
167.65 0.688069150287
167.72 0.673102504494
167.79 0.627213327064
167.86 0.656793103121
167.93 0.691326204534
168.0 0.625127980957
168.07 0.639378116989
168.14 0.649614813147
168.21 0.718960093193
168.28 0.679149215793
168.35 0.676438573995
168.42 0.667260760395
168.49 0.663517634672
168.56 0.713137452407
168.63 0.657127150569
168.7 0.639237369441
168.77 0.689223436511
168.84 0.698990185585
168.91 0.691511307622
168.98 0.757521739265
169.05 0.637975644011
169.12 0.697778016215
169.19 0.636934046149
169.26 0.516272708524
169.33 0.338650252759
169.4 0.283111343173
169.47 0.280729939123
169.54 0.223169783229
169.61 0.173829265046
169.68 0.151668296948
169.75 0.113564425198
169.82 0.113843269662
169.89 0.0996609523052
169.96 0.0867649490775
170.03 0.122667117856
170.1 0.113830148509
170.17 0.326164993364
170.24 1.0
170.31 0.618988099749
170.38 0.6376535991
170.45 0.631850066839
170.52 0.633811602697
170.59 0.527714379477
170.66 0.461733714473
170.73 0.270788314303
170.8 0.234000624066
170.87 0.173275543382
170.94 0.14986044046
171.01 0.120487530122
171.08 0.0997096954583
171.15 0.0994254385625
171.22 0.0784635551576
171.29 0.0598232941368
171.36 0.0627056469019
171.43 0.0465018782746
171.5 0.0348344832021
171.57 0.020861296588
171.64 4.86875697579e-06
171.71 4.43451179422e-06
171.78 6.2965551328e-06
171.85 3.99505567047e-06
171.92 7.11814701634e-06
171.99 5.27521046574e-06
172.06 3.60944594923e-06
172.13 4.32508200846e-06
172.2 4.02284736209e-06
172.27 4.37892841098e-06
172.34 3.11093248079e-06
172.41 5.97521369844e-06
172.48 4.70721776825e-06
172.55 5.19530935233e-06
172.62 2.55336166765e-06
172.69 4.13227714784e-06
172.76 2.24591607909e-06
172.83 3.96900095957e-06
172.9 6.69432371912e-06
172.97 6.45635735962e-06
173.04 5.60002586156e-06
173.11 5.27521046574e-06
173.18 4.59778798249e-06
173.25 5.67992697497e-06
173.32 3.38884939699e-06
173.39 2.13301233188e-06
173.46 4.81491057328e-06
173.53 6.50846678141e-06
173.6 0.0
