-4.0 0.0
100.935271864 0.0
101.640429794 0.0
101.647983113 1.0
103.9459108 1.0
103.964953904 0.0
108.589554513 0.0
117.942592742 0.0
117.969872028 1.0
118.825981152 1.0
122.589158036 0.992125984252
122.694319873 0.826771653543
122.793476139 0.283464566929
124.598770944 0.0
124.785256113 0.393700787402
124.919439829 0.984251968504
126.930956094 0.913385826772
127.035541865 0.0393700787402
379.909693169 0.0
430.55044104 0.133867276888
430.793582795 0.973684210526
430.804327206 1.0
431.53494711 0.263157894737
432.491199631 0.263157894737
432.700715632 1.0
433.517290819 0.210526315789
434.419821288 0.131578947368
434.613220675 1.0
435.23102427 0.184210526316
447.199769921 0.0909090909091
449.388699582 0.0
452.247709751 0.0
