-4.0 0.0
-0.322234761777 0.0
0.163005029648 0.00787401574803
0.29228714473 0.00787401574803
0.431769030579 0.0
0.532683911045 0.0
1.01119185115 0.0157480314961
1.10866621263 0.141732283465
1.30391216537 0.472440944882
1.40005209807 0.708661417323
1.50191808345 0.937007874016
2.3016619863 0.976377952756
2.39998316425 0.590551181102
2.49865104913 0.0157480314961
4.56748094748 0.0
4.6655451102 0.370078740157
4.76248012253 0.992125984252
5.65234601207 0.973913043478
5.96875854983 0.121739130435
6.80972002644 0.0
6.92837191821 0.370078740157
7.03574394226 0.992125984252
7.62346914532 0.0
7.93329297124 0.0393700787402
8.03109066931 0.521739130435
8.21569102686 0.869565217391
8.49259156318 0.973913043478
8.71180448777 0.886956521739
9.1222918033 0.748031496063
10.0562879646 0
183.345771018 0.0
188.449637188 0.0
