0.0 3.19428248485e-06
0.07 9.83367254825e-07
0.14 1.87537437618e-06
0.21 0.0
0.28 1.16940970844e-06
0.35 2.38234006228e-05
0.42 0.00388575079104
0.49 0.0859894981261
0.56 0.49747045966
0.63 0.448034720691
0.7 0.681154213894
0.77 0.8006966363
0.84 0.862312051463
0.91 0.368894372173
0.98 0.48617086726
1.05 0.373747302864
1.12 0.141775359382
1.19 0.294522049221
1.26 0.586324970045
1.33 0.25518760487
1.4 0.35800618442
1.47 0.513978533136
1.54 0.454259727767
1.61 0.125308974365
1.68 0.0884790102693
1.75 0.102877858988
1.82 0.0850016425971
1.89 0.0447916209987
1.96 0.324419887114
2.03 0.658992375035
2.1 0.451776692226
2.17 0.167562911514
2.24 0.135518821432
2.31 0.100021074125
2.38 0.0750362104643
2.45 0.418596977414
2.52 0.345613506228
2.59 0.194955247579
2.66 0.47990357207
2.73 0.679166979831
2.8 0.178967729194
2.87 0.406704829832
2.94 0.383640700023
3.01 0.104332443539
3.08 0.0749639927705
3.15 0.0671640150653
3.22 0.050397736258
3.29 0.0344432553582
3.36 0.420036414455
3.43 0.078602250621
3.5 0.0412786760294
3.57 0.405466476445
3.64 0.0586848528392
3.71 0.0524238199715
3.78 0.052903937406
3.85 0.0464270886477
3.92 0.0360680388548
3.99 0.0250522276399
4.06 0.019611828035
4.13 0.0147990958024
4.2 0.010744391886
4.27 0.00787530330464
4.34 0.00577378602062
4.41 0.00377165361199
4.48 0.0028493963199
4.55 0.00187790920461
4.62 0.00133277657693
4.69 0.000983109785358
4.76 0.000678156304202
4.83 0.000593166463673
4.9 0.00157748386389
4.97 0.0105940712446
5.04 0.0608160422335
5.11 0.0747569225363
5.18 0.0751331651601
5.25 0.0865355127943
5.32 0.0740470077886
5.39 0.103615776447
5.46 0.123423081946
5.53 0.264931330875
5.6 0.257590517573
5.67 0.206249637435
5.74 0.273519209999
5.81 0.288507670441
5.88 0.211214494257
5.95 0.206508460693
6.02 0.171285785459
6.09 0.147620178737
6.16 0.153394160766
6.23 0.110716146489
6.3 0.088795523299
6.37 0.140930372829
6.44 0.089389674791
6.51 0.067454402419
6.58 0.0558548281898
6.65 0.0502689267753
6.72 0.158884371577
6.79 0.0569707075044
6.86 0.0553792737787
6.93 0.0629818637627
7.0 0.215483464264
7.07 0.234095892171
7.14 0.202884855347
7.21 0.18872505457
7.28 0.145102805075
7.35 0.116641297979
7.42 0.0904981904788
7.49 0.0740829837481
7.56 0.0846468612991
7.63 0.12550193195
7.7 0.109148198962
7.77 0.0636349043357
7.84 0.0628789208254
7.91 0.0746907827829
7.98 0.151150031975
8.05 0.0695666570103
8.12 0.0433300914162
8.19 0.0741173567525
8.26 0.293350257505
8.33 0.390204325958
8.4 0.367352779553
8.47 0.347053449902
8.54 0.309857076855
8.61 0.275214478669
8.68 0.252509096849
8.75 0.224752433182
8.82 0.243047137123
8.89 0.231786058833
8.96 0.164110239316
9.03 0.147286111273
9.1 0.126250932224
9.17 0.143553827234
9.24 0.141630377494
9.31 0.117075536015
9.38 0.110868596652
9.45 0.100805701529
9.52 0.195817551029
9.59 0.316978187308
9.66 0.260012177376
9.73 0.223998808425
9.8 0.110831678853
9.87 0.085370589699
9.94 0.0590229766932
10.01 0.0425065080516
10.08 0.0376454894968
10.15 0.188444781614
10.22 0.477755552478
10.29 0.428729008903
10.36 0.283269778047
10.43 0.192179519088
10.5 0.207359113235
10.57 0.196248762554
10.64 0.216653699535
10.71 0.153137450419
10.78 0.181878811876
10.85 0.347465485765
10.92 0.458044924273
10.99 0.398310159118
11.06 0.322764306947
11.13 0.164662169138
11.2 0.126294127295
11.27 0.0795027741679
11.34 0.076744570211
11.41 0.132963315712
11.48 0.0795848720449
11.55 0.0686900332744
11.62 0.0691815391648
11.69 0.0442938345144
11.76 0.0273958094113
11.83 0.0200832994787
11.9 0.0460057058124
11.97 0.020661099168
12.04 0.0233235194998
12.11 0.00973394382655
12.18 0.0679556057723
12.25 0.0820786698089
12.32 0.0905738267028
12.39 0.0807441324731
12.46 0.0605668367058
12.53 0.0855838292338
12.6 0.0689551786537
12.67 0.0644706701589
12.74 0.0608023498411
12.81 0.0588432164946
12.88 0.0812866571842
12.95 0.0388130470862
13.02 0.0181952011276
13.09 0.0270990168817
13.16 0.057895287005
13.23 0.0757901259134
13.3 0.056235313246
13.37 0.0733168841794
13.44 0.129200208425
13.51 0.252331793407
13.58 0.27391181107
13.65 0.248396874254
13.72 0.157719401971
13.79 0.128598146807
13.86 0.076723338116
13.93 0.0601228630011
14.0 0.050802562976
14.07 0.0966143942797
14.14 0.0524148151845
14.21 0.059234418925
14.28 0.0295914874322
14.35 0.0336163547901
14.42 0.0372160536811
14.49 0.0610406120859
14.56 0.0412658872718
14.63 0.0351323001292
14.7 0.0209502058187
14.77 0.0321843295475
14.84 0.0794637019304
14.91 0.0678848814014
14.98 0.0888197951948
15.05 0.0684818683797
15.12 0.0545165450884
15.19 0.0666307974601
15.26 0.0373787793675
15.33 0.0309725038207
15.4 0.0217307519161
15.47 0.0423728531596
15.54 0.0684172285936
15.61 0.0649131339296
15.68 0.092755398719
15.75 0.101552902839
15.82 0.180931081718
15.89 0.267023509492
15.96 0.283958952384
16.03 0.331258085133
16.1 0.274049517368
16.17 0.354566242842
16.24 0.302991939224
16.31 0.274622757356
16.38 0.264677429436
16.45 0.221155767448
16.52 0.263132022946
16.59 0.160015594411
16.66 0.182020325401
16.73 0.133969519678
16.8 0.16113915296
16.87 0.149117971648
16.94 0.0888662227535
17.01 0.0788175100453
17.08 0.064646417156
17.15 0.143340576071
17.22 0.0632659157064
17.29 0.0639557312247
17.36 0.0408521504492
17.43 0.221450143087
17.5 0.258369415866
17.57 0.195946682764
17.64 0.188715181031
17.71 0.152290558592
17.78 0.141976658978
17.85 0.108629275065
17.92 0.101034764639
17.99 0.0724397820485
18.06 0.123604318857
18.13 0.073135615708
18.2 0.0467079961417
18.27 0.0547237399046
18.34 0.0410216334633
18.41 0.106461558228
18.48 0.0471302792895
18.55 0.0264297441047
18.62 0.0490474135522
18.69 0.220696134616
18.76 0.362938914035
18.83 0.366374553382
18.9 0.331016607012
18.97 0.312582979191
19.04 0.271020704696
19.11 0.261122189709
19.18 0.259489604056
19.25 0.243986937222
19.32 0.233802273991
19.39 0.183057221388
19.46 0.164046717446
19.53 0.151419534402
19.6 0.148358870265
19.67 0.177390371573
19.74 0.148384042474
19.81 0.135467239501
19.88 0.118600670523
19.95 0.199595136406
20.02 0.357859028161
20.09 0.259501333037
20.16 0.260704346663
20.23 0.141662405035
20.3 0.0962919096195
20.37 0.0728743107765
20.44 0.0418914251224
20.51 0.0404343738476
20.58 0.145639039226
20.65 0.493582763729
20.72 0.387322933659
20.79 0.221901880742
20.86 0.223565008917
20.93 0.207546376592
21.0 0.243298007066
21.07 0.245117922519
21.14 0.227905248133
21.21 0.207501792847
21.28 0.394744756822
21.35 0.402061970971
21.42 0.281515060508
21.49 0.162394434549
21.56 0.151256968181
21.63 0.130330212017
21.7 0.0952883634028
21.77 0.0808100197403
21.84 0.115445131379
21.91 0.0845212411156
21.98 0.0806258659498
22.05 0.0512022436268
22.12 0.0380040198824
22.19 0.0260601691095
22.26 0.089270506294
22.33 0.026478121787
22.4 0.0315961064976
22.47 0.0134320060205
22.54 0.0575054018215
22.61 0.110746693995
22.68 0.0867323606601
22.75 0.129996514976
22.82 0.0729644965169
22.89 0.0893910518374
22.96 0.076018436548
23.03 0.0608471594949
23.1 0.0588827588214
23.17 0.140688716971
23.24 0.347771329592
23.31 0.260441736112
23.38 0.246726628293
23.45 0.198484941353
23.52 0.105393515079
23.59 0.0742110208224
23.66 0.0552739621223
23.73 0.0481559197087
23.8 0.110772014041
23.87 0.426241398711
23.94 0.379420195737
24.01 0.176633677115
24.08 0.146186768142
24.15 0.0825155190843
24.22 0.0682860553751
24.29 0.0738084133251
24.36 0.061934162363
24.43 0.0668012970634
24.5 0.289330640863
24.57 0.377096299582
24.64 0.230026746709
24.71 0.0962249276918
24.78 0.0766741946697
24.85 0.301457814879
24.92 0.420763679322
24.99 0.234660037673
25.06 0.150118993002
25.13 0.107197699978
25.2 0.152387137881
25.27 0.447019430545
25.34 0.316280572956
25.41 0.182712860129
25.48 0.101895461812
25.55 0.0787132897272
25.62 0.0753183338787
25.69 0.0778927793852
25.76 0.0790663434881
25.83 0.146465110908
25.9 0.257176227606
25.97 0.221788644009
26.04 0.223570583546
26.11 0.239410346018
26.18 0.292535401524
26.25 0.294337692777
26.32 0.314902573113
26.39 0.533862634302
26.46 0.449563195657
26.53 0.424161889253
26.6 0.374271688436
26.67 0.326189991361
26.74 0.295486403601
26.81 0.310755758249
26.88 0.308226994471
26.95 0.277908876709
27.02 0.310351956426
27.09 0.36057666988
27.16 0.296728280168
27.23 0.277421864076
27.3 0.237867711892
27.37 0.379473538427
27.44 0.318109418447
27.51 0.27361328602
27.58 0.21411514195
27.65 0.302821846589
27.72 0.442502289871
27.79 0.421131558341
27.86 0.375968214554
27.93 0.34128282162
28.0 0.317875450129
28.07 0.278872676284
28.14 0.253361405501
28.21 0.289801884737
28.28 0.353017125469
28.35 0.399137729107
28.42 0.284576216328
28.49 0.234628287535
28.56 0.174161250978
28.63 0.255541854618
28.7 0.391265457298
28.77 0.296892072276
28.84 0.218872362105
28.91 0.292625901211
28.98 0.481119628602
29.05 0.51328068457
29.12 0.475338085275
29.19 0.468593989854
29.26 0.415067345101
29.33 0.381026672324
29.4 0.303225086962
29.47 0.268356153182
29.54 0.233266627867
29.61 0.412763970094
29.68 0.334970044034
29.75 0.260081405101
29.82 0.21708643096
29.89 0.279451324792
29.96 0.363788437033
30.03 0.337876571998
30.1 0.292187463931
30.17 0.26807576561
30.24 0.405765431718
30.31 0.429747448482
30.38 0.441663015819
30.45 0.35790764338
30.52 0.21666529895
30.59 0.17574160355
30.66 0.125430036509
30.73 0.0805491998479
30.8 0.0665170092444
30.87 0.493125456428
30.94 0.524884105892
31.01 0.569426268877
31.08 0.54711546649
31.15 0.486480460175
31.22 0.415345521757
31.29 0.42847675693
31.36 0.425130605664
31.43 0.424388040466
31.5 0.568730068115
31.57 0.666456745443
31.64 0.435763895323
31.71 0.427166939985
31.78 0.373719271914
31.85 0.22740612613
31.92 0.175131095272
31.99 0.177287172827
32.06 0.203155052111
32.13 0.187652689257
32.2 0.191739943958
32.27 0.195798963395
32.34 0.165057663834
32.41 0.0992909920432
32.48 0.0944666520904
32.55 0.189463114883
32.62 0.159351456073
32.69 0.105065464095
32.76 0.0856197819379
32.83 0.11321070005
32.9 0.204532929033
32.97 0.199660357574
33.04 0.220710471513
33.11 0.164975642367
33.18 0.19549084387
33.25 0.192780549167
33.32 0.285349091497
33.39 0.253290599736
33.46 0.210835539067
33.53 0.194160208442
33.6 0.272976358052
33.67 0.266943112575
33.74 0.181745411131
33.81 0.147310077527
33.88 0.199923519608
33.95 0.23672883474
34.02 0.286058222208
34.09 0.277689743615
34.16 0.515994640323
34.23 0.753930440431
34.3 0.480080038321
34.37 0.32337107112
34.44 0.255898061134
34.51 0.247381039268
34.58 0.159776091329
34.65 0.144185835043
34.72 0.153302710934
34.79 0.157200984707
34.86 0.190505027373
34.93 0.173549229444
35.0 0.154472002705
35.07 0.115330105648
35.14 0.144949755257
35.21 0.208740227628
35.28 0.167911011895
35.35 0.109285292317
35.42 0.0754418627457
35.49 0.186839572441
35.56 0.27577370069
35.63 0.219845636556
35.7 0.23228893989
35.77 0.231250457559
35.84 0.231504129766
35.91 0.287282408131
35.98 0.186622962548
36.05 0.109360724226
36.12 0.125443722257
36.19 0.246130549933
36.26 0.164918150265
36.33 0.17975169216
36.4 0.193613903083
36.47 0.216295878437
36.54 0.239488191496
36.61 0.252238116049
36.68 0.3546542077
36.75 0.29634435997
36.82 0.496163439996
36.89 0.455025468539
36.96 0.386755462648
37.03 0.372098868721
37.1 0.378551736274
37.17 0.352107563913
37.24 0.350475410145
37.31 0.350966746604
37.38 0.334001771134
37.45 0.423624319583
37.52 0.348643591297
37.59 0.287115308786
37.66 0.265783524911
37.73 0.23969520027
37.8 0.432945808951
37.87 0.310506866668
37.94 0.26632168593
38.01 0.262654094832
38.08 0.474757868695
38.15 0.399783226655
38.22 0.36317497367
38.29 0.336608991673
38.36 0.335400870185
38.43 0.303792220771
38.5 0.282859350123
38.57 0.292653242808
38.64 0.322955518723
38.71 0.467782668681
38.78 0.41526541387
38.85 0.312205417659
38.92 0.286102186366
38.99 0.252516015303
39.06 0.44018850147
39.13 0.295723694107
39.2 0.236197203479
39.27 0.191006958285
39.34 0.346311314927
39.41 0.479066356112
39.48 0.400964335444
39.55 0.428285119914
39.62 0.399176329594
39.69 0.407977471508
39.76 0.374332220338
39.83 0.331192309159
39.9 0.327458118185
39.97 0.305234832162
40.04 0.386745155564
40.11 0.314433216242
40.18 0.326930234351
40.25 0.287870063087
40.32 0.305289829301
40.39 0.369543492565
40.46 0.370324668217
40.53 0.35389614284
40.6 0.360015035951
40.67 0.448244750994
40.74 0.309562629789
40.81 0.331900066147
40.88 0.255861844316
40.95 0.117353652872
41.02 0.10510231379
41.09 0.0764683287282
41.16 0.0691452509198
41.23 0.252782132422
41.3 0.565073534916
41.37 0.616653011178
41.44 0.497394351686
41.51 0.533803810004
41.58 0.482514787539
41.65 0.465715318426
41.72 0.517724582655
41.79 0.523574682626
41.86 0.474323182163
41.93 0.650182955893
42.0 0.684462954015
42.07 0.459771964675
42.14 0.41276761121
42.21 0.288738728525
42.28 0.223133196076
42.35 0.195674471094
42.42 0.138810498803
42.49 0.186905240444
42.56 0.209920725134
42.63 0.178691690364
42.7 0.167752928964
42.77 0.125959249218
42.84 0.0932231277195
42.91 0.105722918193
42.98 0.171320861106
43.05 0.138807655011
43.12 0.0875419659243
43.19 0.070899428604
43.26 0.136927219284
43.33 0.197809044135
43.4 0.228323111112
43.47 0.250686030302
43.54 0.255135813641
43.61 0.195775733005
43.68 0.159384965309
43.75 0.182619307352
43.82 0.0832551458084
43.89 0.552747484838
43.96 0.611184034124
44.03 0.437972295657
44.1 0.435179261896
44.17 0.323649488635
44.24 0.197931269044
44.31 0.169771501213
44.38 0.139596602919
44.45 0.102840293362
44.52 0.386062441219
44.59 0.707843658314
44.66 0.507545567141
44.73 0.42980327949
44.8 0.302326325836
44.87 0.212187371707
44.94 0.184401419643
45.01 0.150035677544
45.08 0.214813101809
45.15 0.31979747465
45.22 0.459067137856
45.29 0.455091211291
45.36 0.292293347003
45.43 0.246734317494
45.5 0.186109463782
45.57 0.523177883972
45.64 0.438555020488
45.71 0.328193982533
45.78 0.220253931637
45.85 0.208265965548
45.92 0.565617038011
45.99 0.529669327096
46.06 0.394294281598
46.13 0.328459875404
46.2 0.233057135759
46.27 0.167678825929
46.34 0.166268650708
46.41 0.151475518231
46.48 0.0944964487826
46.55 0.0744645618037
46.62 0.0606736367018
46.69 0.04156406017
46.76 0.0398970716139
46.83 0.0266283593738
46.9 0.0263036621372
46.97 0.0183217398957
47.04 0.0185507282565
47.11 0.0142451278193
47.18 0.0188451022342
47.25 0.454822306858
47.32 0.862919112972
47.39 0.914537026934
47.46 0.891106159277
47.53 0.815630499927
47.6 0.728954657967
47.67 0.75138316875
47.74 0.713637498714
47.81 0.631727999634
47.88 0.537999492573
47.95 0.636674695722
48.02 0.66700044953
48.09 0.543318165597
48.16 0.442024416574
48.23 0.456131145418
48.3 0.700949041259
48.37 0.614244223188
48.44 0.50908112501
48.51 0.446487241156
48.58 0.6569039372
48.65 0.861708755652
48.72 0.813320630045
48.79 0.803364146222
48.86 0.657706416374
48.93 0.663309030048
49.0 0.740300621449
49.07 0.660916412802
49.14 0.598570528522
49.21 0.61968686693
49.28 0.662990405769
49.35 0.520743548366
49.42 0.369313471005
49.49 0.376318628837
49.56 0.653174998603
49.63 0.651106635081
49.7 0.522155984335
49.77 0.493658682339
49.84 0.502674746475
49.91 0.746205819886
49.98 0.873493103259
50.05 0.75587022204
50.12 0.718067089802
50.19 0.600135142235
50.26 0.610816083678
50.33 0.629685178744
50.4 0.702879127067
50.47 0.552670650966
50.54 0.603474185682
50.61 0.665040661713
50.68 0.466962927425
50.75 0.415794264461
50.82 0.421389009536
50.89 0.817921104448
50.96 0.536804820957
51.03 0.405596593208
51.1 0.39796818485
51.17 0.669111793842
51.24 0.861084289206
51.31 0.774241532283
51.38 0.649338550723
51.45 0.658950022138
51.52 0.673035362745
51.59 0.664353568726
51.66 0.675155849715
51.73 0.534926584517
51.8 0.556431761619
51.87 0.730876388475
51.94 0.528872062095
52.01 0.444948671726
52.08 0.408652632861
52.15 0.559095695207
52.22 0.614698058804
52.29 0.488762028349
52.36 0.421651645004
52.43 0.553483334236
52.5 0.736881315634
52.57 0.881789686411
52.64 0.795554914565
52.71 0.700148130158
52.78 0.742174977575
52.85 0.656015217382
52.92 0.653352154207
52.99 0.74358529565
53.06 0.513952854294
53.13 0.576320331126
53.2 0.763095949812
53.27 0.594171792243
53.34 0.417498896714
53.41 0.51877925068
53.48 0.779319577665
53.55 0.7267705777
53.62 0.478890532705
53.69 0.371646543039
53.76 0.643793772997
53.83 0.799903897777
53.9 0.822477970169
53.97 0.803842972987
54.04 0.740173109281
54.11 0.688825883766
54.18 0.707991155097
54.25 0.577134368187
54.32 0.612668167864
54.39 0.500437625836
54.46 0.63966407736
54.53 0.693834995436
54.6 0.569188720902
54.67 0.679853011379
54.74 0.753881212269
54.81 0.782364036176
54.88 0.589711148676
54.95 0.738304256357
55.02 0.619165524481
55.09 0.847733568788
55.16 0.782373680484
55.23 0.58066763165
55.3 0.481983460258
55.37 0.410121082558
55.44 0.355361296928
55.51 0.322938477566
55.58 0.319028586106
55.65 0.516277487974
55.72 0.706248196437
55.79 0.648629552899
55.86 0.750548083975
55.93 0.373513449161
56.0 0.282212307758
56.07 0.655944468095
56.14 0.675674556009
56.21 0.551995340115
56.28 0.439501619442
56.35 0.333373475869
56.42 0.647818944335
56.49 0.717737449152
56.56 0.688948274784
56.63 0.659051415276
56.7 0.587786796963
56.77 0.663917746007
56.84 0.527563605585
56.91 0.627395431346
56.98 0.527894277774
57.05 0.680079451622
57.12 0.718638064059
57.19 0.707373947629
57.26 0.637762168679
57.33 0.522855226558
57.4 0.674760002868
57.47 0.569956222433
57.54 0.662435994274
57.61 0.577233191613
57.68 0.647411740592
57.75 0.877031102499
57.82 0.880708864472
57.89 0.881781339417
57.96 0.892423153807
58.03 0.839075631392
58.1 0.747044476012
58.17 0.762670422549
58.24 0.7258366396
58.31 0.59120836851
58.38 0.669851794312
58.45 0.682224250354
58.52 0.531105672843
58.59 0.440078998875
58.66 0.510335745484
58.73 0.749492844534
58.8 0.638518575768
58.87 0.510177752252
58.94 0.460886566609
59.01 0.717998476681
59.08 0.82103785208
59.15 0.875275150767
59.22 0.691334571571
59.29 0.754779398657
59.36 0.734512280929
59.43 0.663810532399
59.5 0.676826324906
59.57 0.551013790096
59.64 0.627747588117
59.71 0.685240770936
59.78 0.558236793676
59.85 0.437166853093
59.92 0.478613384265
59.99 0.667436232383
60.06 0.716269225363
60.13 0.65818873974
60.2 0.53938571815
60.27 0.662781254185
60.34 0.892352980919
60.41 0.936434761919
60.48 0.850411580142
60.55 0.827578287491
60.62 0.71636431299
60.69 0.586780777378
60.76 0.532160284391
60.83 0.689074590966
60.9 0.481308893576
60.97 0.668229640327
61.04 0.703429302774
61.11 0.51463999213
61.18 0.453987403142
61.25 0.491119151353
61.32 0.793796142297
61.39 0.575536449553
61.46 0.486654451396
61.53 0.457740555496
61.6 0.698174138331
61.67 0.822967569124
61.74 0.797342589858
61.81 0.781772175332
61.88 0.702115220141
61.95 0.607636219483
62.02 0.691368466181
62.09 0.653244237957
62.16 0.611488939433
62.23 0.647402297276
62.3 0.66067911233
62.37 0.61720156898
62.44 0.502912440626
62.51 0.408849944172
62.58 0.707532088698
62.65 0.60277031067
62.72 0.467412437554
62.79 0.411444171639
62.86 0.633652039062
62.93 0.823099385186
63.0 0.787855119061
63.07 0.838531899066
63.14 0.764052709674
63.21 0.634394542799
63.28 0.532789994908
63.35 0.545889558014
63.42 0.671695222542
63.49 0.439373271743
63.56 0.649849561172
63.63 0.571277992606
63.7 0.490808390689
63.77 0.426366414257
63.84 0.493065100602
63.91 0.736875186199
63.98 0.61247568203
64.05 0.488774493193
64.12 0.44413746849
64.19 0.652211727255
64.26 0.857063421761
64.33 0.789820712399
64.4 0.870628218905
64.47 0.690495652993
64.54 0.703477580791
64.61 0.643067529701
64.68 0.527508457286
64.75 0.508338553167
64.82 0.620345862522
64.89 0.756655095286
64.96 0.816047936004
65.03 0.768443838146
65.1 0.74516003871
65.17 0.76083057896
65.24 0.738862219269
65.31 0.678339052707
65.38 0.625069829249
65.45 0.625004983488
65.52 0.813429463219
65.59 0.788592506631
65.66 0.623335068085
65.73 0.472485218931
65.8 0.506972785615
65.87 0.505479989273
65.94 0.317008354424
66.01 0.297958123774
66.08 0.466309332047
66.15 0.61797657367
66.22 0.775267539804
66.29 0.65451698262
66.36 0.405337004186
66.43 0.376191090091
66.5 0.405172557607
66.57 0.638659198947
66.64 0.521151323525
66.71 0.350691284174
66.78 0.31256330354
66.85 0.656537749174
66.92 0.634648558853
66.99 0.46595070864
67.06 0.275039342954
67.13 0.534159061391
67.2 0.655824522206
67.27 0.578853013424
67.34 0.403334630919
67.41 0.3774565193
67.48 0.486797783818
67.55 0.586576408082
67.62 0.564409298574
67.69 0.477323299448
67.76 0.403010862233
67.83 0.359650308026
67.9 0.294433522913
67.97 0.317140582437
68.04 0.215773540993
68.11 0.368506227815
68.18 0.758088112201
68.25 0.888657556541
68.32 0.969425269895
68.39 0.936246734459
68.46 0.665471687195
68.53 0.648340768501
68.6 0.750604099365
68.67 0.800371734749
68.74 0.902118473891
68.81 0.826404713421
68.88 0.898528108683
68.95 0.754310146434
69.02 0.745928325939
69.09 0.725300812417
69.16 0.818665978567
69.23 0.880575387317
69.3 0.727342556918
69.37 0.772024859704
69.44 0.84374063595
69.51 0.898565375312
69.58 0.864147591159
69.65 0.762364573739
69.72 0.757698074197
69.79 0.797420292482
69.86 0.791442517555
69.93 0.838047761785
70.0 0.753695801031
70.07 0.832390016423
70.14 0.951905306531
70.21 0.960227382482
70.28 0.830611776141
70.35 0.922816701817
70.42 0.900453400575
70.49 0.863993561297
70.56 0.789851445948
70.63 0.765047041806
70.7 0.579505346371
70.77 0.852446260014
70.84 0.755560622481
70.91 0.723322355572
70.98 0.747708278808
71.05 0.731588308163
71.12 0.799900952659
71.19 0.708362241687
71.26 0.760028591469
71.33 0.775191287314
71.4 0.766692655413
71.47 0.693761563483
71.54 0.744135999585
71.61 0.6759988496
71.68 0.6423798055
71.75 0.783251797543
71.82 0.610659587091
71.89 0.569025890566
71.96 0.576276381918
72.03 0.857703072261
72.1 0.798286222099
72.17 0.710173972933
72.24 0.67426131441
72.31 0.689590234204
72.38 0.762296317753
72.45 0.71801818057
72.52 0.655719532802
72.59 0.741136933772
72.66 0.745004537119
72.73 0.829394222964
72.8 0.630967509577
72.87 0.615688927556
72.94 0.611496907698
73.01 0.730608068747
73.08 0.936874413459
73.15 0.623741032652
73.22 0.62708167241
73.29 0.699649046359
73.36 0.784919842554
73.43 0.792802203844
73.5 0.870358321138
73.57 0.761400222681
73.64 0.790194360395
73.71 0.684916929162
73.78 0.792113300266
73.85 0.764929100857
73.92 0.806885441507
73.99 0.86042329698
74.06 0.83336431743
74.13 0.705861837754
74.2 0.719186691627
74.27 0.716719265381
74.34 0.812872923863
74.41 0.751740921744
74.48 0.671769430225
74.55 0.550764489886
74.62 0.899777177784
74.69 0.925774615704
74.76 0.697380821748
74.83 0.707820692037
74.9 0.668947990106
74.97 0.68215707574
75.04 0.73405789383
75.11 0.662428660547
75.18 0.548036954696
75.25 0.648451759435
75.32 0.883642204143
75.39 0.892004505131
75.46 0.808201695189
75.53 0.656213776174
75.6 0.800053754974
75.67 0.654002837689
75.74 0.585467239584
75.81 0.444218528184
75.88 0.501161522007
75.95 0.689655267669
76.02 0.572935203967
76.09 0.533847242611
76.16 0.457983701356
76.23 0.460968225957
76.3 0.403551307255
76.37 0.437284322292
76.44 0.451888726327
76.51 0.433228548631
76.58 0.403479727421
76.65 0.41689137176
76.72 0.475993296897
76.79 0.462191837141
76.86 0.477120762338
76.93 0.417038057929
77.0 0.453834801819
77.07 0.460794238058
77.14 0.45868025593
77.21 0.475384602533
77.28 0.457766858909
77.35 0.451429176551
77.42 0.484656096314
77.49 0.513582513535
77.56 0.52358966901
77.63 0.611136814223
77.7 0.518771910309
77.77 0.556440120241
77.84 0.490832172563
77.91 0.486116762128
77.98 0.634385576218
78.05 0.612608699062
78.12 0.5057977747
78.19 0.462941955331
78.26 0.545014975761
78.33 0.552780626973
78.4 0.51092647014
78.47 0.52617868895
78.54 0.507177767855
78.61 0.495008169514
78.68 0.500404066768
78.75 0.489752727669
78.82 0.425662520972
78.89 0.50049866105
78.96 0.541790022849
79.03 0.516022370615
79.1 0.445003491128
79.17 0.408997791445
79.24 0.426535088319
79.31 0.522041299129
79.38 0.479946905012
79.45 0.474312104332
79.52 0.451144863815
79.59 0.501222590442
79.66 0.49131556069
79.73 0.503107863274
79.8 0.501796160988
79.87 0.523998927525
79.94 0.57311284461
80.01 0.571372688215
80.08 0.521292881899
80.15 0.47309148976
80.22 0.44994016584
80.29 0.472832661519
80.36 0.468681956374
80.43 0.579726220291
80.5 0.527977727781
80.57 0.506935806355
80.64 0.558744222807
80.71 0.476031897384
80.78 0.403878205441
80.85 0.44430658108
80.92 0.475021964263
80.99 0.511067242817
81.06 0.506821544728
81.13 0.518610672962
81.2 0.558124900767
81.27 0.51398514761
81.34 0.487726026029
81.41 0.478441248485
81.48 0.471869346983
81.55 0.494117567678
81.62 0.447341592953
81.69 0.521354980212
81.76 0.521855598861
81.83 0.492837804895
81.9 0.547343591082
81.97 0.588921988148
82.04 0.566970985223
82.11 0.494083498654
82.18 0.583849882836
82.25 0.608980593814
82.32 0.544040691365
82.39 0.55599899365
82.46 0.566086766968
82.53 0.584528467702
82.6 0.559781600511
82.67 0.63118410286
82.74 0.641191555671
82.81 0.731490099341
82.88 0.667855454136
82.95 0.568532557473
83.02 0.574187811196
83.09 0.73658992498
83.16 0.703722718301
83.23 0.619329353133
83.3 0.62441644483
83.37 0.642338558891
83.44 0.653855530271
83.51 0.631261468282
83.58 0.578207610558
83.65 0.50957085353
83.72 0.423235630387
83.79 0.649940200391
83.86 0.690446099256
83.93 0.681904043053
84.0 0.530171309503
84.07 0.412916332219
84.14 0.319489100978
84.21 0.312921058195
84.28 0.282338560818
84.35 0.381651806528
84.42 0.469391658502
84.49 0.643945392613
84.56 0.695639495943
84.63 0.422072539478
84.7 0.370186028384
84.77 0.543201897369
84.84 0.626540810453
84.91 0.614674477923
84.98 0.392468736699
85.05 0.36230475511
85.12 0.566745840632
85.19 0.653572089609
85.26 0.582108503876
85.33 0.537829212234
85.4 0.413543105923
85.47 0.391210774105
85.54 0.303098254181
85.61 0.24509217225
85.68 0.219297470772
85.75 0.30348523079
85.82 0.398823671173
85.89 0.410638071282
85.96 0.438386580641
86.03 0.376428344052
86.1 0.475405899411
86.17 0.380264335131
86.24 0.370463894416
86.31 0.461424388765
86.38 0.421420233108
86.45 0.746332127762
86.52 0.752499425133
86.59 0.717051294683
86.66 0.649640165407
86.73 0.741494296409
86.8 0.693773330668
86.87 0.631658976223
86.94 0.652872177966
87.01 0.639385801038
87.08 0.781833326822
87.15 0.752327405629
87.22 0.709105384945
87.29 0.721880131216
87.36 0.875148723293
87.43 0.808413311835
87.5 0.735906589386
87.57 0.454091402535
87.64 0.522827707225
87.71 0.841291885376
87.78 0.982840625116
87.85 0.848703009437
87.92 0.58648445826
87.99 0.780803360915
88.06 0.871812055209
88.13 0.638760098739
88.2 0.476213008051
88.27 0.477882699206
88.34 0.617107566047
88.41 0.772746343966
88.48 0.993030568963
88.55 1.0
88.62 0.950510401741
88.69 0.900167655978
88.76 0.59846312721
88.83 0.293112525149
88.9 0.414200812507
88.97 0.72203405643
89.04 0.725020732147
89.11 0.683125870223
89.18 0.681119864145
89.25 0.669763601884
89.32 0.513317692069
89.39 0.619986372025
89.46 0.630471168244
89.53 0.60373557699
89.6 0.699015975451
89.67 0.721359519648
89.74 0.604399393076
89.81 0.480974385922
89.88 0.470365999376
89.95 0.708384678074
90.02 0.662392327452
90.09 0.506888146265
90.16 0.339043079776
90.23 0.584957357018
90.3 0.654499899937
90.37 0.528711886186
90.44 0.52689542913
90.51 0.45241683441
90.58 0.379576365088
90.65 0.267577568835
90.72 0.188878292092
90.79 0.150321825788
90.86 0.556706180882
90.93 0.578506680446
91.0 0.662070121856
91.07 0.66439579538
91.14 0.605314115648
91.21 0.598889911921
91.28 0.645747011123
91.35 0.706794078218
91.42 0.538182425459
91.49 0.528029298085
91.56 0.683616067172
91.63 0.675952073212
91.7 0.674999554121
91.77 0.476595316988
91.84 0.396678320958
91.91 0.328827978671
91.98 0.221847089578
92.05 0.271991557274
92.12 0.377038277592
92.19 0.36712261846
92.26 0.389707009564
92.33 0.257331421896
92.4 0.234160038612
92.47 0.205280887802
92.54 0.484750858366
92.61 0.370926246458
92.68 0.239262116693
92.75 0.196176765786
92.82 0.297791773582
92.89 0.322986939964
92.96 0.474533837037
93.03 0.393300190324
93.1 0.52015153304
93.17 0.423381163757
93.24 0.393781623345
93.31 0.305395253912
93.38 0.491934422606
93.45 0.424960406719
93.52 0.40631458253
93.59 0.314832028141
93.66 0.337162695543
93.73 0.418285867921
93.8 0.424322116655
93.87 0.63435241415
93.94 0.665759474937
94.01 0.393516597564
94.08 0.302772698159
94.15 0.433642870159
94.22 0.686924513279
94.29 0.662511868034
94.36 0.51157517526
94.43 0.4725961401
94.5 0.290627684
94.57 0.250297145097
94.64 0.212947767081
94.71 0.299919223855
94.78 0.288932616322
94.85 0.409372427792
94.92 0.360909154322
94.99 0.284036357672
95.06 0.173996309393
95.13 0.249147912689
95.2 0.352850017818
95.27 0.200319972755
95.34 0.203547236248
95.41 0.204278745209
95.48 0.290371523474
95.55 0.564381410478
95.62 0.608625373987
95.69 0.497437850737
95.76 0.645701203152
95.83 0.519498738309
95.9 0.42435079377
95.97 0.416915618739
96.04 0.315936891084
96.11 0.383347367551
96.18 0.52150643538
96.25 0.466775016241
96.32 0.396437490663
96.39 0.44109981714
96.46 0.492175442266
96.53 0.451941663711
96.6 0.360618117481
96.67 0.400892752288
96.74 0.470384613587
96.81 0.660694266484
96.88 0.704555844647
96.95 0.629225697072
97.02 0.636180465638
97.09 0.594383656392
97.16 0.76361437372
97.23 0.660238198359
97.3 0.77215966075
97.37 0.726788663684
97.44 0.666185096883
97.51 0.716541667926
97.58 0.857261676573
97.65 0.71471492704
97.72 0.700660494397
97.79 0.60868083291
97.86 0.618191377955
97.93 0.665727098567
98.0 0.496120444257
98.07 0.707828764951
98.14 0.765545579105
98.21 0.731334840269
98.28 0.772716836304
98.35 0.716605953899
98.42 0.685966057441
98.49 0.78375053085
98.56 0.58604940961
98.63 0.542847825357
98.7 0.675880777424
98.77 0.812267739389
98.84 0.874255457062
98.91 0.880593386924
98.98 0.862091454945
99.05 0.803839677377
99.12 0.6605095147
99.19 0.412877828075
99.26 0.383257472502
99.33 0.641136457205
99.4 0.763784100915
99.47 0.791144314757
99.54 0.684008972223
99.61 0.621800312525
99.68 0.57866305079
99.75 0.473482017787
99.82 0.425594343058
99.89 0.635843833446
99.96 0.651134142787
100.03 0.78713619122
100.1 0.605757579397
100.17 0.454299105645
100.24 0.394849440585
100.31 0.641871230214
100.38 0.605715816189
100.45 0.443627243739
100.52 0.3709523821
100.59 0.534569384667
100.66 0.579244413524
100.73 0.476352413649
100.8 0.447859855735
100.87 0.389490515947
100.94 0.254817262449
101.01 0.199452951799
101.08 0.191185289943
101.15 0.135606409223
101.22 0.416904446225
101.29 0.670518608671
101.36 0.679501759904
101.43 0.684991199968
101.5 0.594419428037
101.57 0.543229724004
101.64 0.640277137078
101.71 0.535035376164
101.78 0.505512593213
101.85 0.545944131574
101.92 0.858371079285
101.99 0.616676666808
102.06 0.508980525875
102.13 0.484063777008
102.2 0.410957615807
102.27 0.263736049638
102.34 0.219733741987
102.41 0.207490641928
102.48 0.284338749747
102.55 0.324039066517
102.62 0.310784697817
102.69 0.231690374873
102.76 0.147568478868
102.83 0.116006630759
102.9 0.288287465942
102.97 0.236926792216
103.04 0.120297108602
103.11 0.100344517236
103.18 0.244071000172
103.25 0.396431919356
103.32 0.235835548577
103.39 0.336962163372
103.46 0.286308115429
103.53 0.315935691775
103.6 0.214498196718
103.67 0.156998464208
103.74 0.087873747724
103.81 0.629258166463
103.88 0.739864496411
103.95 0.560746157545
104.02 0.523445961181
104.09 0.402216137043
104.16 0.405827206118
104.23 0.388708275534
104.3 0.302798777324
104.37 0.259010906857
104.44 0.577908231706
104.51 0.776416654274
104.58 0.509722821976
104.65 0.42192807419
104.72 0.42979429962
104.79 0.391639591994
104.86 0.47580062502
104.93 0.479739115524
105.0 0.469186216139
105.07 0.465251547811
105.14 0.627830549763
105.21 0.5194456099
105.28 0.394862367213
105.35 0.274995227637
105.42 0.42399913865
105.49 0.489567163611
105.56 0.379917550337
105.63 0.268807618417
105.7 0.273866396778
105.77 0.541663216645
105.84 0.553041687724
105.91 0.52165442883
105.98 0.388918226104
106.05 0.262257759624
106.12 0.246922040975
106.19 0.135504162284
106.26 0.104155083621
106.33 0.105054788248
106.4 0.104160849276
106.47 0.0609385345782
106.54 0.0509172747596
106.61 0.113884589006
106.68 0.228750837662
106.75 0.204321694438
106.82 0.135918311058
106.89 0.0992372523516
106.96 0.124345050208
107.03 0.151402993235
107.1 0.116583304227
107.17 0.0945771147972
107.24 0.137549569496
107.31 0.127070955866
107.38 0.0849728026946
107.45 0.10876319241
107.52 0.0955642328008
107.59 0.0511975742934
107.66 0.101672046419
107.73 0.0820213039506
107.8 0.0485070964341
107.87 0.100247157234
107.94 0.0663182212217
108.01 0.0337997179002
108.08 0.0912334701218
108.15 0.0758156619012
108.22 0.0362331498713
108.29 0.0831423426211
108.36 0.201721977058
108.43 0.210306942624
108.5 0.18562903074
108.57 0.27294760951
108.64 0.141525574132
108.71 0.11415694353
108.78 0.215625122303
108.85 0.167329039539
108.92 0.128720376699
108.99 0.226645926765
109.06 0.155099381047
109.13 0.139153923206
109.2 0.173267664157
109.27 0.16203608024
109.34 0.27378242851
109.41 0.223795590266
109.48 0.218250201257
109.55 0.253654178184
109.62 0.186134258922
109.69 0.160522897299
109.76 0.186115687899
109.83 0.151342439738
109.9 0.112808868284
109.97 0.0921346331896
110.04 0.0704087300049
110.11 0.0983734290008
110.18 0.206136815976
110.25 0.183666875864
110.32 0.117672180808
110.39 0.129936484724
110.46 0.11740334448
110.53 0.148990348186
110.6 0.136101398426
110.67 0.0823231279319
110.74 0.122185138849
110.81 0.152865247054
110.88 0.104496782147
110.95 0.166299837736
111.02 0.18933418248
111.09 0.136432964284
111.16 0.133051797171
111.23 0.143270539393
111.3 0.119608288079
111.37 0.121763729436
111.44 0.0960416708917
111.51 0.0398225134395
111.58 0.104012010329
111.65 0.126159804644
111.72 0.0581505306069
111.79 0.0924022253594
111.86 0.262239995891
111.93 0.236174589355
112.0 0.18130940403
112.07 0.271046425065
112.14 0.129532784228
112.21 0.0956320818192
112.28 0.201017010707
112.35 0.119609867779
112.42 0.139706284912
112.49 0.226917357721
112.56 0.126031516744
112.63 0.199414708448
112.7 0.238444006631
112.77 0.271728069666
112.84 0.274057096937
112.91 0.280219911017
112.98 0.326963589105
113.05 0.305887680048
113.12 0.285705401001
113.19 0.239239828143
113.26 0.196267554503
113.33 0.15187960244
113.4 0.11448611243
113.47 0.0710989956795
113.54 0.117461750182
113.61 0.158271075984
113.68 0.195421378608
113.75 0.141681218578
113.82 0.118631666524
113.89 0.127711460167
113.96 0.125217755425
114.03 0.165799421741
114.1 0.101071572806
114.17 0.109536969552
114.24 0.157831570621
114.31 0.0840619571137
114.38 0.110836610639
114.45 0.147358116346
114.52 0.0795765782059
114.59 0.12007818979
114.66 0.134560066598
114.73 0.0822191102672
114.8 0.0978535682472
114.87 0.0881450125712
114.94 0.0554881119362
115.01 0.0991291052088
115.08 0.0962896488715
115.15 0.0392195863914
115.22 0.0967869885217
115.29 0.216005067504
115.36 0.218476088356
115.43 0.175275115386
115.5 0.267276023918
115.57 0.122621790454
115.64 0.113380337546
115.71 0.191810759689
115.78 0.129230636333
115.85 0.128598479026
115.92 0.247892056361
115.99 0.176002775594
116.06 0.176041588701
116.13 0.218647373657
116.2 0.234477086514
116.27 0.318236169835
116.34 0.255170568696
116.41 0.251874796731
116.48 0.324026543534
116.55 0.254194452114
116.62 0.201157298345
116.69 0.190984422232
116.76 0.160053191597
116.83 0.14424505302
116.9 0.0995386261766
116.97 0.0739116419705
117.04 0.133512803727
117.11 0.308499385539
117.18 0.287300248273
117.25 0.239056053081
117.32 0.228796027707
117.39 0.204053079035
117.46 0.209774794763
117.53 0.227100200909
117.6 0.232510715784
117.67 0.233208472989
117.74 0.199457642727
117.81 0.161954927525
117.88 0.162632851276
117.95 0.208546173721
118.02 0.153405934596
118.09 0.123006968099
118.16 0.117560762973
118.23 0.0742560497405
118.3 0.0765497073518
118.37 0.103525396359
118.44 0.0954197110362
118.51 0.107702522854
118.58 0.116580898964
118.65 0.0888191191298
118.72 0.0789292003001
118.79 0.108080175746
118.86 0.113633916733
118.93 0.0969615710924
119.0 0.124068074522
119.07 0.122178854933
119.14 0.06751172675
119.21 0.0888608823385
119.28 0.0926519009766
119.35 0.0700682623483
119.42 0.08168847234
119.49 0.133644380591
119.56 0.0598938729793
119.63 0.0687640399658
119.7 0.128866728988
119.77 0.131690502944
119.84 0.129041341459
119.91 0.136929058114
119.98 0.108095579065
120.05 0.113506348087
120.12 0.162640384334
120.19 0.102086269942
120.26 0.0981400553537
120.33 0.129286251399
120.4 0.0855506970661
120.47 0.0764275621755
120.54 0.235623662833
120.61 0.291347759655
120.68 0.243344477813
120.75 0.315167648727
120.82 0.163084886266
120.89 0.101210387054
120.96 0.17733459372
121.03 0.149370507668
121.1 0.115525804038
121.17 0.170506767568
121.24 0.168418412787
121.31 0.0876974475828
121.38 0.137864163963
121.45 0.161949826307
121.52 0.0942802375518
121.59 0.102213160862
121.66 0.156678987788
121.73 0.0687549753794
121.8 0.106438198272
121.87 0.158584580774
121.94 0.0697189859136
122.01 0.117359471682
122.08 0.229887332806
122.15 0.0717684528379
122.22 0.0750279930356
122.29 0.280270110919
122.36 0.227654994456
122.43 0.224553507289
122.5 0.301930628487
122.57 0.171181417304
122.64 0.147213260702
122.71 0.187229245005
122.78 0.165273016279
122.85 0.111832834756
122.92 0.205264456266
122.99 0.160596415629
123.06 0.167016287224
123.13 0.262735916968
123.2 0.19343952981
123.27 0.164639623118
123.34 0.177275819255
123.41 0.177083423119
123.48 0.128929978439
123.55 0.100367549956
123.62 0.125410860847
123.69 0.0716573240327
123.76 0.0512012037824
123.83 0.0993793455977
123.9 0.0626377084788
123.97 0.0894066910311
124.04 0.237486884651
124.11 0.153902106497
124.18 0.121140111809
124.25 0.205440447444
124.32 0.104333877063
124.39 0.111378595494
124.46 0.21278871075
124.53 0.0893856316898
124.6 0.111683919399
124.67 0.174581361416
124.74 0.0943376831427
124.81 0.0507848739931
124.88 0.196266114335
124.95 0.158187054561
125.02 0.0627505565157
125.09 0.214580957371
125.16 0.153145468516
125.23 0.0729495533213
125.3 0.163594228977
125.37 0.168253577512
125.44 0.0701722301801
125.51 0.201712949015
125.58 0.196358927925
125.65 0.0960256812073
125.72 0.31309087675
125.79 0.457153947029
125.86 0.289472675971
125.93 0.246504511876
126.0 0.204772907188
126.07 0.170056649479
126.14 0.261257598715
126.21 0.336803205045
126.28 0.324146532611
126.35 0.215281392259
126.42 0.167923406973
126.49 0.14705075428
126.56 0.15587531761
126.63 0.241927030326
126.7 0.26200233164
126.77 0.199849200631
126.84 0.147276769284
126.91 0.137032604028
126.98 0.137561477874
127.05 0.187684238402
127.12 0.220232608182
127.19 0.145819163204
127.26 0.101742745874
127.33 0.0833685486505
127.4 0.0920722176075
127.47 0.177001112622
127.54 0.207010866678
127.61 0.123050018655
127.68 0.0840941972742
127.75 0.0959320852422
127.82 0.1393143217
127.89 0.156474641747
127.96 0.175611609708
128.03 0.105782403607
128.1 0.146527531473
128.17 0.0944657550999
128.24 0.0742428041823
128.31 0.20870360052
128.38 0.148026957239
128.45 0.11871608661
128.52 0.177653357531
128.59 0.22780936152
128.66 0.216416279465
128.73 0.211550207864
128.8 0.156339153008
128.87 0.20281322568
128.94 0.239005585744
129.01 0.212949873348
129.08 0.114384534911
129.15 0.207392270319
129.22 0.356509012758
129.29 0.358482612566
129.36 0.314329288276
129.43 0.278909580795
129.5 0.244549971452
129.57 0.190603385693
129.64 0.293854537203
129.71 0.3314408353
129.78 0.247954636391
129.85 0.263916188566
129.92 0.240035307469
129.99 0.115766222382
130.06 0.313381898642
130.13 0.346695276652
130.2 0.308222031124
130.27 0.292669994934
130.34 0.229494522438
130.41 0.128153322622
130.48 0.209823491375
130.55 0.247066612572
130.62 0.211778624809
130.69 0.212805869844
130.76 0.176937522647
130.83 0.173211127184
130.9 0.245929242032
130.97 0.197060751487
131.04 0.0990677327934
131.11 0.240472128506
131.18 0.2593894584
131.25 0.1060281225
131.32 0.155912187238
131.39 0.245045789541
131.46 0.253779170475
131.53 0.238669083117
131.6 0.22756753623
131.67 0.175516625068
131.74 0.177051799224
131.81 0.189553456767
131.88 0.182917048366
131.95 0.147791351083
132.02 0.167749141671
132.09 0.116116585171
132.16 0.145031869745
132.23 0.196269095998
132.3 0.155487472249
132.37 0.135090403867
132.44 0.115148227556
132.51 0.114943730355
132.58 0.147168449387
132.65 0.268306423369
132.72 0.282443347569
132.79 0.228085302345
132.86 0.196861787388
132.93 0.195660994644
133.0 0.166234794304
133.07 0.281447761311
133.14 0.320255758674
133.21 0.281795893253
133.28 0.273847149689
133.35 0.27080254002
133.42 0.161474423055
133.49 0.198625255568
133.56 0.210441939679
133.63 0.200832376861
133.7 0.215247005966
133.77 0.218757877891
133.84 0.161054727891
133.91 0.2658717788
133.98 0.279812893317
134.05 0.248476825998
134.12 0.240422215973
134.19 0.278702704908
134.26 0.191686845449
134.33 0.153748520146
134.4 0.214168315209
134.47 0.199167449721
134.54 0.200403645348
134.61 0.222929154015
134.68 0.216810455252
134.75 0.189370251461
134.82 0.181521719997
134.89 0.177476652083
134.96 0.173972098957
135.03 0.189095294003
135.1 0.163177759656
135.17 0.158374998967
135.24 0.157498547984
135.31 0.171667117673
135.38 0.165723112774
135.45 0.153015140794
135.52 0.14757445382
135.59 0.140040219488
135.66 0.132661526614
135.73 0.16627274032
135.8 0.152335409774
135.87 0.0983745734941
135.94 0.108303451607
136.01 0.0955449607959
136.08 0.0883171001797
136.15 0.169677456753
136.22 0.200460057739
136.29 0.18157676863
136.36 0.19753966629
136.43 0.146474399742
136.5 0.12364947734
136.57 0.173947056314
136.64 0.231889216051
136.71 0.209609949521
136.78 0.143893658692
136.85 0.143448286346
136.92 0.127267567856
136.99 0.208909797019
137.06 0.297896867635
137.13 0.307043872437
137.2 0.217244590301
137.27 0.21335262536
137.34 0.19280894888
137.41 0.163762637264
137.48 0.30811405009
137.55 0.297844013306
137.62 0.220947200569
137.69 0.191188906144
137.76 0.194171015516
137.83 0.168343230042
137.9 0.299305998028
137.97 0.188103629587
138.04 0.114271841356
138.11 0.266651703649
138.18 0.184561675283
138.25 0.0921599980848
138.32 0.235279896245
138.39 0.298184152066
138.46 0.282015230661
138.53 0.2721589008
138.6 0.228477144297
138.67 0.222472222122
138.74 0.235443600316
138.81 0.234422896666
138.88 0.215631570668
138.95 0.240622515591
139.02 0.251932715733
139.09 0.254587991703
139.16 0.20756401242
139.23 0.261069561288
139.3 0.203046370097
139.37 0.204776307446
139.44 0.245753413641
139.51 0.202547143444
139.58 0.157085219791
139.65 0.385038151269
139.72 0.357333828654
139.79 0.345909272202
139.86 0.330753182525
139.93 0.332763158616
140.0 0.309361081029
140.07 0.312610991869
140.14 0.31647100568
140.21 0.278827753676
140.28 0.281937863578
140.35 0.292208166137
140.42 0.21657642049
140.49 0.309745627459
140.56 0.385713330894
140.63 0.364347594272
140.7 0.361937422591
140.77 0.321791670355
140.84 0.232842685287
140.91 0.242161071733
140.98 0.313358419087
141.05 0.312497034222
141.12 0.323374800275
141.19 0.291391713846
141.26 0.196537781167
141.33 0.201100088629
141.4 0.267609538238
141.47 0.211583471258
141.54 0.235481141025
141.61 0.233361022818
141.68 0.262098236525
141.75 0.294335098149
141.82 0.26332693896
141.89 0.259112878054
141.96 0.240151054114
142.03 0.246865389386
142.1 0.201477877731
142.17 0.119386882609
142.24 0.183551635853
142.31 0.232046602983
142.38 0.143997883993
142.45 0.254572776088
142.52 0.373736774855
142.59 0.384917751902
142.66 0.339345760882
142.73 0.166716348584
142.8 0.307814601473
142.87 0.302375093875
142.94 0.340651204168
143.01 0.155670112784
143.08 0.294152316422
143.15 0.378722441853
143.22 0.330932507517
143.29 0.242942293895
143.36 0.234704942009
143.43 0.219064371206
143.5 0.228889658555
143.57 0.270657727564
143.64 0.271375583999
143.71 0.236376304224
143.78 0.265454454016
143.85 0.223774984403
143.92 0.178103116824
143.99 0.36289741494
144.06 0.338717659964
144.13 0.307883644817
144.2 0.299309564396
144.27 0.274533247681
144.34 0.174079671362
144.41 0.16602822572
144.48 0.222126500427
144.55 0.205097549608
144.62 0.213109208742
144.69 0.182462765916
144.76 0.111566460167
144.83 0.217291551071
144.9 0.245297189373
144.97 0.0957455577493
145.04 0.155054999955
145.11 0.32603616249
145.18 0.179466590406
145.25 0.123423709839
145.32 0.22954176061
145.39 0.240906838293
145.46 0.194027081778
145.53 0.239663867066
145.6 0.183051395934
145.67 0.166794599369
145.74 0.19069785041
145.81 0.207688508044
145.88 0.179372276848
145.95 0.166491145855
146.02 0.159632536321
146.09 0.132219991394
146.16 0.178625175204
146.23 0.181701262593
146.3 0.106057890953
146.37 0.0786395272166
146.44 0.0655124314888
146.51 0.0443035303162
146.58 0.228676053579
146.65 0.276587111519
146.72 0.281678907432
146.79 0.329164205556
146.86 0.297875414615
146.93 0.253444913646
147.0 0.204239814164
147.07 0.232751569334
147.14 0.251229525092
147.21 0.222229360309
147.28 0.232846246671
147.35 0.220573353241
147.42 0.228958881297
147.49 0.303491866858
147.56 0.298614712442
147.63 0.248249002064
147.7 0.291984727489
147.77 0.303322971871
147.84 0.279221318181
147.91 0.372706637856
147.98 0.33463479221
148.05 0.302682324715
148.12 0.301216986245
148.19 0.286960699201
148.26 0.206339653744
148.33 0.328315363606
148.4 0.30164110324
148.47 0.255276813887
148.54 0.349539885701
148.61 0.423988645523
148.68 0.354087776534
148.75 0.365031087669
148.82 0.383720817877
148.89 0.269542677135
148.96 0.295915796229
149.03 0.346597378455
149.1 0.26464338699
149.17 0.362621188407
149.24 0.479789795482
149.31 0.388858445016
149.38 0.381211312814
149.45 0.500884659275
149.52 0.567245773249
149.59 0.499034305948
149.66 0.408843829687
149.73 0.369868681486
149.8 0.370123054675
149.87 0.343351369524
149.94 0.295787895364
150.01 0.231450101044
150.08 0.191090914926
150.15 0.235602360972
150.22 0.219246078206
150.29 0.128329185896
150.36 0.119483767539
150.43 0.101167916219
150.5 0.197299374189
150.57 0.237233753959
150.64 0.218998799546
150.71 0.173987816223
150.78 0.182727206992
150.85 0.145749943783
150.92 0.154834611074
150.99 0.261191206476
151.06 0.236300772649
151.13 0.179019877558
151.2 0.156999319671
151.27 0.130826784242
151.34 0.154607219024
151.41 0.195340029884
151.48 0.175994586404
151.55 0.144168690899
151.62 0.121271868072
151.69 0.118582940012
151.76 0.161908518238
151.83 0.233039619529
151.9 0.187545422493
151.97 0.128202055779
152.04 0.266216214809
152.11 0.180880116052
152.18 0.113561079451
152.25 0.172151984173
152.32 0.216393434448
152.39 0.163689977719
152.46 0.170580227759
152.53 0.188693571868
152.6 0.154661261035
152.67 0.198199585451
152.74 0.207459642604
152.81 0.168954183493
152.88 0.134133735365
152.95 0.0991693601447
153.02 0.084933336778
153.09 0.104793302258
153.16 0.189478227511
153.23 0.160250453075
153.3 0.130994582907
153.37 0.0877400994763
153.44 0.0824278166783
153.51 0.071078127364
153.58 0.0934319454238
153.65 0.0869090362084
153.72 0.0501852242821
153.79 0.173153485584
153.86 0.172607391183
153.93 0.151093275738
154.0 0.148668919981
154.07 0.108909670942
154.14 0.072100224671
154.21 0.132425470301
154.28 0.109145393375
154.35 0.0518274143758
154.42 0.169399966128
154.49 0.195683593818
154.56 0.155009577358
154.63 0.120448166769
154.7 0.0798433331847
154.77 0.0628896714215
154.84 0.187007038888
154.91 0.202020641639
154.98 0.144185956303
155.05 0.0970791200234
155.12 0.0724338602508
155.19 0.0617736143699
155.26 0.193737621314
155.33 0.176245560996
155.4 0.104779236119
155.47 0.0630414571472
155.54 0.0731646183977
155.61 0.232521225521
155.68 0.226695407413
155.75 0.274318323797
155.82 0.128401107915
155.89 0.144020302109
155.96 0.207429563526
156.03 0.114605807494
156.1 0.108181053944
156.17 0.177803204761
156.24 0.149448615598
156.31 0.119067406189
156.38 0.176758026562
156.45 0.0870526925433
156.52 0.100741164731
156.59 0.186585283968
156.66 0.12943537107
156.73 0.0733584231404
156.8 0.148599361697
156.87 0.0636940176642
156.94 0.189450427453
157.01 0.407713967289
157.08 0.425573655801
157.15 0.334290683437
157.22 0.269538574234
157.29 0.490534617591
157.36 0.394413082993
157.43 0.599863786028
157.5 0.260097109078
157.57 0.269181226547
157.64 0.659566103385
157.71 0.390937329904
157.78 0.142102342283
157.85 0.320214729668
157.92 0.248721425314
157.99 0.157100319129
158.06 0.479536374099
158.13 0.408827670571
158.2 0.145500430953
158.27 0.513602694158
158.34 0.310177925338
158.41 0.203287534271
158.48 0.461147720381
158.55 0.504015385007
158.62 0.165473020222
158.69 0.272578479688
158.76 0.363483432058
158.83 0.244728771539
158.9 0.165821598998
158.97 0.118444250346
159.04 0.133800584825
159.11 0.130670822527
159.18 0.13036355016
159.25 0.1415244612
159.32 0.156153824824
159.39 0.167657995819
159.46 0.194217670644
159.53 0.213734588789
159.6 0.239702824688
159.67 0.244539609552
159.74 0.271904535916
159.81 0.290824945478
159.88 0.28797485316
159.95 0.276958071866
160.02 0.284611288653
160.09 0.270270088179
160.16 0.26481418559
160.23 0.211123531124
160.3 0.169146601223
160.37 0.131915074457
160.44 0.087714928929
160.51 0.255916127185
160.58 0.355734984791
160.65 0.380192602477
160.72 0.384257199865
160.79 0.274832799287
160.86 0.32600053536
160.93 0.525796843458
161.0 0.415952812498
161.07 0.205697759108
161.14 0.380790147582
161.21 0.517566697395
161.28 0.230596440263
161.35 0.185295680868
161.42 0.37805486173
161.49 0.247418423835
161.56 0.402063637047
161.63 0.632844362327
161.7 0.271493890388
161.77 0.288357158774
161.84 0.455628875643
161.91 0.197504276697
161.98 0.248403912306
162.05 0.715349233803
162.12 0.355984569048
162.19 0.160123047216
162.26 0.454314070435
162.33 0.546379444338
162.4 0.418197682137
162.47 0.426420622377
162.54 0.389612199339
162.61 0.417229256416
162.68 0.352279566806
162.75 0.299098456043
162.82 0.315297946549
162.89 0.350068276169
162.96 0.455942872117
163.03 0.456727457993
163.1 0.462886785438
163.17 0.505796352804
163.24 0.509482958437
163.31 0.524107709205
163.38 0.524152173352
163.45 0.5143583006
163.52 0.492285519599
163.59 0.468229554282
163.66 0.290535034858
163.73 0.125486081798
163.8 0.115809719772
163.87 0.153509739641
163.94 0.125748904969
164.01 0.541263673865
164.08 0.406984229053
164.15 0.446952634659
164.22 0.568292953065
164.29 0.417720084581
164.36 0.394410043192
164.43 0.513999844964
164.5 0.260948573894
164.57 0.203996445719
164.64 0.552997826554
164.71 0.308625454218
164.78 0.15625017156
164.85 0.343697961631
164.92 0.252870439466
164.99 0.175405009563
165.06 0.621520242222
165.13 0.474299230858
165.2 0.113541307457
165.27 0.457873705416
165.34 0.284078497949
165.41 0.187488526725
165.48 0.5195114872
165.55 0.520731837658
165.62 0.14884398593
165.69 0.257271752101
165.76 0.371619706415
165.83 0.322386300242
165.9 0.276348071883
165.97 0.314145393616
166.04 0.236779885122
166.11 0.213692058155
166.18 0.245414112072
166.25 0.245807834381
166.32 0.220483388426
166.39 0.279157349476
166.46 0.256604422803
166.53 0.264891157333
166.6 0.260636118915
166.67 0.298754172855
166.74 0.303830935874
166.81 0.344879110286
166.88 0.353557384448
166.95 0.342425560814
167.02 0.333949572937
167.09 0.315454305265
167.16 0.231903363583
167.23 0.179659257299
167.3 0.164169857617
167.37 0.0979359966818
167.44 0.330567792881
167.51 0.315649938872
167.58 0.317868941965
167.65 0.301804043208
167.72 0.328010272254
167.79 0.26925008551
167.86 0.387339685785
167.93 0.277840685505
168.0 0.16124232845
168.07 0.286275089571
168.14 0.253719477424
168.21 0.142728718985
168.28 0.42530989079
168.35 0.283734017091
168.42 0.206806992388
168.49 0.1938926877
168.56 0.232639777753
168.63 0.158682196585
168.7 0.212879648966
168.77 0.259195720101
168.84 0.116158504523
168.91 0.254302401587
168.98 0.341579559334
169.05 0.233669097493
169.12 0.174059809669
169.19 0.39639446004
169.26 0.301155686918
169.33 0.202813807063
169.4 0.237780235395
169.47 0.220215030492
169.54 0.208724806037
169.61 0.178114679695
169.68 0.157517751884
169.75 0.181172755848
169.82 0.171839240164
169.89 0.189034210618
169.96 0.184998381705
170.03 0.171387628753
170.1 0.311377387547
170.17 0.283916672575
170.24 0.227792413385
170.31 0.318289243428
170.38 0.36327913585
170.45 0.279069065688
170.52 0.205679442231
170.59 0.140563171537
170.66 0.15254468594
170.73 0.166402189324
170.8 0.126809195795
170.87 0.106446229659
170.94 0.164605160415
171.01 0.132394990899
171.08 0.116919795226
171.15 0.0897438846728
171.22 0.155106626736
171.29 0.220824223185
171.36 0.140498207837
171.43 0.153791705251
171.5 0.23579527703
171.57 0.253788675251
171.64 0.192790864557
171.71 0.131799535449
171.78 0.115870509143
171.85 0.169617524505
171.92 0.109633827904
171.99 0.13590647909
172.06 0.104927613282
172.13 0.147982444921
172.2 0.136367532156
172.27 0.100858843227
172.34 0.0898700646448
172.41 0.195167306077
172.48 0.222908094674
172.55 0.173060808204
172.62 0.133447800161
172.69 0.186926555594
172.76 0.158012194588
172.83 0.126960998131
172.9 0.090308211234
172.97 0.0938962426054
173.04 0.0951142010887
173.11 0.112828479152
173.18 0.188835781391
173.25 0.100679380364
173.32 0.096364584114
173.39 0.0824818537056
173.46 0.0835695376219
173.53 0.155195470313
173.6 0.129498904568
173.67 0.135558099646
173.74 0.141935427319
173.81 0.143349379866
173.88 0.10165337573
173.95 0.106127050574
174.02 0.104689472297
174.09 0.122532490076
174.16 0.173586821647
174.23 0.144454920536
174.3 0.129338726999
174.37 0.0648933785466
174.44 0.0896347873847
174.51 0.0741653307891
174.58 0.083171368566
174.65 0.0576601376491
174.72 0.0637406727927
174.79 0.0625620290664
174.86 0.088028226082
174.93 0.0847101406497
175.0 0.109674631001
175.07 0.0733218192877
175.14 0.082192233777
175.21 0.050259418677
175.28 0.046795864657
175.35 0.050657571122
175.42 0.0423850804676
175.49 0.0345363878782
175.56 0.0679865436357
175.63 0.0517840930616
175.7 0.0570028081331
175.77 0.0640543752525
175.84 0.0964600704033
175.91 0.080571553181
175.98 0.0639270275319
176.05 0.0466103288368
176.12 0.0726672139648
176.19 0.064377702087
176.26 0.0466191210039
176.33 0.0319792044536
176.4 0.0336493823089
176.47 0.0463814218697
176.54 0.0558105666968
176.61 0.0484580775697
176.68 0.0576767784821
176.75 0.0448936171128
176.82 0.0352333161982
176.89 0.06075790895
176.96 0.062933140573
177.03 0.0812988645592
177.1 0.0858742049598
177.17 0.0774476296265
177.24 0.0568081828102
177.31 0.0639820711818
177.38 0.0431221009364
177.45 0.0364239148132
177.52 0.0514885878793
177.59 0.0689727945486
177.66 0.06524494729
177.73 0.050139893045
177.8 0.0505546016072
177.87 0.0441478908539
177.94 0.0320698851999
178.01 0.0267829390585
178.08 0.0394020226114
178.15 0.065551641597
178.22 0.0550327231982
178.29 0.0424023641438
178.36 0.0395712282229
178.43 0.0510217758024
178.5 0.0362188063303
178.57 0.0347955998322
178.64 0.0406975192706
178.71 0.0735261985506
178.78 0.0729250222949
178.85 0.0500566074862
178.92 0.0302032332248
178.99 0.0430175434163
179.06 0.0550275455703
179.13 0.0424721267417
179.2 0.0320051690035
179.27 0.0777858564683
179.34 0.107268681819
179.41 0.105293671742
179.48 0.0790101653115
179.55 0.0785919053317
179.62 0.0556823385967
179.69 0.0432379754853
179.76 0.0410168711087
179.83 0.0829847729683
179.9 0.0731974814682
179.97 0.0491323120326
180.04 0.0356101069829
180.11 0.0458546310346
180.18 0.0358041476009
180.25 0.0347178540197
180.32 0.0289569929663
180.39 0.0929229465594
180.46 0.0927015543786
180.53 0.089599145305
180.6 0.0444415538836
180.67 0.0594341554321
180.74 0.0496126337816
180.81 0.047585000268
180.88 0.0321634761817
180.95 0.0701284504042
181.02 0.0794824307578
181.09 0.0528450067977
181.16 0.0362980238715
181.23 0.0476025497191
181.3 0.040581028456
181.37 0.041663865302
181.44 0.0363864571585
181.51 0.0740800502572
181.58 0.159219497157
181.65 0.14912235029
181.72 0.109794555295
181.79 0.0793238677712
181.86 0.101311371562
181.93 0.072061765377
182.0 0.0427891231495
182.07 0.0528908297185
182.14 0.0556987269435
182.21 0.0750474245054
182.28 0.110637370798
182.35 0.0729047602784
182.42 0.0657182127145
182.49 0.0706689602091
182.56 0.100282887351
182.63 0.203325340756
182.7 0.170715683276
182.77 0.156188709445
182.84 0.152004986748
182.91 0.122339811555
182.98 0.0679020803618
183.05 0.0747017061327
183.12 0.0586087216094
183.19 0.0466134766087
183.26 0.20918603518
183.33 0.111742172282
183.4 0.208075061074
183.47 0.062393572608
183.54 0.0934525562699
183.61 0.119193018067
183.68 0.0600239033657
183.75 0.0735991570921
183.82 0.0755010026517
183.89 0.085918345193
183.96 0.10041059719
184.03 0.098154957022
184.1 0.12218992612
184.17 0.0823544711021
184.24 0.124384089223
184.31 0.0757325524184
184.38 0.102928354564
184.45 0.0590975880225
184.52 0.0463367882917
184.59 0.058942245896
184.66 0.0677138186875
184.73 0.0604764998058
184.8 0.0643139875299
184.87 0.0692078010504
184.94 0.0742999856593
185.01 0.0674492845904
185.08 0.0590020153564
185.15 0.0437003740372
185.22 0.0473286935663
185.29 0.0393980891423
185.36 0.041072971214
185.43 0.0350624046438
185.5 0.0448195207224
185.57 0.0499322646834
185.64 0.0514450373342
185.71 0.0533265893165
185.78 0.0602769925296
185.85 0.066122976311
185.92 0.0437790400954
185.99 0.0447913220019
186.06 0.0495641298562
186.13 0.0764906737558
186.2 0.0990790830441
186.27 0.100848499599
186.34 0.0910449908442
186.41 0.0696588161297
186.48 0.0424736931527
186.55 0.0358683322474
186.62 0.0581018373169
186.69 0.0553288114242
186.76 0.0417281828359
186.83 0.0374010413404
186.9 0.0348693590207
186.97 0.0509377062076
187.04 0.0374741012086
187.11 0.0359879442563
187.18 0.0400176786177
187.25 0.089126404786
187.32 0.0967122459659
187.39 0.0783752721832
187.46 0.0648721431294
187.53 0.0695604445213
187.6 0.056533376512
187.67 0.0512393773683
187.74 0.0357358783259
187.81 0.0832795954412
187.88 0.0682715340972
187.95 0.0554408172868
188.02 0.0489675963563
188.09 0.0464362080501
188.16 0.0484481774535
188.23 0.0358063003779
188.3 0.0432397046835
188.37 0.0937153644909
188.44 0.0967422303617
188.51 0.0609874919821
188.58 0.0557371696266
188.65 0.0779671365673
188.72 0.0656391147721
188.79 0.0404494034201
188.86 0.0344909420256
188.93 0.0769510009243
189.0 0.0867855455465
189.07 0.0482795299693
189.14 0.0444371320532
189.21 0.0400778949122
189.28 0.0453912557598
189.35 0.041203601255
189.42 0.0348411619613
189.49 0.0732888947567
189.56 0.105208733396
189.63 0.0751922701832
189.7 0.0650295018233
189.77 0.0638066098927
189.84 0.0519569098901
189.91 0.0449668231572
189.98 0.0319418780252
190.05 0.0503160021604
190.12 0.0578295027256
190.19 0.044882675491
190.26 0.0340993243219
190.33 0.0388821087027
190.4 0.0464826522198
190.47 0.0352282913909
190.54 0.0364921110002
190.61 0.0702995181014
190.68 0.125575387159
190.75 0.135569004723
190.82 0.111888589354
190.89 0.0801546503144
190.96 0.0693804384808
191.03 0.0541016305506
191.1 0.0446714674734
191.17 0.0526524727913
191.24 0.311119363275
191.31 0.27339131744
191.38 0.137671714672
191.45 0.139243192023
191.52 0.11813126714
191.59 0.0734082875013
191.66 0.0616171227667
191.73 0.0677082108364
191.8 0.0842801035182
191.87 0.0632607281119
191.94 0.0482106776505
192.01 0.061705258718
192.08 0.0631020837318
192.15 0.0579044994286
192.22 0.0437147973106
192.29 0.0345528675852
192.36 0.0618897796101
192.43 0.0767543656784
192.5 0.0622025153136
192.57 0.0541968543872
192.64 0.0549225162997
192.71 0.0531093448857
192.78 0.0417552868959
192.85 0.04149386901
192.92 0.0508364326691
192.99 0.0676679243397
193.06 0.0761384953911
193.13 0.0653271132719
193.2 0.0663186497837
193.27 0.0566599086358
193.34 0.0447008638421
193.41 0.0435953082226
193.48 0.0515142318382
193.55 0.0587829918946
193.62 0.0532374135208
193.69 0.0354793141547
193.76 0.0377648938691
193.83 0.0478316526953
193.9 0.0364261456616
193.97 0.0354752494593
194.04 0.0360130815818
194.11 0.0575724485319
194.18 0.0783492079677
194.25 0.0877493417997
194.32 0.071852544027
194.39 0.0735270374028
194.46 0.0429363558185
194.53 0.0365984691454
194.6 0.0286130469802
194.67 0.0501315776117
194.74 0.0348811959718
194.81 0.0346180555321
194.88 0.0383986458262
194.95 0.0448146869408
195.02 0.039739375718
195.09 0.0370924151819
195.16 0.0359007102787
195.23 0.05906947734
195.3 0.0733523834051
195.37 0.0716816906108
195.44 0.049733679314
195.51 0.0618888427535
195.58 0.055721213164
195.65 0.0885202369448
195.72 0.100191176727
195.79 0.159998119709
195.86 0.123194882605
195.93 0.0817801480812
196.0 0.0741576266382
196.07 0.065329144789
196.14 0.0625481157487
196.21 0.0533946144108
196.28 0.0385572187793
196.35 0.110535728497
196.42 0.136361520659
196.49 0.0963098660385
196.56 0.0685124059196
196.63 0.0678058548859
196.7 0.0624716506391
196.77 0.0613976126046
196.84 0.0460756212309
196.91 0.0888914381504
196.98 0.106406551122
197.05 0.0902564665155
197.12 0.0739928528237
197.19 0.0726294755853
197.26 0.0792116160669
197.33 0.0490730242892
197.4 0.0537821408417
197.47 0.0806228460821
197.54 0.117815631168
197.61 0.0567780754935
197.68 0.0644588049692
197.75 0.0765994770303
197.82 0.067494089261
197.89 0.0520480341483
197.96 0.0530681896372
198.03 0.05450674796
198.1 0.093652204739
198.17 0.0566698951289
198.24 0.0501098571553
198.31 0.0490941816351
198.38 0.0526800087356
198.45 0.045896728123
198.52 0.0338409844419
198.59 0.0509428423082
198.66 0.0659687271838
198.73 0.067593218328
198.8 0.0593086349141
198.87 0.0529561854358
198.94 0.0566091456234
199.01 0.0489261520776
199.08 0.0437477932686
199.15 0.0535043811196
199.22 0.0758959375589
199.29 0.0458455182766
199.36 0.0408123722471
199.43 0.0387568390099
199.5 0.056457062562
199.57 0.0394677902798
199.64 0.0390124497135
199.71 0.0572152270878
199.78 0.12544340831
199.85 0.07855375334
199.92 0.104486390348
199.99 0.0698000289964
200.06 0.084348190073
200.13 0.0659944442308
200.2 0.0450741995526
200.27 0.040075683997
200.34 0.218078211653
200.41 0.269306690588
200.48 0.168350716589
200.55 0.137134480543
200.62 0.153140520119
200.69 0.0988510232346
200.76 0.0730316362485
200.83 0.0774642256101
200.9 0.08747840751
200.97 0.0867633217788
201.04 0.0870313524773
201.11 0.0738454756396
201.18 0.0787683466658
201.25 0.0818220906879
201.32 0.0566563007411
201.39 0.0561300763388
201.46 0.0646821705289
201.53 0.0895954045228
201.6 0.0675273377052
201.67 0.07302847851
201.74 0.0542420029041
201.81 0.0426990171415
201.88 0.0429842135786
201.95 0.0434193469444
202.02 0.0538601989397
202.09 0.073111483344
202.16 0.0710311400168
202.23 0.0639666529134
202.3 0.0668491182794
202.37 0.0713453025994
202.44 0.0585488159394
202.51 0.0467632740057
202.58 0.0525861984894
202.65 0.0620792704935
202.72 0.0556849033248
202.79 0.0367715118825
202.86 0.0339720364006
202.93 0.0482079003024
203.0 0.0419891106993
203.07 0.0427046249926
203.14 0.0352903282437
203.21 0.0455093977012
203.28 0.0725706130819
203.35 0.0957019922544
203.42 0.0683574890329
203.49 0.047924921425
203.56 0.0364304877596
203.63 0.0320667025451
203.7 0.0320243529705
203.77 0.0446602168882
203.84 0.0360838541244
203.91 0.0396278814722
203.98 0.034375001033
204.05 0.0454727274047
204.12 0.0376652947126
204.19 0.0382895634879
204.26 0.0401589114175
204.33 0.0464103315381
204.4 0.0444359460325
204.47 0.0720050390396
204.54 0.0661979215201
204.61 0.0535748214436
204.68 0.0512766805414
204.75 0.0647226480513
204.82 0.108853954549
204.89 0.116086084175
204.96 0.14680570813
205.03 0.10134271141
205.1 0.0586422491173
205.17 0.0695952925984
205.24 0.0604816957057
205.31 0.0540672608684
205.38 0.0528235421496
205.45 0.0703794299796
205.52 0.100588006942
205.59 0.0716731608966
205.66 0.0760233949116
205.73 0.0618476576053
205.8 0.061483348276
205.87 0.0492060014551
205.94 0.0404708796958
206.01 0.0622906828257
206.08 0.106929337061
206.15 0.0890695372557
206.22 0.0469216094225
206.29 0.0516251712789
206.36 0.0454790661368
206.43 0.0436794808052
206.5 0.0542745354171
206.57 0.0583300366583
206.64 0.126231618692
206.71 0.115434307695
206.78 0.0823059256493
206.85 0.0655577826591
206.92 0.0786277550481
206.99 0.0566584236183
207.06 0.0521159562548
207.13 0.0511807573845
207.2 0.0687009350299
207.27 0.0577515459542
207.34 0.0488806497478
207.41 0.0530167040493
207.48 0.0552113787697
207.55 0.0432994874326
207.62 0.0380792125945
207.69 0.0375021902969
207.76 0.0978429073501
207.83 0.107289159777
207.9 0.0776130861504
207.97 0.0735287333791
208.04 0.0752781520309
208.11 0.0573803347821
208.18 0.0546530670275
208.25 0.0338327371135
208.32 0.0776852075009
208.39 0.0702398948172
208.46 0.0541104509563
208.53 0.0409419391884
208.6 0.0473456184463
208.67 0.0481784972893
208.74 0.0426749894264
208.81 0.0390791525775
208.88 0.10545788909
208.95 0.114033378119
209.02 0.113000229558
209.09 0.0872528077797
209.16 0.0747163885367
209.23 0.053700102764
209.3 0.0524957054467
209.37 0.0524836077039
209.44 0.0960822480797
209.51 0.120502761924
209.58 0.154163976201
209.65 0.130676963589
209.72 0.164719171217
209.79 0.1907891142
209.86 0.279265933487
209.93 0.27441381507
210.0 0.290188082293
210.07 0.224522554476
210.14 0.217571961898
210.21 0.197660022469
210.28 0.129950301699
210.35 0.140883755906
210.42 0.116350342531
210.49 0.104621420625
210.56 0.139045354145
210.63 0.238600483284
210.7 0.177418110171
210.77 0.105669117041
210.84 0.127056205357
210.91 0.15861857671
210.98 0.24036153125
211.05 0.167333496252
211.12 0.164204843565
211.19 0.189063131914
211.26 0.215652581837
211.33 0.23525987841
211.4 0.240871947027
211.47 0.264723079603
211.54 0.232774462522
211.61 0.206854031229
211.68 0.2316774715
211.75 0.200294720814
211.82 0.206623486424
211.89 0.17000534495
211.96 0.157450318139
212.03 0.170607253748
212.1 0.153913494953
212.17 0.130892865857
212.24 0.166788636044
212.31 0.166307460493
212.38 0.196583484489
212.45 0.151555390243
212.52 0.140632435806
212.59 0.147186151659
212.66 0.125678783575
212.73 0.109454582644
212.8 0.106363980622
212.87 0.157861242731
212.94 0.152507238252
213.01 0.131685313688
213.08 0.124091839784
213.15 0.132821581262
213.22 0.133650024986
213.29 0.121479365207
213.36 0.119995081968
213.43 0.163063109333
213.5 0.149459826317
213.57 0.145504347811
213.64 0.131605391843
213.71 0.123107067244
213.78 0.11839357205
213.85 0.0915441709859
213.92 0.0883398554973
213.99 0.105936136134
214.06 0.125488435567
214.13 0.0954548232271
214.2 0.0796986602606
214.27 0.0928947644499
214.34 0.0926530969638
214.41 0.080409957038
214.48 0.0759310015781
214.55 0.0731133836348
214.62 0.123372785701
214.69 0.120636478276
214.76 0.123904270786
214.83 0.12292192012
214.9 0.0904739999766
214.97 0.087592645882
215.04 0.0703835511521
215.11 0.0764612275542
215.18 0.136626629495
215.25 0.103540518953
215.32 0.0729228595514
215.39 0.0619060882245
215.46 0.0776076792916
215.53 0.0827661415246
215.6 0.0929455241401
215.67 0.068566622345
215.74 0.149654322075
215.81 0.111418569706
215.88 0.0961909151447
215.95 0.0807832977318
216.02 0.0993720999086
216.09 0.0891485936708
216.16 0.0837706179535
216.23 0.0858169254783
216.3 0.157524876314
216.37 0.128446962397
216.44 0.0842895435116
216.51 0.0581549408098
216.58 0.077001504806
216.65 0.0798679771654
216.72 0.0787133462044
216.79 0.0619389562783
216.86 0.135826814714
216.93 0.128022317174
217.0 0.114567414643
217.07 0.0983636567887
217.14 0.096139079066
217.21 0.0647557785579
217.28 0.0559574222975
217.35 0.0692657350027
217.42 0.121111006132
217.49 0.11376188238
217.56 0.0901391086102
217.63 0.0794635208713
217.7 0.0990217620353
217.77 0.078161188813
217.84 0.0840464126023
217.91 0.0542435277878
217.98 0.198060683165
218.05 0.159155169657
218.12 0.132361182667
218.19 0.112657251989
218.26 0.0904095495552
218.33 0.0869121524195
218.4 0.0711283023493
218.47 0.0784393006869
218.54 0.137801979273
218.61 0.168244424888
218.68 0.171784010472
218.75 0.140516481525
218.82 0.193841750272
218.89 0.190513106931
218.96 0.280739966119
219.03 0.287525401169
219.1 0.247832369955
219.17 0.230470559288
219.24 0.227707109598
219.31 0.201523790351
219.38 0.185352546737
219.45 0.200542947958
219.52 0.169566994046
219.59 0.0970892992033
219.66 0.162351227851
219.73 0.269028161779
219.8 0.147216730726
219.87 0.148398422559
219.94 0.179313911012
220.01 0.210288163964
220.08 0.304050143717
220.15 0.209333252899
220.22 0.216461185462
220.29 0.248328651489
220.36 0.272486395318
220.43 0.212007471977
220.5 0.21283878607
220.57 0.218201434879
220.64 0.22040408783
220.71 0.194256942213
220.78 0.204571778684
220.85 0.183290090063
220.92 0.155209162705
220.99 0.139260892633
221.06 0.127935594813
221.13 0.151591917685
221.2 0.156641407212
221.27 0.151802781857
221.34 0.222584864183
221.41 0.192741398858
221.48 0.23279095884
221.55 0.222079755599
221.62 0.196521690156
221.69 0.188308341068
221.76 0.171630028781
221.83 0.135233517024
221.9 0.144182987929
221.97 0.175263501022
222.04 0.177050772668
222.11 0.141535960949
222.18 0.163406020458
222.25 0.145224772514
222.32 0.153836360423
222.39 0.132495865775
222.46 0.132717465593
222.53 0.19914105827
222.6 0.178619098925
222.67 0.157433579302
222.74 0.158697471999
222.81 0.139059812302
222.88 0.116140272362
222.95 0.0880102779685
223.02 0.0842834074329
223.09 0.116043159863
223.16 0.115226179344
223.23 0.109207428567
223.3 0.0831844945256
223.37 0.105095101323
223.44 0.104391899053
223.51 0.0703465934865
223.58 0.0692256677704
223.65 0.0746787132788
223.72 0.154071426724
223.79 0.141890687431
223.86 0.0977115032396
223.93 0.0976872313438
224.0 0.0811397085623
224.07 0.0758855324702
224.14 0.0688070739108
224.21 0.0839090219114
224.28 0.131516740953
224.35 0.108762639265
224.42 0.0691996317934
224.49 0.0804908423169
224.56 0.0978245638964
224.63 0.0852811929778
224.7 0.0800477838747
224.77 0.0684501199028
224.84 0.213462018323
224.91 0.139077607595
224.98 0.125862769595
225.05 0.108393830034
225.12 0.0890860518456
225.19 0.0944645408407
225.26 0.0821313480619
225.33 0.0763386853766
225.4 0.120729901488
225.47 0.118238128597
225.54 0.10419341501
225.61 0.0588739899097
225.68 0.0731661216871
225.75 0.0768256598044
225.82 0.0744520836706
225.89 0.0582104861098
225.96 0.136276341454
226.03 0.123456908451
226.1 0.0942909084154
226.17 0.102789420718
226.24 0.108953836092
226.31 0.0884840483654
226.38 0.0809617141059
226.45 0.0786407464591
226.52 0.112272248759
226.59 0.10027794726
226.66 0.0854409934789
226.73 0.0716271552555
226.8 0.11314208859
226.87 0.0720497722831
226.94 0.0818844497928
227.01 0.0716879961211
227.08 0.169333274892
227.15 0.121545214269
227.22 0.12944801199
227.29 0.0996044054727
227.36 0.107608167769
227.43 0.130007192484
227.5 0.0869000463712
227.57 0.0921862250875
227.64 0.126833668683
227.71 0.0976921000084
227.78 0.088787478624
227.85 0.0873836437963
227.92 0.11630277214
227.99 0.102596609309
228.06 0.0874798725943
228.13 0.0805891408372
228.2 0.133940483767
228.27 0.126560491917
228.34 0.130240983066
228.41 0.123373200974
228.48 0.113576986081
228.55 0.117100380988
228.62 0.117788618468
228.69 0.0955331869663
228.76 0.136590729945
228.83 0.144289226475
228.9 0.108467783571
228.97 0.108123658186
229.04 0.101938042278
229.11 0.100810689792
229.18 0.122019798601
229.25 0.0870207547018
229.32 0.180280164022
229.39 0.18676324188
229.46 0.130203791186
229.53 0.173051067552
229.6 0.112971482677
229.67 0.148842853064
229.74 0.134812592651
229.81 0.117562357622
229.88 0.124748395231
229.95 0.146800812888
230.02 0.105944634287
230.09 0.108211568229
230.16 0.103335706144
230.23 0.126889647528
230.3 0.111853792771
230.37 0.0921767801108
230.44 0.159473793936
230.51 0.194868673056
230.58 0.20290157259
230.65 0.17299472825
230.72 0.147551950989
230.79 0.148386618829
230.86 0.13186577819
230.93 0.0962946637122
231.0 0.13443586831
231.07 0.15471038787
231.14 0.134094643195
231.21 0.114634305211
231.28 0.126423315507
231.35 0.14436819153
231.42 0.122606631316
231.49 0.102809079757
231.56 0.266320491604
231.63 0.178649192953
231.7 0.142705976957
231.77 0.148189357351
231.84 0.126178207897
231.91 0.149607240045
231.98 0.104218414465
232.05 0.093537004594
232.12 0.15850148458
232.19 0.15005662227
232.26 0.133589157543
232.33 0.108043651626
232.4 0.106037356517
232.47 0.109088196948
232.54 0.112179235838
232.61 0.118790420537
232.68 0.195661240485
232.75 0.149766557168
232.82 0.143629440202
232.89 0.137001749219
232.96 0.124543687071
233.03 0.132832298636
233.1 0.107420738303
233.17 0.133912344846
233.24 0.185743189379
233.31 0.120305158261
233.38 0.111235768045
233.45 0.11591164612
233.52 0.133686067389
233.59 0.116082421465
233.66 0.095628394192
233.73 0.230240818452
233.8 0.192473183778
233.87 0.139682293741
233.94 0.171223989465
234.01 0.142233110194
234.08 0.120178152725
234.15 0.133871593243
234.22 0.136519204927
234.29 0.168507168326
234.36 0.14472258081
234.43 0.151813912843
234.5 0.131499159941
234.57 0.140701284803
234.64 0.134249297629
234.71 0.135789571341
234.78 0.158130592338
234.85 0.1844219873
234.92 0.209398741504
234.99 0.14447944824
235.06 0.13860221431
235.13 0.158907690005
235.2 0.196524695073
235.27 0.154289500041
235.34 0.177857891276
235.41 0.17345437437
235.48 0.147676523023
235.55 0.148464137072
235.62 0.14856972447
235.69 0.149090086874
235.76 0.13937869405
235.83 0.191191426022
235.9 0.210049915008
235.97 0.221890151761
236.04 0.221757747673
236.11 0.211884971326
236.18 0.196518318136
236.25 0.193298308638
236.32 0.209032546833
236.39 0.237763182611
236.46 0.220194110683
236.53 0.177593569799
236.6 0.145950617147
236.67 0.157444089039
236.74 0.145397961428
236.81 0.132303943051
236.88 0.148234426136
236.95 0.214957163451
237.02 0.242999068404
237.09 0.246708038998
237.16 0.196289050712
237.23 0.148311761658
237.3 0.172432966416
237.37 0.167202733324
237.44 0.18967265018
237.51 0.204908869338
237.58 0.152855808722
237.65 0.148208722378
237.72 0.156350438476
237.79 0.165174986856
237.86 0.14341866573
237.93 0.209415764388
238.0 0.296418620809
238.07 0.248230914418
238.14 0.184355110022
238.21 0.170296056217
238.28 0.164590683986
238.35 0.144174865182
238.42 0.160336225291
238.49 0.20486315605
238.56 0.184130795978
238.63 0.16767101879
238.7 0.151891849681
238.77 0.175816141791
238.84 0.155785414255
238.91 0.151794687349
238.98 0.323723118259
239.05 0.382177273472
239.12 0.311992985415
239.19 0.290073737611
239.26 0.243654881342
239.33 0.230122683155
239.4 0.17448891991
239.47 0.240684874696
239.54 0.226046147488
239.61 0.187883646013
239.68 0.169276530282
239.75 0.186969946674
239.82 0.184987760674
239.89 0.144866054425
239.96 0.125481821093
240.03 0.115857901445
240.1 0.109719719718
240.17 0.103520461251
240.24 0.0719560550582
240.31 0.0656443671492
240.38 0.10433036385
240.45 0.137938649049
240.52 0.165759420952
240.59 0.221297968665
240.66 0.237057962113
240.73 0.228187444636
240.8 0.222065825671
240.87 0.238747895351
240.94 0.256075851276
241.01 0.256484644685
241.08 0.171818765528
241.15 0.121495418013
241.22 0.117114681341
241.29 0.108128309248
241.36 0.120589974307
241.43 0.1096290506
241.5 0.0938214850998
241.57 0.0756304965049
241.64 0.0604618140796
241.71 0.056529140724
241.78 0.0552365360283
241.85 0.0477973411514
241.92 0.0532587818255
241.99 0.0454421383709
242.06 0.0420175552616
242.13 0.0335699305536
242.2 0.0357300595159
242.27 0.0336169511226
242.34 0.0297036344877
242.41 0.0282782619238
242.48 0.0259560052686
242.55 0.0218815243749
242.62 0.021805800113
242.69 0.0196134608898
242.76 0.0173353394845
242.83 0.0175439030415
242.9 0.0152417389713
242.97 0.0150432233678
243.04 0.0141150509224
243.11 0.0171868576734
243.18 0.0140660586355
243.25 0.0110228525896
243.32 0.0113484783773
243.39 0.0114993853847
243.46 0.0103960057974
243.53 0.0109029100231
243.6 0.010284910214
243.67 0.00813493385413
243.74 0.00834731792586
243.81 0.00997555815772
243.88 0.00816133527161
243.95 0.00866521464629
244.02 0.0102405723107
244.09 0.00773331802957
244.16 0.00541856287185
244.23 0.0105570238799
