-4.0 0.0
9.32881711911 0.0
9.4512856415 0.0
11.5944847832 0.139534883721
12.4517644399 0.302325581395
13.0028727907 0.46511627907
13.3090440966 0.604651162791
13.6152154026 0.720930232558
13.8601524474 0.837209302326
14.7174321041 0.906976744186
16.3095228951 0.93023255814
18.2690192533 0.697674418605
18.7588933428 0.558139534884
19.3100016935 0.418604651163
19.8611100443 0.279069767442
21.3919665741 0.348837209302
22.3717147532 0.418604651163
23.9638055442 0.46511627907
25.0047879845 0.581395348837
26.7193472979 0.558139534884
29.291186268 0.186046511628
31.0988712099 0.0263157894737
32.0303214418 0.263157894737
32.2304308052 0.0
32.4649982167 0.342105263158
32.7754816273 0.447368421053
33.0238683558 0.736842105263
33.2722550843 0.921052631579
35.22794827 1.0
35.9813109174 1.0
36.8281708894 0.973684210526
40.0407934362 0.552631578947
40.5996635753 0.0263157894737
41.1585337145 0.0
42.1520806285 0.236842105263
42.400467357 0.605263157895
42.9593374961 0.736842105263
44.0770777744 0.710526315789
44.5738512314 0.552631578947
45.1948180527 0.815789473684
46.1883649667 0.868421052632
47.6786853378 0.0
92.8442982167 0.0
98.1206503895 1.0
127.709681972 1
128.259591085 0
154.276796398 0
194.66542138 0
452.247709751 0.0
