0.0 0.0385830568459
0.07 0.411443806531
0.14 0.28809804305
0.21 0.155470407966
0.28 0.0997688993867
0.35 0.13827409215
0.42 0.152180240467
0.49 0.163588380248
0.56 0.195211391692
0.63 0.14553130302
0.7 0.146677123804
0.77 0.18514139155
0.84 0.48335673802
0.91 0.424059557664
0.98 0.404939022985
1.05 0.362821252903
1.12 0.311013020745
1.19 0.257117657212
1.26 0.336149256762
1.33 0.492793426078
1.4 0.422958796093
1.47 0.260841783693
1.54 0.451942422851
1.61 0.304424713845
1.68 0.204391865242
1.75 0.167561692549
1.82 0.238526488596
1.89 0.247574979198
1.96 0.502696018164
2.03 0.368858227467
2.1 0.313604637032
2.17 0.617680117892
2.24 0.438169689903
2.31 0.352302356195
2.38 0.320102340004
2.45 0.320558137397
2.52 0.323891824209
2.59 0.354692745927
2.66 0.385232342373
2.73 0.357521529033
2.8 0.22791751979
2.87 0.214911364197
2.94 0.20850720968
3.01 0.186422997777
3.08 0.178617569579
3.15 0.16812528108
3.22 0.164383131656
3.29 0.126079612038
3.36 0.121037438739
3.43 0.357925481276
3.5 0.504294576924
3.57 0.443936007142
3.64 0.382638598763
3.71 0.359961703302
3.78 0.375168485153
3.85 0.358215467957
3.92 0.592558606356
3.99 0.669402011885
4.06 0.444337470715
4.13 0.409990304116
4.2 0.553465384943
4.27 0.316916074052
4.34 0.145743132833
4.41 0.1426129815
4.48 0.187322792223
4.55 0.489265155961
4.62 0.661520745007
4.69 0.427128639274
4.76 0.536613836216
4.83 0.525258277252
4.9 0.404969228001
4.97 0.341250287221
5.04 0.31485632547
5.11 0.272287696422
5.18 0.228306949536
5.25 0.39760431494
5.32 0.392283586539
5.39 0.305506414754
5.46 0.184745059124
5.53 0.216964160066
5.6 0.191930408
5.67 0.176873906294
5.74 0.206201236481
5.81 0.250603595352
5.88 0.212442174582
5.95 0.281301241859
6.02 0.269955296614
6.09 0.516031380632
6.16 0.52222120184
6.23 0.465584710899
6.3 0.404142427775
6.37 0.386242761299
6.44 0.345951358799
6.51 0.334202662098
6.58 0.646398629853
6.65 0.661756473844
6.72 0.476746110911
6.79 0.342067614561
6.86 0.324155475081
6.93 0.236589889384
7.0 0.218875068338
7.07 0.216741801118
7.14 0.351553238451
7.21 0.423061300427
7.28 0.451379431008
7.35 0.316845201596
7.42 0.325023635795
7.49 0.421272357414
7.56 0.381868265238
7.63 0.314544643063
7.7 0.132267116911
7.77 0.158184828953
7.84 0.16060151002
7.91 0.485446254294
7.98 0.498872015
8.05 0.3937545393
8.12 0.315131545048
8.19 0.208488093426
8.26 0.185038690791
8.33 0.117671150893
8.4 0.309553316109
8.47 0.440356271755
8.54 0.255669715855
8.61 0.267756921834
8.68 0.253806883591
8.75 0.25216227608
8.82 0.216570438614
8.89 0.387241311321
8.96 0.288245599184
9.03 0.197474616455
9.1 0.133927053004
9.17 0.121977950657
9.24 0.110369192126
9.31 0.0927194675221
9.38 0.0589070130884
9.45 0.534426451986
9.52 0.417075472405
9.59 0.355651649549
9.66 0.336296019783
9.73 0.331701225386
9.8 0.319948149885
9.87 0.266726454561
9.94 0.334680194131
10.01 0.305129382036
10.08 0.15564105704
10.15 0.114207078479
10.22 0.36947247333
10.29 0.416061430731
10.36 0.347673065076
10.43 0.219346487098
10.5 0.073519334288
10.57 0.443483056063
10.64 0.319296399769
10.71 0.306864826962
10.78 0.270740139664
10.85 0.248674736407
10.92 0.2224556339
10.99 0.17248775258
11.06 0.0776883435883
11.13 0.0360472012409
11.2 0.204025971318
11.27 0.284076849313
11.34 0.267719625126
11.41 0.226646168444
11.48 0.206242506168
11.55 0.218368300445
11.62 0.164984348595
11.69 0.106415425991
11.76 0.0733012485156
11.83 0.139753585703
11.9 0.313878388981
11.97 0.26936969363
12.04 0.241672174202
12.11 0.217539597117
12.18 0.181370165628
12.25 0.132921172244
12.32 0.0866624186679
12.39 0.066608669454
12.46 0.0656237283665
12.53 0.101567404233
12.6 0.307471693907
12.67 0.182221052038
12.74 0.152416199084
12.81 0.166054410381
12.88 0.169805654666
12.95 0.157928051112
13.02 0.0585969799128
13.09 0.0413039691314
13.16 0.0203667454459
13.23 0.201131993558
13.3 0.323183585155
13.37 0.233263396183
13.44 0.205506269103
13.51 0.186011538753
13.58 0.216257985331
13.65 0.153156381332
13.72 0.0643960130758
13.79 0.0336466956082
13.86 0.149910794953
13.93 0.294383351022
14.0 0.248368678063
14.07 0.213084687151
14.14 0.184597858779
14.21 0.162976693473
14.28 0.126202930037
14.35 0.119227576437
14.42 0.0780566631788
14.49 0.0764807970946
14.56 0.136448988359
14.63 0.328208419293
14.7 0.191419522588
14.77 0.171909387681
14.84 0.161802633779
14.91 0.18511289877
14.98 0.151832052612
15.05 0.0906188309846
15.12 0.0549929396795
15.19 0.0467433457989
15.26 0.147707863478
15.33 0.18492396547
15.4 0.148748900653
15.47 0.176202945417
15.54 0.12572405453
15.61 0.108699586722
15.68 0.0911245815433
15.75 0.0579287912271
15.82 0.0329177763103
15.89 0.110708086843
15.96 0.332185228334
16.03 0.263205935829
16.1 0.238234676643
16.17 0.201861528074
16.24 0.246841323457
16.31 0.205102676355
16.38 0.0639619021432
16.45 0.0274504238685
16.52 0.106349899638
16.59 0.277804362721
16.66 0.328220256694
16.73 0.26777110522
16.8 0.231468110117
16.87 0.226519240667
16.94 0.173711487479
17.01 0.103244277372
17.08 0.0853096379346
17.15 0.0664197120645
17.22 0.162688532064
17.29 0.298070962789
17.36 0.240857811771
17.43 0.22184134171
17.5 0.23441831368
17.57 0.177697068946
17.64 0.179682455745
17.71 0.166349131652
17.78 0.133975881358
17.85 0.119516449424
17.92 0.235233152349
17.99 0.322128820449
18.06 0.269253991742
18.13 0.243434012383
18.2 0.251392261283
18.27 0.234892297086
18.34 0.084899459381
18.41 0.0260429720569
18.48 0.033551123603
18.55 0.162001373517
18.62 0.47227101547
18.69 0.351998508562
18.76 0.311223475581
18.83 0.252085323706
18.9 0.229695796541
18.97 0.174941465367
19.04 0.113809233949
19.11 0.120044636935
19.18 0.466042787565
19.25 0.424670627368
19.32 0.367978948342
19.39 0.279911859318
19.46 0.262072814123
19.53 0.253381609942
19.6 0.217084741083
19.67 0.105423485864
19.74 0.0863738551433
19.81 0.220266268739
19.88 0.404748179172
19.95 0.346938319731
20.02 0.312241165947
20.09 0.307527882648
20.16 0.311621498006
20.23 0.289834238469
20.3 0.169821187086
20.37 0.0565850794109
20.44 0.0360941320523
20.51 0.443975505296
20.58 0.332421540887
20.65 0.294872809403
20.72 0.255416147528
20.79 0.245051046236
20.86 0.22553280786
20.93 0.234429980599
21.0 0.311247685921
21.07 0.206221112493
21.14 0.180200877586
21.21 0.159722805347
21.28 0.290420082352
21.35 0.34500198736
21.42 0.351887689509
21.49 0.297502033715
21.56 0.259603135298
21.63 0.239271902056
21.7 0.244551395978
21.77 0.0773534162912
21.84 0.0382942227734
21.91 0.0905080267568
21.98 0.300434231011
22.05 0.276251559927
22.12 0.287192446647
22.19 0.229060449787
22.26 0.230819719615
22.33 0.142949183708
22.4 0.159027167158
22.47 0.114222438563
22.54 0.101023408194
22.61 0.145249125169
22.68 0.287665798157
22.75 0.183486842326
22.82 0.15376499572
22.89 0.147969053475
22.96 0.137563809161
23.03 0.105622820437
23.1 0.0978162155401
23.17 0.0847288177201
23.24 0.0630279185849
23.31 0.140344651533
23.38 0.226175881909
23.45 0.188541788826
23.52 0.182441077973
23.59 0.183871507834
23.66 0.193542260673
23.73 0.121915863599
23.8 0.0533636218359
23.87 0.0276792203765
23.94 0.0235334485544
24.01 0.277941276683
24.08 0.330101080399
24.15 0.250949416839
24.22 0.192912595427
24.29 0.18077864209
24.36 0.24774876181
24.43 0.130527850957
24.5 0.0398720846124
24.57 0.0397709867571
24.64 0.133857718595
24.71 0.323251309248
24.78 0.228527942773
24.85 0.186273886919
24.92 0.156255992244
24.99 0.13739526888
25.06 0.148162712099
25.13 0.118992353487
25.2 0.0912509811951
25.27 0.113295407718
25.34 0.227064079852
25.41 0.274836831116
25.48 0.172531383076
25.55 0.169569583011
25.62 0.168040277125
25.69 0.216960014752
25.76 0.179007047505
25.83 0.0725950923105
25.9 0.065282752654
25.97 0.0338951994991
26.04 0.279407724635
26.11 0.238511714081
26.18 0.224319616919
26.25 0.223244785335
26.32 0.1989162092
26.39 0.156925209383
26.46 0.0626945589837
26.53 0.0426342999404
26.6 0.036801631732
26.67 0.217930928112
26.74 0.241950684831
26.81 0.247549657018
26.88 0.222014840803
26.95 0.184528194524
27.02 0.182645853155
27.09 0.174598760741
27.16 0.0791028982113
27.23 0.0547627366926
27.3 0.102422376658
27.37 0.242880371123
27.44 0.317409422024
27.51 0.25255885867
27.58 0.226551446997
27.65 0.214190283379
27.72 0.166139080785
27.79 0.111385112812
27.86 0.0815614438008
27.93 0.0632567558604
28.0 0.109166380222
28.07 0.308327602132
28.14 0.181467992818
28.21 0.168449080701
28.28 0.197387199804
28.35 0.188970575893
28.42 0.215561750454
28.49 0.169538262448
28.56 0.14155752004
28.63 0.106545613315
28.7 0.16337430081
28.77 0.246642628193
28.84 0.204072898423
28.91 0.180112589993
28.98 0.195032148088
29.05 0.324712166492
29.12 0.265534071727
29.19 0.21218229841
29.26 0.187936845367
29.33 0.198434196448
29.4 0.378228949994
29.47 0.364145475998
29.54 0.267432154911
29.61 0.238288037602
29.68 0.222938899326
29.75 0.224069230311
29.82 0.176904589401
29.89 0.136817713772
29.96 0.145400220664
30.03 0.175322819441
30.1 0.301879403884
30.17 0.233125012738
30.24 0.202328273395
30.31 0.237680292302
30.38 0.242753721307
30.45 0.196732671939
30.52 0.111998107854
30.59 0.114272617804
30.66 0.114916086556
30.73 0.232990974738
30.8 0.260114467299
30.87 0.215346672212
30.94 0.180191449174
31.01 0.406222802862
31.08 0.451689814413
31.15 0.272310874602
31.22 0.181657832268
31.29 0.141694484035
31.36 0.118917439489
31.43 0.309061850855
31.5 0.336241078156
31.57 0.309493934531
31.64 0.242824997732
31.71 0.205812131021
31.78 0.256016562088
31.85 0.251240061359
31.92 0.123076855454
31.99 0.0294069157708
32.06 0.0360650499961
32.13 0.369288187526
32.2 0.364935596588
32.27 0.28900344488
32.34 0.202972689066
32.41 0.198747135235
32.48 0.201245784932
32.55 0.0463267519223
32.62 0.0192380507207
32.69 0.078015165564
32.76 0.210297475783
32.83 0.219444032621
32.9 0.189807430869
32.97 0.334519996363
33.04 0.245796024225
33.11 0.151935887449
33.18 0.0825657809557
33.25 0.0387626840358
33.32 0.0221532720573
33.39 0.035167375461
33.46 0.341082875458
33.53 0.323934719037
33.6 0.234547561498
33.67 0.192864999364
33.74 0.181928282048
33.81 0.155090730919
33.88 0.0404605468812
33.95 0.0144289711953
34.02 0.0441915019193
34.09 0.213434357461
34.16 0.228107989283
34.23 0.17320604453
34.3 0.149130712435
34.37 0.135670416092
34.44 0.150521683056
34.51 0.137276135109
34.58 0.069510311505
34.65 0.0266376569296
34.72 0.0309645495146
34.79 0.336542981921
34.86 0.271197135992
34.93 0.189313712284
35.0 0.138244635774
35.07 0.128845470499
35.14 0.149932155273
35.21 0.141206797187
35.28 0.0648048833631
35.35 0.0247260852594
35.42 0.0452787694463
35.49 0.309864296203
35.56 0.247863368534
35.63 0.199130268255
35.7 0.152306236149
35.77 0.160270131349
35.84 0.153262910531
35.91 0.0632468660341
35.98 0.0235852918503
36.05 0.107556098951
36.12 0.255391668494
36.19 0.230909282119
36.26 0.172037571837
36.33 0.150238508254
36.4 0.294459426894
36.47 0.302252163427
36.54 0.246358823349
36.61 0.190571441724
36.68 0.1447182155
36.75 0.127460526056
36.82 0.316445641125
36.89 0.407231885725
36.96 0.319439102717
37.03 0.265264024062
37.1 0.242730018709
37.17 0.261075707641
37.24 0.254737674312
37.31 0.148614962719
37.38 0.0380765391169
37.45 0.0373338014876
37.52 0.285584085154
37.59 0.248145785431
37.66 0.210198570108
37.73 0.183962045052
37.8 0.182150088782
37.87 0.180844016492
37.94 0.162278557348
38.01 0.121281750989
38.08 0.140478613557
38.15 0.312688137175
38.22 0.381982833048
38.29 0.240128614513
38.36 0.220463081286
38.43 0.196557510644
38.5 0.18587006439
38.57 0.12076551021
38.64 0.0531007066317
38.71 0.050108620016
38.78 0.040799499043
38.85 0.219050324139
38.92 0.363065680043
38.99 0.291234144586
39.06 0.219323125464
39.13 0.19058776911
39.2 0.182563806697
39.27 0.125418507633
39.34 0.117320331681
39.41 0.148389375726
39.48 0.205396154217
39.55 0.332093755316
39.62 0.288792421152
39.69 0.245706778595
39.76 0.25134116848
39.83 0.265910507757
39.9 0.257347170858
39.97 0.0746942223034
40.04 0.0493508150872
40.11 0.0224555223454
40.18 0.152236829471
40.25 0.349526882162
40.32 0.277990453414
40.39 0.216176913586
40.46 0.0390271743482
40.53 0.331156734579
40.6 0.424916737095
40.67 0.324020895986
40.74 0.262059853762
40.81 0.240625957701
40.88 0.246641275453
40.95 0.189790386345
41.02 0.0690852231626
41.09 0.152162171196
41.16 0.272197552054
41.23 0.326716760345
41.3 0.430195797399
41.37 0.297017439639
41.44 0.0545401646415
41.51 0.0235431141594
41.58 0.258613985893
41.65 0.230975842484
41.72 0.190653523391
41.79 0.0540190058186
41.86 0.0746362564694
41.93 0.264594060137
42.0 0.384910599658
42.07 0.28321975883
42.14 0.249463415309
42.21 0.306169839201
42.28 0.19025869195
42.35 0.0778402321966
42.42 0.0903873716172
42.49 0.328833279532
42.56 0.411032640292
42.63 0.406363623092
42.7 0.313503329781
42.77 0.0687383658109
42.84 0.0301057875638
42.91 0.391533438489
42.98 0.307072481812
43.05 0.321570839303
43.12 0.249652376404
43.19 0.259332085124
43.26 0.288908973598
43.33 0.166250807841
43.4 0.0752753093599
43.47 0.0506290061093
43.54 0.226861915644
43.61 0.270678510314
43.68 0.295898245595
43.75 0.270126855544
43.82 0.222408651203
43.89 0.191481778276
43.96 0.214436769278
44.03 0.149292216616
44.1 0.151250452255
44.17 0.164164212003
44.24 0.154212680379
44.31 0.395980441411
44.38 0.243465738768
44.45 0.195806586159
44.52 0.196001895867
44.59 0.193440920066
44.66 0.161876411846
44.73 0.101020611914
44.8 0.0713603946579
44.87 0.0649395903207
44.94 0.251135233277
45.01 0.286114507466
45.08 0.251127926628
45.15 0.22670857423
45.22 0.199495598846
45.29 0.287723636129
45.36 0.218638835466
45.43 0.188162506483
45.5 0.137291448867
45.57 0.152824576455
45.64 0.372241698816
45.71 0.37827480232
45.78 0.338925966791
45.85 0.263396757405
45.92 0.233659878708
45.99 0.296140399021
46.06 0.178710043253
46.13 0.05963611584
46.2 0.101481946275
46.27 0.267662941615
46.34 0.373598750872
46.41 0.352870123395
46.48 0.295478388465
46.55 0.237428035948
46.62 0.191474638403
46.69 0.201809781138
46.76 0.147840715514
46.83 0.122014465371
46.9 0.161097441169
46.97 0.276387191566
47.04 0.315117320895
47.11 0.222377654927
47.18 0.213997254798
47.25 0.209451527801
47.32 0.198621676942
47.39 0.116310548358
47.46 0.065519239396
47.53 0.0577144857144
47.6 0.10489741641
47.67 0.319653391552
47.74 0.248011580655
47.81 0.208046201459
47.88 0.231857949391
47.95 0.264645375308
48.02 0.368746733897
48.09 0.197782989282
48.16 0.167492508239
48.23 0.130995906398
48.3 0.287348878979
48.37 0.459767499134
48.44 0.410913371248
48.51 0.352538442674
48.58 0.276926312181
48.65 0.360751998079
48.72 0.284480723728
48.79 0.0938614635727
48.86 0.0533909360648
48.93 0.226467762426
49.0 0.39755844223
49.07 0.368191869613
49.14 0.316814829804
49.21 0.265566176137
49.28 0.237590266531
49.35 0.227094462762
49.42 0.23755748575
49.49 0.267156134807
49.56 0.218458543025
49.63 0.258055888003
49.7 0.40258979361
49.77 0.311172028842
49.84 0.236403982145
49.91 0.257759424848
49.98 0.348539904552
50.05 0.274266395497
50.12 0.24161888366
50.19 0.166223084084
50.26 0.136809860468
50.33 0.118745402468
50.4 0.395155314506
50.47 0.386481957227
50.54 0.351408165428
50.61 0.409993860154
50.68 0.414421481834
50.75 0.378863685235
50.82 0.231969550439
50.89 0.187992166872
50.96 0.304065088851
51.03 0.34930324089
51.1 0.51749193212
51.17 0.416067143741
51.24 0.344937098463
51.31 0.312659718517
51.38 0.255955507189
51.45 0.189080675955
51.52 0.0877072583398
51.59 0.0624949205078
51.66 0.395902332723
51.73 0.414877603513
51.8 0.329495653289
51.87 0.299108067753
51.94 0.275143525062
52.01 0.264178906094
52.08 0.193286633587
52.15 0.116908785563
52.22 0.0359177329077
52.29 0.0110640879757
52.36 0.45042977049
52.43 0.4521429508
52.5 0.357195652122
52.57 0.359712915891
52.64 0.378757678601
52.71 0.367607871386
52.78 0.3297996084
52.85 0.11192473005
52.92 0.0334889679812
52.99 0.0319949167219
53.06 0.473437859316
53.13 0.278960251226
53.2 0.276931628634
53.27 0.259261490628
53.34 0.237850541113
53.41 0.259386298494
53.48 0.319388617721
53.55 0.143259587497
53.62 0.0709491950636
53.69 0.0314933726286
53.76 0.0386664690159
53.83 0.387740300033
53.9 0.352326950119
53.97 0.335071469533
54.04 0.299819642331
54.11 0.297461299564
54.18 0.258134876899
54.25 0.162858052618
54.32 0.0563021881288
54.39 0.356770771323
54.46 0.442806411826
54.53 0.368655777886
54.6 0.293980490236
54.67 0.263148181245
54.74 0.260636474828
54.81 0.24559989546
54.88 0.114974004211
54.95 0.0583840567891
55.02 0.0398092081469
55.09 0.390092425754
55.16 0.331263815992
55.23 0.330179007487
55.3 0.312633158487
55.37 0.325989130783
55.44 0.31205286825
55.51 0.302656113817
55.58 0.252477857342
55.65 0.0666182924384
55.72 0.300880965046
55.79 0.361665397753
55.86 0.319749897504
55.93 0.305155488064
56.0 0.225438531149
56.07 0.119183525293
56.14 0.0417880628792
56.21 0.35301273369
56.28 0.415376010362
56.35 0.33445931949
56.42 0.193820908428
56.49 0.0928316226368
56.56 0.425148998841
56.63 0.454624111236
56.7 0.528369290094
56.77 0.433330423892
56.84 0.386200683673
56.91 0.406161292108
56.98 0.330530758792
57.05 0.234298477596
57.12 0.231887613311
57.19 0.327028142554
57.26 0.429270684479
57.33 0.502294515677
57.4 0.48788339509
57.47 0.376447443345
57.54 0.285499125672
57.61 0.431740819159
57.68 0.2879990021
57.75 0.271053289701
57.82 0.269706225684
57.89 0.194892374841
57.96 0.321101809148
58.03 0.347421088535
58.1 0.338127972514
58.17 0.326792995581
58.24 0.311945610796
58.31 0.494823725697
58.38 0.28431780195
58.45 0.220672705948
58.52 0.278594935459
58.59 0.397740483968
58.66 0.413146244603
58.73 0.336258493294
58.8 0.323321073568
58.87 0.311783109664
58.94 0.370667850723
59.01 0.432147773373
59.08 0.435122342933
59.15 0.354256529908
59.22 0.284862012944
59.29 0.335920156351
59.36 0.54070969564
59.43 0.62321204421
59.5 0.632921655894
59.57 0.527638740096
59.64 0.515527577648
59.71 0.585978362157
59.78 0.29573861672
59.85 0.17354950706
59.92 0.244502810377
59.99 0.309990208498
60.06 0.486823447351
60.13 0.448051816701
60.2 0.41253896813
60.27 0.285972851502
60.34 0.26993585422
60.41 0.436582720232
60.48 0.291833532546
60.55 0.322323501966
60.62 0.270777743982
60.69 0.37034994386
60.76 0.44681587008
60.83 0.370177673352
60.9 0.366546752507
60.97 0.294576248035
61.04 0.388770930376
61.11 0.303694742004
61.18 0.344220954219
61.25 0.27410614955
61.32 0.189304754551
61.39 0.240651804299
61.46 0.374763769445
61.53 0.370522720255
61.6 0.330966824712
61.67 0.336595231039
61.74 0.542350059625
61.81 0.396737677448
61.88 0.24639402609
61.95 0.218387424111
62.02 0.16963206292
62.09 0.417267819057
62.16 0.423914106616
62.23 0.548073142924
62.3 0.55436390633
62.37 0.49214458528
62.44 0.631339793281
62.51 0.450354869464
62.58 0.175402062206
62.65 0.0817843568165
62.72 0.278156757042
62.79 0.37470953569
62.86 0.514196490787
62.93 0.706687757748
63.0 0.428740430796
63.07 0.256483161017
63.14 0.321182425038
63.21 0.381330401003
63.28 0.27291863102
63.35 0.212133427436
63.42 0.377823909999
63.49 0.437312608685
63.56 0.359555634854
63.63 0.279278899317
63.7 0.295651503972
63.77 0.385863102782
63.84 0.35818884307
63.91 0.536225794419
63.98 0.457670772571
64.05 0.112578238727
64.12 0.0652209398499
64.19 0.404229799952
64.26 0.485569355484
64.33 0.475567314774
64.4 0.399315147411
64.47 0.534314598921
64.54 0.62558299896
64.61 0.299393127126
64.68 0.153856207455
64.75 0.278725593462
64.82 0.296287078653
64.89 0.589169590626
64.96 0.780131614705
65.03 0.634942986662
65.1 0.345432041926
65.17 0.295270135074
65.24 0.175125019208
65.31 0.0456640612907
65.38 0.031170966515
65.45 0.432283718181
65.52 0.370836926541
65.59 0.282918605558
65.66 0.2769425988
65.73 0.253508724878
65.8 0.257079478443
65.87 0.196040791774
65.94 0.0704059143096
66.01 0.0214090130588
66.08 0.237327327237
66.15 0.524484380277
66.22 0.35093853488
66.29 0.314365227123
66.36 0.29618249147
66.43 0.281379863847
66.5 0.270688127739
66.57 0.158616139899
66.64 0.0361684549216
66.71 0.0162958561198
66.78 0.499023544113
66.85 0.378382041244
66.92 0.318009554918
66.99 0.27996242585
67.06 0.141751497391
67.13 0.0675703397079
67.2 0.100818123419
67.27 0.460475234153
67.34 0.361754343186
67.41 0.299890399896
67.48 0.12560641248
67.55 0.329733364909
67.62 0.427216939839
67.69 0.614556096509
67.76 0.489166133542
67.83 0.374744582774
67.9 0.596253224575
67.97 0.497861431151
68.04 0.22436195768
68.11 0.19635282441
68.18 0.289857777997
68.25 0.393435489093
68.32 0.50697710475
68.39 0.527354042072
68.46 0.361685724061
68.53 0.248204012548
68.6 0.284351366579
68.67 0.315086485836
68.74 0.294350025439
68.81 0.235576713092
68.88 0.184625827141
68.95 0.317599294829
69.02 0.336493301156
69.09 0.301475957528
69.16 0.277405938181
69.23 0.256876330255
69.3 0.301687705807
69.37 0.325112573815
69.44 0.269971638824
69.51 0.218662564008
69.58 0.317063259573
69.65 0.428560599769
69.72 0.347871395286
69.79 0.324598312113
69.86 0.316397761542
69.93 0.326730880726
70.0 0.419691347212
70.07 0.4267854825
70.14 0.407520532638
70.21 0.313304204605
70.28 0.330302192065
70.35 0.585408172996
70.42 0.56464402961
70.49 0.544347978725
70.56 0.389625643372
70.63 0.467939996102
70.7 0.448366545552
70.77 0.254910769436
70.84 0.210303157291
70.91 0.285335794366
70.98 0.288217384364
71.05 0.555752797808
71.12 0.469200127119
71.19 0.330959688545
71.26 0.272329627655
71.33 0.262753807512
71.4 0.364268779173
71.47 0.332778124995
71.54 0.241479979502
71.61 0.281191036173
71.68 0.413132005625
71.75 0.4378934289
71.82 0.37542519999
71.89 0.360854287458
71.96 0.349799490767
72.03 0.390095225741
72.1 0.383313478879
72.17 0.379575467356
72.24 0.313646564559
72.31 0.220340547135
72.38 0.335621223055
72.45 0.377381243449
72.52 0.39241819343
72.59 0.311916604715
72.66 0.362595934604
72.73 0.324675976065
72.8 0.294934018107
72.87 0.25617225134
72.94 0.222728172089
73.01 0.151131622388
73.08 0.411963340213
73.15 0.532515413999
73.22 0.525596560456
73.29 0.411230590623
73.36 0.397283867519
73.43 0.497660645626
73.5 0.285602082155
73.57 0.0973448857277
73.64 0.160957856936
73.71 0.239494916991
73.78 0.380708279599
73.85 0.603188335088
73.92 0.524443977825
73.99 0.251356634189
74.06 0.225349226222
74.13 0.31244036154
74.2 0.291415950984
74.27 0.25577209418
74.34 0.311070988432
74.41 0.446078771338
74.48 0.466809757771
74.55 0.271153611121
74.62 0.230606948443
74.69 0.330722180763
74.76 0.283381437199
74.83 0.355549775259
74.9 0.473120217441
74.97 0.271645072669
75.04 0.0475680353802
75.11 0.174893467188
75.18 0.441503574993
75.25 0.502695845829
75.32 0.3940484026
75.39 0.442463877683
75.46 0.492357988348
75.53 0.409495864687
75.6 0.162302941876
75.67 0.157911015853
75.74 0.265012269889
75.81 0.248921061089
75.88 0.634265184257
75.95 0.543681016771
76.02 0.258746237534
76.09 0.236930331412
76.16 0.288591318752
76.23 0.22361157985
76.3 0.146523749035
76.37 0.129365063479
76.44 0.207008740705
76.51 0.402415484726
76.58 0.360788079175
76.65 0.2756954022
76.72 0.243619799172
76.79 0.342218302381
76.86 0.465355393678
76.93 0.365904534576
77.0 0.242735954087
77.07 0.172174400558
77.14 0.31876500089
77.21 0.52305357239
77.28 0.465731427593
77.35 0.35846125525
77.42 0.0980576129135
77.49 0.328478904282
77.56 0.307759949822
77.63 0.256642521197
77.7 0.19475727318
77.77 0.149828046181
77.84 0.109778287513
77.91 0.150257079706
77.98 0.269705256529
78.05 0.137418272871
78.12 0.0323115357028
78.19 0.0135615165004
78.26 0.00941956570547
78.33 0.265177715546
78.4 0.170779408779
78.47 0.0395176760067
78.54 0.0156457793251
78.61 0.00469791394933
78.68 0.346525337485
78.75 0.382581889309
78.82 0.310063273133
78.89 0.193226946252
78.96 0.0437378837351
79.03 0.0221620074219
79.1 0.00221134996492
79.17 0.000499086924613
79.24 0.0125935865813
79.31 0.0180693167455
79.38 0.0194443991575
79.45 0.0170190271993
79.52 0.0204107465562
79.59 0.380702742631
79.66 0.437626707493
79.73 0.351295026334
79.8 0.317435238973
79.87 0.31669567565
79.94 0.284820926711
80.01 0.197078276617
80.08 0.227788118167
80.15 0.276177088812
80.22 0.175740071156
80.29 0.0343540507485
80.36 0.0269667377957
80.43 0.0205793794909
80.5 0.00366913852779
80.57 0.00205413193181
80.64 0.0167714887571
80.71 0.0262151554708
80.78 0.0293728786096
80.85 0.02100519053
80.92 0.0203052736064
80.99 0.412383844064
81.06 0.450085303597
81.13 0.375502163482
81.2 0.345821703306
81.27 0.33201675291
81.34 0.30287471289
81.41 0.214763183579
81.48 0.161242643907
81.55 0.124536432228
81.62 0.118573858362
81.69 0.121282256877
81.76 0.113430652065
81.83 0.291037204177
81.9 0.312564083508
81.97 0.268823581387
82.04 0.198493542818
82.11 0.153130838636
82.18 0.302341207072
82.25 0.273709529898
82.32 0.248609078485
82.39 0.243014062599
82.46 0.213141687537
82.53 0.187269231132
82.6 0.130359277321
82.67 0.124179742495
82.74 0.100303800565
82.81 0.0561055145623
82.88 0.305889499594
82.95 0.40750603423
83.02 0.335089624045
83.09 0.231764990213
83.16 0.261389137491
83.23 0.312293709703
83.3 0.105013664953
83.37 0.0361734155858
83.44 0.236263113735
83.51 0.340434286678
83.58 0.313397056305
83.65 0.21599926362
83.72 0.186338056826
83.79 0.170747300662
83.86 0.155797381894
83.93 0.115824644163
84.0 0.0843967385892
84.07 0.0800207433964
84.14 0.0775561438323
84.21 0.0627191417897
84.28 0.337604200865
84.35 0.330637137892
84.42 0.225730687774
84.49 0.0648916810891
84.56 0.0280525691947
84.63 0.0139453147716
84.7 0.0
84.77 0.00135179675388
84.84 0.0142593524281
84.91 0.023300714276
84.98 0.0257312581482
85.05 0.0233355704935
85.12 0.0258609136412
85.19 0.324855951632
85.26 0.412623340189
85.33 0.345592554715
85.4 0.331373210035
85.47 0.310597396023
85.54 0.283508142607
85.61 0.252124021335
85.68 0.205041797497
85.75 0.233510299023
85.82 0.153237929315
85.89 0.0440884564891
85.96 0.0302213541774
86.03 0.0169760767789
86.1 0.00186494661493
86.17 0.000358920827343
86.24 0.008918831403
86.31 0.0226599028235
86.38 0.0242599125366
86.45 0.0197692290846
86.52 0.0235895854099
86.59 0.424161281857
86.66 0.530410470931
86.73 0.431847794947
86.8 0.374333266436
86.87 0.362584629034
86.94 0.313069722883
87.01 0.285299479784
87.08 0.279726363461
87.15 0.285590287374
87.22 0.124346524215
87.29 0.0368841989028
87.36 0.138934190338
87.43 0.293921077155
87.5 0.251989809146
87.57 0.229764260007
87.64 0.218127816634
87.71 0.173803440442
87.78 0.113390581313
87.85 0.0514674417523
87.92 0.088600361355
87.99 0.237038313417
88.06 0.198174235035
88.13 0.231013028009
88.2 0.136652168049
88.27 0.0620226011568
88.34 0.011187580163
88.41 0.360708877177
88.48 0.45125624643
88.55 0.374676547366
88.62 0.2379932978
88.69 0.117682171091
88.76 0.367765904769
88.83 0.296588798964
88.9 0.269743355616
88.97 0.123304362227
89.04 0.0773055904477
89.11 0.0978323872684
89.18 0.459544789956
89.25 0.255239772473
89.32 0.174588544775
89.39 0.0742212006396
89.46 0.0304568754708
89.53 0.507568763562
89.6 0.295415990091
89.67 0.167052056106
89.74 0.0948858824303
89.81 0.0232912358309
89.88 0.438224583349
89.95 0.291441312079
90.02 0.172225421092
90.09 0.0928529533076
90.16 0.0388150739869
90.23 0.480141378894
90.3 0.288682087603
90.37 0.220257266533
90.44 0.097410980973
90.51 0.056125512877
90.58 0.527803615008
90.65 0.289868809314
90.72 0.227157083504
90.79 0.0949799200947
90.86 0.0605991907198
90.93 0.473388369417
91.0 0.419476280088
91.07 0.30779643674
91.14 0.146087890658
91.21 0.049738202752
91.28 0.445421176645
91.35 0.318563142438
91.42 0.382966981022
91.49 0.194351152846
91.56 0.0610674314671
91.63 0.259819671906
91.7 0.369724158939
91.77 0.342031605735
91.84 0.275660195753
91.91 0.545272643202
91.98 0.310007178898
92.05 0.736338572535
92.12 0.452124835202
92.19 0.21485129513
92.26 0.703511683673
92.33 0.672783821031
92.4 0.535025713938
92.47 0.512999252913
92.54 0.425655131132
92.61 0.469970214185
92.68 0.451957225161
92.75 0.643968295378
92.82 0.495831061116
92.89 0.362365611168
92.96 0.330070847588
93.03 0.468231255841
93.1 0.583686047926
93.17 0.7455065249
93.24 0.67139982536
93.31 0.413562365947
93.38 0.542511074595
93.45 0.370856487532
93.52 0.659024231898
93.59 0.314335066581
93.66 0.0999814982234
93.73 0.527463988329
93.8 0.67328840601
93.87 0.470580905863
93.94 0.493602887143
94.01 0.384798333359
94.08 0.363986125083
94.15 0.610726804687
94.22 0.293163433443
94.29 0.874679308438
94.36 0.43158112172
94.43 0.33369273287
94.5 0.32396061011
94.57 0.520446403299
94.64 0.751127785795
94.71 0.89595272136
94.78 0.625556122055
94.85 0.432976195034
94.92 0.392790080178
94.99 0.55827172378
95.06 0.690126573729
95.13 0.356304135333
95.2 0.127111789693
95.27 0.579207149989
95.34 0.70455720898
95.41 0.559268622718
95.48 0.417790456629
95.55 0.316781187347
95.62 0.128072135003
95.69 0.383184134701
95.76 0.360144549271
95.83 0.836631569711
95.9 0.421279562145
95.97 0.306058271509
96.04 0.43963821885
96.11 0.533578208051
96.18 0.458957582214
96.25 0.612949356451
96.32 0.50377969815
96.39 0.402495326033
96.46 0.675097304717
96.53 0.532575623899
96.6 0.931821042198
96.67 0.480070324837
96.74 0.185106231429
96.81 0.460685194221
96.88 0.651475855795
96.95 0.517155424155
97.02 0.455593521757
97.09 0.365814223432
97.16 0.312452232296
97.23 0.316558357719
97.3 0.312528337818
97.37 0.465220121535
97.44 0.459639428015
97.51 0.57552027389
97.58 0.520129880678
97.65 0.47204331042
97.72 0.674267215294
97.79 0.947696692811
97.86 0.640547608855
97.93 0.391160486227
98.0 0.398133054665
98.07 0.445885399939
98.14 0.552757746283
98.21 0.596694327135
98.28 0.675650173247
98.35 0.651234224935
98.42 0.548522187735
98.49 0.388345436211
98.56 0.720988255708
98.63 0.629132644222
98.7 0.568199247049
98.77 0.477661359947
98.84 0.332111867207
98.91 0.450665321433
98.98 0.54614928541
99.05 0.477358060822
99.12 0.471202877169
99.19 0.485660111364
99.26 0.430784092891
99.33 0.650804437211
99.4 0.637687468125
99.47 0.542171603574
99.54 0.476879531839
99.61 0.467950147211
99.68 0.511615813163
99.75 0.642437712727
99.82 0.48861015371
99.89 0.412923446477
99.96 0.34077637979
100.03 0.36131465637
100.1 0.370576120129
100.17 0.743236727304
100.24 0.423311957583
100.31 0.349412977751
100.38 0.32900715665
100.45 0.2874868251
100.52 0.506289258714
100.59 0.702469182573
100.66 0.439784950369
100.73 0.280837240933
100.8 0.246879650472
100.87 0.439590650583
100.94 0.93851179784
101.01 0.830070884649
101.08 0.516042738088
101.15 0.422281551462
101.22 0.347790733069
101.29 0.494811769699
101.36 0.55140288826
101.43 0.54966049618
101.5 0.586282200525
101.57 0.539664522416
101.64 0.425499356639
101.71 0.335383302038
101.78 0.724239225251
101.85 0.531809650645
101.92 0.455454743608
101.99 0.375655688349
102.06 0.49465363625
102.13 0.623900179324
102.2 0.448251903619
102.27 0.344773203824
102.34 0.35156079897
102.41 0.353465862664
102.48 0.442977898486
102.55 0.72508571433
102.62 0.573878494161
102.69 0.450333583267
102.76 0.443088621179
102.83 0.516988846274
102.9 0.509731116544
102.97 0.489136036004
103.04 0.360349170648
103.11 0.31969268031
103.18 0.304952995863
103.25 0.291889196869
103.32 0.328590496063
103.39 0.727028239655
103.46 0.398740421939
103.53 0.324463592184
103.6 0.197228377014
103.67 0.182749272905
103.74 0.5314765968
103.81 0.606069967706
103.88 0.313868489889
103.95 0.180339907752
104.02 0.270012647229
104.09 0.659068939027
104.16 0.948235750422
104.23 0.655455891028
104.3 0.422429493034
104.37 0.365514951025
104.44 0.359319539109
104.51 0.514243241851
104.58 0.505628372971
104.65 0.713301053276
104.72 0.690972488356
104.79 0.531251762152
104.86 0.353919171385
104.93 0.582567152226
105.0 0.57557588818
105.07 0.563161332101
105.14 0.458356967523
105.21 0.312938158729
105.28 0.57956313185
105.35 0.710245715875
105.42 0.470489801606
105.49 0.329596109982
105.56 0.272850315798
105.63 0.365537224908
105.7 0.441710740633
105.77 0.618847008064
105.84 0.654481673648
105.91 0.535828541017
105.98 0.457698157216
106.05 0.404288586695
106.12 0.595374251207
106.19 0.684928060751
106.26 0.60212805565
106.33 0.464074927088
106.4 0.47455231321
106.47 0.545321897761
106.54 0.548382673918
106.61 0.678270019179
106.68 0.476578986374
106.75 0.343299740155
106.82 0.332635262684
106.89 0.325525487498
106.96 0.54646381413
107.03 0.559967998546
107.1 0.357620948008
107.17 0.294482710699
107.24 0.263097427553
107.31 0.79224809546
107.38 1.0
107.45 0.711253807347
107.52 0.418167046464
107.59 0.369952658956
107.66 0.413770068977
107.73 0.423427553846
107.8 0.470236933739
107.87 0.604913949487
107.94 0.560958710088
108.01 0.490401555744
108.08 0.375561554325
108.15 0.606274526079
108.22 0.584926443764
108.29 0.595720762035
108.36 0.472958227757
108.43 0.375353173072
108.5 0.496984566575
108.57 0.637023954731
108.64 0.590291317814
108.71 0.35901067522
108.78 0.334755882711
108.85 0.422670551296
108.92 0.528814940084
108.99 0.697551807875
109.06 0.575340107457
109.13 0.530981071473
109.2 0.491243291702
109.27 0.480104499125
109.34 0.715116969553
109.41 0.699521126717
109.48 0.548571840704
109.55 0.504011728263
109.62 0.414935834336
109.69 0.343754055093
109.76 0.297855360129
109.83 0.793263895696
109.9 0.307879819261
109.97 0.255311060016
110.04 0.208609302633
110.11 0.261302008066
110.18 0.588978498502
110.25 0.596134394708
110.32 0.357673942059
110.39 0.255390497355
110.46 0.256044893652
110.53 0.619910548902
110.6 0.883661051515
110.67 0.638419380128
110.74 0.404725130707
110.81 0.357763799201
110.88 0.385477129009
110.95 0.497983277814
111.02 0.402858929565
111.09 0.58237530405
111.16 0.59794414212
111.23 0.513170204037
111.3 0.362169682535
111.37 0.332844561205
111.44 0.733140511802
111.51 0.631603258846
111.58 0.504292358801
111.65 0.393868389972
111.72 0.446651043348
111.79 0.710619707708
111.86 0.60839645252
111.93 0.368456986262
112.0 0.294579600236
112.07 0.26900309554
112.14 0.443069032392
112.21 0.623059519999
112.28 0.633626905949
112.35 0.626086924246
112.42 0.544328065651
112.49 0.369731734283
112.56 0.648722173847
112.63 0.627590629992
112.7 0.504589924533
112.77 0.336970848013
112.84 0.302040669019
112.91 0.566314804301
112.98 0.782479192997
113.05 0.608132345793
113.12 0.586271608386
113.19 0.70456786227
113.26 0.470042352287
113.33 0.74394411024
113.4 0.430171053376
113.47 0.744886371455
113.54 0.776066377238
113.61 0.568418809717
113.68 0.48159748487
113.75 0.425640595663
113.82 0.391561054768
113.89 0.833556962251
113.96 0.567180053844
114.03 0.326916484062
114.1 0.235892800242
114.17 0.230389741025
114.24 0.392315400018
114.31 0.610205245602
114.38 0.533644836981
114.45 0.454860071707
114.52 0.362061105695
114.59 0.357960515388
114.66 0.611269199675
114.73 0.597155596639
114.8 0.374802722796
114.87 0.275212105272
114.94 0.197749100366
115.01 0.151376331195
115.08 0.461832136111
115.15 0.675659055004
115.22 0.653709203535
115.29 0.530427081836
115.36 0.420851953629
115.43 0.374709454155
115.5 0.75302943799
115.57 0.366949541024
115.64 0.201260774402
115.71 0.150363462513
115.78 0.332863655223
115.85 0.77541573711
115.92 0.621879797328
115.99 0.462440396563
116.06 0.435681206139
116.13 0.345289529844
116.2 0.342752302968
116.27 0.61941375793
116.34 0.414625210032
116.41 0.221125733003
116.48 0.110788799092
116.55 0.0994588717703
116.62 0.0453148727789
116.69 0.488918659957
116.76 0.784585492512
116.83 0.744959386058
116.9 0.5199261043
116.97 0.436536395374
117.04 0.400689673902
117.11 0.637770828409
117.18 0.714915355706
117.25 0.617130242067
117.32 0.470494862336
117.39 0.406685421399
117.46 0.46472926594
117.53 0.578894674469
117.6 0.525493492789
117.67 0.479514382066
117.74 0.391077155592
117.81 0.348818867329
117.88 0.411191379695
117.95 0.755869337653
118.02 0.501963440909
118.09 0.363639460451
118.16 0.266308011322
118.23 0.185066914876
118.3 0.499182025939
118.37 0.665688182905
118.44 0.676663936961
118.51 0.582827273003
118.58 0.413594709404
118.65 0.330343322772
118.72 0.606064295464
118.79 0.357534672847
118.86 0.210840348862
118.93 0.145040662381
119.0 0.367134640325
119.07 0.6696595291
119.14 0.737236417552
119.21 0.446871678942
119.28 0.445879460855
119.35 0.38334814423
119.42 0.336178616778
119.49 0.320299419393
119.56 0.69940695917
119.63 0.24557711569
119.7 0.132566380053
119.77 0.0648678728657
119.84 0.142671317948
119.91 0.322664214543
119.98 0.642426996432
120.05 0.740240447194
120.12 0.617443380985
120.19 0.427450672921
120.26 0.416898763798
120.33 0.647991242117
120.4 0.754628226531
120.47 0.571632973614
120.54 0.438445057727
120.61 0.291580968582
120.68 0.573020738427
120.75 0.519405188229
120.82 0.549986500952
120.89 0.499408520936
120.96 0.415587884649
121.03 0.349368303977
121.1 0.312081068246
121.17 0.755980501376
121.24 0.57678024369
121.31 0.440301830457
121.38 0.361388136093
121.45 0.207859764242
121.52 0.299028660064
121.59 0.604769880827
121.66 0.673905062715
121.73 0.504146023839
121.8 0.516402505768
121.87 0.394770954755
121.94 0.555351456538
122.01 0.590900024856
122.08 0.27331733352
122.15 0.181185299814
122.22 0.101377822359
122.29 0.444649395874
122.36 0.586175243267
122.43 0.55015903089
122.5 0.445687853578
122.57 0.352513502226
122.64 0.332727564023
122.71 0.325835804193
122.78 0.394815018869
122.85 0.232670586616
122.92 0.0812200289111
122.99 0.0441024693927
123.06 0.0326129002242
123.13 0.0386436318004
123.2 0.592591031348
123.27 0.643542410216
123.34 0.525581648814
123.41 0.309620575081
123.48 0.0856561135543
123.55 0.0509688032703
123.62 0.554979395602
123.69 0.721894037418
123.76 0.582460293181
123.83 0.359565743342
123.9 0.0996793609725
123.97 0.0652271772782
124.04 0.513813606079
124.11 0.819733953703
124.18 0.72222551986
124.25 0.626490717126
124.32 0.392958047861
124.39 0.719350474901
124.46 0.827521153267
124.53 0.550373694045
124.6 0.165817401074
124.67 0.15238866434
124.74 0.620874505843
124.81 0.987572148154
124.88 0.873126259185
124.95 0.456745578116
125.02 0.138536801663
125.09 0.0945436318067
125.16 0.0686077003955
125.23 0.0578628627579
125.3 0.0407255430813
125.37 0.0304556061189
125.44 0.0242790751174
125.51 0.0127489052192
125.58 0.0102229246159
125.65 0.233322305229
125.72 0.971222352918
125.79 0.626987678581
125.86 0.527174131363
125.93 0.460964992732
126.0 0.277551372552
126.07 0.0989730731995
126.14 0.0748205756285
126.21 0.0394129424312
126.28 0.0238789179579
126.35 0.0153078648817
