-1.67576901191 0.0
6.63589167387 0.435643564356
7.9502448862 0.435643564356
9.34191299337 0.435643564356
10.7335811005 0.435643564356
11.8159896283 0.465346534653
12.8983981562 0.465346534653
18.5253269926 0.427272727273
19.2924572207 0.836363636364
19.4203122587 0.5
20.1874424867 0.845454545455
20.6988626387 0.472727272727
21.3701015882 0.872727272727
21.9454492592 0.418181818182
23.4477459558 0.772727272727
24.3868186805 0.685344827586
25.0966452187 0.844827586207
25.6645064492 0.620689655172
26.7292462565 0.89224137931
26.8002289103 0.556034482759
27.9359513714 0.818965517241
28.747951599 0.316831683168
38.837545376 0.0
66.941 0.0
67.161 0.25
67.321 0.5
74.001 0.5
74.121 0.25
77.101 0.0
83.3709248055 0.0
91.2377153558 0.841584158416
99.8991312142 0.834586466165
99.9678555652 0.0
168.436637857 0.108910891089
175.871939861 0.458646616541
180.071811594 0.90977443609
191.578867584 1.0
195.642613835 0.0
197.000480124 0.0
