0.0 0.0246924898219
0.07 0.0185806507488
0.14 0.0114182258205
0.21 0.00600451808967
0.28 0.01774917652
0.35 0.0232754121793
0.42 0.0173468184656
0.49 0.00846594457982
0.56 0.00525838412032
0.63 0.0254619551367
0.7 0.0198405401966
0.77 0.0133255320552
0.84 0.00659936214805
0.91 0.0147236539813
0.98 0.0241549852029
1.05 0.0177472264533
1.12 0.0090748643796
1.19 0.00584353340897
1.26 0.0236350643082
1.33 0.0205897974782
1.4 0.0145421887924
1.47 0.00707772258107
1.54 0.0108470486258
1.61 0.0258707510823
1.68 0.0179611899038
1.75 0.00976198131799
1.82 0.00608860603237
1.89 0.0626036256071
1.96 0.0777917363133
2.03 0.114184131337
2.1 0.109151000752
2.17 0.0781827540623
2.24 0.107458018062
2.31 0.101803371849
2.38 0.0834389327373
2.45 0.0996757529608
2.52 0.0889088697052
2.59 0.0758832803407
2.66 0.0734386158756
2.73 0.248878233506
2.8 0.263295282514
2.87 0.239530281792
2.94 0.250658040643
3.01 0.250140142475
3.08 0.255646005548
3.15 0.261971106047
3.22 0.255101726451
3.29 0.2626082938
3.36 0.266718216883
3.43 0.262762240075
3.5 0.270882271681
3.57 0.252990596043
3.64 0.269433246069
3.71 0.249448304773
3.78 0.251617701034
3.85 0.225905094481
3.92 0.239545663277
3.99 0.266158860833
4.06 0.24015873752
4.13 0.231376574406
4.2 0.267981153778
4.27 0.234759147203
4.34 0.242060767355
4.41 0.2897366231
4.48 0.317154388239
4.55 0.307030515154
4.62 0.329938658725
4.69 0.346825291378
4.76 0.399021747834
4.83 0.402825234772
4.9 0.364415521972
4.97 0.420371696253
5.04 0.323813131786
5.11 0.413115780321
5.18 0.453495538075
5.25 0.434451505543
5.32 0.437968517538
5.39 0.40216862115
5.46 0.410334432841
5.53 0.409193306192
5.6 0.456709562071
5.67 0.407596721976
5.74 0.429069815235
5.81 0.457491813412
5.88 0.540693934329
5.95 0.540638393225
6.02 0.514254823764
6.09 0.475698063117
6.16 0.490389175027
6.23 0.519635380362
6.3 0.46773217867
6.37 0.509049912075
6.44 0.463700611936
6.51 0.35208185793
6.58 0.337056077183
6.65 0.339610177252
6.72 0.434080794132
6.79 0.407069787252
6.86 0.406165397627
6.93 0.400252924821
7.0 0.404279287815
7.07 0.398770173207
7.14 0.370881644881
7.21 0.389335671658
7.28 0.32420267069
7.35 0.319821880677
7.42 0.320911089606
7.49 0.395771093572
7.56 0.306543737913
7.63 0.286270879158
7.7 0.335276342706
7.77 0.327386437131
7.84 0.426123591489
7.91 0.4182944361
7.98 0.406355089426
8.05 0.394009832905
8.12 0.410098149943
8.19 0.39076958826
8.26 0.408472706877
8.33 0.421561693175
8.4 0.41944286508
8.47 0.399848859256
8.54 0.396529171566
8.61 0.405396360793
8.68 0.384066985843
8.75 0.412309835403
8.82 0.430028347259
8.89 0.407674800508
8.96 0.412985182487
9.03 0.409461574458
9.1 0.467155441916
9.17 0.408593489197
9.24 0.421955603434
9.31 0.41378679238
9.38 0.406438662337
9.45 0.426601311873
9.52 0.410473401536
9.59 0.410373860518
9.66 0.394824603878
9.73 0.419021372865
9.8 0.393058019796
9.87 0.397555160937
9.94 0.423161699892
10.01 0.408108410918
10.08 0.406396046168
10.15 0.395602983936
10.22 0.400102720536
10.29 0.376586302557
10.36 0.426041864997
10.43 0.336546247483
10.5 0.320773438407
10.57 0.316779478575
10.64 0.32261777512
10.71 0.39294320094
10.78 0.265763660859
10.85 0.30341920114
10.92 0.347852507421
10.99 0.361064122459
11.06 0.422782977715
11.13 0.407025960439
11.2 0.402742125603
11.27 0.397635348746
11.34 0.404079530467
11.41 0.392281910363
11.48 0.414429028935
11.55 0.426792640659
11.62 0.405746865239
11.69 0.400765783803
11.76 0.399395401975
11.83 0.391515786341
11.9 0.403205338559
11.97 0.514836086811
12.04 0.526584169879
12.11 0.477634594706
12.18 0.535802844461
12.25 0.505750747635
12.32 0.529349094058
12.39 0.514468646169
12.46 0.483893367295
12.53 0.464665669471
12.6 0.559681116809
12.67 0.591705034486
12.74 0.580327843411
12.81 0.474039962578
12.88 0.431448514021
12.95 0.455022517201
13.02 0.428131027502
13.09 0.503266388361
13.16 0.566783611113
13.23 0.540144166195
13.3 0.421048745505
13.37 0.464950359969
13.44 0.446316337231
13.51 0.409452822131
13.58 0.64141410666
13.65 0.53817767517
13.72 0.48045928923
13.79 0.421311637998
13.86 0.494205468293
13.93 0.482020946417
14.0 0.446557443472
14.07 0.490062084203
14.14 0.424565861148
14.21 0.592880436361
14.28 0.572164919956
14.35 0.539052343642
14.42 0.424101652322
14.49 0.425863933436
14.56 0.408888470704
14.63 0.43841802019
14.7 0.489449006754
14.77 0.449077881651
14.84 0.516847462493
14.91 0.461190167716
14.98 0.436051974933
15.05 0.413655360025
15.12 0.476704848872
15.19 0.64451531743
15.26 0.51645304682
15.33 0.496280093453
15.4 0.48765392178
15.47 0.599218103838
15.54 0.547362907979
15.61 0.550300375125
15.68 0.470025405768
15.75 0.460694732178
15.82 0.684950308551
15.89 0.694281704466
15.96 0.586971567705
16.03 0.5745825581
16.1 0.565324769988
16.17 0.466782803946
16.24 0.425061952763
16.31 0.556733946346
16.38 0.575643327043
16.45 0.516819430686
16.52 0.401462238622
16.59 0.509092241878
16.66 0.426238087649
16.73 0.54739245603
16.8 0.567709853239
16.87 0.517337544697
16.94 0.452746934734
17.01 0.408025650089
17.08 0.604223601178
17.15 0.457735197758
17.22 0.46950278363
17.29 0.455649959962
17.36 0.530530044807
17.43 0.667424988998
17.5 0.656727341122
17.57 0.559687319624
17.64 0.465352017068
17.71 0.505640945525
17.78 0.43390316817
17.85 0.486814952884
17.92 0.453516445996
17.99 0.491765654953
18.06 0.504650828833
18.13 0.463479698769
18.2 0.520797941716
18.27 0.424945986306
18.34 0.599214938854
18.41 0.545180419024
18.48 0.541341610768
18.55 0.490907994267
18.62 0.520052852769
18.69 0.603103850465
18.76 0.546572605267
18.83 0.547223744812
18.9 0.451597081404
18.97 0.84442806322
19.04 0.760395254512
19.11 0.614079816128
19.18 0.372559246086
19.25 0.381029346178
19.32 0.806075658872
19.39 0.652444420947
19.46 0.828458252534
19.53 0.603869995858
19.6 0.577044415208
19.67 0.497881106725
19.74 0.386074355608
19.81 0.481014562429
19.88 0.422587103403
19.95 0.813779717218
20.02 0.87057140477
20.09 0.942120472306
20.16 0.790443799546
20.23 0.590230001931
20.3 0.781528230502
20.37 0.493034771154
20.44 0.571800480814
20.51 0.533403392692
20.58 0.940282590581
20.65 0.575177360486
20.72 0.492483543409
20.79 0.531922411633
20.86 0.591392090995
20.93 0.731329952319
21.0 0.60301118864
21.07 0.588621489718
21.14 0.363606531745
21.21 0.731600288189
21.28 0.771828174752
21.35 0.811947058466
21.42 0.698865752332
21.49 0.457535517344
21.56 0.81214339652
21.63 0.645491777244
21.7 0.68246246587
21.77 0.440802731593
21.84 0.522365911777
21.91 0.719856178983
21.98 0.653146503712
22.05 0.808415779462
22.12 0.52362456173
22.19 0.719322762559
22.26 0.420442095262
22.33 0.344843669973
22.4 0.379205230321
22.47 0.615679190275
22.54 0.754361075107
22.61 0.659026086107
22.68 0.821874362696
22.75 0.565760832674
22.82 0.810749587179
22.89 0.5552353463
22.96 0.531758911633
23.03 0.666260113209
23.1 0.512741332689
23.17 0.619181237513
23.24 0.374004749824
23.31 0.664818081124
23.38 0.57549588277
23.45 0.682239714832
23.52 0.41149898914
23.59 0.349487380262
23.66 0.360567507265
23.73 0.562232571198
23.8 0.587608381472
23.87 0.38580659062
23.94 0.676106384421
24.01 0.515816803648
24.08 0.707720087146
24.15 0.567887553998
24.22 0.547190790288
24.29 0.50926459144
24.36 0.390870171095
24.43 0.692655190733
24.5 0.575291351231
24.57 0.80753175067
24.64 0.663706625407
24.71 0.745186327779
24.78 0.626881609432
24.85 0.354917824373
24.92 0.487822972791
24.99 0.606718828467
25.06 0.795658606889
25.13 0.593328074429
25.2 0.859926394804
25.27 0.697403250424
25.34 0.63973717008
25.41 0.733627833931
25.48 0.60729753559
25.55 0.734592111439
25.62 0.586236132924
25.69 0.79597447922
25.76 0.545287475012
25.83 0.456957800748
25.9 0.593982463372
25.97 0.764260595428
26.04 0.685391425382
26.11 0.539756803886
26.18 0.597555582793
26.25 0.546156024015
26.32 0.625198087504
26.39 0.576075068595
26.46 0.699516428134
26.53 0.69097622929
26.6 0.540697060847
26.67 0.800859036097
26.74 0.529366223657
26.81 0.508665224296
26.88 0.643311296056
26.95 0.634581049592
27.02 0.67091122627
27.09 0.712337770188
27.16 0.760833546151
27.23 0.623577637677
27.3 0.673160320955
27.37 0.497948192223
27.44 0.532561209659
27.51 0.476249579365
27.58 0.70570603266
27.65 0.736106198754
27.72 0.745091912497
27.79 0.853728676932
27.86 0.67657795328
27.93 0.806520399087
28.0 0.541360194636
28.07 0.625506495086
28.14 0.621826089944
28.21 0.615503029268
28.28 0.693335522508
28.35 0.55461540248
28.42 0.696904546255
28.49 0.551210810491
28.56 0.716622724844
28.63 0.467375447902
28.7 0.500232531291
28.77 0.419540205997
28.84 0.622742825361
28.91 0.709020458909
28.98 0.614903999779
29.05 0.768595789143
29.12 0.588625722164
29.19 0.713141766108
29.26 0.714303043089
29.33 0.801170373588
29.4 0.737174099064
29.47 0.534571955978
29.54 0.713589164825
29.61 0.500275609064
29.68 0.806394814795
29.75 0.650845028635
29.82 0.726889194283
29.89 0.520705517105
29.96 0.366933176631
30.03 0.560937422408
30.1 0.561737317311
30.17 0.659931486561
30.24 0.6469436195
30.31 0.679456823326
30.38 0.631856820366
30.45 0.751329903252
30.52 0.754932237342
30.59 0.578760672611
30.66 0.731908324992
30.73 0.706469935209
30.8 0.748391556707
30.87 0.53654077426
30.94 0.68267115399
31.01 0.643980832475
31.08 0.790174588837
31.15 0.654349418089
31.22 0.58171679201
31.29 0.575244571002
31.36 0.53512817162
31.43 0.745893967967
31.5 0.614929603887
31.57 0.639015813177
31.64 0.729561928927
31.71 0.556977481355
31.78 0.754909284256
31.85 0.698539281255
31.92 0.60338167566
31.99 0.49130505562
32.06 0.506079403855
32.13 0.617963223743
32.2 0.562564892475
32.27 0.66149281571
32.34 0.808988465421
32.41 0.705814713881
32.48 0.439856132908
32.55 0.385692497295
32.62 0.415502690758
32.69 0.596696469975
32.76 0.690775556212
32.83 0.617497069125
32.9 0.761558402489
32.97 0.443614796095
33.04 0.854404672614
33.11 0.536561459926
33.18 0.660871539433
33.25 0.627616041933
33.32 0.602418477367
33.39 0.494017915691
33.46 0.300434605425
33.53 0.372569365062
33.6 0.303666992103
33.67 0.727669205985
33.74 0.458481253725
33.81 0.532692673002
33.88 0.426508239733
33.95 0.624827086521
34.02 0.83176408353
34.09 0.758591020787
34.16 1.0
34.23 0.482625075998
34.3 0.769093516676
34.37 0.666722693595
34.44 0.755468663815
34.51 0.703649827883
34.58 0.537986942623
34.65 0.733910027275
34.72 0.583388617812
34.79 0.823802274456
34.86 0.660179329882
34.93 0.637764277494
35.0 0.588393391757
35.07 0.389097154464
35.14 0.491103447578
35.21 0.639824989329
35.28 0.621831549062
35.35 0.478078571992
35.42 0.7324907132
35.49 0.707365599221
35.56 0.713196332713
35.63 0.728991777521
35.7 0.48157942675
35.77 0.709007983825
35.84 0.726854379449
35.91 0.832681509218
35.98 0.678366554416
36.05 0.637776121077
36.12 0.574021270147
36.19 0.714989483648
36.26 0.620326367942
36.33 0.602201442963
36.4 0.609150516708
36.47 0.506456439893
36.54 0.654268691741
36.61 0.637901969297
36.68 0.711276753346
36.75 0.715257853424
36.82 0.701233447399
36.89 0.768996801918
36.96 0.72006950559
37.03 0.707604692352
37.1 0.529423319472
37.17 0.619517118062
37.24 0.619112533192
37.31 0.651476787188
37.38 0.700035142659
37.45 0.755728398802
37.52 0.672974787874
37.59 0.454268117086
37.66 0.568160590043
37.73 0.493066691341
37.8 0.668145601136
37.87 0.707252027339
37.94 0.658256395332
38.01 0.77362819206
38.08 0.586601418341
38.15 0.827635940947
38.22 0.626728563926
38.29 0.713684477672
38.36 0.614841261059
38.43 0.533994690301
38.5 0.62959262522
38.57 0.443380548746
38.64 0.655639013731
38.71 0.697800555402
38.78 0.698004704407
38.85 0.394693407667
38.92 0.462984734453
38.99 0.480176422712
39.06 0.527389312331
39.13 0.64729208626
39.2 0.530915504065
39.27 0.77115377866
39.34 0.639755215409
39.41 0.761551973146
39.48 0.676146398721
39.55 0.705990850313
39.62 0.537191609273
39.69 0.507398998467
39.76 0.700040557967
39.83 0.561332938667
39.9 0.792566002058
39.97 0.670245133722
40.04 0.657712573566
40.11 0.574806888425
40.18 0.57403056315
40.25 0.643071345964
40.32 0.523858465013
40.39 0.764330857665
40.46 0.604644080427
40.53 0.785763885335
40.6 0.621717178989
40.67 0.782026632277
40.74 0.641833323976
40.81 0.599939095305
40.88 0.742518006162
40.95 0.632856046274
41.02 0.798923968393
41.09 0.542011738085
41.16 0.499443423195
41.23 0.559068768097
41.3 0.715615931609
41.37 0.577490769971
41.44 0.599605841201
41.51 0.652145876962
41.58 0.417426872281
41.65 0.739377827184
41.72 0.633626347179
41.79 0.606472144501
41.86 0.767289823627
41.93 0.69758695632
42.0 0.77826721364
42.07 0.659180730132
42.14 0.591833056095
42.21 0.41075675103
42.28 0.617803254166
42.35 0.332666763508
42.42 0.511435198346
42.49 0.732940596249
42.56 0.808396731852
42.63 0.596044907293
42.7 0.404329231961
42.77 0.369142170465
42.84 0.407953574557
42.91 0.741642318312
42.98 0.781441858042
43.05 0.851265796173
43.12 0.828622259016
43.19 0.627525075864
43.26 0.81938330374
43.33 0.594604478003
43.4 0.61309503033
43.47 0.572745883814
43.54 0.580605910094
43.61 0.716644647867
43.68 0.622987354103
43.75 0.759415412801
43.82 0.896141397874
43.89 0.745620783396
43.96 0.698333915194
44.03 0.735548085403
44.1 0.735794564211
44.17 0.726021869815
44.24 0.784037867982
44.31 0.69597379066
44.38 0.849029807005
44.45 0.68687772772
44.52 0.86415470777
44.59 0.56755325701
44.66 0.60419513341
44.73 0.542681887841
44.8 0.692648586152
44.87 0.623092026201
44.94 0.325230417792
45.01 0.780379612391
45.08 0.622197424308
45.15 0.655098976696
45.22 0.486720012954
45.29 0.500021845021
45.36 0.537387236755
45.43 0.537815457501
45.5 0.704811741708
45.57 0.628996725454
45.64 0.718728314925
45.71 0.536688726084
45.78 0.65620224427
45.85 0.719042010661
45.92 0.60919893713
45.99 0.745634945689
46.06 0.727233472407
46.13 0.510121786247
46.2 0.394456525324
46.27 0.585492410626
46.34 0.465499784036
46.41 0.597786348872
46.48 0.524365101947
46.55 0.643574811501
46.62 0.625933600288
46.69 0.726251395331
46.76 0.58532059426
46.83 0.553476937538
46.9 0.676412959476
46.97 0.706060389156
47.04 0.676534604099
47.11 0.720064537996
47.18 0.589429751208
47.25 0.520589809232
47.32 0.536593188846
47.39 0.752666141282
47.46 0.445996901354
47.53 0.708758503517
47.6 0.742406814964
47.67 0.705439115016
47.74 0.639389845578
47.81 0.439985203813
47.88 0.5301082705
47.95 0.524026846056
48.02 0.691463539728
48.09 0.639592833092
48.16 0.749352027043
48.23 0.657643245224
48.3 0.502731241987
48.37 0.765649336732
48.44 0.523447897445
48.51 0.651538559957
48.58 0.642073712165
48.65 0.75415801707
48.72 0.637489350152
48.79 0.502213843891
48.86 0.466036453065
48.93 0.613426150579
49.0 0.695994137602
49.07 0.513683092003
49.14 0.596283465091
49.21 0.514535778683
49.28 0.637647804554
49.35 0.628440446769
49.42 0.526196902669
49.49 0.688191199657
49.56 0.517799201874
49.63 0.768122215723
49.7 0.576699659451
49.77 0.643486953786
49.84 0.507210466022
49.91 0.487598611478
49.98 0.674578495978
50.05 0.617941799723
50.12 0.755705821839
50.19 0.68114850241
50.26 0.758761344417
50.33 0.448059443579
50.4 0.465305336212
50.47 0.484256523133
50.54 0.592924872236
50.61 0.760173776092
50.68 0.729085989782
50.75 0.793445697962
50.82 0.551656560467
50.89 0.685655209029
50.96 0.711170762682
51.03 0.558997265297
51.1 0.758926865006
51.17 0.713576744236
51.24 0.658778597538
51.31 0.410623594067
51.38 0.592272148063
51.45 0.519851856994
51.52 0.698935776287
51.59 0.486374856498
51.66 0.588562557101
51.73 0.600115550158
51.8 0.559763952435
51.87 0.678856613112
51.94 0.472049380483
52.01 0.621942242325
52.08 0.72123512935
52.15 0.739379470583
52.22 0.798375875713
52.29 0.616674015978
52.36 0.625101761691
52.43 0.594058732883
52.5 0.619064706872
52.57 0.561855264822
52.64 0.76526960693
52.71 0.706237372931
52.78 0.634836271111
52.85 0.540640545244
52.92 0.441387559254
52.99 0.426504677255
53.06 0.411394585243
53.13 0.670740798993
53.2 0.73659031215
53.27 0.837266847867
53.34 0.72926764517
53.41 0.542673035072
53.48 0.776620211919
53.55 0.404681876672
53.62 0.647624967446
53.69 0.64079072538
53.76 0.834245774686
53.83 0.520985401357
53.9 0.374841716295
53.97 0.470353898503
54.04 0.543764813815
54.11 0.739323983974
54.18 0.64210380196
54.25 0.689944826748
54.32 0.643882530951
54.39 0.775168032008
54.46 0.567848601817
54.53 0.612912117283
54.6 0.672165422592
54.67 0.589394124292
54.74 0.804360898479
54.81 0.634434488994
54.88 0.63354551932
54.95 0.55068479684
55.02 0.525343771481
55.09 0.683605019006
55.16 0.635202087587
55.23 0.721816548402
55.3 0.632232194841
55.37 0.72507323665
55.44 0.459364246044
55.51 0.373883435376
55.58 0.589299184362
55.65 0.629814192328
55.72 0.66686142294
55.79 0.54236424923
55.86 0.743758685584
55.93 0.739556177609
56.0 0.77653116493
56.07 0.641971058519
56.14 0.647032068112
56.21 0.592223749011
56.28 0.681518726571
56.35 0.764273854812
56.42 0.533331745641
56.49 0.574523582742
56.56 0.686526508427
56.63 0.705004272591
56.7 0.673912128817
56.77 0.687710236285
56.84 0.610821583854
56.91 0.62545357188
56.98 0.715584167427
57.05 0.65407222867
57.12 0.706755413214
57.19 0.496106329157
57.26 0.627562736193
57.33 0.65980473864
57.4 0.733729408362
57.47 0.724543618848
57.54 0.555195247587
57.61 0.630984522961
57.68 0.469780418627
57.75 0.643107325495
57.82 0.698939788616
57.89 0.665331463686
57.96 0.55411599308
58.03 0.443044362597
58.1 0.454077193272
58.17 0.547092157519
58.24 0.71424409765
58.31 0.610501114708
58.38 0.748434632344
58.45 0.717083397905
58.52 0.667536683473
58.59 0.699371884919
58.66 0.442446612138
58.73 0.609597591661
58.8 0.592199198473
58.87 0.743866425431
58.94 0.504192187047
59.01 0.628666322188
59.08 0.655744828087
59.15 0.62275919951
59.22 0.695042955993
59.29 0.594708781459
59.36 0.703321065879
59.43 0.583698388839
59.5 0.661000972569
59.57 0.762659342805
59.64 0.669401418417
59.71 0.768529132125
59.78 0.657769777302
59.85 0.75533840791
59.92 0.714212103734
59.99 0.582848167257
60.06 0.605688322422
60.13 0.569197008263
60.2 0.573000295386
60.27 0.44253221205
60.34 0.689831485669
60.41 0.701439753766
60.48 0.712674021517
60.55 0.538233112626
60.62 0.471127977729
60.69 0.36918335801
60.76 0.633389081233
60.83 0.709822247246
60.9 0.627718333347
60.97 0.764223471501
61.04 0.614750567466
61.11 0.764296914751
61.18 0.521650426444
61.25 0.613199798596
61.32 0.538048417272
61.39 0.628109242106
61.46 0.619992220548
61.53 0.450816384773
61.6 0.659673194089
61.67 0.755360596998
61.74 0.763393361785
61.81 0.703793739597
61.88 0.756249445927
61.95 0.562098440805
62.02 0.511182471844
62.09 0.69879111874
62.16 0.547032414957
62.23 0.66386667833
62.3 0.716410129112
62.37 0.745467118144
62.44 0.552079465278
62.51 0.480690332059
62.58 0.542513074043
62.65 0.515773515373
62.72 0.648868827881
62.79 0.391540780319
62.86 0.582570569659
62.93 0.715334554621
63.0 0.873341083906
63.07 0.509141929576
63.14 0.411362344497
63.21 0.46712261241
63.28 0.340140580423
63.35 0.834116432374
63.42 0.811222423314
63.49 0.789355200748
63.56 0.721705888263
63.63 0.520225461984
63.7 0.747469256387
63.77 0.486850363957
63.84 0.71132839966
63.91 0.512402878052
63.98 0.716364416344
64.05 0.332562767789
64.12 0.484812292129
64.19 0.505312106587
64.26 0.649899639526
64.33 0.535996467381
64.4 0.308621903111
64.47 0.39884168883
64.54 0.583804177551
64.61 0.70553969144
64.68 0.679015941572
64.75 0.718172782073
64.82 0.874338637565
64.89 0.575102898927
64.96 0.785491989411
65.03 0.536652462324
65.1 0.551642482588
65.17 0.403948478508
65.24 0.646141327885
65.31 0.687530825879
65.38 0.627619562738
65.45 0.759797115108
65.52 0.590639171862
65.59 0.682620639249
65.66 0.407454422673
65.73 0.474876789072
65.8 0.686622145039
65.87 0.692116544925
65.94 0.736970936311
66.01 0.800962329792
66.08 0.78416796147
66.15 0.648812202219
66.22 0.761487056762
66.29 0.621109260401
66.36 0.667313329784
66.43 0.648278344492
66.5 0.772215150254
66.57 0.711076891282
66.64 0.567421616291
66.71 0.418750585007
66.78 0.546438500519
66.85 0.777338552363
66.92 0.639779235957
66.99 0.729225009767
67.06 0.61677802452
67.13 0.483587932362
67.2 0.639246776935
67.27 0.654708513514
67.34 0.731779013668
67.41 0.468651417653
67.48 0.73070736923
67.55 0.68429564927
67.62 0.41649700036
67.69 0.471154919636
67.76 0.553186228013
67.83 0.668444072461
67.9 0.473525370441
67.97 0.739272771483
68.04 0.664673662927
68.11 0.687535475052
68.18 0.555216659853
68.25 0.421054230268
68.32 0.466781395624
68.39 0.441722419357
68.46 0.738951981779
68.53 0.679451806579
68.6 0.6647473295
68.67 0.603136198064
68.74 0.588329312032
68.81 0.695194284372
68.88 0.480378080975
68.95 0.545967011801
69.02 0.616037878591
69.09 0.827523715412
69.16 0.568204096297
69.23 0.577546589961
69.3 0.566525431905
69.37 0.64522154609
69.44 0.699559350971
69.51 0.509858095562
69.58 0.567212156693
69.65 0.417371871853
69.72 0.694273549448
69.79 0.777681277913
69.86 0.755994472308
69.93 0.727657816528
70.0 0.513961582892
70.07 0.859001256469
70.14 0.74327051498
70.21 0.718769430878
70.28 0.550875703557
70.35 0.496144338895
70.42 0.523092046076
70.49 0.531979044774
70.56 0.803082045835
70.63 0.647688450931
70.7 0.715505048148
70.77 0.422115846555
70.84 0.442429699451
70.91 0.518750591845
70.98 0.706272712413
71.05 0.727011085737
71.12 0.81240691624
71.19 0.831862391466
71.26 0.628924248155
71.33 0.805032899997
71.4 0.612390097796
71.47 0.666900158209
71.54 0.597827365452
71.61 0.569701801983
71.68 0.737459599507
71.75 0.547239687274
71.82 0.702085952429
71.89 0.598092776469
71.96 0.75565980454
72.03 0.698337009656
72.1 0.662349340548
72.17 0.616962360848
72.24 0.57777455863
72.31 0.69845838501
72.38 0.633922086274
72.45 0.727432866455
72.52 0.616686555174
72.59 0.685675374321
72.66 0.588636542095
72.73 0.562893384141
72.8 0.504017213175
72.87 0.440804830185
72.94 0.443176721368
73.01 0.258342929567
73.08 0.590859643727
73.15 0.730573446132
73.22 0.798548602467
73.29 0.489777711058
73.36 0.385027432672
73.43 0.449782436994
73.5 0.331919765098
73.57 0.803283274549
73.64 0.630036909173
73.71 0.767640549259
73.78 0.664990736286
73.85 0.671764871421
73.92 0.697986508415
73.99 0.493291792077
74.06 0.648268894415
74.13 0.544809680899
74.2 0.684133838616
74.27 0.541676413171
74.34 0.530108639143
74.41 0.485026126288
74.48 0.690294402642
74.55 0.647792023513
74.62 0.636916793485
74.69 0.659920548023
74.76 0.509851608519
74.83 0.696759600204
74.9 0.627413022363
74.97 0.686010229082
75.04 0.677830660071
75.11 0.425831465093
75.18 0.773282669099
75.25 0.583028104448
75.32 0.56767535469
75.39 0.515076042246
75.46 0.655369074285
75.53 0.463077694398
75.6 0.426616141996
75.67 0.450907922505
75.74 0.362090564887
75.81 0.47621158245
75.88 0.351657305446
75.95 0.317886970046
76.02 0.287753466218
76.09 0.315565488888
76.16 0.258029914484
76.23 0.228352904697
76.3 0.543068425245
76.37 0.288680330228
76.44 0.899593527679
76.51 0.62652781712
76.58 0.36652082355
76.65 0.215709801941
76.72 0.370121937379
76.79 0.42257967819
76.86 0.238488299738
76.93 0.267234776184
77.0 0.20221555653
77.07 0.428198792586
77.14 0.214176447968
77.21 0.177506233092
77.28 0.158571111514
77.35 0.216352708464
77.42 0.175941820166
77.49 0.137276151769
77.56 0.475097079287
77.63 0.308788719826
77.7 0.80006640399
77.77 0.685641104437
77.84 0.391041215983
77.91 0.242790210891
77.98 0.227029881174
78.05 0.432373850033
78.12 0.215109314977
78.19 0.233654070609
78.26 0.169303317776
78.33 0.478119828991
78.4 0.393266794466
78.47 0.327476179733
78.54 0.29583969275
78.61 0.247091207383
78.68 0.252689643592
78.75 0.200669149398
78.82 0.345993109783
78.89 0.47408721296
78.96 0.727680040876
79.03 0.769084340143
79.1 0.428269156333
79.17 0.262267884822
79.24 0.177316333998
79.31 0.451143760895
79.38 0.225159764046
79.45 0.252490823344
79.52 0.180278355955
79.59 0.33865849664
79.66 0.301655088567
79.73 0.142874088975
79.8 0.147997212198
79.87 0.125423363478
79.94 0.210841969691
80.01 0.12199472316
80.08 0.255481519295
80.15 0.502562353392
80.22 0.385888088446
80.29 0.948153183551
80.36 0.669077984102
80.43 0.433368302819
80.5 0.363565352748
80.57 0.498996217882
80.64 0.461384865576
80.71 0.377126240218
80.78 0.35256969729
80.85 0.306736905638
80.92 0.782580381753
80.99 0.503280627587
81.06 0.531891162482
81.13 0.468113238791
81.2 0.54597032638
81.27 0.519462957071
81.34 0.420765574456
81.41 0.658686312904
81.48 0.438272294114
81.55 0.852529035461
81.62 0.702955327405
81.69 0.487816977271
81.76 0.315810772011
81.83 0.395275880289
81.9 0.500527570499
81.97 0.276757339537
82.04 0.362361400829
82.11 0.221385396678
82.18 0.613360285342
82.25 0.481884600962
82.32 0.382346410512
82.39 0.351045405517
82.46 0.388309279452
82.53 0.47418018359
82.6 0.345911967777
82.67 0.544918701913
82.74 0.526358622498
82.81 0.816782855129
82.88 0.770389691255
82.95 0.453465371346
83.02 0.329876279031
83.09 0.246218060497
83.16 0.511941854513
83.23 0.33983747809
83.3 0.450785996858
83.37 0.369023181138
83.44 0.630146184498
83.51 0.595297633203
83.58 0.503789149407
83.65 0.496704671582
83.72 0.406114663838
83.79 0.630847339779
83.86 0.417679478039
83.93 0.446822212303
84.0 0.625550330448
84.07 0.594447458636
84.14 0.920839564794
84.21 0.602792381545
84.28 0.530080082687
84.35 0.437031528141
84.42 0.598278435637
84.49 0.427253366078
84.56 0.420506397241
84.63 0.331937237696
84.7 0.480573838817
84.77 0.667683464189
84.84 0.528837937243
84.91 0.550237103209
84.98 0.47095764555
85.05 0.611593829483
85.12 0.424475851414
85.19 0.414246439653
85.26 0.661037910572
85.33 0.582148438463
85.4 0.762701485615
85.47 0.484065899576
85.54 0.505759593992
85.61 0.48244311608
85.68 0.434653425595
85.75 0.358670715363
85.82 0.804958419204
85.89 0.464930092098
85.96 0.469647966894
86.03 0.5865987374
86.1 0.447743905698
86.17 0.502923555957
86.24 0.537257299272
86.31 0.721727220389
86.38 0.64877715872
86.45 0.554131918447
86.52 0.480022888889
86.59 0.585482254251
86.66 0.828816551904
86.73 0.465734111525
86.8 0.672836373745
86.87 0.363080771336
86.94 0.38719108345
87.01 0.336953708835
87.08 0.522750872031
87.15 0.50306068785
87.22 0.458831632085
87.29 0.870482148349
87.36 0.610841446752
87.43 0.754128398496
87.5 0.604108795144
87.57 0.628684928496
87.64 0.615181862372
87.71 0.578028877241
87.78 0.592399481538
87.85 0.533191761842
87.92 0.759864448505
87.99 0.508887123716
88.06 0.461729359543
88.13 0.479561040445
88.2 0.441440817978
88.27 0.414961650374
88.34 0.455988006421
88.41 0.752696953404
88.48 0.491342343032
88.55 0.689059927104
88.62 0.648757197517
88.69 0.613107110058
88.76 0.523316990806
88.83 0.667116003341
88.9 0.641319706337
88.97 0.509340822484
89.04 0.50248960896
89.11 0.397888427863
89.18 0.734901642047
89.25 0.437927436847
89.32 0.603439276889
89.39 0.626114388029
89.46 0.467857849514
89.53 0.486833035611
89.6 0.455169513759
89.67 0.70322623387
89.74 0.536734466634
89.81 0.657428922747
89.88 0.65112716321
89.95 0.651226761929
90.02 0.630154461328
90.09 0.56423564761
90.16 0.789572515107
90.23 0.622690596699
90.3 0.62911112331
90.37 0.600349878715
90.44 0.769032398916
90.51 0.642418821605
90.58 0.45739435282
90.65 0.460045257403
90.72 0.446164900932
90.79 0.467122848555
90.86 0.413416270099
90.93 0.724113787828
91.0 0.490027448882
91.07 0.695987370603
91.14 0.671624382208
91.21 0.640857028714
91.28 0.580433789197
91.35 0.544203775422
91.42 0.741485226285
91.49 0.54445234
91.56 0.572131434373
91.63 0.52373123091
91.7 0.579009385715
91.77 0.780699328224
91.84 0.453675769113
91.91 0.700313652781
91.98 0.421900120031
92.05 0.426623157962
92.12 0.379270845523
92.19 0.598781421405
92.26 0.495527006561
92.33 0.503976316271
92.4 0.77510223943
92.47 0.466007784414
92.54 0.705956564401
92.61 0.557421498175
92.68 0.687090725219
92.75 0.569744286723
92.82 0.599754499324
92.89 0.6086988599
92.96 0.524790390648
93.03 0.829083898029
93.1 0.504668545055
93.17 0.523506806554
93.24 0.449772465475
93.31 0.472023792403
93.38 0.475672444049
93.45 0.542103542949
93.52 0.773910499737
93.59 0.449111019962
93.66 0.538746815747
93.73 0.531743377349
93.8 0.50164527284
93.87 0.396596850099
93.94 0.566820258475
94.01 0.663276892691
94.08 0.487903193725
94.15 0.557861820021
94.22 0.482680182211
94.29 0.7380825288
94.36 0.37451286026
94.43 0.547453293836
94.5 0.486259441403
94.57 0.425565763436
94.64 0.391449472321
94.71 0.308439427093
94.78 0.718811323653
94.85 0.547561422628
94.92 0.755490226744
94.99 0.667955868733
95.06 0.566792681862
95.13 0.568026956516
95.2 0.530288902236
95.27 0.683604982676
95.34 0.635162636403
95.41 0.511175148142
95.48 0.533555241444
95.55 0.562115112005
95.62 0.611434631384
95.69 0.470492114953
95.76 0.476614128566
95.83 0.510391471383
95.9 0.517602626607
95.97 0.442278871144
96.04 0.807393808832
96.11 0.643550038709
96.18 0.662400641726
96.25 0.898920802767
96.32 0.518561933315
96.39 0.62330184162
96.46 0.57154953662
96.53 0.804178841325
96.6 0.569969173752
96.67 0.596886926841
96.74 0.495382149198
96.81 0.558834741934
96.88 0.659794512811
96.95 0.386468997809
97.02 0.674454536919
97.09 0.400054428337
97.16 0.456925613428
97.23 0.427753291577
97.3 0.603244151617
97.37 0.473859330842
97.44 0.506120372351
97.51 0.738653989155
97.58 0.459792694387
97.65 0.664368222652
97.72 0.543774491488
97.79 0.679824208404
97.86 0.68964603059
97.93 0.683358168349
98.0 0.652740965714
98.07 0.580067294204
98.14 0.81323598414
98.21 0.532168405329
98.28 0.552998215942
98.35 0.551011044594
98.42 0.538357609156
98.49 0.479501556466
98.56 0.669540434128
98.63 0.727109572117
98.7 0.60889469147
98.77 0.682051609799
98.84 0.752073829639
98.91 0.695536132659
98.98 0.539482229158
99.05 0.690624394524
99.12 0.648559002359
99.19 0.630419294271
99.26 0.603028750994
99.33 0.512219804726
99.4 0.700275244482
99.47 0.433466916354
99.54 0.61739003985
99.61 0.48730299099
99.68 0.436629279077
99.75 0.387858210335
99.82 0.371063035273
99.89 0.666067511803
99.96 0.52318338613
100.03 0.718568569739
100.1 0.554096196431
100.17 0.645287935975
100.24 0.602614425407
100.31 0.509733807396
100.38 0.741268574414
100.45 0.59171492266
100.52 0.611661037862
100.59 0.590287261231
100.66 0.688928924298
100.73 0.691632795897
100.8 0.564329483749
100.87 0.575943202416
100.94 0.506774034694
101.01 0.494862486888
101.08 0.471802632405
101.15 0.794633695665
101.22 0.551343599879
101.29 0.764602521718
101.36 0.85040429626
101.43 0.56541491222
101.5 0.633708829122
101.57 0.537083191978
101.64 0.832514028945
101.71 0.62687628388
101.78 0.634280756424
101.85 0.590080111794
101.92 0.587363704205
101.99 0.593611608778
102.06 0.485337087657
102.13 0.813036064375
102.2 0.566201499654
102.27 0.579321310897
102.34 0.51465253692
102.41 0.687304689738
102.48 0.604189242606
102.55 0.564063040532
102.62 0.825469159377
102.69 0.632009957765
102.76 0.741313407782
102.83 0.639589065456
102.9 0.710770190141
102.97 0.592395027907
103.04 0.609263877021
103.11 0.605745739864
103.18 0.584768194337
103.25 0.844467404345
103.32 0.557682135002
103.39 0.577917123996
103.46 0.502515911887
103.53 0.498468888871
103.6 0.504391533011
103.67 0.639999557159
103.74 0.560264041419
103.81 0.468658194268
103.88 0.665157383105
103.95 0.549457240031
104.02 0.648909462996
104.09 0.515280606909
104.16 0.608171038297
104.23 0.78422794552
104.3 0.670701069991
104.37 0.617675507169
104.44 0.569894512378
104.51 0.800717726253
104.58 0.525128119753
104.65 0.735528096418
104.72 0.752192186397
104.79 0.597244041212
104.86 0.655967496849
104.93 0.604296544356
105.0 0.800305685183
105.07 0.517375603587
105.14 0.645631499253
105.21 0.560721643526
105.28 0.685841590523
105.35 0.588006358555
105.42 0.617852173591
105.49 0.689421642564
105.56 0.64105492789
105.63 0.712473783331
105.7 0.643711061857
105.77 0.597012692784
105.84 0.434176882731
105.91 0.382882374311
105.98 0.178895652912
106.05 0.152687543504
106.12 0.184320283153
106.19 0.158291750842
106.26 0.496674690776
106.33 0.420590032127
106.4 0.338182314939
106.47 0.216203856938
106.54 0.160673581488
106.61 0.212824203363
106.68 0.14778906048
106.75 0.472969115263
106.82 0.391296490927
106.89 0.300989776045
106.96 0.171245837406
107.03 0.17413507967
107.1 0.213579273446
107.17 0.193050648223
107.24 0.574834935192
107.31 0.386823970847
107.38 0.333099636633
107.45 0.172876475664
107.52 0.162347167159
107.59 0.178026182837
107.66 0.308277209329
107.73 0.554578475163
107.8 0.373229740977
107.87 0.278616716874
107.94 0.165298760266
108.01 0.434478896232
108.08 0.492004272589
108.15 0.347851122607
108.22 0.213705861088
108.29 0.228298990964
108.36 0.514977040834
108.43 0.372118174133
108.5 0.287864753583
108.57 0.162396813185
108.64 0.204279440829
108.71 0.182674312564
108.78 0.325987541589
108.85 0.530025504329
108.92 0.409739834545
108.99 0.278226588141
109.06 0.16443283023
109.13 0.167171437591
109.2 0.17795304946
109.27 0.428328233202
109.34 0.495109541634
109.41 0.34639317691
109.48 0.270424950597
109.55 0.154185390236
109.62 0.210319905325
109.69 0.166230537376
109.76 0.351295523737
109.83 0.372156917951
109.9 0.307969659775
109.97 0.227553894537
110.04 0.166394549201
110.11 0.187989059487
110.18 0.156518155068
110.25 0.448672096822
110.32 0.406705728507
110.39 0.323009566484
110.46 0.207347045272
110.53 0.302081441524
110.6 0.525309423594
110.67 0.373482535864
110.74 0.276385385426
110.81 0.16768735898
110.88 0.377414752847
110.95 0.372433110432
111.02 0.324546149554
111.09 0.280667913451
111.16 0.255455851075
111.23 0.354010711065
111.3 0.222604369988
111.37 0.547313412616
111.44 0.431123231149
111.51 0.409268063734
111.58 0.29603066251
111.65 0.286308262737
111.72 0.278919198391
111.79 0.194424041167
111.86 0.586144330197
111.93 0.465109947013
112.0 0.373768255357
112.07 0.289653019201
112.14 0.275829437985
112.21 0.300169636779
112.28 0.227191799749
112.35 0.511250617324
112.42 0.380177731233
112.49 0.366671444561
112.56 0.236746103777
112.63 0.217651568258
112.7 0.22518042193
112.77 0.37398368483
112.84 0.532972114882
112.91 0.384628753565
112.98 0.323998181892
113.05 0.186700541992
113.12 0.561474432298
113.19 0.425402083923
113.26 0.371402285965
113.33 0.302993458314
113.4 0.290823357314
113.47 0.554470939405
113.54 0.366808555084
113.61 0.278818989541
113.68 0.213082036368
113.75 0.33757123671
113.82 0.278964033896
113.89 0.346099339798
113.96 0.486799049957
114.03 0.356887676992
114.1 0.309221316202
114.17 0.219861632759
114.24 0.404064931146
114.31 0.253154704036
114.38 0.408397082758
114.45 0.506022078306
114.52 0.377881281451
114.59 0.314630285004
114.66 0.216790908209
114.73 0.39049370672
114.8 0.270522948659
114.87 0.646517484523
114.94 0.4964328761
115.01 0.475507546413
115.08 0.367201988778
115.15 0.280716732435
115.22 0.35629659309
115.29 0.269771254061
115.36 0.738306610158
115.43 0.509200632459
115.5 0.498568664966
115.57 0.354739887469
115.64 0.391954437006
115.71 0.566218989348
115.78 0.458068503151
115.85 0.420164811812
115.92 0.284436630434
115.99 0.995380779343
116.06 0.645931794558
116.13 0.651979194881
116.2 0.704258493373
116.27 0.582254640695
116.34 0.703271736138
116.41 0.66748540794
116.48 0.824872937984
116.55 0.745613516326
116.62 0.788057347509
116.69 0.412791745492
116.76 0.435936853683
116.83 0.524331406932
116.9 0.473108408791
116.97 0.62690384874
117.04 0.57431572487
117.11 0.803179843013
117.18 0.592610590946
117.25 0.603568570048
117.32 0.874680112936
117.39 0.49529190973
117.46 0.676348648949
117.53 0.583276151858
117.6 0.720872136997
117.67 0.422633400657
117.74 0.556640452136
117.81 0.466712115365
117.88 0.606142429368
117.95 0.715218153273
118.02 0.76264064781
118.09 0.739349140368
118.16 0.518451773248
118.23 0.639225564484
118.3 0.775824568696
118.37 0.791036897627
118.44 0.551524304275
118.51 0.506806350237
118.58 0.811253299548
118.65 0.523565690019
118.72 0.608594765876
118.79 0.449907570367
118.86 0.425828950843
118.93 0.427950310284
119.0 0.475663847728
119.07 0.593803269877
119.14 0.473113659546
119.21 0.670011920709
119.28 0.363864079452
119.35 0.42198297489
119.42 0.306644618868
119.49 0.510945024249
119.56 0.597033718242
119.63 0.725376160538
119.7 0.753605580818
119.77 0.510213490669
119.84 0.816746232342
119.91 0.478631034958
119.98 0.540169162309
120.05 0.516132541344
120.12 0.530417237993
120.19 0.686560994154
120.26 0.501575010603
120.33 0.402001919836
120.4 0.434247473007
120.47 0.668359637246
120.54 0.642125850002
120.61 0.818091959985
120.68 0.559937520121
120.75 0.590988833239
120.82 0.488412446419
120.89 0.447612796039
120.96 0.746780565504
121.03 0.510531863359
121.1 0.764046288979
121.17 0.734818445258
121.24 0.718270605965
121.31 0.670083064484
121.38 0.520099232299
121.45 0.550721034955
121.52 0.41323059704
121.59 0.700355468622
121.66 0.645516562859
121.73 0.894927676387
121.8 0.562204136555
121.87 0.446445887906
121.94 0.36234206151
122.01 0.303878426344
122.08 0.756478376273
122.15 0.628024595322
122.22 0.838904301207
122.29 0.532793284688
122.36 0.674571198988
122.43 0.678496129667
122.5 0.489458665194
122.57 0.535479881367
122.64 0.652129961212
122.71 0.799635748065
122.78 0.518697507291
122.85 0.496286622169
122.92 0.417517403458
122.99 0.596104743886
123.06 0.611144306529
123.13 0.66662567217
123.2 0.578705355898
123.27 0.444669691331
123.34 0.692990778506
123.41 0.661145127908
123.48 0.690736405284
123.55 0.622787650181
123.62 0.578131447541
123.69 0.795963791786
123.76 0.597373605778
123.83 0.589755596127
123.9 0.371862039022
123.97 0.507475231648
124.04 0.506798257193
124.11 0.450167993487
124.18 0.535176364445
124.25 0.567129037907
124.32 0.702736212573
124.39 0.40325681925
124.46 0.526180684525
124.53 0.519211295894
124.6 0.662457972618
124.67 0.667166260565
124.74 0.694169592196
124.81 0.769461334509
124.88 0.548750844681
124.95 0.845762034898
125.02 0.538801957221
125.09 0.527955543301
125.16 0.55561910339
125.23 0.723926694693
125.3 0.599344692549
125.37 0.565471636186
125.44 0.44390228721
125.51 0.400546746973
125.58 0.714114349297
125.65 0.723556962055
125.72 0.820121469684
125.79 0.559806524794
125.86 0.543464047288
125.93 0.419699031179
126.0 0.474347979079
126.07 0.574960254489
126.14 0.415629462187
126.21 0.796092552818
126.28 0.625614534122
126.35 0.61263365097
126.42 0.600767874702
126.49 0.571318664756
126.56 0.659451436783
126.63 0.57175485246
126.7 0.882094550588
126.77 0.656524631427
126.84 0.814527714703
126.91 0.53272946889
126.98 0.413459293378
127.05 0.457788522732
127.12 0.461732054375
127.19 0.772313309664
127.26 0.623190558528
127.33 0.706280347057
127.4 0.586123711848
127.47 0.706655342204
127.54 0.652751325109
127.61 0.476852423505
127.68 0.638992867571
127.75 0.785693334595
127.82 0.759032426121
127.89 0.406913269026
127.96 0.422536607896
128.03 0.256907841857
128.1 0.634371379494
128.17 0.724237476549
128.24 0.7361097623
128.31 0.654993201875
128.38 0.445359047907
128.45 0.694469687686
128.52 0.645185212875
128.59 0.700744695515
128.66 0.628294645895
128.73 0.632797343391
128.8 0.736832265736
128.87 0.657544992851
128.94 0.769082287498
129.01 0.681817915949
129.08 0.583091240661
129.15 0.408450327591
129.22 0.579231896334
129.29 0.627006400875
129.36 0.77357338183
129.43 0.565165603945
129.5 0.360164673715
129.57 0.384796872819
129.64 0.435332032763
129.71 0.714235625278
129.78 0.657556852462
129.85 0.74574393251
129.92 0.701999094857
129.99 0.486641821158
130.06 0.757446947133
130.13 0.662563635243
130.2 0.677002660701
130.27 0.686536547263
130.34 0.882494236249
130.41 0.592053408285
130.48 0.503440601439
130.55 0.572653852421
130.62 0.477026364108
130.69 0.725876436515
130.76 0.434149433272
130.83 0.487352056804
130.9 0.365544230169
130.97 0.565463226858
131.04 0.674070276551
131.11 0.700061150671
131.18 0.753218629893
131.25 0.475092049718
131.32 0.677295896231
131.39 0.550194135493
131.46 0.449762264222
131.53 0.418436913847
131.6 0.488301378102
131.67 0.54758815724
131.74 0.326250233199
131.81 0.628477654041
131.88 0.772078655204
131.95 0.740653119487
132.02 0.405078224247
132.09 0.33974695653
132.16 0.370657440642
132.23 0.457445713836
132.3 0.711110681396
132.37 0.63514568418
132.44 0.711301179935
132.51 0.621487891754
132.58 0.646649801621
132.65 0.649309384802
132.72 0.498331843529
132.79 0.519937865085
132.86 0.551215751372
132.93 0.599505460318
133.0 0.394916267696
133.07 0.526654671467
133.14 0.436481500354
133.21 0.671902910496
133.28 0.546656178179
133.35 0.523045297903
133.42 0.546845042936
133.49 0.453730447913
133.56 0.698670770242
133.63 0.584320582983
133.7 0.660129865506
133.77 0.668745901107
133.84 0.685392000251
133.91 0.806196215732
133.98 0.633447899518
134.05 0.732869028268
134.12 0.518933243102
134.19 0.567568059351
134.26 0.414835404661
134.33 0.529069916104
134.4 0.531598228278
134.47 0.800864841419
134.54 0.612303691144
134.61 0.373518133931
134.68 0.443574447346
134.75 0.456498166297
134.82 0.638014705588
134.89 0.516769527144
134.96 0.629650977626
135.03 0.646511417412
135.1 0.551808200855
135.17 0.696709130342
135.24 0.599326325592
135.31 0.556947737763
135.38 0.579408985894
135.45 0.663443065084
135.52 0.56668269276
135.59 0.44990825102
135.66 0.565357335567
135.73 0.578629295819
135.8 0.638184071816
135.87 0.555279770421
135.94 0.586930707131
136.01 0.583086730397
136.08 0.647902494522
136.15 0.652935274629
136.22 0.61626597014
136.29 0.733686409659
136.36 0.566955438165
136.43 0.757912496964
136.5 0.664183470665
136.57 0.574420596783
136.64 0.523103658857
136.71 0.509012981552
136.78 0.644723693538
136.85 0.495333917906
136.92 0.692667869907
136.99 0.71939483168
137.06 0.713222242421
137.13 0.44256589638
137.2 0.535089348731
137.27 0.546501557661
137.34 0.521345012881
137.41 0.678344131321
137.48 0.639666228258
137.55 0.756820965051
137.62 0.502602548273
137.69 0.69767077713
137.76 0.647892690762
137.83 0.514204870002
137.9 0.622888508697
137.97 0.740572778878
138.04 0.767349689071
138.11 0.502280483812
138.18 0.672843087317
138.25 0.630382611647
138.32 0.735136823291
138.39 0.465220182945
138.46 0.478023910288
138.53 0.492295525996
138.6 0.511151956774
138.67 0.83760816189
138.74 0.776739064474
138.81 0.849261236641
138.88 0.648177260516
138.95 0.578869045027
139.02 0.646513106757
139.09 0.522957288456
139.16 0.60537949277
139.23 0.539429811366
139.3 0.72318062163
139.37 0.525905685591
139.44 0.572987094771
139.51 0.605769950609
139.58 0.783769439437
139.65 0.480588103688
139.72 0.35274932247
139.79 0.488683559111
139.86 0.400686614302
139.93 0.652795144442
140.0 0.672838623
140.07 0.660518565614
140.14 0.627270646127
140.21 0.567979976472
140.28 0.782449327657
140.35 0.555590872836
140.42 0.619014231668
140.49 0.716275574512
140.56 0.739024211179
140.63 0.57937991975
140.7 0.59359682567
140.77 0.531370006367
140.84 0.506707805088
140.91 0.668300541144
140.98 0.608563078629
141.05 0.674828226322
141.12 0.533459103693
141.19 0.556835792183
141.26 0.556380602816
141.33 0.628187984194
141.4 0.644679986401
141.47 0.469870989339
141.54 0.768201883158
141.61 0.70470859547
141.68 0.644376660745
141.75 0.58449564661
141.82 0.594948773224
141.89 0.579408491165
141.96 0.502955937749
142.03 0.686538020766
142.1 0.647094634799
142.17 0.733046533486
142.24 0.49273145939
142.31 0.462956229287
142.38 0.530142272183
142.45 0.559608331773
142.52 0.61102576171
142.59 0.576311202968
142.66 0.717060283472
142.73 0.523455703054
142.8 0.721739105645
142.87 0.660411883612
142.94 0.537837925475
143.01 0.595992106968
143.08 0.721379015419
143.15 0.649310708711
143.22 0.411001599262
143.29 0.639855996991
143.36 0.51829309018
143.43 0.714991007372
143.5 0.617004726981
143.57 0.574317191961
143.64 0.532310079541
143.71 0.523715331189
143.78 0.686247920302
143.85 0.549422932749
143.92 0.617241825167
143.99 0.569992121496
144.06 0.736392753836
144.13 0.640960623735
144.2 0.565518966708
144.27 0.632206909154
144.34 0.503806547207
144.41 0.593311325227
144.48 0.506244557938
144.55 0.679936604904
144.62 0.69758284996
144.69 0.745487497142
144.76 0.567178298193
144.83 0.433566774726
144.9 0.576171267253
144.97 0.555209648161
145.04 0.745773181372
145.11 0.584272457475
145.18 0.659604285678
145.25 0.725055524702
145.32 0.574760390288
145.39 0.739555136861
145.46 0.563074157992
145.53 0.665450471178
145.6 0.574953619989
145.67 0.709274810644
145.74 0.482909330536
145.81 0.456180070356
145.88 0.562217278401
145.95 0.597515153904
146.02 0.629909538299
146.09 0.538039950243
146.16 0.599275088526
146.23 0.585096556712
146.3 0.660645246218
146.37 0.565074611164
146.44 0.633269897434
146.51 0.717792223093
146.58 0.61200237753
146.65 0.748238723839
146.72 0.630350024698
146.79 0.667018579079
146.86 0.605565288709
146.93 0.616534834645
147.0 0.546729072205
147.07 0.519129542689
147.14 0.613614637077
147.21 0.580916679127
147.28 0.696964103962
147.35 0.431591952376
147.42 0.418823628627
147.49 0.446249163045
147.56 0.585179919123
147.63 0.626220482341
147.7 0.697423557831
147.77 0.71915302662
147.84 0.575926226685
147.91 0.691401182473
147.98 0.565657643695
148.05 0.562482664842
148.12 0.674000622307
148.19 0.780792244359
148.26 0.594268703238
148.33 0.437980146347
148.4 0.510423455681
148.47 0.527377439897
148.54 0.683640582879
148.61 0.557507083128
148.68 0.558039121149
148.75 0.527110141857
148.82 0.530920436398
148.89 0.621826392338
148.96 0.614032144745
149.03 0.611152108933
149.1 0.558708426767
149.17 0.706952493895
149.24 0.706526140938
149.31 0.731006748806
149.38 0.730702040473
149.45 0.594827307044
149.52 0.590267345975
149.59 0.350644697272
149.66 0.64151909718
149.73 0.518530336892
149.8 0.701636182644
149.87 0.493705176289
149.94 0.377377983672
150.01 0.419878045161
150.08 0.448614006206
150.15 0.639629756135
150.22 0.528383278936
150.29 0.535841462192
150.36 0.594404785835
150.43 0.520375325408
150.5 0.699734508629
150.57 0.577435848615
150.64 0.660471197694
150.71 0.63218212354
150.78 0.772436983425
150.85 0.637391691882
150.92 0.562668326147
150.99 0.657099554886
151.06 0.672429354764
151.13 0.663509837503
151.2 0.600526229921
151.27 0.682576879754
151.34 0.461175217917
151.41 0.670335624294
151.48 0.771701991015
151.55 0.790113478557
151.62 0.668824834462
151.69 0.527987891969
151.76 0.719450366372
151.83 0.62196097365
151.9 0.673858569835
151.97 0.470591924173
152.04 0.707238100123
152.11 0.619530320815
152.18 0.60482543342
152.25 0.6732545813
152.32 0.503657928621
152.39 0.716958024113
152.46 0.493549054487
152.53 0.430972183794
152.6 0.475608005299
152.67 0.588721209181
152.74 0.648344012051
152.81 0.616068923652
152.88 0.649096014386
152.95 0.455365994996
153.02 0.690004536186
153.09 0.701254946216
153.16 0.621122731355
153.23 0.698570566735
153.3 0.681964199798
153.37 0.785027483534
153.44 0.564942020522
153.51 0.640471342929
153.58 0.667129261657
153.65 0.67365254556
153.72 0.509307353998
153.79 0.654596186469
153.86 0.499549016366
153.93 0.464612939668
154.0 0.636118045115
154.07 0.609239907763
154.14 0.637458128783
154.21 0.577231333103
154.28 0.665557744078
154.35 0.686413315873
154.42 0.557896867794
154.49 0.576316143849
154.56 0.42866900548
154.63 0.597849579116
154.7 0.501360391075
154.77 0.676591937128
154.84 0.571907653272
154.91 0.787236037134
154.98 0.509995611057
155.05 0.39570930157
155.12 0.448497948924
155.19 0.438411681672
155.26 0.730405697658
155.33 0.581093806085
155.4 0.576858767793
155.47 0.634478946239
155.54 0.583444130066
155.61 0.704936788531
155.68 0.636231235532
155.75 0.763349177014
155.82 0.7389533324
155.89 0.715780002203
155.96 0.662788160041
156.03 0.698484076738
156.1 0.593557079572
156.17 0.68304597176
156.24 0.716334659929
156.31 0.709731359181
156.38 0.679689278751
156.45 0.65919212707
156.52 0.658632467557
156.59 0.61861862031
156.66 0.66529047275
156.73 0.617719555168
156.8 0.652057016966
156.87 0.773328148927
156.94 0.593086424306
157.01 0.704045460612
157.08 0.629512510071
157.15 0.58826890805
157.22 0.568154391502
157.29 0.637813393529
157.36 0.701015349807
157.43 0.66695980033
157.5 0.621512352535
157.57 0.503843016125
157.64 0.580185727896
157.71 0.484825815441
157.78 0.701985977587
157.85 0.585519428399
157.92 0.466541064067
157.99 0.620365990091
158.06 0.643664188666
158.13 0.81341575464
158.2 0.632479231421
158.27 0.66465996972
158.34 0.706486761346
158.41 0.777018464682
158.48 0.6628481302
158.55 0.650003917337
158.62 0.643476374274
158.69 0.510929695122
158.76 0.715538187527
158.83 0.656649447446
158.9 0.66351147449
158.97 0.510166619615
159.04 0.660715035097
159.11 0.690044522704
159.18 0.670641475954
159.25 0.671984937245
159.32 0.694753235926
159.39 0.706752691668
159.46 0.665701370494
159.53 0.58956278529
159.6 0.588556450454
159.67 0.671356117148
159.74 0.598165931217
159.81 0.52176304306
159.88 0.6721949076
159.95 0.650424245923
160.02 0.625616807953
160.09 0.567978872681
160.16 0.512156650348
160.23 0.449400941981
160.3 0.392748482777
160.37 0.804872087349
160.44 0.856950878385
160.51 0.760051735044
160.58 0.678035935307
160.65 0.645044193671
160.72 0.705628895503
160.79 0.551140959637
160.86 0.74172997087
160.93 0.878718669991
161.0 0.798694767709
161.07 0.59269119655
161.14 0.596477342321
161.21 0.647387416203
161.28 0.663108970047
161.35 0.707979727034
161.42 0.610561230188
161.49 0.665888563002
161.56 0.532237680244
161.63 0.668075561153
161.7 0.653005902304
161.77 0.785064603187
161.84 0.615900993528
161.91 0.587927668824
161.98 0.853349720746
162.05 0.556175009158
162.12 0.686704033947
162.19 0.704978201535
162.26 0.62900739686
162.33 0.602340620021
162.4 0.670852696489
162.47 0.700137507802
162.54 0.911112667579
162.61 0.706999113845
162.68 0.537709740381
162.75 0.452208224814
162.82 0.474316361286
162.89 0.719874951981
162.96 0.70732592792
163.03 0.787059898566
163.1 0.841237654799
163.17 0.587062605365
163.24 0.780551350755
163.31 0.618907067758
163.38 0.669689948142
163.45 0.754669902622
163.52 0.784002884321
163.59 0.786662441857
163.66 0.734305914314
163.73 0.570670757514
163.8 0.583454009691
163.87 0.712884743049
163.94 0.679293679147
164.01 0.664014536124
164.08 0.568635058891
164.15 0.599158015072
164.22 0.658293442325
164.29 0.649537888805
164.36 0.741720748391
164.43 0.567183336311
164.5 0.701756650817
164.57 0.681515760333
164.64 0.578888963489
164.71 0.555391146475
164.78 0.64201187101
164.85 0.565763537123
164.92 0.287016318583
164.99 0.571006900922
165.06 0.642199821105
165.13 0.912364547328
165.2 0.538816133404
165.27 0.370057899328
165.34 0.365913506545
165.41 0.35714278952
165.48 0.814318670763
165.55 0.873097464483
165.62 0.814479035697
165.69 0.718739208585
165.76 0.658018112146
165.83 0.625815290546
165.9 0.513204515727
165.97 0.544213059876
166.04 0.662325323207
166.11 0.685476304037
166.18 0.421332743596
166.25 0.50614737089
166.32 0.512895796133
166.39 0.653551027676
166.46 0.731505447632
166.53 0.682897770969
166.6 0.726912566232
166.67 0.252320093673
166.74 0.653699787309
166.81 0.604703862525
166.88 0.577329442292
166.95 0.568556097753
167.02 0.614146538326
167.09 0.754682741006
167.16 0.608964891733
167.23 0.666624674163
167.3 0.576232102921
167.37 0.641951928632
167.44 0.623980800334
167.51 0.647153812109
167.58 0.744321902232
167.65 0.75136230962
167.72 0.675502416188
167.79 0.564714276244
167.86 0.538863026897
167.93 0.506721361524
168.0 0.752012560147
168.07 0.721154304697
168.14 0.821350377114
168.21 0.791322268778
168.28 0.38961166753
168.35 0.685350620371
168.42 0.734436121066
168.49 0.586422328494
168.56 0.757138746845
168.63 0.572284970333
168.7 0.671649083409
168.77 0.615266124485
168.84 0.701702119473
168.91 0.465368255513
168.98 0.688998985651
169.05 0.659865214214
169.12 0.578179767522
169.19 0.563386282989
169.26 0.68642421167
169.33 0.617457703423
169.4 0.656882095207
169.47 0.680873849679
169.54 0.622454442025
169.61 0.743956640322
169.68 0.635447334381
169.75 0.596318801368
169.82 0.65449208924
169.89 0.578065315171
169.96 0.606151190243
170.03 0.632952541983
170.1 0.705689925643
170.17 0.719636474323
170.24 0.755268760078
170.31 0.518662868765
170.38 0.405301174032
170.45 0.577382908312
170.52 0.484733921889
170.59 0.610217471369
170.66 0.444005910012
170.73 0.642203767186
170.8 0.707641970147
170.87 0.718488285762
170.94 0.630550269296
171.01 0.522564106935
171.08 0.712576475443
171.15 0.702359779186
171.22 0.659281406998
171.29 0.503935348843
171.36 0.499813629191
171.43 0.510507985995
171.5 0.71136965559
171.57 0.755840107169
171.64 0.681267045092
171.71 0.693777706801
171.78 0.549063502875
171.85 0.620482015317
171.92 0.51598722024
171.99 0.562801898768
172.06 0.70797065308
172.13 0.688871099746
172.2 0.73343656712
172.27 0.678207485609
172.34 0.608279720587
172.41 0.523957665171
172.48 0.606208010377
172.55 0.534721468924
172.62 0.492594357416
172.69 0.661033174848
172.76 0.766425975086
172.83 0.574747708978
172.9 0.512145282261
172.97 0.5811239258
173.04 0.512954450933
173.11 0.750674774886
173.18 0.653018408375
173.25 0.76101445143
173.32 0.709671100518
173.39 0.611935011008
173.46 0.697136259051
173.53 0.731769591374
173.6 0.619053518298
173.67 0.66204508634
173.74 0.82296911943
173.81 0.662897921546
173.88 0.507752425342
173.95 0.535970834423
174.02 0.633850112252
174.09 0.718379332065
174.16 0.578357998271
174.23 0.666736647524
174.3 0.494856893135
174.37 0.533417831734
174.44 0.618387387283
174.51 0.573703749075
174.58 0.679040879986
174.65 0.668281399504
174.72 0.821011140313
174.79 0.626361690674
174.86 0.6464943765
174.93 0.642292895383
175.0 0.625169255368
175.07 0.526405679476
175.14 0.352008723485
175.21 0.754054999056
175.28 0.717595996166
175.35 0.686700896744
175.42 0.478142841914
175.49 0.405027288506
175.56 0.385393610312
175.63 0.500487071087
175.7 0.698206810384
175.77 0.548998158011
175.84 0.657587038426
175.91 0.664695550689
175.98 0.799314880357
176.05 0.681815663488
176.12 0.6377451818
176.19 0.685248861085
176.26 0.787053374124
176.33 0.743042431978
176.4 0.65404321702
176.47 0.599462809956
176.54 0.647486234896
176.61 0.720111181453
176.68 0.525282249816
176.75 0.496695183038
176.82 0.580878198168
176.89 0.562413738267
176.96 0.647668867988
177.03 0.569359760292
177.1 0.619174153161
177.17 0.666905068103
177.24 0.657044564075
177.31 0.723938114069
177.38 0.634160552178
177.45 0.549082505606
177.52 0.474697659689
177.59 0.63241038926
177.66 0.569798377832
177.73 0.639361805223
177.8 0.608983210606
177.87 0.68461049047
177.94 0.562934720212
178.01 0.388411279157
178.08 0.601997312122
178.15 0.435126904985
178.22 0.595663048981
178.29 0.549922623172
178.36 0.576772051268
178.43 0.673020376692
178.5 0.416677359621
178.57 0.704596404129
178.64 0.614987591924
178.71 0.593304971749
178.78 0.676969698697
178.85 0.63006083569
178.92 0.536132511511
178.99 0.63238342064
179.06 0.570500071652
179.13 0.55574484903
179.2 0.642707534049
179.27 0.519139975812
179.34 0.594517441987
179.41 0.535511286523
179.48 0.639509570054
179.55 0.627233836348
179.62 0.548959200487
179.69 0.676406599587
179.76 0.478642288712
179.83 0.692060205629
179.9 0.592144011053
179.97 0.537857570393
180.04 0.444436055181
180.11 0.574772121675
180.18 0.614314252607
180.25 0.524207130519
180.32 0.587798525259
180.39 0.69082966228
180.46 0.603536198942
180.53 0.415961459699
180.6 0.520149754519
180.67 0.508777624
180.74 0.499327887355
180.81 0.669857595106
180.88 0.600870605281
180.95 0.61546033189
181.02 0.595766807486
181.09 0.632425398896
181.16 0.633585893714
181.23 0.686011061466
181.3 0.597929327759
181.37 0.576098771789
181.44 0.652561564924
181.51 0.534300567605
181.58 0.656175135672
181.65 0.64127526512
181.72 0.684158543022
181.79 0.597788963564
181.86 0.620703072736
181.93 0.668824340802
182.0 0.50149092266
182.07 0.634696043687
182.14 0.663717193166
182.21 0.665741977827
182.28 0.67989505299
182.35 0.607723887479
182.42 0.687848541424
182.49 0.559978691638
182.56 0.565597080502
182.63 0.441268338056
182.7 0.632143863767
182.77 0.594435277398
182.84 0.655877893156
182.91 0.596338454834
182.98 0.658922140609
183.05 0.529604904336
183.12 0.471734961353
183.19 0.429149604483
183.26 0.633658078236
183.33 0.656715560583
183.4 0.648812901037
183.47 0.721746636642
183.54 0.62682002793
183.61 0.625622332251
183.68 0.63263865498
183.75 0.513450208098
183.82 0.598174716668
183.89 0.657983178706
183.96 0.570072831816
184.03 0.491771008287
184.1 0.501009137589
184.17 0.585815942178
184.24 0.611550188594
184.31 0.717005989342
184.38 0.522848390323
184.45 0.575735134044
184.52 0.526426560683
184.59 0.654118989665
184.66 0.582863642772
184.73 0.58715807956
184.8 0.652449611864
184.87 0.486126213917
184.94 0.729078429935
185.01 0.606394784021
185.08 0.58635350984
185.15 0.558723494104
185.22 0.545301774076
185.29 0.556320173189
185.36 0.507749324469
185.43 0.70540523194
185.5 0.656997993278
185.57 0.734481409628
185.64 0.557176855101
185.71 0.491596747125
185.78 0.526792165591
185.85 0.572088693186
185.92 0.750342599998
185.99 0.738735181382
186.06 0.804929510134
186.13 0.553307213353
186.2 0.690873806447
186.27 0.61733752589
186.34 0.469523013034
186.41 0.673204370022
186.48 0.664755937575
186.55 0.727910827258
186.62 0.403721259947
186.69 0.619161949484
186.76 0.534247311018
186.83 0.643575741122
186.9 0.622622100742
186.97 0.690704041658
187.04 0.745476600276
187.11 0.754852717364
187.18 0.725140512347
187.25 0.674594076209
187.32 0.771902502745
187.39 0.735894041118
187.46 0.780743412552
187.53 0.715052153982
187.6 0.681521168162
187.67 0.730607361264
187.74 0.655722462693
187.81 0.630137588176
187.88 0.506950832545
187.95 0.596990735568
188.02 0.626362977184
188.09 0.687575871884
188.16 0.546188026478
188.23 0.468104055847
188.3 0.527653594981
188.37 0.413871108988
188.44 0.657094586223
188.51 0.452424950413
188.58 0.471066104518
188.65 0.660755564428
188.72 0.545894762098
188.79 0.690863016434
188.86 0.572398021841
188.93 0.474056027922
189.0 0.44772933309
189.07 0.621374071973
189.14 0.510397026668
189.21 0.589208797436
189.28 0.655649654149
189.35 0.567030921238
189.42 0.641195481215
189.49 0.58012559532
189.56 0.641302184588
189.63 0.557768332222
189.7 0.616598991304
189.77 0.670323337272
189.84 0.620535011184
189.91 0.624860762302
189.98 0.637466340434
190.05 0.745551795915
190.12 0.619034539074
190.19 0.525597197869
190.26 0.596589496264
190.33 0.57603081437
190.4 0.546324384756
190.47 0.509330421416
190.54 0.56665346313
190.61 0.641973820668
190.68 0.703414916977
190.75 0.528632748559
190.82 0.633064589073
190.89 0.544463788227
190.96 0.618638805904
191.03 0.663839284435
191.1 0.651913588228
191.17 0.749134623996
191.24 0.595269803347
191.31 0.66612573278
191.38 0.689850697832
191.45 0.65847294035
191.52 0.641959477794
191.59 0.703383312007
191.66 0.659218240867
191.73 0.499516168695
191.8 0.567089777989
191.87 0.53510030864
191.94 0.673896034623
192.01 0.64202575121
192.08 0.71155177472
192.15 0.634499937505
192.22 0.602628390022
192.29 0.682328089716
192.36 0.578039454616
192.43 0.713257856515
192.5 0.624960428339
192.57 0.647262743367
192.64 0.742710388519
192.71 0.676731765989
192.78 0.532376428823
192.85 0.522125447722
192.92 0.641786481772
192.99 0.517039596951
193.06 0.719420090653
193.13 0.616801114377
193.2 0.644135987258
193.27 0.572569227008
193.34 0.444747688654
193.41 0.586802740017
193.48 0.727612324945
193.55 0.703057664766
193.62 0.609762740401
193.69 0.650286159833
193.76 0.552650191553
193.83 0.471807603205
193.9 0.688739133125
193.97 0.547924028173
194.04 0.455066519253
194.11 0.612435778508
194.18 0.635678174189
194.25 0.697799246453
194.32 0.683590366259
194.39 0.611634055351
194.46 0.569344153347
194.53 0.629098628992
194.6 0.588805420005
194.67 0.575783206126
194.74 0.653264084718
194.81 0.722364955229
194.88 0.486112394623
194.95 0.667383194528
195.02 0.657271323168
195.09 0.467336059761
195.16 0.674209339277
195.23 0.525917726852
195.3 0.59868189962
195.37 0.66019204218
195.44 0.653751088487
195.51 0.621548898387
195.58 0.552555757038
195.65 0.510574690029
195.72 0.428277663967
195.79 0.719813887647
195.86 0.616551563546
195.93 0.592609901744
196.0 0.602506336151
196.07 0.620805849263
196.14 0.612657656558
196.21 0.584844634813
196.28 0.689058933371
196.35 0.549629007245
196.42 0.716309451177
196.49 0.61294966221
196.56 0.503795182326
196.63 0.615869809558
196.7 0.626840094917
196.77 0.637986113871
196.84 0.560221033099
196.91 0.599638430288
196.98 0.432916358577
197.05 0.675625081258
197.12 0.639639692392
197.19 0.673626338802
197.26 0.656980940613
197.33 0.668487777462
197.4 0.641883410235
197.47 0.56506632899
197.54 0.583410237373
197.61 0.589961291294
197.68 0.676886321327
197.75 0.71348061717
197.82 0.555731784118
197.89 0.568116855123
197.96 0.596805656611
198.03 0.545677775777
198.1 0.535708623652
198.17 0.552290504163
198.24 0.473434190667
198.31 0.406255952311
198.38 0.40964386562
198.45 0.340077869485
198.52 0.5573681529
198.59 0.410781686238
198.66 0.509971615086
198.73 0.543722313047
198.8 0.520923957695
198.87 0.571339120688
198.94 0.597606636072
199.01 0.558786487134
199.08 0.556224769517
199.15 0.566184077278
199.22 0.539965051771
199.29 0.533460971482
199.36 0.554513923148
199.43 0.544914768656
199.5 0.536624096067
199.57 0.53609260727
199.64 0.586596464638
199.71 0.528684135219
199.78 0.559314084345
199.85 0.586083777689
199.92 0.513146587528
199.99 0.532718321988
200.06 0.561289715573
200.13 0.557244843507
200.2 0.571842215446
200.27 0.559093408392
200.34 0.576102183604
200.41 0.513709482549
200.48 0.583396411667
200.55 0.620623670296
200.62 0.534916390107
200.69 0.609448877975
200.76 0.613089461153
200.83 0.517835545774
200.9 0.570621576299
200.97 0.543205746267
201.04 0.532600159703
201.11 0.57128978881
201.18 0.565471949266
201.25 0.562394794305
201.32 0.558623311967
201.39 0.561725018534
201.46 0.558678709888
201.53 0.584330754317
201.6 0.542461920322
201.67 0.541464889174
201.74 0.523714824706
201.81 0.515162032171
201.88 0.542540842992
201.95 0.597178256114
202.02 0.569122216529
202.09 0.540897276594
202.16 0.529270870206
202.23 0.566976183668
202.3 0.512508991597
202.37 0.542579775939
202.44 0.619595780011
202.51 0.570097798012
202.58 0.571196327725
202.65 0.608476593974
202.72 0.504490152957
202.79 0.502169125924
202.86 0.489444121436
202.93 0.450344017723
203.0 0.336707535626
203.07 0.258425309999
203.14 0.24069121257
203.21 0.209128440244
203.28 0.188845983956
203.35 0.16884461081
203.42 0.159145710141
203.49 0.143990451379
203.56 0.132665942023
203.63 0.120283577603
203.7 0.11079953047
203.77 0.110121290876
203.84 0.105078205868
203.91 0.0964099405375
203.98 0.0858739259404
204.05 0.0847077540247
204.12 0.0771494367151
204.19 0.0687295147768
204.26 0.0676935944914
204.33 0.0586467426857
204.4 0.044369388973
204.47 0.0321664146579
204.54 0.0200792433146
204.61 0.0133412853882
204.68 0.00997811281516
204.75 0.00835388039319
204.82 0.00679566707712
204.89 0.00644574391093
204.96 0.00502180096518
205.03 0.00329744090156
205.1 0.00235866599139
205.17 0.00169599701195
205.24 0.000826987472727
205.31 6.73697274213e-05
205.38 0.0
