0.0 0.1023914844
0.07 0.108009327981
0.14 0.115338324152
0.21 0.249205894378
0.28 0.199129888621
0.35 0.100953786782
0.42 0.256538228908
0.49 0.236906936995
0.56 0.107545032853
0.63 0.140905964508
0.7 0.233244125464
0.77 0.0889964740791
0.84 0.106157039544
0.91 0.231887127986
0.98 0.290292602471
1.05 0.336115414117
1.12 0.273325708822
1.19 0.247806911842
1.26 0.21954063432
1.33 0.209937378187
1.4 0.220843829089
1.47 0.245601820227
1.54 0.274131379588
1.61 0.215162030964
1.68 0.168354513719
1.75 0.15330479797
1.82 0.138890383533
1.89 0.270108081498
1.96 0.43261932731
2.03 0.458977810878
2.1 0.42185322979
2.17 0.372135853084
2.24 0.301345131736
2.31 0.271523431851
2.38 0.348720548654
2.45 0.342234718675
2.52 0.301516674883
2.59 0.217493438718
2.66 0.223646318543
2.73 0.192467922731
2.8 0.153742892932
2.87 0.213287180029
2.94 0.238258531222
3.01 0.267018128973
3.08 0.305972495412
3.15 0.296352611389
3.22 0.301295551858
3.29 0.292729513756
3.36 0.5009907865
3.43 0.447438353364
3.5 0.266174609663
3.57 0.257047977487
3.64 0.297232753982
3.71 0.297011550245
3.78 0.328100525607
3.85 0.448355242552
3.92 0.40619268206
3.99 0.336308357279
4.06 0.231674573935
4.13 0.319187677226
4.2 0.278235562784
4.27 0.414137982967
4.34 0.414505960091
4.41 0.280299863825
4.48 0.242167975403
4.55 0.199260841243
4.62 0.155230710753
4.69 0.10306910371
4.76 0.247115372995
4.83 0.177554324081
4.9 0.183297639682
4.97 0.163906492033
5.04 0.16560961037
5.11 0.131943902819
5.18 0.262909845135
5.25 0.340931458888
5.32 0.33614105602
5.39 0.26264613283
5.46 0.385857269122
5.53 0.289895553164
5.6 0.191979255801
5.67 0.245357101135
5.74 0.429837431866
5.81 0.410448891679
5.88 0.340953473214
5.95 0.368676812516
6.02 0.245103241356
6.09 0.226493491319
6.16 0.43990961961
6.23 0.326356321259
6.3 0.178867511502
6.37 0.206919703679
6.44 0.378826665835
6.51 0.326533805741
6.58 0.228972380936
6.65 0.390053461172
6.72 0.504400881679
6.79 0.474194018519
6.86 0.330829082438
6.93 0.325027850034
7.0 0.323049474145
7.07 0.397195188717
7.14 0.521766963516
7.21 0.366799550297
7.28 0.2640549096
7.35 0.262043884395
7.42 0.264934579129
7.49 0.166222127225
7.56 0.280694780978
7.63 0.450252413849
7.7 0.423053065514
7.77 0.455252493143
7.84 0.442978380628
7.91 0.33874978622
7.98 0.36683404591
8.05 0.499859041835
8.12 0.406526811512
8.19 0.410447663056
8.26 0.294078113774
8.33 0.266973750566
8.4 0.206811948046
8.47 0.208305178086
8.54 0.264042494452
8.61 0.206652432178
8.68 0.20216284469
8.75 0.194457191441
8.82 0.204374766599
8.89 0.175500298186
8.96 0.398142134332
9.03 0.496111491177
9.1 0.431023954516
9.17 0.399790298687
9.24 0.402808954075
9.31 0.303849606085
9.38 0.1905932321
9.45 0.359948741886
9.52 0.354501083914
9.59 0.335297723919
9.66 0.319943792777
9.73 0.36492086664
9.8 0.331891288826
9.87 0.231374824632
9.94 0.400356143555
10.01 0.348452159509
10.08 0.408295463892
10.15 0.347004601518
10.22 0.263864952799
10.29 0.150977925808
10.36 0.225926692474
10.43 0.405383665089
10.5 0.337152144509
10.57 0.376179834865
10.64 0.308594055531
10.71 0.276048560851
10.78 0.286972775223
10.85 0.299666493939
10.92 0.418609472925
10.99 0.242945277977
11.06 0.162877215213
11.13 0.178451814251
11.2 0.16697019619
11.27 0.0856503076609
11.34 0.173118727631
11.41 0.246410682498
11.48 0.181938690531
11.55 0.14818063334
11.62 0.161043890844
11.69 0.17314494349
11.76 0.298629491142
11.83 0.525813595357
11.9 0.390504233597
11.97 0.202647305604
12.04 0.187984461544
12.11 0.374499318262
12.18 0.326849560775
12.25 0.336435533229
12.32 0.393272664631
12.39 0.349371822068
12.46 0.344928562418
12.53 0.229866705383
12.6 0.42313069858
12.67 0.320759031333
12.74 0.312021446721
12.81 0.475298134857
12.88 0.31613312945
12.95 0.198397195382
13.02 0.152889310346
13.09 0.16220788911
13.16 0.0988151686126
13.23 0.0701165188662
13.3 0.254881698481
13.37 0.179000771155
13.44 0.138128044154
13.51 0.133601795269
13.58 0.256190955654
13.65 0.34211905322
13.72 0.345030934977
13.79 0.521830446117
13.86 0.303127162208
13.93 0.228841092012
14.0 0.292485744157
14.07 0.262909988624
14.14 0.134864381576
14.21 0.173248027889
14.28 0.323173385724
14.35 0.304973593385
14.42 0.259771046991
14.49 0.258381739863
14.56 0.246963435131
14.63 0.159742532284
14.7 0.195410164709
14.77 0.344082080287
14.84 0.212499178568
14.91 0.1429174426
14.98 0.175041352502
15.05 0.137989815079
15.12 0.131012599729
15.19 0.212581017651
15.26 0.304403633302
15.33 0.290789014436
15.4 0.259717057074
15.47 0.258198450809
15.54 0.257526856909
15.61 0.1888269854
15.68 0.349153030737
15.75 0.308441067284
15.82 0.248122087316
15.89 0.176471458664
15.96 0.161539203102
16.03 0.146924947949
16.1 0.0851680338307
16.17 0.207754197765
16.24 0.191824118584
16.31 0.167890168146
16.38 0.138612285351
16.45 0.15514515217
16.52 0.133807016816
16.59 0.0887287429653
16.66 0.361460515617
16.73 0.203631498904
16.8 0.151008429517
16.87 0.176122687745
16.94 0.196259838344
17.01 0.167851922766
17.08 0.195936513153
17.15 0.363315677193
17.22 0.396738960353
17.29 0.318462584411
17.36 0.395420731765
17.43 0.269942368706
17.5 0.289599276739
17.57 0.275167449708
17.64 0.397627518342
17.71 0.267526310385
17.78 0.208817028553
17.85 0.235556698065
17.92 0.167469606847
17.99 0.152720558505
18.06 0.20842727924
18.13 0.221886352843
18.2 0.231871790374
18.27 0.18728382685
18.34 0.266632176509
18.41 0.259695047232
18.48 0.26848566218
18.55 0.463864331089
18.62 0.443148819584
18.69 0.362398700566
18.76 0.298826675072
18.83 0.36546486197
18.9 0.322828039481
18.97 0.251391671051
19.04 0.355457725115
19.11 0.467755815624
19.18 0.324521483532
19.25 0.321052640883
19.32 0.250586427389
19.39 0.288658198472
19.46 0.250782990281
19.53 0.41982148278
19.6 0.296444232374
19.67 0.206688491595
19.74 0.224507432051
19.81 0.177829448233
19.88 0.159024616152
19.95 0.12145260436
20.02 0.229970618206
20.09 0.205673883146
20.16 0.251938602297
20.23 0.225591407264
20.3 0.23186720882
20.37 0.153356262259
20.44 0.309435931445
20.51 0.379721025034
20.58 0.342194713315
20.65 0.287784295401
20.72 0.439895849165
20.79 0.327899748851
20.86 0.169249740576
20.93 0.207306884766
21.0 0.392673213108
21.07 0.384872412186
21.14 0.258837220515
21.21 0.339241424939
21.28 0.303524574722
21.35 0.236518100181
21.42 0.443029754116
21.49 0.344726875404
21.56 0.289829845365
21.63 0.31912153784
21.7 0.371064167465
21.77 0.244355652182
21.84 0.214067505958
21.91 0.381828543119
21.98 0.380663168257
22.05 0.276945394111
22.12 0.235157220658
22.19 0.418968936004
22.26 0.353482512707
22.33 0.301272963577
22.4 0.505864251468
22.47 0.34981262314
22.54 0.332892425018
22.61 0.341520198072
22.68 0.251980169219
22.75 0.258538585493
22.82 0.26029969462
22.89 0.493938453622
22.96 0.466445730028
23.03 0.386162842054
23.1 0.432488843269
23.17 0.342650097561
23.24 0.362714222431
23.31 0.397106448718
23.38 0.408882916161
23.45 0.318008000563
23.52 0.337857874179
23.59 0.344316974878
23.66 0.320576236643
23.73 0.284524253673
23.8 0.370641627589
23.87 0.414855160355
23.94 0.400767508116
24.01 0.373308941591
24.08 0.351220265451
24.15 0.368877103877
24.22 0.343309132824
24.29 0.553886409571
24.36 0.475895780439
24.43 0.425719498404
24.5 0.375955939591
24.57 0.396265478577
24.64 0.21792019582
24.71 0.201484057292
24.78 0.377389672209
24.85 0.420054793387
24.92 0.384850684837
24.99 0.360030536129
25.06 0.325593412409
25.13 0.260865221122
25.2 0.232537646962
25.27 0.410900611355
25.34 0.4410232163
25.41 0.374613598153
25.48 0.321099699617
25.55 0.282241196053
25.62 0.204203818706
25.69 0.181636369639
25.76 0.228177560392
25.83 0.160931471824
25.9 0.161422599364
25.97 0.224840929256
26.04 0.239223113633
26.11 0.235043381322
26.18 0.319293904927
26.25 0.413425474571
26.32 0.319993537442
26.39 0.284919761597
26.46 0.208053146669
26.53 0.28004566326
26.6 0.231666356957
26.67 0.196642665442
26.74 0.380391371253
26.81 0.40115613418
26.88 0.31979953605
26.95 0.199728386168
27.02 0.319873083047
27.09 0.320262572287
27.16 0.409552913747
27.23 0.363643557033
27.3 0.281847131985
27.37 0.194285004836
27.44 0.19233769428
27.51 0.130557427353
27.58 0.0735553062081
27.65 0.160821291454
27.72 0.169478115392
27.79 0.13985525068
27.86 0.125032857122
27.93 0.238863920716
28.0 0.295359583436
28.07 0.206927838823
28.14 0.325317147072
28.21 0.377052655044
28.28 0.336752968652
28.35 0.297288450071
28.42 0.28407808298
28.49 0.380483966393
28.56 0.301686021979
28.63 0.423821386584
28.7 0.396144574658
28.77 0.296589510338
28.84 0.348799019112
28.91 0.341269389673
28.98 0.361942355617
29.05 0.330590350643
29.12 0.403271235875
29.19 0.318348094891
29.26 0.324192977048
29.33 0.34900438639
29.4 0.322230290766
29.47 0.295562167255
29.54 0.334288536657
29.61 0.426419874147
29.68 0.406454730791
29.75 0.345331262719
29.82 0.371884231955
29.89 0.357377548591
29.96 0.32091806629
30.03 0.235521626255
30.1 0.347389315269
30.17 0.173731162652
30.24 0.112605248544
30.31 0.153133377012
30.38 0.121192960187
30.45 0.103341970154
30.52 0.157382681231
30.59 0.235798125882
30.66 0.19891988374
30.73 0.167461886475
30.8 0.182561316623
30.87 0.148823568707
30.94 0.141336751629
31.01 0.294389272681
31.08 0.307194698579
31.15 0.357114499921
31.22 0.177604365813
31.29 0.225813837383
31.36 0.238870143424
31.43 0.193134030424
31.5 0.379560653838
31.57 0.390629554282
31.64 0.267218297022
31.71 0.22828167948
31.78 0.315334464975
31.85 0.292839505797
31.92 0.308955325673
31.99 0.35435047108
32.06 0.340216123313
32.13 0.227584219476
32.2 0.228425176164
32.27 0.280247935439
32.34 0.227872439226
32.41 0.184473686525
32.48 0.320237375422
32.55 0.371391966593
32.62 0.359718224827
32.69 0.253623489705
32.76 0.261233468409
32.83 0.313702320925
32.9 0.3429813393
32.97 0.419226845979
33.04 0.376424099949
33.11 0.23512927957
33.18 0.258657177896
33.25 0.219028767038
33.32 0.188703059248
33.39 0.155440044152
33.46 0.425986417909
33.53 0.384468744456
33.6 0.386048645117
33.67 0.324466554211
33.74 0.397639532169
33.81 0.376987202835
33.88 0.458232041097
33.95 0.466061568933
34.02 0.335955929637
34.09 0.304972769445
34.16 0.287445831016
34.23 0.187673474151
34.3 0.123422516649
34.37 0.278996602916
34.44 0.246045747786
34.51 0.21104900639
34.58 0.184896788025
34.65 0.172239496416
34.72 0.168472719375
34.79 0.157198165796
34.86 0.455361535691
34.93 0.337999407981
35.0 0.266995401686
35.07 0.318533559819
35.14 0.34054278462
35.21 0.254351284146
35.28 0.250918000946
35.35 0.39083565694
35.42 0.397325379054
35.49 0.290298374534
35.56 0.390361098998
35.63 0.230692328944
35.7 0.252918847412
35.77 0.419801296815
35.84 0.347346697964
35.91 0.267304749047
35.98 0.199697437419
36.05 0.377719720077
36.12 0.31588295442
36.19 0.286444336101
36.26 0.413910196679
36.33 0.406764045643
36.4 0.280045339289
36.47 0.214260814568
36.54 0.286197003943
36.61 0.405860925778
36.68 0.370999682685
36.75 0.496728512235
36.82 0.402350672027
36.89 0.271157071219
36.96 0.273958556251
37.03 0.337710384469
37.1 0.292357358641
37.17 0.190446177341
37.24 0.396701955926
37.31 0.472449343348
37.38 0.453581678851
37.45 0.319026355416
37.52 0.252823231158
37.59 0.235311159518
37.66 0.206143623002
37.73 0.364008743972
37.8 0.295015318964
37.87 0.220814254694
37.94 0.265243471361
38.01 0.222584869957
38.08 0.174607592472
38.15 0.209455358825
38.22 0.251321509494
38.29 0.212980692356
38.36 0.208542653233
38.43 0.223336345661
38.5 0.192584569067
38.57 0.166705244052
38.64 0.418785464226
38.71 0.384860141649
38.78 0.225105304076
38.85 0.157093457059
38.92 0.266974645129
38.99 0.20694582201
39.06 0.154034247017
39.13 0.232611886741
39.2 0.397109182853
39.27 0.307635527676
39.34 0.278794974195
39.41 0.299230459387
39.48 0.23374035022
39.55 0.135879489994
39.62 0.303690378316
39.69 0.178883166358
39.76 0.130889982912
39.83 0.196011328009
39.9 0.342735385981
39.97 0.262969989378
40.04 0.154308216532
40.11 0.334259782839
40.18 0.368279544613
40.25 0.238895731519
40.32 0.300405395313
40.39 0.306360714551
40.46 0.242718732644
40.53 0.262549624255
40.6 0.336919644389
40.67 0.410050409725
40.74 0.243896756943
40.81 0.319307185492
40.88 0.288659082946
40.95 0.141974287107
41.02 0.247201706193
41.09 0.376808197147
41.16 0.410440548027
41.23 0.326833615578
41.3 0.251292658148
41.37 0.275472116866
41.44 0.309763241815
41.51 0.326920325434
41.58 0.257354777921
41.65 0.192959998643
41.72 0.126036863092
41.79 0.180042704139
41.86 0.127472196507
41.93 0.0701658812684
42.0 0.226330420739
42.07 0.20264708925
42.14 0.1878174652
42.21 0.146272063649
42.28 0.127456432913
42.35 0.0945269195053
42.42 0.153963402766
42.49 0.457632996499
42.56 0.358374668217
42.63 0.299034520895
42.7 0.202040072054
42.77 0.32408205233
42.84 0.269904303808
42.91 0.319288288684
42.98 0.410831027116
43.05 0.425402315208
43.12 0.321259104505
43.19 0.331812839667
43.26 0.30547756766
43.33 0.272669872912
43.4 0.437039799139
43.47 0.441946746331
43.54 0.374916071501
43.61 0.24747954318
43.68 0.207860178845
43.75 0.219469529996
43.82 0.119103256017
43.89 0.19620686518
43.96 0.312191444
44.03 0.226631212578
44.1 0.255337439207
44.17 0.292012290406
44.24 0.263060555497
44.31 0.146453862886
44.38 0.373120569894
44.45 0.362827279304
44.52 0.384522800512
44.59 0.235366277168
44.66 0.231641095074
44.73 0.230616560112
44.8 0.130260884129
44.87 0.42991987293
44.94 0.356022587981
45.01 0.250320508943
45.08 0.176738081102
45.15 0.165349889969
45.22 0.117126149107
45.29 0.103917534149
45.36 0.318562120824
45.43 0.161911477044
45.5 0.118869596776
45.57 0.150144389062
45.64 0.361769869703
45.71 0.220727503361
45.78 0.191989248453
45.85 0.399518250577
45.92 0.460197494023
45.99 0.451003553251
46.06 0.410226738449
46.13 0.308942712107
46.2 0.288979863453
46.27 0.363393124172
46.34 0.278001869913
46.41 0.381538575719
46.48 0.321037407525
46.55 0.342845436314
46.62 0.239072520977
46.69 0.131564854635
46.76 0.400236709276
46.83 0.439482854661
46.9 0.358930146016
46.97 0.32222431356
47.04 0.288649872756
47.11 0.277152695125
47.18 0.213632566629
47.25 0.379194007348
47.32 0.251958843191
47.39 0.208259073329
47.46 0.175176129998
47.53 0.244055747059
47.6 0.154044855102
47.67 0.153705331366
47.74 0.294339061677
47.81 0.258141383729
47.88 0.219751976562
47.95 0.383654143752
48.02 0.406982278713
48.09 0.311236829579
48.16 0.26136094591
48.23 0.532321795022
48.3 0.435817754034
48.37 0.378998821052
48.44 0.326209640916
48.51 0.342414983253
48.58 0.258777504497
48.65 0.203126463036
48.72 0.429845812511
48.79 0.37367723596
48.86 0.356662976421
48.93 0.316020249696
49.0 0.328602335218
49.07 0.209227672307
49.14 0.280868224231
49.21 0.29593494565
49.28 0.240260768856
49.35 0.198987880633
49.42 0.254599251914
49.49 0.192266401627
49.56 0.179452269992
49.63 0.2059577859
49.7 0.223376522536
49.77 0.199679517009
49.84 0.170876285199
49.91 0.212975258837
49.98 0.212501010293
50.05 0.183471681553
50.12 0.354547346733
50.19 0.48248998933
50.26 0.238043482931
50.33 0.152078578236
50.4 0.395532974787
50.47 0.334952081729
50.54 0.333641659831
50.61 0.336116922991
50.68 0.417601816958
50.75 0.421579278211
50.82 0.371391778264
50.89 0.378712148291
50.96 0.408564572723
51.03 0.406830016878
51.1 0.466976198171
51.17 0.408051287368
51.24 0.358858172912
51.31 0.302947194696
51.38 0.284656542534
51.45 0.237217440114
51.52 0.260666975599
51.59 0.417730876199
51.66 0.39453123213
51.73 0.407951086198
51.8 0.399859617247
51.87 0.276394337561
51.94 0.385102615364
52.01 0.258330059219
52.08 0.472310133393
52.15 0.356804201947
52.22 0.448326746566
52.29 0.276435505406
52.36 0.290773521004
52.43 0.181463077722
52.5 0.317742149377
52.57 0.417790211076
52.64 0.371093959335
52.71 0.305621604669
52.78 0.307552800756
52.85 0.347748480161
52.92 0.336788457477
52.99 0.437404203615
53.06 0.448316670959
53.13 0.373739551593
53.2 0.347561469365
53.27 0.286826489474
53.34 0.193758103735
53.41 0.245410873577
53.48 0.380147070297
53.55 0.436335611975
53.62 0.399083922196
53.69 0.335566091764
53.76 0.31057978186
53.83 0.294845084031
53.9 0.296303864419
53.97 0.425711547105
54.04 0.355073815125
54.11 0.355646675252
54.18 0.27383306069
54.25 0.293883621381
54.32 0.28673825617
54.39 0.441120693424
54.46 0.439159402796
54.53 0.414987012024
54.6 0.258190385167
54.67 0.269968191092
54.74 0.177277805397
54.81 0.0797393141433
54.88 0.0366348267813
54.95 0.0326854445001
55.02 0.0243358010166
55.09 0.0189861627358
55.16 0.021874752219
55.23 0.218813717627
55.3 0.268852920739
55.37 0.147673863275
55.44 0.0909978474175
55.51 0.412521159713
55.58 0.261030803878
55.65 0.15298135171
55.72 0.0647031726625
55.79 0.0438380471399
55.86 0.0290954019873
55.93 0.0162369009138
56.0 0.0135183748493
56.07 0.0122678236686
56.14 0.00932599422157
56.21 0.00713553398345
56.28 0.00559863625429
56.35 0.0156138275408
56.42 0.11363070049
56.49 0.162563977959
56.56 0.143798452852
56.63 0.132401572798
56.7 0.136100569299
56.77 0.124717898003
56.84 0.121411387191
56.91 0.114967303496
56.98 0.10018146484
57.05 0.0929319312171
57.12 0.0899792728468
57.19 0.0798870829838
57.26 0.100138897979
57.33 0.136235230211
57.4 0.115309522131
57.47 0.120697045949
57.54 0.108939039242
57.61 0.104458908565
57.68 0.0886136660385
57.75 0.0889176998282
57.82 0.0810316979252
57.89 0.0861644651591
57.96 0.0881733324262
58.03 0.0831608413474
58.1 0.0888613221672
58.17 0.129571539091
58.24 0.118399835621
58.31 0.111909963292
58.38 0.103454361149
58.45 0.108670229719
58.52 0.104616109555
58.59 0.118996892674
58.66 0.101804628507
58.73 0.0872609328694
58.8 0.0772801172485
58.87 0.0858940458716
58.94 0.0784350835643
59.01 0.125540797518
59.08 0.111296843336
59.15 0.123551510872
59.22 0.110281806663
59.29 0.10837609666
59.36 0.0956521836317
59.43 0.0950577833641
59.5 0.0812219304936
59.57 0.0892088297116
59.64 0.0872499896035
59.71 0.0796819981997
59.78 0.0864917475035
59.85 0.143504863481
59.92 0.137105692913
59.99 0.123092663837
60.06 0.11020044625
60.13 0.109103991991
60.2 0.111790328353
60.27 0.112080505381
60.34 0.0966441757741
60.41 0.0836653391322
60.48 0.0834717861424
60.55 0.0778653947649
60.62 0.0997654637957
60.69 0.128348338228
60.76 0.12418163986
60.83 0.120787471942
60.9 0.115521600875
60.97 0.106645218837
61.04 0.0953318974891
61.11 0.085409290133
61.18 0.0764329400944
61.25 0.077263583523
61.32 0.0899128173369
61.39 0.0824648251996
61.46 0.221102894822
61.53 0.227683603432
61.6 0.195248475209
61.67 0.114836700628
61.74 0.161454734137
61.81 0.112334997407
61.88 0.0311380137934
61.95 0.0229251510444
62.02 0.014230652318
62.09 0.0124752872286
62.16 0.065512209811
62.23 0.0309223298924
62.3 0.095591931772
62.37 0.234322167189
62.44 0.172403871848
62.51 0.128539166051
62.58 0.180754116191
62.65 0.170770958787
62.72 0.244110278422
62.79 0.186224883712
62.86 0.150551234846
62.93 0.141894530855
63.0 0.160060203118
63.07 0.165959237738
63.14 0.241845671448
63.21 0.443422755469
63.28 0.467417785069
63.35 0.3245989406
63.42 0.278245507233
63.49 0.501631415956
63.56 0.526451934597
63.63 0.469547514778
63.7 0.335591490409
63.77 0.257021330041
63.84 0.289863910512
63.91 0.535356648955
63.98 0.414139004204
64.05 0.439337008346
64.12 0.388280684609
64.19 0.330666256238
64.26 0.281215475065
64.33 0.508508131949
64.4 0.475448779079
64.47 0.433748864713
64.54 0.305306313732
64.61 0.296176857741
64.68 0.313383900137
64.75 0.523194396078
64.82 0.476023348741
64.89 0.440929825245
64.96 0.394633999283
65.03 0.347799850286
65.1 0.422013940651
65.17 0.278945607208
65.24 0.245106183999
65.31 0.612677531606
65.38 0.420439896128
65.45 0.198974631457
65.52 0.109765789414
65.59 0.211330038246
65.66 0.248397632966
65.73 0.415115248446
65.8 0.366101268595
65.87 0.292323008758
65.94 0.248226880129
66.01 0.273031871708
66.08 0.349151433302
66.15 0.412320073559
66.22 0.225687047058
66.29 0.0758562898443
66.36 0.0459944881924
66.43 0.247876126149
66.5 0.267889906615
66.57 0.199969951868
66.64 0.191458816182
66.71 0.174465805323
66.78 0.165414487971
66.85 0.158429482747
66.92 0.136178336886
66.99 0.401382376842
67.06 0.36305175638
67.13 0.210815297824
67.2 0.124582760664
67.27 0.164159959459
67.34 0.337850894792
67.41 0.462732085334
67.48 0.49859639163
67.55 0.425670627003
67.62 0.219543029911
67.69 0.181221708198
67.76 0.458725452127
67.83 0.491790857311
67.9 0.281898324991
67.97 0.114674675948
68.04 0.0890997849211
68.11 0.377496861734
68.18 0.507294215262
68.25 0.458140805738
68.32 0.249245750645
68.39 0.201907786556
68.46 0.185825441056
68.53 0.409498899168
68.6 0.427258992385
68.67 0.546412266593
68.74 0.559011080895
68.81 0.443480758589
68.88 0.508431527967
68.95 0.483565044695
69.02 0.472309353172
69.09 0.438968909033
69.16 0.487346590997
69.23 0.383617262637
69.3 0.425197802137
69.37 0.421736842407
69.44 0.358996081379
69.51 0.396230061496
69.58 0.45082704965
69.65 0.161082693365
69.72 0.0827034673146
69.79 0.263747568841
69.86 0.289214024904
69.93 0.21128866862
70.0 0.235594378458
70.07 0.19804442359
70.14 0.179945117156
70.21 0.168991956154
70.28 0.199188384985
70.35 0.35075736934
70.42 0.494954762639
70.49 0.320728462606
70.56 0.186211051613
70.63 0.109852017238
70.7 0.152545611982
70.77 0.290439969991
70.84 0.277529991176
70.91 0.189904235696
70.98 0.15841594435
71.05 0.175142817046
71.12 0.300034453127
71.19 0.346761319557
71.26 0.216971764871
71.33 0.0881629193964
71.4 0.0449756826945
71.47 0.274539768998
71.54 0.409592706116
71.61 0.348029142085
71.68 0.44820003247
71.75 0.390981154621
71.82 0.278368377397
71.89 0.291250568702
71.96 0.237119588573
72.03 0.415895455549
72.1 0.52871671869
72.17 0.407392562624
72.24 0.317728089713
72.31 0.179072770042
72.38 0.215039290837
72.45 0.334434755145
72.52 0.529602868758
72.59 0.400834761782
72.66 0.294695663948
72.73 0.188517717631
72.8 0.379996605435
72.87 0.37220037822
72.94 0.394071112752
73.01 0.195914044819
73.08 0.118896379864
73.15 0.360154087865
73.22 0.546161210451
73.29 0.385438937505
73.36 0.230222403001
73.43 0.183989161714
73.5 0.135334122553
73.57 0.0991033356757
73.64 0.106068407162
73.71 0.268261587545
73.78 0.505323934161
73.85 0.440757785492
73.92 0.275207697206
73.99 0.163838203677
74.06 0.240484325586
74.13 0.193720418858
74.2 0.476018540744
74.27 0.438202753747
74.34 0.303458851229
74.41 0.207902437428
74.48 0.346099301295
74.55 0.310218117124
74.62 0.381605684776
74.69 0.139064864839
74.76 0.0631256888915
74.83 0.145680218156
74.9 0.286835557296
74.97 0.230903896509
75.04 0.256269456379
75.11 0.1426166048
75.18 0.111409725332
75.25 0.111917069353
75.32 0.118712091994
75.39 0.11998264081
75.46 0.418832132849
75.53 0.291680144015
75.6 0.202378067858
75.67 0.128554287308
75.74 0.326448231464
75.81 0.325431799137
75.88 0.446322014692
75.95 0.42821161814
76.02 0.218154476098
76.09 0.146712234716
76.16 0.398200388558
76.23 0.488843249075
76.3 0.504076854738
76.37 0.27202711018
76.44 0.172726321533
76.51 0.249059419179
76.58 0.484386684199
76.65 0.445275694088
76.72 0.293843219184
76.79 0.182555596126
76.86 0.145155601666
76.93 0.230646337409
77.0 0.434627408751
77.07 0.445497832745
77.14 0.53169815442
77.21 0.461177614706
77.28 0.444199190384
77.35 0.433307731823
77.42 0.36761969662
77.49 0.366828473386
77.56 0.479664269257
77.63 0.47447040044
77.7 0.452795905951
77.77 0.398672797531
77.84 0.370525548483
77.91 0.326292382409
77.98 0.41301056875
78.05 0.236795515671
78.12 0.107964198499
78.19 0.0732696087224
78.26 0.32076911815
78.33 0.287799134164
78.4 0.240186086279
78.47 0.173411933619
78.54 0.152884381281
78.61 0.124020034436
78.68 0.126736059535
78.75 0.101947959282
78.82 0.438094674144
78.89 0.361887802955
78.96 0.218200401495
79.03 0.141804518513
79.1 0.135101226717
79.17 0.115503684949
79.24 0.301496866698
79.31 0.322383590653
79.38 0.210812695968
79.45 0.152882593275
79.52 0.30423409003
79.59 0.259012173764
79.66 0.306712891088
79.73 0.279753778939
79.8 0.210759776612
79.87 0.141437932559
79.94 0.337852634594
80.01 0.426001752158
80.08 0.425846172144
80.15 0.493113733592
80.22 0.438811975964
80.29 0.389136882503
80.36 0.442268258855
80.43 0.397131634372
80.5 0.35496969828
80.57 0.445617402666
80.64 0.40027193018
80.71 0.317703727999
80.78 0.351411421729
80.85 0.411611857497
80.92 0.326127338857
80.99 0.37419950394
81.06 0.433591696233
81.13 0.388468153896
81.2 0.369265096572
81.27 0.390796575289
81.34 0.375632353205
81.41 0.577987128789
81.48 0.483788987051
81.55 0.425104144282
81.62 0.251694616344
81.69 0.337788563465
81.76 0.322578151428
81.83 0.482651194555
81.9 0.428013031831
81.97 0.34199468427
82.04 0.250598859351
82.11 0.270908511559
82.18 0.196711247501
82.25 0.426961727232
82.32 0.327529262915
82.39 0.267316321197
82.46 0.188665226398
82.53 0.419979004377
82.6 0.430790523961
82.67 0.378214625408
82.74 0.323780846839
82.81 0.325165691241
82.88 0.254295131807
82.95 0.241386583397
83.02 0.241429223123
83.09 0.427191056025
83.16 0.423615518216
83.23 0.255808673365
83.3 0.249283196748
83.37 0.196337119414
83.44 0.268861969504
83.51 0.360443540722
83.58 0.413114974815
83.65 0.469943930717
83.72 0.344302168623
83.79 0.323282297115
83.86 0.382539737695
83.93 0.44809918448
84.0 0.477922416781
84.07 0.429266705015
84.14 0.317356893059
84.21 0.276234432704
84.28 0.243748683189
84.35 0.405553961677
84.42 0.414269846967
84.49 0.388334001922
84.56 0.234218284634
84.63 0.312492886022
84.7 0.289758187264
84.77 0.410662870529
84.84 0.50370057656
84.91 0.332179472704
84.98 0.240605356178
85.05 0.297900141865
85.12 0.185507948462
85.19 0.366187674658
85.26 0.538855372033
85.33 0.349335883719
85.4 0.22951593683
85.47 0.392332560519
85.54 0.418387662723
85.61 0.450846166174
85.68 0.543003548009
85.75 0.519113924412
85.82 0.427787256629
85.89 0.494310817245
85.96 0.541156674035
86.03 0.515637929742
86.1 0.50421441233
86.17 0.416359926674
86.24 0.473038797735
86.31 0.525518030772
86.38 0.529159991582
86.45 0.454877664427
86.52 0.396734866437
86.59 0.280186735207
86.66 0.234575886842
86.73 0.229072184148
86.8 0.313364855357
86.87 0.42696607898
86.94 0.365258897195
87.01 0.289788887149
87.08 0.233481801271
87.15 0.411596459352
87.22 0.329520345413
87.29 0.500845147572
87.36 0.432393824513
87.43 0.418824610896
87.5 0.351011577752
87.57 0.391634032195
87.64 0.270269010956
87.71 0.428588285307
87.78 0.415243289814
87.85 0.318638012967
87.92 0.309723636654
87.99 0.280947053411
88.06 0.252340832897
88.13 0.557106843895
88.2 0.381114204119
88.27 0.410527868832
88.34 0.403835317399
88.41 0.485845126043
88.48 0.453193651404
88.55 0.491588823907
88.62 0.43476560868
88.69 0.428394614611
88.76 0.238572859214
88.83 0.354080953082
88.9 0.207669066286
88.97 0.453309171128
89.04 0.368231253893
89.11 0.251663477024
89.18 0.307045355845
89.25 0.376378480588
89.32 0.256789365762
89.39 0.42324829665
89.46 0.404255421327
89.53 0.370426837131
89.6 0.253665844695
89.67 0.328362016077
89.74 0.256165776726
89.81 0.4572260218
89.88 0.354088458221
89.95 0.245323725407
90.02 0.242516193665
90.09 0.286244004385
90.16 0.226023187597
90.23 0.413626093265
90.3 0.365292363725
90.37 0.374021926415
90.44 0.37519375379
90.51 0.342878147285
90.58 0.300223258654
90.65 0.390607944639
90.72 0.32640935832
90.79 0.229730305791
90.86 0.194026449161
90.93 0.220778578661
91.0 0.154799983045
91.07 0.315017504859
91.14 0.343431588215
91.21 0.283902021055
91.28 0.23625445962
91.35 0.353342133541
91.42 0.174719626987
91.49 0.408843863656
91.56 0.518347771369
91.63 0.335114054843
91.7 0.319792529759
91.77 0.345354821793
91.84 0.387137550517
91.91 0.439751803188
91.98 0.602425059107
92.05 0.498309998
92.12 0.410985075835
92.19 0.444386184364
92.26 0.460058998148
92.33 0.430699521771
92.4 0.416570839571
92.47 0.346168610888
92.54 0.31592406173
92.61 0.563780188001
92.68 0.533100980887
92.75 0.504624797131
92.82 0.467130309667
92.89 0.446450200669
92.96 0.345827644417
93.03 0.328523284079
93.1 0.249017151628
93.17 0.393841958836
93.24 0.219678994552
93.31 0.220399853326
93.38 0.343559808944
93.45 0.302903539339
93.52 0.387812900909
93.59 0.544277151569
93.66 0.478574571305
93.73 0.331935658265
93.8 0.268974313416
93.87 0.271562626724
93.94 0.434909335171
94.01 0.546018093788
94.08 0.424267019194
94.15 0.343113979036
94.22 0.410717285308
94.29 0.468066383761
94.36 0.479326897854
94.43 0.508747797543
94.5 0.322489431607
94.57 0.290715530215
94.64 0.338608598809
94.71 0.49120104196
94.78 0.361947299256
94.85 0.430877854855
94.92 0.303971488642
94.99 0.306889947345
95.06 0.448475139807
95.13 0.578042329393
95.2 0.509693233163
95.27 0.474483481466
95.34 0.436565928374
95.41 0.392468561032
95.48 0.323499958472
95.55 0.233511331946
95.62 0.308218511613
95.69 0.597978077715
95.76 0.400302040416
95.83 0.20602033246
95.9 0.186334328702
95.97 0.231623653334
96.04 0.247475559123
96.11 0.366383939363
96.18 0.464336373492
96.25 0.308122740661
96.32 0.260036024913
96.39 0.418672649491
96.46 0.364771888234
96.53 0.489906116857
96.6 0.207925681499
96.67 0.0685501532381
96.74 0.12770674919
96.81 0.340629760155
96.88 0.252863132265
96.95 0.223638922142
97.02 0.198785963814
97.09 0.140434966883
97.16 0.118405159281
97.23 0.140766353233
97.3 0.124836787473
97.37 0.49801389421
97.44 0.324160963343
97.51 0.189134726359
97.58 0.116660424697
97.65 0.341186026022
97.72 0.375055863259
97.79 0.549152966167
97.86 0.509829658538
97.93 0.343712630161
98.0 0.186374113225
98.07 0.329721530215
98.14 0.548426006875
98.21 0.490250957527
98.28 0.231898733766
98.35 0.0938676746142
98.42 0.151602715442
98.49 0.541711978078
98.56 0.51142485197
98.63 0.379654626695
98.7 0.231445340428
98.77 0.185527049292
98.84 0.245689071529
98.91 0.511913940399
98.98 0.487566214115
99.05 0.609064424384
99.12 0.569197020535
99.19 0.570901289026
99.26 0.483320037504
99.33 0.440770604201
99.4 0.515530528347
99.47 0.48932603969
99.54 0.499590376922
99.61 0.503603718232
99.68 0.422177347533
99.75 0.42696341771
99.82 0.327829363092
99.89 0.427252706901
99.96 0.215817787283
100.03 0.0925804015011
100.1 0.0921292456916
100.17 0.306992131575
100.24 0.288736507505
100.31 0.284954216854
100.38 0.227050511623
100.45 0.212766306581
100.52 0.197032681555
100.59 0.185818077164
100.66 0.187878260748
100.73 0.449687555466
100.8 0.372556811219
100.87 0.237301572776
100.94 0.117079797729
101.01 0.129896054792
101.08 0.150330930156
101.15 0.32053412267
101.22 0.254593591952
101.29 0.180334507747
101.36 0.136526382514
101.43 0.292792574858
101.5 0.358164967128
101.57 0.329736001289
101.64 0.205438688126
101.71 0.092216343416
101.78 0.0916729814553
101.85 0.386650973143
101.92 0.437179621164
101.99 0.445537358315
102.06 0.492133226162
102.13 0.382347335979
102.2 0.34212691596
102.27 0.2461748429
102.34 0.273759524903
102.41 0.585062570096
102.48 0.5288950585
102.55 0.439876203526
102.62 0.292194351958
102.69 0.20993405216
102.76 0.223389092382
102.83 0.518842833642
102.9 0.476389184743
102.97 0.45272138592
103.04 0.241171132665
103.11 0.334598409769
103.18 0.428486500155
103.25 0.478540894027
103.32 0.439074292616
103.39 0.222641042473
103.46 0.144474675388
103.53 0.536903096539
103.6 0.475694758182
103.67 0.376835334473
103.74 0.21252251232
103.81 0.171086953717
103.88 0.153243050687
103.95 0.146406818725
104.02 0.138431886252
104.09 0.53195501177
104.16 0.527437369973
104.23 0.437600935779
104.3 0.248246779116
104.37 0.284697755219
104.44 0.237561729248
104.51 0.473390923826
104.58 0.62266635794
104.65 0.329110637699
104.72 0.273926983102
104.79 0.272636599196
104.86 0.342729803368
104.93 0.389111343732
105.0 0.265764372834
105.07 0.131582903961
105.14 0.0618566937901
105.21 0.306336926792
105.28 0.275486033041
105.35 0.218717989273
105.42 0.156179456705
105.49 0.141093883319
105.56 0.125931778817
105.63 0.110540669494
105.7 0.117959778897
105.77 0.455530476983
105.84 0.452089296292
105.91 0.283058594789
105.98 0.144725628397
106.05 0.24868577873
106.12 0.361105172236
106.19 0.453780128397
106.26 0.481517386117
106.33 0.331793214205
106.4 0.18578270156
106.47 0.232551966699
106.54 0.537631131996
106.61 0.498438701882
106.68 0.411140051626
106.75 0.280615384568
106.82 0.188567117027
106.89 0.501938869937
106.96 0.530154530651
107.03 0.424043426592
107.1 0.285482353304
107.17 0.230216536774
107.24 0.216425188984
107.31 0.491997442002
107.38 0.510765343643
107.45 0.554145075104
107.52 0.52370893696
107.59 0.498072851307
107.66 0.428273642311
107.73 0.530037517746
107.8 0.439034297344
107.87 0.52228333276
107.94 0.498204149199
108.01 0.5134176171
108.08 0.545843003776
108.15 0.477289220718
108.22 0.52695879098
108.29 0.425435173031
108.36 0.346812306297
108.43 0.168518759114
108.5 0.0857723191341
108.57 0.220913267597
108.64 0.431215582738
108.71 0.315952796491
108.78 0.273866774962
108.85 0.239054005312
108.92 0.194237782435
108.99 0.176964097321
109.06 0.137147193696
109.13 0.285220360623
109.2 0.459154774092
109.27 0.306754668759
109.34 0.201053532487
109.41 0.183003364254
109.48 0.376190522541
109.55 0.385907249199
109.62 0.542778146103
109.69 0.420999963329
109.76 0.230004266338
109.83 0.179918159191
109.9 0.430908090643
109.97 0.39785421389
110.04 0.487198367028
110.11 0.324138191216
110.18 0.19665305381
110.25 0.346982250889
110.32 0.545561581809
110.39 0.525661148556
110.46 0.352650816653
110.53 0.226281635655
110.6 0.201256963787
110.67 0.363476485581
110.74 0.53462611029
110.81 0.517987520222
110.88 0.655465777417
110.95 0.624427638581
111.02 0.618755917184
111.09 0.542845497297
111.16 0.407740082499
111.23 0.513423707528
111.3 0.66444150866
111.37 0.493890952091
111.44 0.354912140199
111.51 0.367279822009
111.58 0.468938844097
111.65 0.438561844652
111.72 0.406873322482
111.79 0.223564210419
111.86 0.105822965021
111.93 0.160973043231
112.0 0.38957620833
112.07 0.30859329661
112.14 0.286474700805
112.21 0.256091585149
112.28 0.236736390423
112.35 0.206800010447
112.42 0.217355783598
112.49 0.23456780999
112.56 0.566506021908
112.63 0.366954667335
112.7 0.2246635636
112.77 0.183674667812
112.84 0.379828985811
112.91 0.366130875498
112.98 0.505136566886
113.05 0.409076203472
113.12 0.223895122583
113.19 0.152538924057
113.26 0.486847198276
113.33 0.492201632223
113.4 0.63399206641
113.47 0.307512438916
113.54 0.152247475808
113.61 0.343451067946
113.68 0.55813658257
113.75 0.498756103675
113.82 0.314662508991
113.89 0.195594972726
113.96 0.161183718475
114.03 0.31788048719
114.1 0.459987329958
114.17 0.495168424244
114.24 0.551415250415
114.31 0.482408009001
114.38 0.490469604248
114.45 0.332014960509
114.52 0.457800903101
114.59 0.443717137392
114.66 0.486306699366
114.73 0.479649475334
114.8 0.484292614935
114.87 0.432646859231
114.94 0.555691798456
115.01 0.535881864062
115.08 0.441873701544
115.15 0.400880985366
115.22 0.309222351674
115.29 0.297373284483
115.36 0.538128981091
115.43 0.430609467952
115.5 0.409709344605
115.57 0.342491254296
115.64 0.345506070238
115.71 0.263602374952
115.78 0.359592342518
115.85 0.321528380366
115.92 0.294625875685
115.99 0.287599424607
116.06 0.278898026085
116.13 0.228773477382
116.2 0.271361937406
116.27 0.212781265292
116.34 0.251143451056
116.41 0.200355553457
116.48 0.236628930735
116.55 0.190897068593
116.62 0.129322180154
116.69 0.146826955162
116.76 0.0847330743238
116.83 0.0528519452927
116.9 0.0495179653366
116.97 0.0417653688173
117.04 0.0344882640384
117.11 0.031156277232
117.18 0.0307949431928
117.25 0.0311581717331
117.32 0.0334083524738
117.39 0.0357150465174
117.46 0.0355364421499
117.53 0.03346184018
117.6 0.0285250181639
117.67 0.0242276788145
117.74 0.104864450618
117.81 0.370950744023
117.88 0.192344736443
117.95 0.141317558876
118.02 0.123065379659
118.09 0.101148168196
118.16 0.0673404324787
118.23 0.329876054241
118.3 0.316198967286
118.37 0.186222985848
118.44 0.183820786531
118.51 0.278526926958
118.58 0.261740679029
118.65 0.226304954833
118.72 0.202493831961
118.79 0.379295854156
118.86 0.364625547556
118.93 0.151209499977
119.0 0.0692155939324
119.07 0.0605493591439
119.14 0.299743992485
119.21 0.307122458675
119.28 0.316196097509
119.35 0.216030621585
119.42 0.170443724646
119.49 0.400713745763
119.56 0.346075066255
119.63 0.21373682248
119.7 0.142588098724
119.77 0.127629947911
119.84 0.143002470946
119.91 0.170963155359
119.98 0.160263460662
120.05 0.230662000112
120.12 0.178655293753
120.19 0.220873325013
120.26 0.211177621712
120.33 0.291962831598
120.4 0.148666721955
120.47 0.0760763097986
120.54 0.328482568
120.61 0.454755129444
120.68 0.347273653177
120.75 0.214388721415
120.82 0.270583985769
120.89 0.260853089589
120.96 0.692561024006
121.03 0.410340239241
121.1 0.17670759645
121.17 0.208441727893
121.24 0.322682871375
121.31 0.335682164145
121.38 0.224694172684
121.45 0.198700898474
121.52 0.207831263602
121.59 0.043968433653
121.66 0.294082075411
121.73 0.186099485678
121.8 0.114614295172
121.87 0.193651011738
121.94 0.245878655035
122.01 0.324558961022
122.08 0.256867923658
122.15 0.0439017707568
122.22 0.1677959184
122.29 0.0421262510908
122.36 0.300505939511
122.43 0.36760310236
122.5 0.337657147868
122.57 0.193832268407
122.64 0.224576638511
122.71 0.246855552824
122.78 0.125311969815
122.85 0.075623416429
122.92 0.288658410342
122.99 0.243380057002
123.06 0.141164140162
123.13 0.205513829195
123.2 0.212951110114
123.27 0.286737239417
123.34 0.351540192872
123.41 0.237461863259
123.48 0.162319523425
123.55 0.343755833753
123.62 0.500845182323
123.69 0.675981849527
123.76 0.331657786526
123.83 0.217483132184
123.9 0.291729386469
123.97 0.170492545602
124.04 0.213843435807
124.11 0.0321628245234
124.18 0.139030127088
124.25 0.324470688483
124.32 0.390714381968
124.39 0.312964230039
124.46 0.34929631443
124.53 0.174830573005
124.6 0.300097262003
124.67 0.467766095254
124.74 0.283766402805
124.81 0.287816412238
124.88 0.274994898776
124.95 0.18337053089
125.02 0.0705635347985
125.09 0.0755487988705
125.16 0.289228260566
125.23 0.142246085233
125.3 0.239906824492
125.37 0.272100190839
125.44 0.125864536361
125.51 0.220760275987
125.58 0.209730916807
125.65 0.393980638556
125.72 0.414467691169
125.79 0.210344041247
125.86 0.222691935049
125.93 0.713358905951
126.0 0.465006329601
126.07 0.274451401173
126.14 0.131138034756
126.21 0.32758585693
126.28 0.73403264539
126.35 0.52760220838
126.42 0.383199622681
126.49 0.302538967833
126.56 0.471551813943
126.63 0.295301391986
126.7 0.37956171431
126.77 0.447494662644
126.84 0.334149231416
126.91 0.453975156632
126.98 0.246711187359
127.05 0.62252171895
127.12 0.399814070751
127.19 0.321586099872
127.26 0.331966660821
127.33 0.427252284281
127.4 0.478690448631
127.47 0.270626566082
127.54 0.226043043986
127.61 0.321028284774
127.68 0.341127073409
127.75 0.509219348946
127.82 0.393437497433
127.89 0.317603782419
127.96 0.272562539899
128.03 0.331105094427
128.1 0.399146029322
128.17 0.238213722348
128.24 0.233740025128
128.31 0.431013630046
128.38 0.362213102239
128.45 0.346621735185
128.52 0.415523289223
128.59 0.293493382188
128.66 0.327188797533
128.73 0.460695706324
128.8 0.279651225898
128.87 0.362514379473
128.94 0.29932394797
129.01 0.12138949057
129.08 0.611848130253
129.15 0.392915881878
129.22 0.37695051117
129.29 0.571961095338
129.36 0.578368988458
129.43 0.503797976335
129.5 0.431388126944
129.57 0.442621968928
129.64 0.506648688128
129.71 0.575839338544
129.78 0.615974683134
129.85 0.548875501353
129.92 0.45254960512
129.99 0.519023174448
130.06 0.569531145504
130.13 0.511378178863
130.2 0.527713333758
130.27 0.439794113337
130.34 0.393727793288
130.41 0.560270470092
130.48 0.600297884172
130.55 0.497463224408
130.62 0.458242473184
130.69 0.454101934625
130.76 0.604789291053
130.83 0.539766401719
130.9 0.467120505344
130.97 0.3782164874
131.04 0.599044649302
131.11 0.393189910807
131.18 0.282401700649
131.25 0.236367287808
131.32 0.360023768612
131.39 0.340987263714
131.46 0.264088195647
131.53 0.192659424279
131.6 0.312383262793
131.67 0.403680655489
131.74 0.358229541589
131.81 0.693195582091
131.88 0.448963691274
131.95 0.414401383632
132.02 0.489737954665
132.09 0.36663255171
132.16 0.490237448277
132.23 0.297391664507
132.3 0.257756702486
132.37 0.386118477099
132.44 0.155576147798
132.51 0.583942603846
132.58 0.424402011923
132.65 0.204145880604
132.72 0.508163821515
132.79 0.439371614939
132.86 0.208732392559
132.93 0.410447191112
133.0 0.328783400195
133.07 0.579138987675
133.14 0.439735729075
133.21 0.522792211439
133.28 0.162098852166
133.35 0.417932869247
133.42 0.473367185392
133.49 0.28756494805
133.56 0.234151091502
133.63 0.165863937609
133.7 0.554265688682
133.77 0.428739719839
133.84 0.371554202023
133.91 0.415886425841
133.98 0.32004008836
134.05 0.438957425442
134.12 0.355178767121
134.19 0.460797571068
134.26 0.340389523968
134.33 0.308307222466
134.4 0.360110999736
134.47 0.4506442998
134.54 0.681215910913
134.61 0.445232288715
134.68 0.27648923637
134.75 0.307760766527
134.82 0.354658929482
134.89 0.540926910292
134.96 0.443161962264
135.03 0.396619348954
135.1 0.386681866962
135.17 0.521338639247
135.24 0.442844392321
135.31 0.232007524088
135.38 0.361155673581
135.45 0.479861168451
135.52 0.311957613245
135.59 0.231477345165
135.66 0.387058590179
135.73 0.639114423977
135.8 0.596112543465
135.87 0.635234175291
135.94 0.37124872774
136.01 0.280027116207
136.08 0.618724864182
136.15 0.656724531003
136.22 0.594599912165
136.29 0.509713015565
136.36 0.281744594638
136.43 0.353193652861
136.5 0.539404807607
136.57 0.470056813834
136.64 0.2357714392
136.71 0.406455855161
136.78 0.664025352917
136.85 0.521957151244
136.92 0.430538333361
136.99 0.176476859673
137.06 0.205370132971
137.13 0.712908818461
137.2 0.734795483617
137.27 0.660040565886
137.34 0.46654246953
137.41 0.400474408624
137.48 0.468431974262
137.55 0.73568325466
137.62 0.473335872316
137.69 0.23515898288
137.76 0.536586034411
137.83 0.788106995631
137.9 0.553049061402
137.97 0.463967859406
138.04 0.527582683809
138.11 0.690685643956
138.18 0.397385862962
138.25 0.613022024764
138.32 0.24056484076
138.39 0.395979387618
138.46 0.846757998575
138.53 0.640745154438
138.6 0.596967131594
138.67 0.54747451782
138.74 0.430743663645
138.81 0.652491383851
138.88 0.269595375704
138.95 0.493192701777
139.02 0.349978518656
139.09 0.360319455387
139.16 0.52711815327
139.23 0.541755563934
139.3 0.651839026424
139.37 0.532257229529
139.44 0.448780765426
139.51 0.511130267145
139.58 0.359373708128
139.65 0.220767995238
139.72 0.188648919116
139.79 0.250970592968
139.86 0.625636862734
139.93 0.493128329097
140.0 0.507283479383
140.07 0.463994383542
140.14 0.493520330512
140.21 0.605621610387
140.28 0.625992931406
140.35 0.496448971317
140.42 0.516353465977
140.49 0.515035880847
140.56 0.543952706492
140.63 0.638861910527
140.7 0.610113703324
140.77 0.53985259255
140.84 0.574250043848
140.91 0.553623861991
140.98 0.581248066201
141.05 0.530799999493
141.12 0.625775587294
141.19 0.498826677763
141.26 0.490669926996
141.33 0.664475052539
141.4 0.470893391871
141.47 0.606544970024
141.54 0.633214038545
141.61 0.488752027168
141.68 0.497583303266
141.75 0.431349332271
141.82 0.562260879986
141.89 0.661051139833
141.96 0.699689672767
142.03 0.422669107321
142.1 0.376210463006
142.17 0.512622181124
142.24 0.668811548647
142.31 0.362458475998
142.38 0.204036038778
142.45 0.152979272243
142.52 0.710130205325
142.59 0.604169513439
142.66 0.483173969231
142.73 0.551431228121
142.8 0.635047568057
142.87 0.6805423418
142.94 0.599893801669
143.01 0.61262399906
143.08 0.489388516747
143.15 0.531828464704
143.22 0.629129735279
143.29 0.224629675572
143.36 0.582341174254
143.43 0.449321192592
143.5 0.379808073434
143.57 0.233555972669
143.64 0.386806100271
143.71 0.588001301081
143.78 0.494367902261
143.85 0.253262174723
143.92 0.506474372732
143.99 0.452563976424
144.06 0.622019362287
144.13 0.439981264259
144.2 0.451336255662
144.27 0.384582244126
144.34 0.355113505483
144.41 0.402397524496
144.48 0.295870431723
144.55 0.267908483936
144.62 0.657515260994
144.69 0.609766359446
144.76 0.464557591803
144.83 0.406487847567
144.9 0.364749215876
144.97 0.304608431108
145.04 0.362230374707
145.11 0.170245770584
145.18 0.134800730824
145.25 0.118529947487
145.32 0.118304770903
145.39 0.296934701883
145.46 0.19660044161
145.53 0.347235765398
145.6 0.749022661935
145.67 0.425889176197
145.74 0.618104000313
145.81 0.269058140044
145.88 0.312552949553
145.95 0.487022993401
146.02 0.528324915693
146.09 0.561420537609
146.16 0.368078163634
146.23 0.22879802182
146.3 0.535980611286
146.37 0.403624162365
146.44 0.592719067208
146.51 0.334926314273
146.58 0.414130434109
146.65 0.163609613628
146.72 0.735693955788
146.79 0.581597196963
146.86 0.253320884077
146.93 0.458817587655
147.0 0.187496713839
147.07 0.508279131611
147.14 0.314748725604
147.21 0.207227300028
147.28 0.598064969174
147.35 0.583993911195
147.42 0.388199245726
147.49 0.331435666926
147.56 0.234047962263
147.63 0.134382900297
147.7 0.324662119408
147.77 0.470465174097
147.84 0.274348218126
147.91 0.217212968486
147.98 0.399512412375
148.05 0.657470183078
148.12 0.623696599947
148.19 0.461999181345
148.26 0.426539562894
148.33 0.401688231146
148.4 0.512398625515
148.47 0.40544583387
148.54 0.199924845928
148.61 0.415145906854
148.68 0.431146587027
148.75 0.180333255583
148.82 0.443350841778
148.89 0.431647144474
148.96 0.238014852424
149.03 0.323375585038
149.1 0.575222171754
149.17 0.563713044193
149.24 0.176459689216
149.31 0.265236496458
149.38 0.594598059141
149.45 0.342905051442
149.52 0.126585667539
149.59 0.173741044325
149.66 0.298044490514
149.73 0.44414520383
149.8 0.302583191541
149.87 0.160481504282
149.94 0.197656838941
150.01 0.754440534763
150.08 0.5782373935
150.15 0.35065866023
150.22 0.2447250485
150.29 0.411967982219
150.36 0.729711590026
150.43 0.466701087472
150.5 0.320328423574
150.57 0.103916422111
150.64 0.431343151041
150.71 0.718291449086
150.78 0.486036283442
150.85 0.480145376119
150.92 0.371387732552
150.99 0.505412360278
151.06 0.522934973864
151.13 0.539783508279
151.2 0.24755030896
151.27 0.232289318229
151.34 0.432323136082
151.41 0.228840757952
151.48 0.312157562698
151.55 0.44369706577
151.62 0.441868890184
151.69 0.301803167163
151.76 0.293421978555
151.83 0.658059606077
151.9 0.201874655207
151.97 0.162033774373
152.04 0.258202525667
152.11 0.387100337584
152.18 0.80906317491
152.25 0.620176531783
152.32 0.549501201244
152.39 0.664513535573
152.46 0.590430793544
152.53 0.709954036904
152.6 0.245366680136
152.67 0.527903191911
152.74 0.718017623059
152.81 0.495140949494
152.88 0.280087658407
152.95 0.268652149588
153.02 0.487246276606
153.09 0.729085090857
153.16 0.502792175634
153.23 0.450892705882
153.3 0.356721315844
153.37 0.445487148432
153.44 0.65229890927
153.51 0.509519885195
153.58 0.511286452503
153.65 0.460526470208
153.72 0.501859395057
153.79 0.404863122338
153.86 0.443567895549
153.93 0.391058161045
154.0 0.391710932123
154.07 0.581987620001
154.14 0.655317361756
154.21 0.339229340488
154.28 0.153790672473
154.35 0.151608696012
154.42 0.708342125901
154.49 0.39515671903
154.56 0.403250739391
154.63 0.3881663397
154.7 0.456127860249
154.77 0.451291518533
154.84 0.544661332842
154.91 0.672970537853
154.98 0.46031499905
155.05 0.363369232159
155.12 0.564748673758
155.19 0.505025450475
155.26 0.526823468675
155.33 0.357049228194
155.4 0.480280565024
155.47 0.700977748521
155.54 0.538281920014
155.61 0.406745726154
155.68 0.330964131218
155.75 0.664307365654
155.82 0.533502001921
155.89 0.598442810035
155.96 0.367430430359
156.03 0.26919815264
156.1 0.656166043301
156.17 0.663240690935
156.24 0.720426508059
156.31 0.564432351494
156.38 0.626612767312
156.45 0.723738256214
156.52 0.689435356212
156.59 0.599655323221
156.66 0.641504387508
156.73 0.697568556873
156.8 0.691886356307
156.87 0.651831104271
156.94 0.708668808507
157.01 0.676872870369
157.08 0.56253600638
157.15 0.745614472467
157.22 0.526056030958
157.29 0.701332710759
157.36 0.562584845272
157.43 0.40061311749
157.5 0.714385825295
157.57 0.38497864325
157.64 0.221369307632
157.71 0.142773769917
157.78 0.208449601843
157.85 0.435692571233
157.92 0.320999464817
157.99 0.209141491566
158.06 0.118250446926
158.13 0.510386822331
158.2 0.552128765475
158.27 0.354925752581
158.34 0.257341087068
158.41 0.204726381511
158.48 0.346462905373
158.55 0.342436946013
158.62 0.325425898159
158.69 0.260441166767
158.76 0.181151331407
158.83 0.672810594881
158.9 0.280696878381
158.97 0.678377781297
159.04 0.510433247696
159.11 0.399578320833
159.18 0.510875984747
159.25 0.368621248706
159.32 0.454218393753
159.39 0.454070247133
159.46 0.305774281277
159.53 0.387104129949
159.6 0.250824505638
159.67 0.705898062595
159.74 0.501493442471
159.81 0.316387738061
159.88 0.391003387544
159.95 0.649208178766
160.02 0.410049095905
160.09 0.340878512628
160.16 0.309658799877
160.23 0.280703935117
160.3 0.600729591639
160.37 0.6140587361
160.44 0.433136496953
160.51 0.273233627103
160.58 0.125941061873
160.65 0.59484910183
160.72 0.471259941953
160.79 0.293849937376
160.86 0.551650331092
160.93 0.441870656891
161.0 0.392973382788
161.07 0.374150827594
161.14 0.296956374303
161.21 0.238405309092
161.28 0.303430509942
161.35 0.415152750599
161.42 0.335213142854
161.49 0.146508297842
161.56 0.117921532396
161.63 0.0691609157172
161.7 0.463897401903
161.77 0.26128171653
161.84 0.367659871252
161.91 0.509177154259
161.98 0.52541938668
162.05 0.326137161117
162.12 0.164860875527
162.19 0.396612411045
162.26 0.760859622255
162.33 0.420673279602
162.4 0.32855970446
162.47 0.230275980388
162.54 0.19398853784
162.61 0.143456492048
162.68 0.0943266371132
162.75 0.0653935579944
162.82 0.0423511519076
162.89 0.0233415287469
162.96 0.0123892477344
163.03 0.00840223550542
163.1 0.00467756459082
163.17 0.00294989396808
163.24 0.00156634320804
163.31 0.000652882057995
163.38 0.000178967573667
163.45 1.88912022715e-05
163.52 0.0
163.59 9.83234839326e-06
163.66 1.35148548887e-05
163.73 3.81478526761e-06
163.8 4.67908131267e-06
163.87 8.72927795443e-06
163.94 8.20016286588e-06
164.01 2.22183496927e-06
164.08 0.000137563196982
164.15 0.169331028124
164.22 0.791789835065
164.29 0.686552469289
164.36 0.651976715174
164.43 0.626457586376
164.5 0.436068183533
164.57 0.500701410992
164.64 0.727001117272
164.71 0.678606394887
164.78 0.594076294492
164.85 0.505487058549
164.92 0.411646788061
164.99 0.634950133532
165.06 0.6491754734
165.13 0.573516521063
165.2 0.455499443037
165.27 0.371894582208
165.34 0.341450579082
165.41 0.58022798836
165.48 0.515265927084
165.55 0.453796406533
165.62 0.465568509898
165.69 0.443357881699
165.76 0.472351368497
165.83 0.586873571861
165.9 0.468402033298
165.97 0.278662750353
166.04 0.152271090932
166.11 0.109693849941
166.18 0.533477214224
166.25 0.63112941926
166.32 0.57265567996
166.39 0.583033665958
166.46 0.559001524314
166.53 0.562730368736
166.6 0.704152978257
166.67 0.714234558914
166.74 0.636597782223
166.81 0.552939679188
166.88 0.5376758411
166.95 0.50857380948
167.02 0.668919430954
167.09 0.571373796647
167.16 0.450154321292
167.23 0.312998380382
167.3 0.279168883686
167.37 0.53838895484
167.44 0.605003843859
167.51 0.585564579246
167.58 0.445812631561
167.65 0.379973065419
167.72 0.346908368711
167.79 0.52819710189
167.86 0.670849238113
167.93 0.530823079897
168.0 0.539856180891
168.07 0.457792922656
168.14 0.388362909318
168.21 0.736245450651
168.28 0.660239401059
168.35 0.624726235489
168.42 0.550298944252
168.49 0.400007380483
168.56 0.333622711457
168.63 0.64895665068
168.7 0.590164316836
168.77 0.74386068015
168.84 0.622138962475
168.91 0.436577724726
168.98 0.617103912261
169.05 0.798446512047
169.12 0.589050706694
169.19 0.316438906405
169.26 0.230487024443
169.33 0.203657601542
169.4 0.678363955923
169.47 0.831448495164
169.54 0.663108122943
169.61 0.553464857302
169.68 0.538242842847
169.75 0.475968460898
169.82 0.674457384882
169.89 0.48739010735
169.96 0.493555902292
170.03 0.477130460409
170.1 0.430887469728
170.17 0.405429197012
170.24 0.772570507453
170.31 0.597533467463
170.38 0.611706262391
170.45 0.49638251805
170.52 0.527364311734
170.59 0.474627488208
170.66 0.821841423125
170.73 0.539805585382
170.8 0.485772601404
170.87 0.479881431766
170.94 0.471693444152
171.01 0.616737930529
171.08 0.841646475536
171.15 0.49127442417
171.22 0.60416769853
171.29 0.695587756247
171.36 0.596874756171
171.43 0.688983536767
171.5 0.623206849003
171.57 0.568155325205
171.64 0.466136423023
171.71 0.362007649764
171.78 0.43054959275
171.85 0.59552243329
171.92 0.578286249207
171.99 0.692450205783
172.06 0.617832846766
172.13 0.523133877418
172.2 0.615274320844
172.27 0.749094418685
172.34 0.569070160709
172.41 0.363646216061
172.48 0.254050581988
172.55 0.178198485829
172.62 0.677880542029
172.69 0.742218645459
172.76 0.779140905044
172.83 0.718108691389
172.9 0.612712844433
172.97 0.589125056332
173.04 0.508185083646
173.11 0.618737996773
173.18 0.481472569396
173.25 0.500361775155
173.32 0.397053049571
173.39 0.420563174339
173.46 0.580957587622
173.53 0.437423372827
173.6 0.374807507623
173.67 0.30916963522
173.74 0.274865153478
173.81 0.55574918166
173.88 0.806518005781
173.95 0.664970889427
174.02 0.55320613796
174.09 0.519611714094
174.16 0.573042456364
174.23 0.666994724374
174.3 0.55695977232
174.37 0.497504207286
174.44 0.514849505662
174.51 0.489890950759
174.58 0.44098687551
174.65 0.694631227146
174.72 0.707657067593
174.79 0.517606390328
174.86 0.344841588004
174.93 0.315930587109
175.0 0.415612127871
175.07 0.63800328117
175.14 0.576639423334
175.21 0.575122084927
175.28 0.435604901795
175.35 0.377977214159
175.42 0.555336043666
175.49 0.544694213085
175.56 0.536122639452
175.63 0.45432009595
175.7 0.406811649186
175.77 0.419754789616
175.84 0.736851050895
175.91 0.808498809771
175.98 0.771195925866
176.05 0.582389373052
176.12 0.566133684068
176.19 0.464086470867
176.26 0.752933788747
176.33 0.699767064817
176.4 0.537593106333
176.47 0.537376949368
176.54 0.429557967177
176.61 0.67919400746
176.68 0.773956045757
176.75 0.60231177579
176.82 0.540204546006
176.89 0.548084662625
176.96 0.54634689958
177.03 0.688104326851
177.1 0.684864567495
177.17 0.680866154629
177.24 0.53195683789
177.31 0.467015979331
177.38 0.468097913191
177.45 0.704235963008
177.52 0.76568447029
177.59 0.701636549494
177.66 0.579836595652
177.73 0.511590640991
177.8 0.489229281131
177.87 0.744233380074
177.94 0.751739710513
178.01 0.649917724341
178.08 0.535945013723
178.15 0.493062353378
178.22 0.526451486195
178.29 0.7640656012
178.36 0.678971968573
178.43 0.588871372551
178.5 0.568025123658
178.57 0.475021815712
178.64 0.603837050924
178.71 0.666768287778
178.78 0.471709655027
178.85 0.255873700713
178.92 0.180611442325
178.99 0.193136752228
179.06 0.752261258808
179.13 0.734934449193
179.2 0.576879671852
179.27 0.590633556724
179.34 0.685450138715
179.41 0.730275034819
179.48 0.864308562217
179.55 0.810033215502
179.62 0.684792468838
179.69 0.619624177108
179.76 0.538062469531
179.83 0.695074427172
179.9 0.729572758971
179.97 0.559849826959
180.04 0.467385673837
180.11 0.271884230049
180.18 0.320028398504
180.25 0.598369204745
180.32 0.683422002466
180.39 0.592838711115
180.46 0.496952603685
180.53 0.464518923803
180.6 0.542212636416
180.67 0.948360192357
180.74 0.79216093195
180.81 0.614815896428
180.88 0.471020019649
180.95 0.516038624563
181.02 0.719057140274
181.09 0.819007535398
181.16 0.734094955418
181.23 0.602478433591
181.3 0.535219817775
181.37 0.379854735331
181.44 0.637535469446
181.51 0.801486675067
181.58 0.745416765027
181.65 0.589252484509
181.72 0.507296577223
181.79 0.461902849889
181.86 0.789790056919
181.93 0.855404355675
182.0 0.425142873937
182.07 0.209382632405
182.14 0.148770910546
182.21 0.403386440596
182.28 0.951150480776
182.35 0.817887700306
182.42 0.741668144929
182.49 0.645118716628
182.56 0.56607167447
182.63 0.557953598429
182.7 0.698809311578
182.77 0.571045042421
182.84 0.454233874853
182.91 0.362345498716
182.98 0.399048285398
183.05 0.599802095487
183.12 0.778276996867
183.19 0.740649090567
183.26 0.620221673596
183.33 0.612203891769
183.4 0.599633408664
183.47 0.873741384999
183.54 0.609207056773
183.61 0.600294258837
183.68 0.532213837608
183.75 0.471723438924
183.82 0.603232784678
183.89 0.937481379871
183.96 0.533598843434
184.03 0.583204755097
184.1 0.68955324126
184.17 0.617630937793
184.24 0.673554197757
184.31 0.955462602839
184.38 0.570411211869
184.45 0.563192829897
184.52 0.603221712496
184.59 0.550581198005
184.66 0.938328952741
184.73 0.883918467566
184.8 0.587784291029
184.87 0.756253658594
184.94 0.654330849094
185.01 0.560368661297
185.08 0.786672940163
185.15 0.46073595158
185.22 0.245847468633
185.29 0.20282589652
185.36 0.16263250621
185.43 0.376533293833
185.5 0.891456837493
185.57 0.781796957414
185.64 0.684448547393
185.71 0.580298284439
185.78 0.548330621549
185.85 0.707965310762
185.92 0.560616809547
185.99 0.476061489868
186.06 0.464170921894
186.13 0.457752605656
186.2 0.408502687557
186.27 0.870574264625
186.34 0.813969653521
186.41 0.670310594469
186.48 0.739806666481
186.55 0.567961495326
186.62 0.486580404324
186.69 0.740130413171
186.76 0.691270289225
186.83 0.539191469972
186.9 0.461350875235
186.97 0.408449381453
187.04 0.51543098745
187.11 0.607366230628
187.18 0.442499311755
187.25 0.503347617561
187.32 0.473624766912
187.39 0.460434697886
187.46 0.758948514605
187.53 0.644173888593
187.6 0.615972053253
187.67 0.602486192078
187.74 0.516653033676
187.81 0.481518178669
187.88 0.731710321152
187.95 0.623236019835
188.02 0.582773344697
188.09 0.537655584512
188.16 0.518275300538
188.23 0.508443241364
188.3 0.67098465122
188.37 0.486223585699
188.44 0.377904562846
188.51 0.46444660655
188.58 0.363711681722
188.65 0.261599876123
188.72 0.174233225611
188.79 0.120530929595
188.86 0.107068315853
188.93 0.0999040314145
189.0 0.0463547045881
189.07 0.475815312347
189.14 0.785104882936
189.21 0.642455365384
189.28 0.531543242525
189.35 0.441186248766
189.42 0.400878098774
189.49 0.527378077694
189.56 0.731456737141
189.63 0.577902081386
189.7 0.398418562215
189.77 0.295017090154
189.84 0.246310359139
189.91 0.610514968737
189.98 0.526793675684
190.05 0.520214183366
190.12 0.507286846886
190.19 0.5057766818
190.26 0.577224030489
190.33 0.725265764392
190.4 0.572118050827
190.47 0.620690458354
190.54 0.495219841451
190.61 0.49898115919
190.68 0.563543978471
190.75 0.646919566557
190.82 0.608416085765
190.89 0.47937143096
190.96 0.432371684633
191.03 0.379953291984
191.1 0.54080899946
191.17 0.522959509334
191.24 0.533108285366
191.31 0.439219644566
191.38 0.350285618399
191.45 0.267371899581
191.52 0.707637778433
191.59 0.455774578399
191.66 0.284084986138
191.73 0.155776676812
191.8 0.127196573507
191.87 0.411700552656
191.94 0.672644643315
192.01 0.586575561239
192.08 0.600483929781
192.15 0.598106934054
192.22 0.606766080718
192.29 0.806051699569
192.36 0.755970129135
192.43 0.580718254967
192.5 0.503074658073
192.57 0.467515071622
192.64 0.378494087856
192.71 0.596356109041
192.78 0.493241768233
192.85 0.412113034861
192.92 0.348625907677
192.99 0.219180256499
193.06 0.42686914106
193.13 0.627617498573
193.2 0.570443256962
193.27 0.495111345954
193.34 0.444858426307
193.41 0.411146930123
193.48 0.538929158925
193.55 0.698396682521
193.62 0.696394296914
193.69 0.637574797718
193.76 0.651805325605
193.83 0.554695927631
193.9 0.827339341425
193.97 0.774780043859
194.04 0.735868411311
194.11 0.637491790547
194.18 0.520561974526
194.25 0.499246394944
194.32 0.690533015552
194.39 0.669320697488
194.46 0.56934184225
194.53 0.428922355346
194.6 0.306840762062
194.67 0.608163554379
194.74 0.92598063856
194.81 0.598707227453
194.88 0.31068775609
194.95 0.213786988644
195.02 0.186191842045
195.09 0.74135650511
195.16 0.862411745159
195.23 0.768811555037
195.3 0.553180224772
195.37 0.645684776729
195.44 0.635387496477
195.51 0.713694098118
195.58 0.486016041427
195.65 0.436608827052
195.72 0.404516389409
195.79 0.387382233737
195.86 0.477035277985
195.93 0.924705933051
196.0 0.694697317208
196.07 0.660890967055
196.14 0.593034006149
196.21 0.551748320516
196.28 0.666372005239
196.35 0.857323339517
196.42 0.569331969545
196.49 0.550859556261
196.56 0.550385827864
196.63 0.53355637298
196.7 0.666143111397
196.77 0.826858407198
196.84 0.581631102927
196.91 0.513909317474
196.98 0.552143284752
197.05 0.518668853426
197.12 0.542815889272
197.19 0.528908720207
197.26 0.518564353196
197.33 0.43928573687
197.4 0.380292934547
197.47 0.449341731674
197.54 0.601605724392
197.61 0.677155359533
197.68 0.522193172446
197.75 0.436485518575
197.82 0.375357634858
197.89 0.62530449102
197.96 0.765994280627
198.03 0.459990791626
198.1 0.314154480035
198.17 0.220877880783
198.24 0.252540846247
198.31 0.768099356039
198.38 0.742977965967
198.45 0.7203144018
198.52 0.640207395268
198.59 0.596231199766
198.66 0.595916842627
198.73 0.722793460689
198.8 0.661755082618
198.87 0.469069358405
198.94 0.398864606234
199.01 0.273437024772
199.08 0.390185950693
199.15 0.473816688838
199.22 0.385204152774
199.29 0.411640467826
199.36 0.322727851763
199.43 0.217023371528
199.5 0.562064496455
199.57 0.877977023027
199.64 0.726616697225
199.71 0.597900181212
199.78 0.590697561713
199.85 0.592011310759
199.92 0.839627838697
199.99 0.758953926825
200.06 0.564821918083
200.13 0.726200144645
200.2 0.600113851891
200.27 0.538255060697
200.34 0.772437600917
200.41 0.900016641678
200.48 0.657532590634
200.55 0.44987943143
200.62 0.393726518703
200.69 0.576254544795
200.76 0.835279758107
200.83 0.686593810889
200.9 0.726573397226
200.97 0.519939137685
201.04 0.41631096335
201.11 0.592957957065
201.18 0.651523522496
201.25 0.60256883268
201.32 0.505494745291
201.39 0.502852206655
201.46 0.491097620139
201.53 0.764542876462
201.6 0.795592122231
201.67 0.814177489255
201.74 0.735452168129
201.81 0.567238388935
201.88 0.496924775819
201.95 0.832766415475
202.02 0.825182473269
202.09 0.677643452509
202.16 0.592172767089
202.23 0.535430809143
202.3 0.430014423106
202.37 0.67023495119
202.44 0.498627936755
202.51 0.546331064242
202.58 0.407089050102
202.65 0.28750623197
202.72 0.436910745503
202.79 0.651711468211
202.86 0.569305079961
202.93 0.496765772251
203.0 0.401768915592
203.07 0.338748736958
203.14 0.60578058593
203.21 0.745172353091
203.28 0.542929344102
203.35 0.572572583108
203.42 0.566097114593
203.49 0.63349773055
203.56 0.82794543267
203.63 0.762774629886
203.7 0.610471821195
203.77 0.502882707001
203.84 0.441878746074
203.91 0.68237966592
203.98 0.607993326173
204.05 0.629432673845
204.12 0.598554269473
204.19 0.519395499957
204.26 0.456993917395
204.33 0.694402642702
204.4 0.681199471352
204.47 0.318746987134
204.54 0.19633514308
204.61 0.195274327862
204.68 0.454540685376
204.75 0.846200233922
204.82 0.740646281325
204.89 0.654715392452
204.96 0.606598606825
205.03 0.734662300192
205.1 0.854059744198
205.17 0.89292506012
205.24 0.663499947239
205.31 0.527532379761
205.38 0.468175748038
205.45 0.482288785471
205.52 0.75969785255
205.59 0.62589587578
205.66 0.303268191557
205.73 0.481366359631
205.8 0.310278315176
205.87 0.627116036474
205.94 0.660724147829
206.01 0.649753713237
206.08 0.533325344742
206.15 0.480869341202
206.22 0.498737825663
206.29 0.883770943105
206.36 0.779205720522
206.43 0.597852385977
206.5 0.631735121516
206.57 0.488934914902
206.64 0.673717549709
206.71 0.62656418513
206.78 0.677540484695
206.85 0.58111200291
206.92 0.500078017011
206.99 0.464060786365
207.06 0.841569684346
207.13 0.683610416762
207.2 0.688869487803
207.27 0.513836917266
207.34 0.507463551148
207.41 0.598091476495
207.48 0.848275832467
207.55 0.883569733641
207.62 0.448833081681
207.69 0.257177469437
207.76 0.237656159476
207.83 0.766314899708
207.9 0.957298610897
207.97 0.710455391387
208.04 0.541063217961
208.11 0.615919529612
208.18 0.665273764096
208.25 0.863355799698
208.32 0.528848597263
208.39 0.488148619613
208.46 0.52157646639
208.53 0.467378670909
208.6 0.70449844669
208.67 0.880607350539
208.74 0.679446879632
208.81 0.705811784326
208.88 0.592891976862
208.95 0.49503990757
209.02 0.830809261361
209.09 0.618459742771
209.16 0.614615201506
209.23 0.527746851854
209.3 0.532376291634
209.37 0.671773891393
209.44 0.735149986242
209.51 0.580538664114
209.58 0.606195084825
209.65 0.625834549996
209.72 0.612069919156
209.79 0.787747741059
209.86 0.786466836384
209.93 0.575481093999
210.0 0.580915037577
210.07 0.537275349182
210.14 0.607301073244
210.21 0.822386328712
210.28 0.592476853566
210.35 0.445080453984
210.42 0.587349853911
210.49 0.599481362063
210.56 0.807957718969
210.63 0.71917638174
210.7 0.410640957093
210.77 0.232675499378
210.84 0.184496149255
210.91 0.277521660977
210.98 0.716037465891
211.05 0.830743355144
211.12 0.688756961166
211.19 0.675007672421
211.26 0.616841635965
211.33 0.795209441985
211.4 0.674110789837
211.47 0.529201772617
211.54 0.432311621103
211.61 0.435512678829
211.68 0.594391013716
211.75 0.793171907218
211.82 0.603940504134
211.89 0.575473465549
211.96 0.622243390961
212.03 0.565548557888
212.1 0.728513758662
212.17 0.603059980398
212.24 0.587481380488
212.31 0.588802871204
212.38 0.561017808161
212.45 0.584613540836
212.52 0.704555208857
212.59 0.552752469975
212.66 0.512631201863
212.73 0.445858144426
212.8 0.358478454366
212.87 0.69548650021
212.94 0.628605708439
213.01 0.51915629958
213.08 0.384782601626
213.15 0.615816390284
213.22 0.336732279355
213.29 0.823616077374
213.36 0.636862639076
213.43 0.27911694409
213.5 0.687652650894
213.57 0.58514603688
213.64 0.561027471237
213.71 0.713718028245
213.78 0.848724110652
213.85 0.783208859551
213.92 0.685983752402
213.99 0.652098978874
214.06 0.824630998584
214.13 0.728538992519
214.2 0.4931998325
214.27 0.373373779489
214.34 0.228430521124
214.41 0.157460047498
214.48 0.507870447377
214.55 0.501834253122
214.62 0.424939182564
214.69 0.642739379118
214.76 0.276738939457
214.83 0.775479268328
214.9 0.727152466608
214.97 0.415371056535
215.04 0.804020170033
215.11 0.465226608508
215.18 0.15256627998
215.25 0.798889912733
215.32 0.819931684225
215.39 0.750815677151
215.46 0.725959375981
215.53 0.676886722646
215.6 0.505260560298
215.67 0.559337178336
215.74 0.59326548167
215.81 0.407712940689
215.88 0.492300608133
215.95 0.614888056741
216.02 0.323882559126
216.09 0.36263324316
216.16 0.719894823624
216.23 0.451652644065
216.3 0.572616389802
216.37 0.519457010707
216.44 0.519673779742
216.51 0.663379400922
216.58 0.436763786029
216.65 0.655148124519
216.72 0.539299055212
216.79 0.443721660653
216.86 0.524380588031
216.93 0.41851790911
217.0 0.595859641026
217.07 0.386220820512
217.14 0.71669592944
217.21 1.0
217.28 0.625827619934
217.35 0.384106251296
217.42 0.365662286916
217.49 0.79899497795
217.56 0.635117937001
217.63 0.353574037286
217.7 0.245153155294
217.77 0.407633804353
217.84 0.963788068453
217.91 0.626607417869
217.98 0.843289824046
218.05 0.680784647364
218.12 0.524002582382
218.19 0.801518983596
218.26 0.431854658479
218.33 0.546899308064
218.4 0.693434743232
218.47 0.288046829528
218.54 0.732008712916
218.61 0.878130949557
218.68 0.797212796142
218.75 0.726931350309
218.82 0.712380917423
218.89 0.759890957138
218.96 0.713023049028
219.03 0.722157865673
219.1 0.643404217832
219.17 0.648948419129
219.24 0.69137527373
219.31 0.640504333087
219.38 0.619524072345
219.45 0.573957667405
219.52 0.600162104496
219.59 0.633572419853
219.66 0.631031784075
219.73 0.71454308794
219.8 0.58880325571
219.87 0.605852541098
219.94 0.600078147832
220.01 0.566983867762
220.08 0.605750470089
220.15 0.57597497361
220.22 0.535576565777
220.29 0.546972447014
220.36 0.575084226294
220.43 0.359712638851
220.5 0.212461730224
220.57 0.102349590144
220.64 0.075586914214
220.71 0.0533881675627
220.78 0.0416808841591
220.85 0.0329438409924
220.92 0.0379470097808
220.99 0.0326576726839
221.06 0.0186666691448
221.13 0.012101718524
221.2 0.0101472178322
221.27 0.00792583014455
221.34 0.00692928671554
221.41 0.00515437687706
221.48 0.00398206410605
221.55 0.00329865031384
221.62 0.00290505931137
