0.0 0.17635122973
0.07 0.691627106797
0.14 0.602664999801
0.21 0.640979259223
0.28 0.553362936306
0.35 0.614817621962
0.42 0.487133920341
0.49 0.481052998913
0.56 0.287581476877
0.63 0.419611612773
0.7 0.573671048393
0.77 0.621091428393
0.84 0.529280437209
0.91 0.514092362827
0.98 0.320766293832
1.05 0.384862376015
1.12 0.420446437195
1.19 0.290212381579
1.26 0.428495692383
1.33 0.34711483925
1.4 0.340609166935
1.47 0.334497050131
1.54 0.343042183476
1.61 0.294585302846
1.68 0.651461881747
1.75 0.565071268455
1.82 0.552436199702
1.89 0.426837308981
1.96 0.409091031075
2.03 0.32511623872
2.1 0.460616290599
2.17 0.239700511591
2.24 0.308133831362
2.31 0.637294354177
2.38 0.601185072141
2.45 0.55261781126
2.52 0.545537590768
2.59 0.543558166297
2.66 0.538175888965
2.73 0.586616190216
2.8 0.348743898625
2.87 0.52530617198
2.94 0.724088006439
3.01 0.559036085039
3.08 0.40961938374
3.15 0.329779459179
3.22 0.238902384551
3.29 0.520050335422
3.36 0.816836288742
3.43 0.767974757889
3.5 0.649951390941
3.57 0.62086190603
3.64 0.571493686411
3.71 0.351565542214
3.78 0.508685894007
3.85 0.490156487864
3.92 0.457978503388
3.99 0.396387409323
4.06 0.283853091976
4.13 0.511329277926
4.2 0.532330470747
4.27 0.564039949714
4.34 0.493115038709
4.41 0.383163263094
4.48 0.350987884902
4.55 0.74044713585
4.62 0.532215815605
4.69 0.443627044747
4.76 0.34186389781
4.83 0.174633699427
4.9 0.446013980485
4.97 0.748479507547
5.04 0.625370971609
5.11 0.58558961854
5.18 0.565379188739
5.25 0.397500613924
5.32 0.374281833785
5.39 0.636052483992
5.46 0.542694894169
5.53 0.505825373575
5.6 0.38586678761
5.67 0.258303504567
5.74 0.486752058427
5.81 0.566659231511
5.88 0.522235292173
5.95 0.405387117764
6.02 0.293459835107
6.09 0.147948998095
6.16 0.516788204541
6.23 0.48098011767
6.3 0.421652678388
6.37 0.377774483391
6.44 0.229187920806
6.51 0.153340989636
6.58 0.589390748634
6.65 0.633296671075
6.72 0.548306607165
6.79 0.895762512119
6.86 0.890917242609
6.93 0.74024330819
7.0 0.681856263826
7.07 0.555447728532
7.14 0.477145624743
7.21 0.42210559021
7.28 0.221417257874
7.35 0.53915625846
7.42 0.54479993778
7.49 0.550245695594
7.56 0.573258682023
7.63 0.421578069848
7.7 0.386178582641
7.77 0.417252849976
7.84 0.413797007125
7.91 0.34895269343
7.98 0.319682149161
8.05 0.226893793578
8.12 0.171497921289
8.19 0.4264630325
8.26 0.495694763414
8.33 0.436411856371
8.4 0.389918995928
8.47 0.360778893893
8.54 0.216863171879
8.61 0.462498315552
8.68 0.430539747087
8.75 0.368540361471
8.82 0.358224879897
8.89 0.252587697613
8.96 0.228522691561
9.03 0.360282614256
9.1 0.34683711531
9.17 0.28718497896
9.24 0.25618152278
9.31 0.238178067093
9.38 0.271764008985
9.45 0.491910631518
9.52 0.443392804664
9.59 0.417545036523
9.66 0.398378707457
9.73 0.35372403865
9.8 0.632412401957
9.87 0.815799206567
9.94 0.681561753765
10.01 0.655587978342
10.08 0.554813351871
10.15 0.548618921052
10.22 0.410344542839
10.29 0.565970907178
10.36 0.558000691479
10.43 0.53002630786
10.5 0.464150526036
10.57 0.281401528672
10.64 0.602405082355
10.71 0.647878823172
10.78 0.567210380489
10.85 0.473791980492
10.92 0.371239513726
10.99 0.3967793149
11.06 0.635542934183
11.13 0.597012958765
11.2 0.492244347876
11.27 0.459882176235
11.34 0.150986988575
11.41 0.273066074454
11.48 0.682484408881
11.55 0.734681824176
11.62 0.605092115524
11.69 0.543072527874
11.76 0.447842903408
11.83 0.404516560312
11.9 0.58271141566
11.97 0.561054641112
12.04 0.557841750854
12.11 0.517426082479
12.18 0.367509380187
12.25 0.486480216633
12.32 0.574991355181
12.39 0.537804905685
12.46 0.532950198066
12.53 0.228773791126
12.6 0.110952617909
12.67 0.458482815287
12.74 0.506329552092
12.81 0.461869334192
12.88 0.31762393596
12.95 0.212229947691
13.02 0.180290820982
13.09 0.674343401569
13.16 0.662379977733
13.23 0.469229044602
13.3 0.830274135564
13.37 0.836820966888
13.44 0.819112277356
13.51 0.862308994516
13.58 0.663947119864
13.65 0.582826346903
13.72 0.489514432403
13.79 0.222014627707
13.86 0.454913217621
13.93 0.600446376106
14.0 0.566500334902
14.07 0.527358747125
14.14 0.480552452387
14.21 0.412381733707
14.28 0.464276772073
14.35 0.502788150042
14.42 0.412040127806
14.49 0.373252846561
14.56 0.284896480451
14.63 0.227450297843
14.7 0.335224135265
14.77 0.39160460259
14.84 0.468620063868
14.91 0.447527062902
14.98 0.42251382174
15.05 0.403965566057
15.12 0.483151390765
15.19 0.512215236994
15.26 0.479299004646
15.33 0.50940607529
15.4 0.442897630764
15.47 0.375743490783
15.54 0.490127634676
15.61 0.498685831451
15.68 0.470726199878
15.75 0.402250413954
15.82 0.363670785764
15.89 0.4402041219
15.96 0.531473834372
16.03 0.527245877967
16.1 0.504964563678
16.17 0.423971618664
16.24 0.132679914173
16.31 0.518003839827
16.38 0.74661469287
16.45 0.778787699531
16.52 0.753990807928
16.59 0.575785251345
16.66 0.438910774277
16.73 0.538159845782
16.8 0.690310394653
16.87 0.605902137567
16.94 0.633753181543
17.01 0.455895173028
17.08 0.289731011379
17.15 0.71645982613
17.22 0.775786634516
17.29 0.600330764614
17.36 0.659390195499
17.43 0.522608201489
17.5 0.589455861711
17.57 0.611979992544
17.64 0.551757528222
17.71 0.497727644711
17.78 0.423245120411
17.85 0.155631407512
17.92 0.343716235938
17.99 0.637903988482
18.06 0.564767070862
18.13 0.694927200854
18.2 0.550426812305
18.27 0.389727392726
18.34 0.422407397599
18.41 0.611054704468
18.48 0.55474557649
18.55 0.52481368706
18.62 0.448661452561
18.69 0.311373890194
18.76 0.476389566377
18.83 0.614527844294
18.9 0.55028695864
18.97 0.499314088547
19.04 0.379050208589
19.11 0.192203743736
19.18 0.51554803631
19.25 0.494787088428
19.32 0.431337714069
19.39 0.318675290007
19.46 0.268865526711
19.53 0.383901205521
19.6 0.68656334828
19.67 0.639102700263
19.74 0.670903328468
19.81 0.937347496222
19.88 0.813908833236
19.95 0.769422411114
20.02 0.777228453613
20.09 0.660922374213
20.16 0.605868007789
20.23 0.583075811205
20.3 0.19926835587
20.37 0.513449234975
20.44 0.56777675502
20.51 0.561586461709
20.58 0.423868530406
20.65 0.284372554733
20.72 0.19506365728
20.79 0.460290255709
20.86 0.592571591206
20.93 0.492999775345
21.0 0.275508002245
21.07 0.0964004194009
21.14 0.196509069687
21.21 0.800799854336
21.28 0.834323136046
21.35 0.773967235065
21.42 0.814689295167
21.49 0.790886080579
21.56 0.758480362392
21.63 0.740856917278
21.7 0.671261188297
21.77 0.721790344588
21.84 0.828394252726
21.91 0.797272553428
21.98 0.76926705713
22.05 0.714747241631
22.12 0.635291462483
22.19 0.451194773678
22.26 0.304091616021
22.33 0.142158678636
22.4 0.496593723223
22.47 0.641648647318
22.54 0.68263898925
22.61 0.511123176103
22.68 0.392567869849
22.75 0.396564940728
22.82 0.554189318982
22.89 0.73533225069
22.96 0.80770031728
23.03 0.729541731157
23.1 0.663215276995
23.17 0.659738189063
23.24 0.630927432458
23.31 0.531819453737
23.38 0.42128221263
23.45 0.723333560661
23.52 0.775719792808
23.59 0.689053388282
23.66 0.643152589069
23.73 0.651615620475
23.8 0.737683081261
23.87 0.482069784354
23.94 0.400141717011
24.01 0.486828701042
24.08 0.572354651031
24.15 0.522041553526
24.22 0.482472376494
24.29 0.589244309902
24.36 0.424718508353
24.43 0.699190851608
24.5 0.901677670435
24.57 0.808329338654
24.64 0.729066469852
24.71 0.642511493958
24.78 0.556888994095
24.85 0.371227261258
24.92 0.201562499104
24.99 0.114846096345
25.06 0.0842697145656
25.13 0.070664910862
25.2 0.134323644231
25.27 0.751089085805
25.34 0.726921762444
25.41 0.664164517805
25.48 0.563230721293
25.55 0.508444177864
25.62 0.46025616061
25.69 0.528824868418
25.76 0.367059825589
25.83 0.29721137912
25.9 0.244882474544
25.97 0.199312299895
26.04 0.344659972074
26.11 0.532317348629
26.18 0.417557449049
26.25 0.288041635342
26.32 0.265364783486
26.39 0.297520837298
26.46 0.343321313261
26.53 0.482305360924
26.6 0.4500656326
26.67 0.40391677093
26.74 0.463240627572
26.81 0.411328828428
26.88 0.424972342248
26.95 0.425433458395
27.02 0.369370501518
27.09 0.359963930047
27.16 0.48109484884
27.23 0.654525196128
27.3 0.723828974648
27.37 0.657132836346
27.44 0.561936030513
27.51 0.489761614539
27.58 0.407114867794
27.65 0.305398802024
27.72 0.706510558097
27.79 0.6153431576
27.86 0.545451160584
27.93 0.51111478371
28.0 0.377817348355
28.07 0.374521505182
28.14 0.559877733282
28.21 0.538487551947
28.28 0.465116560971
28.35 0.411807124174
28.42 0.584453872386
28.49 0.589094932764
28.56 0.578314851105
28.63 0.522219951913
28.7 0.441375167593
28.77 0.486393895822
28.84 0.550148380107
28.91 0.517461037892
28.98 0.478787250033
29.05 0.386206760916
29.12 0.346787941379
29.19 0.330754066573
29.26 0.415669292526
29.33 0.615251484171
29.4 0.732445890169
29.47 0.543249445721
29.54 0.444951931872
29.61 0.379235047991
29.68 0.245680778982
29.75 0.586909026333
29.82 0.683654207452
29.89 0.559474260821
29.96 0.517395651382
30.03 0.482421084457
30.1 0.433117935232
30.17 0.68443552703
30.24 0.537352431355
30.31 0.491844674133
30.38 0.430078232128
30.45 0.389795384186
30.52 0.417144353079
30.59 0.623742903262
30.66 0.561793555893
30.73 0.401547396263
30.8 0.330154135806
30.87 0.289846438803
30.94 0.443113091999
31.01 0.719493090887
31.08 0.721025765782
31.15 0.629959724914
31.22 0.492927408956
31.29 0.429531503428
31.36 0.373131926467
31.43 0.540588516738
31.5 0.488513551428
31.57 0.332183202379
31.64 0.56987535228
31.71 0.670332381604
31.78 0.463251998385
31.85 0.428053163013
31.92 0.381345234811
31.99 0.345014896165
32.06 0.44655016534
32.13 0.31157425259
32.2 0.328543340424
32.27 0.301874555563
32.34 0.258539854753
32.41 0.324462232235
32.48 0.433458500754
32.55 0.424252378377
32.62 0.661003486458
32.69 0.643298851737
32.76 0.478066301804
32.83 0.324883251094
32.9 0.155055729589
32.97 0.331265315668
33.04 0.596294456761
33.11 0.583576861915
33.18 0.492775709638
33.25 0.433974078094
33.32 0.362420355124
33.39 0.525895461533
33.46 0.608493669245
33.53 0.47679939849
33.6 0.428630046709
33.67 0.321509920998
33.74 0.279670828233
33.81 0.477912086902
33.88 0.586433054101
33.95 0.385812929304
34.02 0.257123152815
34.09 0.352021201705
34.16 0.237632106673
34.23 0.64418894698
34.3 0.682411771727
34.37 0.633490436399
34.44 0.5584788285
34.51 0.616016959304
34.58 0.406530057207
34.65 0.502444674125
34.72 0.414859808012
34.79 0.327309783937
34.86 0.293252260748
34.93 0.703728394238
35.0 0.568296357828
35.07 0.46117437544
35.14 0.427807199988
35.21 0.381222958222
35.28 0.429477071579
35.35 0.27066991402
35.42 0.333948487429
35.49 0.684528778367
35.56 0.769451419025
35.63 0.730512205044
35.7 0.694465617869
35.77 0.491961252644
35.84 0.623485161276
35.91 0.677465896197
35.98 0.593920505759
36.05 0.381749051397
36.12 0.322988141369
36.19 0.209454681014
36.26 0.457186718661
36.33 0.431581900445
36.4 0.358147711757
36.47 0.336418071971
36.54 0.535606351975
36.61 0.491708307073
36.68 0.576254969295
36.75 0.578006309261
36.82 0.568077798129
36.89 0.561092640302
36.96 0.691934024048
37.03 0.626341025343
37.1 0.587977834744
37.17 0.537653983984
37.24 0.495675230959
37.31 0.511446934163
37.38 0.541185469085
37.45 0.560160703134
37.52 0.614201845417
37.59 0.578639144026
37.66 0.558981182351
37.73 0.552256258085
37.8 0.661020295254
37.87 0.499683184472
37.94 0.549765943317
38.01 0.504015949763
38.08 0.479137660478
38.15 0.46071700199
38.22 0.497990812676
38.29 0.519470007803
38.36 0.637118115244
38.43 0.528654502293
38.5 0.242051656944
38.57 0.424091537059
38.64 0.35388153208
38.71 0.583162641534
38.78 0.562997400212
38.85 0.436076531427
38.92 0.205996530655
38.99 0.129493642955
39.06 0.299898190875
39.13 0.59046399333
39.2 0.664752068057
39.27 0.606417437473
39.34 0.463558807598
39.41 0.413210654643
39.48 0.382326312564
39.55 0.526879536379
39.62 0.477524420205
39.69 0.274251630771
39.76 0.148297413146
39.83 0.0786569758618
39.9 0.394932184004
39.97 0.419438200204
40.04 0.425187728789
40.11 0.358893986555
40.18 0.291665654186
40.25 0.265077082575
40.32 0.442192816418
40.39 0.403194398181
40.46 0.390061805338
40.53 0.348140772026
40.6 0.381350931555
40.67 0.421862537581
40.74 0.471241887925
40.81 0.442179658286
40.88 0.442313883232
40.95 0.461229452857
41.02 0.508299015597
41.09 0.55099931307
41.16 0.561934065797
41.23 0.493761973283
41.3 0.412186438492
41.37 0.411143806293
41.44 0.40213704328
41.51 0.474544158776
41.58 0.589201847751
41.65 0.513781144007
41.72 0.471375856777
41.79 0.474873629585
41.86 0.486627164884
41.93 0.50895166292
42.0 0.485652262716
42.07 0.41244741099
42.14 0.330746385105
42.21 0.287855255378
42.28 0.250294868191
42.35 0.494619919469
42.42 0.688538047027
42.49 0.668135856634
42.56 0.611014192362
42.63 0.310859920106
42.7 0.266962272683
42.77 0.594240375734
42.84 0.699374242482
42.91 0.635283810359
42.98 0.488174234362
43.05 0.332343012654
43.12 0.288309062194
43.19 0.522504482334
43.26 0.586506857014
43.33 0.574530627175
43.4 0.261551989138
43.47 0.573548806484
43.54 0.300335977182
43.61 0.393621323328
43.68 0.286460017267
43.75 0.207118530463
43.82 0.414291736863
43.89 0.614698402488
43.96 0.514784867351
44.03 0.737861625034
44.1 0.72808906277
44.17 0.560148362634
44.24 0.635915667435
44.31 0.757513712567
44.38 0.70121562995
44.45 0.616270323694
44.52 0.665618985515
44.59 0.679266626173
44.66 0.667557945897
44.73 0.707524595869
44.8 0.843678452827
44.87 0.789275243849
44.94 0.796731033294
45.01 0.742724694369
45.08 0.75061366044
45.15 0.751733284715
45.22 0.61171257503
45.29 0.453402605438
45.36 0.37848123311
45.43 0.326363410839
45.5 0.32207078952
45.57 0.304824858067
45.64 0.52576553949
45.71 0.786316570292
45.78 0.889108258957
45.85 0.722392044
45.92 0.342424270152
45.99 0.331161608518
46.06 0.572501525923
46.13 0.558445070857
46.2 0.568005990611
46.27 0.475474423333
46.34 0.454046160112
46.41 0.410471547818
46.48 0.55005221304
46.55 0.608771118418
46.62 0.425629616592
46.69 0.290147671316
46.76 0.483122452213
46.83 0.40574346504
46.9 0.348555520599
46.97 0.27128454348
47.04 0.26020305191
47.11 0.539838471231
47.18 0.621592881916
47.25 0.737598365036
47.32 0.686265999851
47.39 0.644426432247
47.46 0.693968930084
47.53 0.762741474888
47.6 0.704360938231
47.67 0.691136458547
47.74 0.396237333264
47.81 0.320067180231
47.88 0.397056860108
47.95 0.529008191267
48.02 0.486314863003
48.09 0.484094317273
48.16 0.45628446165
48.23 0.478399831427
48.3 0.364496358812
48.37 0.484733871822
48.44 0.5568239237
48.51 0.753815397297
48.58 0.737405997555
48.65 0.680538197856
48.72 0.307286557067
48.79 0.255141076711
48.86 0.493919649447
48.93 0.592925852388
49.0 0.480316858477
49.07 0.433998741755
49.14 0.216741999693
49.21 0.110540603666
49.28 0.460026998378
49.35 0.278634126196
49.42 0.137026941998
49.49 0.381837290241
49.56 0.40793476944
49.63 0.361656527258
49.7 0.576529672133
49.77 0.42324586735
49.84 0.356068038731
49.91 0.472372601577
49.98 0.455163466208
50.05 0.433398949705
50.12 0.398506163267
50.19 0.290973539138
50.26 0.291038297419
50.33 0.434418272071
50.4 0.378715243776
50.47 0.498436768629
50.54 0.520711048353
50.61 0.443191637975
50.68 0.381592793084
50.75 0.370894133115
50.82 0.322761353337
50.89 0.359683810567
50.96 0.332467820832
51.03 0.113389526535
51.1 0.335644320487
51.17 0.46907012932
51.24 0.422140650996
51.31 0.411456301579
51.38 0.326735401153
51.45 0.310576483417
51.52 0.519011563297
51.59 0.506732669757
51.66 0.404366908408
51.73 0.521907415279
51.8 0.367260890908
51.87 0.279720159555
51.94 0.405172467491
52.01 0.362247087941
52.08 0.442750361062
52.15 0.592151231254
52.22 0.442457343545
52.29 0.425140484895
52.36 0.414257661771
52.43 0.375418590974
52.5 0.403905022646
52.57 0.433769308758
52.64 0.229516129822
52.71 0.266713755393
52.78 0.390976848344
52.85 0.353532426111
52.92 0.423126738576
52.99 0.396464801545
53.06 0.335885828554
53.13 0.362470058582
53.2 0.404663120422
53.27 0.371802213583
53.34 0.4717079232
53.41 0.316915165505
53.48 0.312497651977
53.55 0.471349561856
53.62 0.533579827663
53.69 0.487185593851
53.76 0.610108247339
53.83 0.421709981951
53.9 0.371995580095
53.97 0.348668183015
54.04 0.290022174886
54.11 0.346930956196
54.18 0.409078354452
54.25 0.230487227936
54.32 0.199113947565
54.39 0.411894138571
54.46 0.377436894955
54.53 0.372721248712
54.6 0.331226270764
54.67 0.293044675718
54.74 0.342221033374
54.81 0.369108694049
54.88 0.338937856152
54.95 0.438342471043
55.02 0.312748266031
55.09 0.250433066586
55.16 0.325298325119
55.23 0.416220841651
55.3 0.367325290392
55.37 0.52445020785
55.44 0.407199330593
55.51 0.407849669075
55.58 0.429712115955
55.65 0.45295674552
55.72 0.370568300966
55.79 0.391071428167
55.86 0.323605503826
55.93 0.154689453358
56.0 0.378462116806
56.07 0.445666645828
56.14 0.370707769157
56.21 0.518882927056
56.28 0.376186756421
56.35 0.290117336254
56.42 0.418814228671
56.49 0.483154066407
56.56 0.494696143264
56.63 0.464226697813
56.7 0.328114538727
56.77 0.326674180162
56.84 0.49178117898
56.91 0.438095220883
56.98 0.487267846511
57.05 0.492503659768
57.12 0.45888973167
57.19 0.457501542796
57.26 0.442877227324
57.33 0.3629870391
57.4 0.427910042823
57.47 0.375354646323
57.54 0.181966545374
57.61 0.357985970111
57.68 0.432170264327
57.75 0.395374976136
57.82 0.498736954093
57.89 0.429147536746
57.96 0.372836890882
58.03 0.3948024607
58.1 0.495923704232
58.17 0.44553928872
58.24 0.514745819779
58.31 0.403884269745
58.38 0.339899206712
58.45 0.505239233171
58.52 0.430541035557
58.59 0.319700835976
58.66 0.660543662782
58.73 0.739961412062
58.8 0.599918817063
58.87 0.332407951001
58.94 0.185184958979
59.01 0.126293187899
59.08 0.0975840590191
59.15 0.0828250811086
59.22 0.0764641655795
59.29 0.0607775667423
59.36 0.0534957767466
59.43 0.395584205766
59.5 0.753743625792
59.57 0.847937131101
59.64 0.660001318347
59.71 0.473009732576
59.78 0.448264569169
59.85 0.548761280964
59.92 0.701327824196
59.99 0.617196106618
60.06 0.405215161726
60.13 0.268311437994
60.2 0.237796856083
60.27 0.48721766688
60.34 0.728875649602
60.41 0.76413151377
60.48 0.630306606072
60.55 0.516613902315
60.62 0.424639544892
60.69 0.441871023075
60.76 0.598330451193
60.83 0.55721969602
60.9 0.256684388818
60.97 0.455864380466
61.04 0.663126840746
61.11 0.33281644796
61.18 0.287500498015
61.25 0.269749623766
61.32 0.415190726016
61.39 0.70474049397
61.46 0.753439172106
61.53 0.732246808239
61.6 0.649362437511
61.67 0.586772761977
61.74 0.649053222088
61.81 0.645988681926
61.88 0.610154838996
61.95 0.592026837893
62.02 0.671691761306
62.09 0.484779975301
62.16 0.298614830893
62.23 0.2563234492
62.3 0.30798504644
62.37 0.316793726555
62.44 0.2942425672
62.51 0.238025584823
62.58 0.249575516544
62.65 0.215365847207
62.72 0.438609233652
62.79 0.446624927268
62.86 0.411597333006
62.93 0.3740532571
63.0 0.498727744068
63.07 0.606328172923
63.14 0.667943893301
63.21 0.581559914428
63.28 0.562717487474
63.35 0.530609823307
63.42 0.452045234468
63.49 0.472839730584
63.56 0.570927794723
63.63 0.594687023939
63.7 0.478651623243
63.77 0.454618108675
63.84 0.618790185237
63.91 0.504295211597
63.98 0.493595879383
64.05 0.455681667172
64.12 0.401255091006
64.19 0.458495889388
64.26 0.463691745407
64.33 0.417345305023
64.4 0.549518188973
64.47 0.516137045761
64.54 0.45362812234
64.61 0.606875544524
64.68 0.61924800685
64.75 0.682689655725
64.82 0.717161524674
64.89 0.581690622091
64.96 0.461310270328
65.03 0.442919693476
65.1 0.321108537298
65.17 0.724775714547
65.24 0.697449395247
65.31 0.640050648603
65.38 0.645731440122
65.45 0.648322591661
65.52 0.679830669186
65.59 0.674408993488
65.66 0.621057307951
65.73 0.53052192859
65.8 0.563272636578
65.87 0.571023979131
65.94 0.542701847371
66.01 0.757237131711
66.08 0.681470016313
66.15 0.60978142683
66.22 0.629145181221
66.29 0.702864551235
66.36 0.541783048328
66.43 0.588583611643
66.5 0.55198912334
66.57 0.571932710503
66.64 0.624292481001
66.71 0.639382020785
66.78 0.568766154474
66.85 0.482239283496
66.92 0.458011451402
66.99 0.39063121164
67.06 0.28187925621
67.13 0.234192869877
67.2 0.50090541683
67.27 0.534496348542
67.34 0.457466502018
67.41 0.401650886001
67.48 0.39189055353
67.55 0.263211571644
67.62 0.443404558284
67.69 0.373021869001
67.76 0.31100284289
67.83 0.405067793321
67.9 0.476243530458
67.97 0.320750788177
68.04 0.527096868964
68.11 0.500786169346
68.18 0.440239614843
68.25 0.43021817916
68.32 0.339723037138
68.39 0.372401182666
68.46 0.36720062093
68.53 0.392891534541
68.6 0.33356889701
68.67 0.318650979809
68.74 0.264122669212
68.81 0.450679556469
68.88 0.446975812553
68.95 0.351109845375
69.02 0.270321361586
69.09 0.22641009853
69.16 0.0950815024535
69.23 0.423019156679
69.3 0.424623374996
69.37 0.366174053256
69.44 0.267615348162
69.51 0.42131816574
69.58 0.383211191238
69.65 0.536147630687
69.72 0.391420943618
69.79 0.337997370534
69.86 0.325595672214
69.93 0.511120613836
70.0 0.392496985334
70.07 0.430772449276
70.14 0.486838637999
70.21 0.475084127677
70.28 0.531013910659
70.35 0.485030718735
70.42 0.399603947578
70.49 0.493026087606
70.56 0.389398510131
70.63 0.29706428148
70.7 0.344877423369
70.77 0.361395179957
70.84 0.235151807557
70.91 0.370707671788
70.98 0.383428719894
71.05 0.31891473999
71.12 0.453364487538
71.19 0.364240889655
71.26 0.457742917481
71.33 0.511210668007
71.4 0.437638906486
71.47 0.374960525272
71.54 0.60821471419
71.61 0.611715155971
71.68 0.545678291408
71.75 0.572111138234
71.82 0.538962679871
71.89 0.463263982756
71.96 0.424357719457
72.03 0.388934280849
72.1 0.623439802069
72.17 0.534942448547
72.24 0.483653405827
72.31 0.481247116365
72.38 0.506827513676
72.45 0.373705288879
72.52 0.528974426955
72.59 0.47086780218
72.66 0.42971746724
72.73 0.358104986844
72.8 0.294508354787
72.87 0.42008257251
72.94 0.503306653782
73.01 0.434813521533
73.08 0.39992878203
73.15 0.492551213108
73.22 0.559169346966
73.29 0.541259281334
73.36 0.483833304761
73.43 0.449231081611
73.5 0.417479205851
73.57 0.578233664166
73.64 0.626417876033
73.71 0.603824897428
73.78 0.56785425528
73.85 0.474802690384
73.92 0.366141253295
73.99 0.465942875623
74.06 0.447815325351
74.13 0.577820618881
74.2 0.717889400763
74.27 0.56745789608
74.34 0.312109993283
74.41 0.45317368196
74.48 0.328658657142
74.55 0.572827355405
74.62 0.744584653943
74.69 0.458260576914
74.76 0.403820638542
74.83 0.269145856934
74.9 0.314843546082
74.97 0.587328919448
75.04 0.711917737843
75.11 0.639446269547
75.18 0.46535127456
75.25 0.452192354783
75.32 0.515482425718
75.39 0.353091283914
75.46 0.294952746169
75.53 0.244826095318
75.6 0.505575731876
75.67 0.819559919256
75.74 0.884595034528
75.81 0.67623881007
75.88 0.630011254371
75.95 0.756336232528
76.02 0.851810150077
76.09 0.809237903299
76.16 0.632607150306
76.23 0.612571997754
76.3 0.631415989279
76.37 0.600304931194
76.44 0.623971968125
76.51 0.274795403727
76.58 0.45761639401
76.65 0.491729412103
76.72 0.465482978586
76.79 0.334456994191
76.86 0.538087423373
76.93 0.342892724975
77.0 0.384763386585
77.07 0.306400401928
77.14 0.277919728355
77.21 0.590309423632
77.28 0.745551366458
77.35 0.75168743733
77.42 0.801239592021
77.49 0.862673914252
77.56 0.756663904015
77.63 0.659948963256
77.7 0.639154728569
77.77 0.685317484638
77.84 0.585181080232
77.91 0.458766996248
77.98 0.41305317455
78.05 0.492665514789
78.12 0.282947528426
78.19 0.53980460955
78.26 0.768735907444
78.33 0.6881716881
78.4 0.577322381197
78.47 0.584052225924
78.54 0.415214677416
78.61 0.769349515199
78.68 0.764215853858
78.75 0.469178391464
78.82 0.421301650384
78.89 0.343259173268
78.96 0.302340705546
79.03 0.567140198897
79.1 0.581815280882
79.17 0.318738651778
79.24 0.282267616494
79.31 0.250089714715
79.38 0.443847683871
79.45 0.709168900804
79.52 0.800354659995
79.59 0.728772969493
79.66 0.79310058944
79.73 0.833830831192
79.8 0.756745664496
79.87 0.487088869246
79.94 0.331313837362
80.01 0.242557493398
80.08 0.627205215139
80.15 0.827588661631
80.22 0.735564564737
80.29 0.660877918002
80.36 0.764073172496
80.43 0.800836079546
80.5 0.636013301704
80.57 0.459054110278
80.64 0.682414704797
80.71 0.841008585918
80.78 0.399090369634
80.85 0.254725530514
80.92 0.117839586598
80.99 0.222954691838
81.06 0.787794719971
81.13 0.79371186301
81.2 0.461662473426
81.27 0.398427745339
81.34 0.367867497443
81.41 0.433322709904
81.48 0.670751152977
81.55 0.673412061953
81.62 0.637563370942
81.69 0.597847412385
81.76 0.522499363134
81.83 0.482677271209
81.9 0.439291982619
81.97 0.382385184699
82.04 0.362790051268
82.11 0.374596393824
82.18 0.385730117773
82.25 0.384255725464
82.32 0.536220359875
82.39 0.513493187002
82.46 0.296640589646
82.53 0.564041104802
82.6 0.514617981162
82.67 0.364399071336
82.74 0.358517546618
82.81 0.303601713377
82.88 0.314332517067
82.95 0.74772554728
83.02 0.773942336653
83.09 0.617869372126
83.16 0.549778402527
83.23 0.588288733448
83.3 0.627791347541
83.37 0.619840174786
83.44 0.549498460445
83.51 0.596846052569
83.58 0.595081435762
83.65 0.533808936541
83.72 0.614129992549
83.79 0.558569843022
83.86 0.356582128862
83.93 0.31019567522
84.0 0.306632442542
84.07 0.272789739021
84.14 0.633479412379
84.21 0.716672268932
84.28 0.798005391326
84.35 0.805456993911
84.42 0.678321668257
84.49 0.641711343514
84.56 0.639769213976
84.63 0.620301205569
84.7 0.745929651067
84.77 0.83356733244
84.84 0.545368929265
84.91 0.307039449625
84.98 0.279161450487
85.05 0.175474265943
85.12 0.12235781952
85.19 0.0929402403018
85.26 0.278572858521
85.33 0.240123676566
85.4 0.104341595177
85.47 0.0606620406153
85.54 0.179588308809
85.61 0.683221228232
85.68 0.619038893263
85.75 0.603624329624
85.82 0.687515104675
85.89 0.658179199239
85.96 0.400540567787
86.03 0.317163477386
86.1 0.328665044804
86.17 0.556884460441
86.24 0.572006063918
86.31 0.396401722543
86.38 0.374076480235
86.45 0.452022347456
86.52 0.673272904542
86.59 0.713944464896
86.66 0.599123655105
86.73 0.611005115719
86.8 0.669503044517
86.87 0.520725928446
86.94 0.323358528432
87.01 0.35306578795
87.08 0.683710909462
87.15 0.741986139719
87.22 0.624192459194
87.29 0.655279109712
87.36 0.72039740865
87.43 0.700384345486
87.5 0.577901252285
87.57 0.350050912565
87.64 0.191883133491
87.71 0.122682544599
87.78 0.0980381792822
87.85 0.0885231615993
87.92 0.0886421183106
87.99 0.0366981154234
88.06 0.0319481353274
88.13 0.0356530036533
88.2 0.0820303699812
88.27 0.45955266141
88.34 0.416782893271
88.41 0.410330237622
88.48 0.393345353361
88.55 0.519681307521
88.62 0.371734548909
88.69 0.257668096864
88.76 0.246534703701
88.83 0.427915387439
88.9 0.434335253798
88.97 0.0888600737888
89.04 0.0754560246242
89.11 0.41471874724
89.18 0.350797940972
89.25 0.314261950001
89.32 0.261858280828
89.39 0.285080228789
89.46 0.382181798533
89.53 0.213949094584
89.6 0.167252945344
89.67 0.180316693083
89.74 0.384445562689
89.81 0.209577384425
89.88 0.105832995021
89.95 0.0823699618145
90.02 0.516115851366
90.09 0.480581438957
90.16 0.449792958502
90.23 0.422390847564
90.3 0.573578901458
90.37 0.416925607979
90.44 0.344649014745
90.51 0.292353677076
90.58 0.363221152471
90.65 0.554184429199
90.72 0.156104560048
90.79 0.116531313532
90.86 0.224457131708
90.93 0.553461606953
91.0 0.588965562922
91.07 0.498057423633
91.14 0.419380349776
91.21 0.582115746447
91.28 0.410161873561
91.35 0.329917953682
91.42 0.313673061928
91.49 0.414243563296
91.56 0.458534942295
91.63 0.152534866347
91.7 0.168849067375
91.77 0.398481290197
91.84 0.433729951739
91.91 0.429167406659
91.98 0.415517857305
92.05 0.40820670727
92.12 0.397320493576
92.19 0.279268313455
92.26 0.250858310986
92.33 0.255827848478
92.4 0.629643731019
92.47 0.271765333468
92.54 0.204059572337
92.61 0.174916346495
92.68 0.478689180939
92.75 0.475064157729
92.82 0.448622362306
92.89 0.449150980402
92.96 0.443349816989
93.03 0.407179165907
93.1 0.30877703124
93.17 0.261826882712
93.24 0.314219817304
93.31 0.500163110145
93.38 0.245163455671
93.45 0.196358564138
93.52 0.273521569886
93.59 0.436331125599
93.66 0.382502382102
93.73 0.343252185387
93.8 0.327762639739
93.87 0.485978454997
93.94 0.347512349537
94.01 0.290268938203
94.08 0.252826137894
94.15 0.486376653535
94.22 0.33840847111
94.29 0.153133312573
94.36 0.12005214008
94.43 0.628744237682
94.5 0.798297577873
94.57 0.624699640139
94.64 0.516341728399
94.71 0.500425268409
94.78 0.528952196182
94.85 0.426583072273
94.92 0.39258918162
94.99 0.366635620234
95.06 0.437418694185
95.13 0.293310139187
95.2 0.308700726082
95.27 0.308828788781
95.34 0.563441207381
95.41 0.433586574123
95.48 0.430043690198
95.55 0.355746086663
95.62 0.40291069206
95.69 0.339467578651
95.76 0.161193338355
95.83 0.0834450351769
95.9 0.259820469734
95.97 0.576959370158
96.04 0.462845162031
96.11 0.379248262143
96.18 0.459392360289
96.25 0.543209156363
96.32 0.410961210375
96.39 0.365660393948
96.46 0.377653723356
96.53 0.594472213608
96.6 0.564432235429
96.67 0.45935482927
96.74 0.364591372126
96.81 0.570873701665
96.88 0.67854552322
96.95 0.644061636556
97.02 0.433176241827
97.09 0.647028176981
97.16 0.857075964941
97.23 0.389000741084
97.3 0.211877331108
97.37 0.362295843053
97.44 0.279711724479
97.51 0.129580846754
97.58 0.0812502054916
97.65 0.196065417241
97.72 0.749424698881
97.79 0.864697177375
97.86 0.885024132333
97.93 0.672557839791
98.0 0.641937644702
98.07 0.614800889194
98.14 0.194254942379
98.21 0.122865273898
98.28 0.385992237356
98.35 0.203380988889
98.42 0.0967648602955
98.49 0.0571932743848
98.56 0.318824296342
98.63 0.70863091796
98.7 0.696490044083
98.77 0.629185543939
98.84 0.504848363972
98.91 0.481622659975
98.98 0.417359278119
99.05 0.419502767749
99.12 0.372186056219
99.19 0.493565639022
99.26 0.399238815765
99.33 0.292465456504
99.4 0.280879981155
99.47 0.398456630539
99.54 0.40497070325
99.61 0.253282632356
99.68 0.0994504142584
99.75 0.341327666271
99.82 0.453878524317
99.89 0.417104165091
99.96 0.420197661144
100.03 0.457071320581
100.1 0.549600941815
100.17 0.419518138688
100.24 0.365016280403
100.31 0.386427950907
100.38 0.538148410945
100.45 0.439768094902
100.52 0.283439383783
100.59 0.221909500039
100.66 0.575271838794
100.73 0.522462828479
100.8 0.501048997187
100.87 0.469362946763
100.94 0.519387377672
101.01 0.728809071991
101.08 0.720908378977
101.15 0.33580204867
101.22 0.521756799023
101.29 0.640260902606
101.36 0.571139558611
101.43 0.436295691345
101.5 0.525697127877
101.57 0.817553491606
101.64 0.531291753309
101.71 0.427320972017
101.78 0.425409253569
101.85 0.255088737625
101.92 0.0779125203936
101.99 0.0466914862061
102.06 0.0818287364548
102.13 0.478197676377
102.2 0.178462372899
102.27 0.10546402981
102.34 0.0912584577008
102.41 0.459775471992
102.48 0.565630983223
102.55 0.563062924105
102.62 0.503831299763
102.69 0.410930377799
102.76 0.1705527633
102.83 0.0927255019967
102.9 0.0656480441114
102.97 0.232987051505
103.04 0.681191003904
103.11 0.823566486931
103.18 0.735149075894
103.25 0.585180660078
103.32 0.725388421973
103.39 0.652521548158
103.46 0.476681419469
103.53 0.350275382419
103.6 0.258792598917
103.67 0.0826901465709
103.74 0.046306311084
103.81 0.0311895333673
103.88 0.483164894356
103.95 0.683489682124
104.02 0.634331588462
104.09 0.560446863484
104.16 0.462361609702
104.23 0.654024999063
104.3 0.500500863975
104.37 0.324775937295
104.44 0.290760071963
104.51 0.21761292928
104.58 0.145354594704
104.65 0.130272406934
104.72 0.132266760849
104.79 0.582982004998
104.86 0.524422253656
104.93 0.477374786974
105.0 0.381036584927
105.07 0.681033319737
105.14 0.659183436104
105.21 0.549177604778
105.28 0.450688425036
105.35 0.314448237931
105.42 0.154178274955
105.49 0.138458617396
105.56 0.131164984415
105.63 0.345228502057
105.7 0.723240546743
105.77 0.721358604486
105.84 0.660082410585
105.91 0.503276074632
105.98 0.661829195556
106.05 0.660704789537
106.12 0.52665967754
106.19 0.239937187228
106.26 0.587452187065
106.33 0.607238946373
106.4 0.384933815399
106.47 0.137069890993
106.54 0.0816118667059
106.61 0.0583912899118
106.68 0.0346469247833
106.75 0.0333090355842
106.82 0.418681727021
106.89 0.677281765053
106.96 0.686760194728
107.03 0.594797728308
107.1 0.517675646817
107.17 0.438990834138
107.24 0.311086573423
107.31 0.267726395322
107.38 0.272859453776
107.45 0.610591975733
107.52 0.600575152398
107.59 0.544768335589
107.66 0.475283636429
107.73 0.708035463492
107.8 0.793422742915
107.87 0.606455563376
107.94 0.404590061781
108.01 0.196538684486
108.08 0.0858978442686
108.15 0.0544284341766
108.22 0.0403221649452
108.29 0.0328581298266
108.36 0.0208406622836
108.43 0.0190910149356
108.5 0.0135558778627
108.57 0.0753914730853
108.64 0.637731418888
108.71 0.786749814943
108.78 0.715135673941
108.85 0.680286994253
108.92 0.614393421943
108.99 0.562744605363
109.06 0.524236112446
109.13 0.509185561546
109.2 0.589614739647
109.27 0.564260682205
109.34 0.57404538623
109.41 0.480518047841
109.48 0.52198760452
109.55 0.755859990865
109.62 0.690232678314
109.69 0.58637051663
109.76 0.448760572705
109.83 0.523377714095
109.9 0.537360613005
109.97 0.49936382535
110.04 0.700872738247
110.11 0.600831104398
110.18 0.661260462832
110.25 0.419128653994
110.32 0.432179914513
110.39 0.53781287259
110.46 0.694310105161
110.53 0.736972724894
110.6 0.810824364474
110.67 0.859681097578
110.74 0.807661407091
110.81 0.60287854167
110.88 0.323742416418
110.95 0.428344690653
111.02 0.725357383988
111.09 0.634969683812
111.16 0.633779236378
111.23 0.594758996851
111.3 0.744782754181
111.37 0.811096058215
111.44 0.769377021229
111.51 0.753788770254
111.58 0.49190203505
111.65 0.425604755526
111.72 0.368809632995
111.79 0.459760142402
111.86 0.558757499451
111.93 0.803334494601
112.0 0.576546999785
112.07 0.592511777395
112.14 0.58857642769
112.21 0.653787552477
112.28 0.546589466338
112.35 0.508862989252
112.42 0.416444219106
112.49 0.494010114435
112.56 0.45314018708
112.63 0.40461972193
112.7 0.449900989896
112.77 0.517637786344
112.84 0.429969484472
112.91 0.465326616235
112.98 0.375811186135
113.05 0.674054142757
113.12 0.864278059209
113.19 0.665139038501
113.26 0.622139836032
113.33 0.631865278447
113.4 0.66445768471
113.47 0.62414787627
113.54 0.709518448267
113.61 0.656155666684
113.68 0.732612340199
113.75 0.460236046609
113.82 0.464653320049
113.89 0.376113232277
113.96 0.640211197814
114.03 0.682934694413
114.1 0.501318764892
114.17 0.524872231075
114.24 0.574328925624
114.31 0.540166521523
114.38 0.64247539146
114.45 0.609478548384
114.52 0.658370545014
114.59 0.711213674437
114.66 0.525921020186
114.73 0.599721770543
114.8 0.603460213778
114.87 0.689194242311
114.94 0.692927434299
115.01 0.547283322021
115.08 0.323595906993
115.15 0.286253133826
115.22 0.165432136047
115.29 0.0674091236283
115.36 0.0644029060677
115.43 0.0465440497762
115.5 0.0871252518468
115.57 0.122506392364
115.64 0.567925647981
115.71 0.661435993506
115.78 0.624727819749
115.85 0.536960277688
115.92 0.415005695877
115.99 0.364109579105
116.06 0.293225557677
116.13 0.0906734977265
116.2 0.0880752529346
116.27 0.0486811864236
116.34 0.0690160469316
116.41 0.260615866444
116.48 0.708855754614
116.55 0.663203143237
116.62 0.579417077035
116.69 0.425957440134
116.76 0.411004628875
116.83 0.345464969619
116.9 0.236019394592
116.97 0.0560267930235
117.04 0.0683947283657
117.11 0.0441070531173
117.18 0.0763252189122
117.25 0.422701202069
117.32 0.710466567335
117.39 0.740530723663
117.46 0.670912577174
117.53 0.477337414679
117.6 0.423915767631
117.67 0.502611901772
117.74 0.258259211082
117.81 0.1292333347
117.88 0.274818478808
117.95 0.0771482390292
118.02 0.0693289650382
118.09 0.476317533443
118.16 0.505451526584
118.23 0.423177443732
118.3 0.584544730851
118.37 0.778254581127
118.44 0.777594421731
118.51 0.751019240336
118.58 0.729215925685
118.65 0.533643225448
118.72 0.600097754313
118.79 0.602174901085
118.86 0.514357032673
118.93 0.794256985791
119.0 0.803087381824
119.07 0.740740884299
119.14 0.700435178689
119.21 0.617171224211
119.28 0.444500057761
119.35 0.656773852108
119.42 0.637636977783
119.49 0.652460381853
119.56 0.624272731132
119.63 0.57567867248
119.7 0.580325272212
119.77 0.820720214362
119.84 0.826296906588
119.91 0.802133694059
119.98 0.798806911603
120.05 0.7193728297
120.12 0.754737420183
120.19 0.733830587103
120.26 0.75289838824
120.33 0.740087032537
120.4 0.778096720896
120.47 0.627521643859
120.54 0.711515988677
120.61 0.700898618351
120.68 0.553701995945
120.75 0.536044345024
120.82 0.51440251059
120.89 0.499288820666
120.96 0.596548838856
121.03 0.643539828944
121.1 0.437092692641
121.17 0.491635615233
121.24 0.395783234342
121.31 0.377305887183
121.38 0.508370473654
121.45 0.325823040458
121.52 0.496582713875
121.59 0.523705921777
121.66 0.215054852469
121.73 0.462356817288
121.8 0.49779972833
121.87 0.33262525024
121.94 0.496941292632
122.01 0.394482187911
122.08 0.275804114223
122.15 0.562103232818
122.22 0.655609240762
122.29 0.653417477528
122.36 0.629003797665
122.43 0.348491211815
122.5 0.222467054019
122.57 0.444636088699
122.64 0.625685366254
122.71 0.539074859444
122.78 0.615749267023
122.85 0.598003841427
122.92 0.420752148674
122.99 0.486298254279
123.06 0.448622111548
123.13 0.399946785929
123.2 0.520775469177
123.27 0.505771439241
123.34 0.444852139482
123.41 0.422258343246
123.48 0.371852107777
123.55 0.350511477845
123.62 0.503088915717
123.69 0.417878274039
123.76 0.34405602651
123.83 0.484533868223
123.9 0.38916284953
123.97 0.381009965887
124.04 0.420450589376
124.11 0.452168984928
124.18 0.449768561605
124.25 0.373838884262
124.32 0.342357707212
124.39 0.394043642661
124.46 0.307359731751
124.53 0.14203520161
124.6 0.403136517075
124.67 0.488768351008
124.74 0.451466907579
124.81 0.582263597695
124.88 0.826740489675
124.95 0.830069120805
125.02 0.86583701302
125.09 0.833448501107
125.16 0.775803776767
125.23 0.693938002806
125.3 0.641714025825
125.37 0.532321874279
125.44 0.617390278756
125.51 0.785078246733
125.58 0.428264793518
125.65 0.490552489601
125.72 0.390818684003
125.79 0.292887325006
125.86 0.572403364795
125.93 0.793544786085
126.0 0.780477235626
126.07 0.772054453563
126.14 0.73312928337
126.21 0.72070312413
126.28 0.541153413396
126.35 0.541472725834
126.42 0.572192171783
126.49 0.61164894516
126.56 0.541159849076
126.63 0.590912283467
126.7 0.702217621997
126.77 0.739866874922
126.84 0.783017443254
126.91 0.535936389658
126.98 0.221850029019
127.05 0.425141613306
127.12 0.446175265965
127.19 0.42310616574
127.26 0.554467108279
127.33 0.561581562589
127.4 0.315311312655
127.47 0.430662441161
127.54 0.318232515214
127.61 0.285018554299
127.68 0.426978557821
127.75 0.286015707248
127.82 0.156738992729
127.89 0.595886261245
127.96 0.698173392588
128.03 0.763934794036
128.1 0.782699516654
128.17 0.68915634049
128.24 0.411397087986
128.31 0.632926404056
128.38 0.650702720916
128.45 0.665183218611
128.52 0.695327710901
128.59 0.615106567327
128.66 0.516395391968
128.73 0.742831868117
128.8 0.663074308257
128.87 0.701878138203
128.94 0.610126638046
129.01 0.635239475526
129.08 0.589540356523
129.15 0.886314405502
129.22 0.916212746699
129.29 0.835703647454
129.36 0.75612805795
129.43 0.795897625389
129.5 0.691879336106
129.57 0.664096739756
129.64 0.56473164461
129.71 0.440973393084
129.78 0.202291562292
129.85 0.0880887458548
129.92 0.0631209586013
129.99 0.0500149874652
130.06 0.0388393295577
130.13 0.0278080856445
130.2 0.0212869716985
130.27 0.0373666885542
130.34 0.296669330794
130.41 0.313123947024
130.48 0.278936037623
130.55 0.248932193954
130.62 0.167740209693
130.69 0.347435956346
130.76 0.534156360564
130.83 0.449446613539
130.9 0.401628451153
130.97 0.362629197946
131.04 0.27432595254
131.11 0.391932391453
131.18 0.518397684777
131.25 0.545220304401
131.32 0.525323300893
131.39 0.623382525182
131.46 0.367785965045
131.53 0.394338644901
131.6 0.384139984593
131.67 0.343060016645
131.74 0.428216545257
131.81 0.435925437664
131.88 0.304695117424
131.95 0.471944320069
132.02 0.561327564634
132.09 0.630125528041
132.16 0.640472398395
132.23 0.52787087254
132.3 0.509577420438
132.37 0.563688238795
132.44 0.482728009711
132.51 0.398973592384
132.58 0.456166151841
132.65 0.340035899224
132.72 0.317310655055
132.79 0.45981551326
132.86 0.43630913358
132.93 0.465905935486
133.0 0.506724690848
133.07 0.405907550208
133.14 0.527244368083
133.21 0.550223472823
133.28 0.481482196755
133.35 0.519167989671
133.42 0.57842684261
133.49 0.393815087318
133.56 0.335223605739
133.63 0.467801159919
133.7 0.450309496192
133.77 0.503124743448
133.84 0.55378458873
133.91 0.320192151135
133.98 0.409151310389
134.05 0.32993059029
134.12 0.325710133953
134.19 0.41368060868
134.26 0.390552154812
134.33 0.214023999231
134.4 0.394138391878
134.47 0.423867077876
134.54 0.349976233333
134.61 0.500696384606
134.68 0.283771027384
134.75 0.219682904103
134.82 0.590927087532
134.89 0.373215915761
134.96 0.396032797346
135.03 0.645700005993
135.1 0.305618623516
135.17 0.263672369008
135.24 0.548042876328
135.31 0.52529427831
135.38 0.526873302106
135.45 0.535126565019
135.52 0.266048494137
135.59 0.32270205438
135.66 0.767071767277
135.73 0.71724867512
135.8 0.527988931591
135.87 0.497340007358
135.94 0.398378464702
136.01 0.457770982381
136.08 0.564722331881
136.15 0.401332934059
136.22 0.474833028113
136.29 0.517264330162
136.36 0.444439348957
136.43 0.416059624195
136.5 0.428267810618
136.57 0.340599763506
136.64 0.409150903574
136.71 0.335657938786
136.78 0.291305454838
136.85 0.564296874069
136.92 0.490472745855
136.99 0.456794622348
137.06 0.525705566954
137.13 0.390393847751
137.2 0.322456474161
137.27 0.459731303886
137.34 0.465802915252
137.41 0.338528920366
137.48 0.409809490397
137.55 0.272187715491
137.62 0.283896886613
137.69 0.616006236728
137.76 0.63009082472
137.83 0.575829686215
137.9 0.551942698411
137.97 0.495814797852
138.04 0.510207556886
138.11 0.515210487888
138.18 0.490066828503
138.25 0.487608003884
138.32 0.53366818655
138.39 0.485285682375
138.46 0.483976619688
138.53 0.416296977414
138.6 0.397257892081
138.67 0.413888837944
138.74 0.397834622388
138.81 0.207866703286
138.88 0.455358063836
138.95 0.687174451121
139.02 0.632008532018
139.09 0.633747387431
139.16 0.559396751223
139.23 0.310947752134
139.3 0.628917576891
139.37 0.817597621031
139.44 0.770743384811
139.51 0.783979303333
139.58 0.707302485542
139.65 0.432868134808
139.72 0.617763516192
139.79 0.682649819866
139.86 0.628606332728
139.93 0.593845267656
140.0 0.498790136152
140.07 0.363888913305
140.14 0.719022719365
140.21 0.713228209044
140.28 0.51905976354
140.35 0.454421410282
140.42 0.347793334665
140.49 0.336729784305
140.56 0.4819891963
140.63 0.530030469377
140.7 0.498882509837
140.77 0.403019661129
140.84 0.330972383516
140.91 0.468426475943
140.98 0.700205021428
141.05 0.575794053221
141.12 0.5963286599
141.19 0.54164910882
141.26 0.269076587675
141.33 0.497491367886
141.4 0.691510498942
141.47 0.687201006138
141.54 0.627769242147
141.61 0.445952343342
141.68 0.355471319802
141.75 0.706460391803
141.82 0.654149477788
141.89 0.649511606572
141.96 0.628646480701
142.03 0.427537301569
142.1 0.35520792242
142.17 0.606746578829
142.24 0.623671578587
142.31 0.591202657353
142.38 0.48174627972
142.45 0.341397771835
142.52 0.497561982969
142.59 0.705853595867
142.66 0.488192975863
142.73 0.372725833051
142.8 0.277530387714
142.87 0.210210891436
142.94 0.363205836219
143.01 0.248783553085
143.08 0.13023587628
143.15 0.106223416056
143.22 0.791475486174
143.29 0.847533161126
143.36 0.814700179136
143.43 0.837453008031
143.5 0.816229747565
143.57 0.73278947946
143.64 0.648257881397
143.71 0.499035625671
143.78 0.600914346753
143.85 0.868418761129
143.92 0.717578157934
143.99 0.436808266257
144.06 0.184984740636
144.13 0.138584906115
144.2 0.25975348264
144.27 0.31880285519
144.34 0.306379020798
144.41 0.277157817189
144.48 0.628102103526
144.55 0.574176402006
144.62 0.578087126731
144.69 0.608046933008
144.76 0.498249627054
144.83 0.383777233648
144.9 0.456017482962
144.97 0.299351368808
145.04 0.692146073373
145.11 0.646689174697
145.18 0.559957947866
145.25 0.474902940274
145.32 0.608228049719
145.39 0.551170482154
145.46 0.449217907474
145.53 0.383898637918
145.6 0.36605650239
145.67 0.561594863439
145.74 0.587362553046
145.81 0.408349124536
145.88 0.471498386792
145.95 0.452456728521
146.02 0.388970559411
146.09 0.53560371368
146.16 0.687295480588
146.23 0.488712673372
146.3 0.492266195843
146.37 0.472689646522
146.44 0.406201450713
146.51 0.439356454129
146.58 0.348340167403
146.65 0.639542635354
146.72 0.838724978526
146.79 0.748754827944
146.86 0.465648991123
146.93 0.548600718414
147.0 0.320694650373
147.07 0.67464257333
147.14 0.711640528758
147.21 0.643212875052
147.28 0.564275491606
147.35 0.646861325472
147.42 0.599443014227
147.49 0.630043828916
147.56 0.564285942083
147.63 0.546328920662
147.7 0.583921737008
147.77 0.525606341438
147.84 0.512340840128
147.91 0.528197074157
147.98 0.528768938689
148.05 0.346365894145
148.12 0.776542055316
148.19 0.784948424726
148.26 0.496176340356
148.33 0.468091188345
148.4 0.426879024192
148.47 0.341080618851
148.54 0.454237673949
148.61 0.339977959429
148.68 0.415703376955
148.75 0.405747489174
148.82 0.376735177738
148.89 0.302736429848
148.96 0.479837669072
149.03 0.291316665593
149.1 0.265976514556
149.17 0.281318677127
149.24 0.263104211161
149.31 0.259684753578
149.38 0.298061869254
149.45 0.340696790887
149.52 0.404350769189
149.59 0.399431101883
149.66 0.364910151036
149.73 0.36517332567
149.8 0.449133072539
149.87 0.447628019716
149.94 0.51145019802
150.01 0.497087831401
150.08 0.442534168893
150.15 0.473694859743
150.22 0.396240162296
150.29 0.366828681301
150.36 0.441121632474
150.43 0.305705056368
150.5 0.247653144878
150.57 0.137660060867
150.64 0.0625971675992
150.71 0.4970490706
150.78 0.78481753433
150.85 0.754289191401
150.92 0.499958080714
150.99 0.519586487611
151.06 0.515681818427
151.13 0.365475962695
151.2 0.297122323979
151.27 0.285644073063
151.34 0.266980085845
151.41 0.571187860224
151.48 0.547066677688
151.55 0.61781206723
151.62 0.649538432354
151.69 0.506582362947
151.76 0.518045909835
151.83 0.545232915667
151.9 0.428980899982
151.97 0.592825971967
152.04 0.582387628257
152.11 0.478034594242
152.18 0.428667772465
152.25 0.371560580137
152.32 0.32060957535
152.39 0.269731625203
152.46 0.274513834385
152.53 0.248082450759
152.6 0.287220798688
152.67 0.701684014081
152.74 0.6528490996
152.81 0.675208487692
152.88 0.684502368737
152.95 0.599331458881
153.02 0.364276303902
153.09 0.453107103015
153.16 0.422345370981
153.23 0.455055696243
153.3 0.440833464726
153.37 0.393661871447
153.44 0.634678244204
153.51 0.679784338958
153.58 0.623858149287
153.65 0.653102588036
153.72 0.632136117209
153.79 0.556047728658
153.86 0.806568443205
153.93 0.827258579932
154.0 0.740449083226
154.07 0.714405998529
154.14 0.671701953023
154.21 0.582466457002
154.28 0.515302268023
154.35 0.582498587385
154.42 0.63324436
154.49 0.614645256442
154.56 0.601403318391
154.63 0.619858384093
154.7 0.513398924629
154.77 0.505299675211
154.84 0.613380675308
154.91 0.528449023365
154.98 0.552918380864
155.05 0.538306722007
155.12 0.462195942624
155.19 0.463291646176
155.26 0.392512877796
155.33 0.310700419277
155.4 0.293834615772
155.47 0.224454784185
155.54 0.111206797263
155.61 0.472682989428
155.68 0.571421090605
155.75 0.545197608125
155.82 0.521233348145
155.89 0.536257177301
155.96 0.535031883827
156.03 0.525409210887
156.1 0.50893575712
156.17 0.48758516889
156.24 0.393042138793
156.31 0.339862738747
156.38 0.241535858189
156.45 0.241326505848
156.52 0.200521148705
156.59 0.171395155815
156.66 0.415884186888
156.73 0.600650697279
156.8 0.58198986321
156.87 0.641946010419
156.94 0.568633173982
157.01 0.523906177467
157.08 0.449696108518
157.15 0.592704443651
157.22 0.459567236058
157.29 0.805731184562
157.36 0.874554670609
157.43 0.761311600146
157.5 0.583555318059
157.57 0.403388520969
157.64 0.432459228366
157.71 0.668466917356
157.78 0.61450413965
157.85 0.580950325473
157.92 0.489399709235
157.99 0.43915799376
158.06 0.51456054155
158.13 0.681870801127
158.2 0.658932772699
158.27 0.604241665404
158.34 0.663553194884
158.41 0.558657370939
158.48 0.425965697812
158.55 0.357032417061
158.62 0.314121326722
158.69 0.368931181318
158.76 0.759919487174
158.83 0.784845021687
158.9 0.85941431096
158.97 0.743231665904
159.04 0.692065696063
159.11 0.777969667899
159.18 0.789832176269
159.25 0.724901552434
159.32 0.723498927629
159.39 0.721455787925
159.46 0.528421305257
159.53 0.505863752904
159.6 0.608144580615
159.67 0.551703180404
159.74 0.386701598694
159.81 0.376660142376
159.88 0.313628462998
159.95 0.547213197783
160.02 0.944137877691
160.09 0.894410307033
160.16 0.907389668
160.23 0.895425832014
160.3 0.818277766382
160.37 0.489570811628
160.44 0.235713893857
160.51 0.509981754547
160.58 0.72095957898
160.65 0.665966573598
160.72 0.340473834919
160.79 0.225454507404
160.86 0.190138797413
160.93 0.4859758127
161.0 0.602280003411
161.07 0.580511384078
161.14 0.428224462811
161.21 0.421451709104
161.28 0.315292515133
161.35 0.652503134776
161.42 0.693646241748
161.49 0.677187141215
161.56 0.617234647338
161.63 0.580504224134
161.7 0.242788137504
161.77 0.268752540176
161.84 0.268230885953
161.91 0.244524237245
161.98 0.573727006132
162.05 0.757131067701
162.12 0.696373847045
162.19 0.746618997106
162.26 0.79432214155
162.33 0.789218002976
162.4 0.75513969354
162.47 0.783846626952
162.54 0.772967641227
162.61 0.732990215325
162.68 0.638756946183
162.75 0.429052810204
162.82 0.632883293669
162.89 0.73289739081
162.96 0.683272090779
163.03 0.618521155134
163.1 0.534198001082
163.17 0.537729152728
163.24 0.652205004729
163.31 0.624746035724
163.38 0.682190121568
163.45 0.541386493056
163.52 0.506288761218
163.59 0.532709332901
163.66 0.952396675956
163.73 0.604833373172
163.8 0.411994313766
163.87 0.372217451668
163.94 0.291746911817
164.01 0.330825603326
164.08 0.877736705615
164.15 0.72288705384
164.22 0.57697977093
164.29 0.604126482069
164.36 0.715349273164
164.43 0.467389315072
164.5 0.268622219321
164.57 0.283880320572
164.64 0.586204698831
164.71 0.623488921313
164.78 0.500113837511
164.85 0.433862734826
164.92 0.475668966274
164.99 0.620441760823
165.06 0.437036526826
165.13 0.337850618354
165.2 0.280692552808
165.27 0.573189492793
165.34 0.520765654932
165.41 0.325161352504
165.48 0.319534029816
165.55 0.289769121276
165.62 0.258160589786
165.69 0.583110857318
165.76 0.825253752865
165.83 0.509675996384
165.9 0.607880695055
165.97 0.550897686678
166.04 0.563802361744
166.11 0.646569443036
166.18 0.341471007875
166.25 0.700709745478
166.32 0.8065560907
166.39 0.436745005856
166.46 0.345860496516
166.53 0.242692601333
166.6 0.346361609916
166.67 0.797777221456
166.74 0.73365933799
166.81 0.843617413235
166.88 0.63985040625
166.95 0.76883758052
167.02 0.478343784322
167.09 0.559238904331
167.16 0.541667634242
167.23 0.308251138138
167.3 0.175776862952
167.37 0.0920922910943
167.44 0.214317915742
167.51 0.383128705159
167.58 0.347815014571
167.65 0.050711681517
167.72 0.0461826219804
167.79 0.173993339251
167.86 0.582462299486
167.93 0.567061022025
168.0 0.58556342232
168.07 0.438977972114
168.14 0.262620083956
168.21 0.307542839855
168.28 0.69149058368
168.35 0.732449033982
168.42 0.501586429163
168.49 0.389195485431
168.56 0.32189005028
168.63 0.582342649188
168.7 0.744512022124
168.77 0.55854721477
168.84 0.406006163501
168.91 0.18377462603
168.98 0.0900737550284
169.05 0.491482015222
169.12 0.375179450437
169.19 0.0451192408816
169.26 0.0346501406226
169.33 0.0201459009366
169.4 0.211733197216
169.47 0.544918711758
169.54 0.640969849125
169.61 0.676766074338
169.68 0.471946937024
169.75 0.411529903084
169.82 0.745323333971
169.89 0.844535460004
169.96 0.656897106386
170.03 0.595037594442
170.1 0.495776956053
170.17 0.493864625382
170.24 0.884977708738
170.31 0.653996439315
170.38 0.277798829603
170.45 0.14501071464
170.52 0.0843835574122
170.59 0.624695431938
170.66 0.645973600427
170.73 0.360392693064
170.8 0.254405293738
170.87 0.133948639485
170.94 0.241909999955
171.01 0.729805515347
171.08 0.68688003176
171.15 0.647216080168
171.22 0.635076804207
171.29 0.504333538906
171.36 0.336371628369
171.43 0.603962781041
171.5 0.613742665976
171.57 0.649353678317
171.64 0.6648921338
171.71 0.587282674585
171.78 0.570378987933
171.85 0.677074312071
171.92 0.677120423553
171.99 0.342733142783
172.06 0.230182347427
172.13 0.177866016769
172.2 0.257888034398
172.27 0.179067897706
172.34 0.132396958992
172.41 0.129377393898
172.48 0.147764198708
172.55 0.162799693451
172.62 0.188085640723
172.69 0.164041607652
172.76 0.137167752011
172.83 0.235078063333
172.9 0.211629811516
172.97 0.573276191074
173.04 0.512146331867
173.11 0.48218824355
173.18 0.464683348332
173.25 0.301836627066
173.32 0.311435688729
173.39 0.384172377738
173.46 0.349814419661
173.53 0.324325638425
173.6 0.298845603045
173.67 0.329057774681
173.74 0.541970313948
173.81 0.782882016537
173.88 0.663728518817
173.95 0.691497687603
174.02 0.72028890375
174.09 0.688818453278
174.16 0.710997060782
174.23 0.691803272369
174.3 0.718002353952
174.37 0.567514883527
174.44 0.395633248983
174.51 0.502008868541
174.58 0.60688210825
174.65 0.593379428453
174.72 0.520152795451
174.79 0.698741677148
174.86 0.713431869976
174.93 0.511928189654
175.0 0.419537124277
175.07 0.365434506244
175.14 0.280203347751
175.21 0.382187041779
175.28 0.420495407052
175.35 0.465204139574
175.42 0.38698662663
175.49 0.314473648531
175.56 0.321799502595
175.63 0.337410480523
175.7 0.408758981992
175.77 0.513487360878
175.84 0.474903241717
175.91 0.417115381181
175.98 0.434430473854
176.05 0.45333918898
176.12 0.445895149152
176.19 0.461857345821
176.26 0.410189323571
176.33 0.367381983065
176.4 0.339500243896
176.47 0.393365800817
176.54 0.428239497627
176.61 0.367143858899
176.68 0.319203844079
176.75 0.295333990524
176.82 0.444693394929
176.89 0.514049611238
176.96 0.800574184045
177.03 0.769373953443
177.1 0.726408224514
177.17 0.765830137179
177.24 0.759971166019
177.31 0.797733498846
177.38 0.806116195624
177.45 0.802543582192
177.52 0.416368654218
177.59 0.434548580922
177.66 0.528082605749
177.73 0.674715325192
177.8 0.627213928983
177.87 0.637898777249
177.94 0.623949812045
178.01 0.650864836032
178.08 0.511957332281
178.15 0.342643750186
178.22 0.298333812419
178.29 0.25408210522
178.36 0.602898171495
178.43 0.645718528747
178.5 0.671700763256
178.57 0.672189741563
178.64 0.652680084635
178.71 0.660788598765
178.78 0.621105512195
178.85 0.575794973556
178.92 0.810501492071
178.99 0.494853472635
179.06 0.237461808573
179.13 0.226036602334
179.2 0.165533332948
179.27 0.665792179338
179.34 0.710070120103
179.41 0.375265897961
179.48 0.278497234945
179.55 0.285838049131
179.62 0.323665006857
179.69 0.926086199086
179.76 0.948702160739
179.83 0.834219491585
179.9 0.836127583377
179.97 0.869146186387
180.04 0.619474576136
180.11 0.541124526862
180.18 0.446811185855
180.25 0.451562016928
180.32 0.599244317771
180.39 0.697055499611
180.46 0.448005717445
180.53 0.417224340913
180.6 0.364402155127
180.67 0.307288571135
180.74 0.512255144879
180.81 0.630991526497
180.88 0.711831378352
180.95 0.699030286391
181.02 0.401440942778
181.09 0.314894436639
181.16 0.24502019143
181.23 0.304721988556
181.3 0.282199691725
181.37 0.266568899905
181.44 0.261286292251
181.51 0.762872872136
181.58 0.883138248639
181.65 0.746975355053
181.72 0.818757908134
181.79 0.797054496579
181.86 0.736837454234
181.93 0.65870409331
182.0 0.662261241102
182.07 0.681101184484
182.14 0.458100738628
182.21 0.358118226338
182.28 0.343947624314
182.35 0.435902632014
182.42 0.441411664902
182.49 0.620894776683
182.56 0.659507088792
182.63 0.404186607994
182.7 0.766314463123
182.77 0.856571507656
182.84 0.826007385013
182.91 0.722365591688
182.98 0.684143463194
183.05 0.780100371534
183.12 0.826491456198
183.19 0.763413800054
183.26 0.667886685773
183.33 0.425915720921
183.4 0.309946206918
183.47 0.753326531031
183.54 0.812088198669
183.61 0.745431516087
183.68 0.827538224572
183.75 0.776217709042
183.82 0.714519898729
183.89 0.664437134549
183.96 0.671220087976
184.03 0.661626188195
184.1 0.419464631176
184.17 0.232568776313
184.24 0.583461425154
184.31 0.829274911194
184.38 0.514992907214
184.45 0.364613074706
184.52 0.336550288184
184.59 0.289635083065
184.66 0.653366290863
184.73 0.942609281617
184.8 0.880234517784
184.87 0.877626313361
184.94 0.966545606077
185.01 0.862592291154
185.08 0.844447290519
185.15 0.654313593633
185.22 0.650678817533
185.29 0.678358775122
185.36 0.361915711104
185.43 0.323766323803
185.5 0.354024879019
185.57 0.599581152599
185.64 0.893404848389
185.71 0.365609390016
185.78 0.263824703224
185.85 0.261347977411
185.92 0.23028486481
185.99 0.829794253907
186.06 0.89727838222
186.13 0.74738060016
186.2 0.715708641542
186.27 0.754192214705
186.34 0.594079220968
186.41 0.329990023962
186.48 0.15544584918
186.55 0.110159784799
186.62 0.6987633904
186.69 0.878514830695
186.76 0.768257438302
186.83 0.670266845706
186.9 0.6185293808
186.97 0.627129234099
187.04 0.518319217497
187.11 0.287327666992
187.18 0.94522640796
187.25 0.94740023532
187.32 0.500779025408
187.39 0.405800355119
187.46 0.364608943867
187.53 0.269394008757
187.6 0.145726483648
187.67 0.108693202005
187.74 0.0894085617968
187.81 0.63647279726
187.88 0.886384487058
187.95 0.754191817227
188.02 0.816110733499
188.09 0.815990200213
188.16 0.737306207833
188.23 0.738170499
188.3 0.518387843855
188.37 0.655498815161
188.44 0.722646404754
188.51 0.282816520654
188.58 0.155005167151
188.65 0.108264777779
188.72 0.501556076762
188.79 0.80114518026
188.86 0.62582428091
188.93 0.22031735946
189.0 0.106419146096
189.07 0.0574957260081
189.14 0.703387820713
189.21 0.931505983429
189.28 0.855847210205
189.35 0.745437407569
189.42 0.745551389133
189.49 0.659420553236
189.56 0.38379448127
189.63 0.147508430774
189.7 0.106624030141
189.77 0.683741445931
189.84 0.815029155098
189.91 0.763068446119
189.98 0.804016774063
190.05 0.790769559422
190.12 0.752615019576
190.19 0.63860538825
190.26 0.361942122068
190.33 0.778765886243
190.4 0.847764858948
190.47 0.460638403996
190.54 0.230883017595
190.61 0.221316637183
190.68 0.176312866408
190.75 0.122769807086
190.82 0.0937510559684
190.89 0.0826642037775
190.96 0.759381468317
191.03 0.795058638116
191.1 0.662608895876
191.17 0.701341645235
191.24 0.719392411507
191.31 0.782155122139
191.38 0.805671242704
191.45 0.462978142523
191.52 0.759513365747
191.59 0.609211326941
191.66 0.282068354499
191.73 0.122890100285
191.8 0.12858594396
191.87 0.501441072158
191.94 0.781136588061
192.01 0.579018104882
192.08 0.312377477488
192.15 0.198538313658
192.22 0.162147711704
192.29 0.502325145205
192.36 0.622771459689
192.43 0.648980568928
192.5 0.655205349481
192.57 0.733127644106
192.64 0.700292636044
192.71 0.698233305102
192.78 0.60107824652
192.85 0.598846667433
192.92 0.560005940033
192.99 0.455672706571
193.06 0.569763800936
193.13 0.748147910629
193.2 0.780979812225
193.27 0.742186127312
193.34 0.77275423274
193.41 0.772767478904
193.48 0.854295937861
193.55 0.620044341236
193.62 0.546539340059
193.69 0.507945869488
193.76 0.454943209891
193.83 0.446314815519
193.9 0.744485940613
193.97 0.747955892609
194.04 0.723236941428
194.11 0.694615978032
194.18 0.70624865726
194.25 0.68996085786
194.32 0.570176500762
194.39 0.583664037704
194.46 0.571216906816
194.53 0.517105714989
194.6 0.43282365859
194.67 0.700408975801
194.74 0.689681511996
194.81 0.661868656612
194.88 0.659296229234
194.95 0.719038878591
195.02 0.833277629465
195.09 0.797620831095
195.16 0.702994976128
195.23 0.725777637235
195.3 0.68433697776
195.37 0.58202389562
195.44 0.821387908505
195.51 1.0
195.58 0.829021926942
195.65 0.389934237486
195.72 0.17582727867
195.79 0.127015922113
195.86 0.101278939703
195.93 0.0693936552944
196.0 0.0557855823986
196.07 0.049398473318
196.14 0.037195942291
196.21 0.0305280868353
196.28 0.0202570908157
196.35 0.0151293329617
196.42 0.0132665376872
196.49 0.00953660688882
196.56 0.00906949255402
196.63 0.00902885640258
196.7 0.00606700435336
196.77 0.00564096366287
196.84 0.00552562026918
196.91 0.00398511318481
196.98 0.00417470632058
197.05 0.00482415514425
197.12 0.00211648778433
197.19 0.00168121172613
197.26 0.00402830626864
197.33 0.00163779055912
197.4 0.00646476673207
197.47 0.00145671919751
197.54 0.00131131417508
197.61 0.000419759733453
197.68 0.00215308913113
197.75 0.00173708543399
197.82 0.00715895987191
197.89 0.00291892039405
197.96 0.00107453716689
198.03 0.00234422416249
198.1 0.0014227828225
198.17 0.00463845676205
198.24 0.00176332300161
198.31 0.00107316466641
198.38 1.70008660892e-05
198.45 0.0030910778385
198.52 2.96107976761e-06
198.59 0.00658722872158
198.66 0.00138921191409
198.73 0.0022649472539
198.8 0.00192259174616
198.87 0.00263520493626
198.94 0.00210216122677
199.01 0.00400087093092
199.08 0.00221844096189
199.15 0.00137430247731
199.22 0.00449722126006
199.29 0.00291921783585
199.36 0.00602929593619
199.43 0.00164256696752
199.5 0.00200710656477
199.57 0.00107546950687
199.64 0.00150622925152
199.71 0.0
199.78 0.00457551247588
199.85 0.0016896868166
199.92 0.0010948072251
199.99 0.00228231225277
200.06 0.00293189179078
200.13 0.00203987718135
200.2 0.00621292823166
200.27 0.0018065334251
200.34 0.00175753422405
200.41 0.00193403591931
200.48 0.00137006893354
200.55 0.00689533840813
200.62 0.00211532335971
200.69 0.00102909659684
200.76 4.64836170726e-06
200.83 0.00349277365155
200.9 0.00128313323214
200.97 0.00690703734086
201.04 0.00116439126582
201.11 0.00117915531625
201.18 0.000697966515817
201.25 0.000601608711956
201.32 0.00423019588836
201.39 0.00190368218405
201.46 0.0018886793799
201.53 0.000470516908893
201.6 0.00341356876923
201.67 0.00112020848776
201.74 0.00632740597635
201.81 0.0010417051946
201.88 0.00270989884031
201.95 0.000502031067302
202.02 0.0775525824744
202.09 0.00401541756873
202.16 0.398993609016
202.23 0.341618353605
202.3 0.235713476372
202.37 0.0861098842563
202.44 0.0366810892148
202.51 0.0610835263115
202.58 0.325837905879
202.65 0.367075073816
202.72 0.247293086915
202.79 0.220767096791
202.86 0.194642295629
202.93 0.333988794127
203.0 0.433749344144
203.07 0.415765100797
203.14 0.243069346714
203.21 0.135159167574
203.28 0.0252586133042
203.35 0.0560147312918
203.42 0.0281128847905
203.49 0.0132808602433
203.56 0.393425466574
203.63 0.937966887419
203.7 0.906302316828
203.77 0.917278724745
203.84 0.842383581981
203.91 0.842602291067
203.98 0.808563624087
204.05 0.590307867065
204.12 0.562584753739
204.19 0.676677999555
204.26 0.396803585083
204.33 0.308756067596
204.4 0.256770057391
204.47 0.223421654118
204.54 0.672015308622
204.61 0.581712746159
204.68 0.357940664256
204.75 0.300521946329
204.82 0.338712808755
204.89 0.387420491507
204.96 0.733601231468
205.03 0.675940988134
205.1 0.609395139302
205.17 0.654769906696
205.24 0.774141433254
205.31 0.793042967095
205.38 0.771114568164
205.45 0.695815604813
205.52 0.75166544531
205.59 0.591299408634
205.66 0.433488379649
205.73 0.810575210953
205.8 0.788620423733
205.87 0.702451475272
205.94 0.770626903669
206.01 0.677948502848
206.08 0.808040055833
206.15 0.875673812041
206.22 0.8797966101
206.29 0.57781361366
206.36 0.473344681383
206.43 0.386615331236
206.5 0.662579570516
206.57 0.732698943779
206.64 0.678392695491
206.71 0.607299839244
206.78 0.653301980745
206.85 0.690492299652
206.92 0.75220384564
206.99 0.70279980896
207.06 0.652678329328
207.13 0.550706633009
207.2 0.514723603678
207.27 0.541886926207
207.34 0.827420326914
207.41 0.804214063339
207.48 0.766792169321
207.55 0.763565671434
207.62 0.786955043113
207.69 0.82065155866
207.76 0.63044579416
207.83 0.614900732268
207.9 0.551496799813
207.97 0.440056609443
208.04 0.392443129695
208.11 0.63170520941
208.18 0.691701732676
208.25 0.630982831326
208.32 0.66991043574
208.39 0.807350704459
208.46 0.766435748684
208.53 0.715836628213
208.6 0.675152520617
208.67 0.615494959622
208.74 0.585603652991
208.81 0.492706791174
208.88 0.583815849062
208.95 0.489704017536
209.02 0.507579579919
209.09 0.438929450421
209.16 0.473866633047
209.23 0.4990398192
209.3 0.618371225795
209.37 0.652048299586
209.44 0.336145088427
209.51 0.276074722234
209.58 0.219657553526
209.65 0.588055020223
209.72 0.728468489129
209.79 0.677719796783
209.86 0.641300695103
209.93 0.603333243478
210.0 0.611344816925
210.07 0.539550323491
210.14 0.394346598468
210.21 0.345550492806
210.28 0.33686004914
210.35 0.309453317851
210.42 0.411011415349
210.49 0.804722394037
210.56 0.808689052492
210.63 0.664343792512
210.7 0.701772392976
210.77 0.668353197221
210.84 0.685927348361
210.91 0.634360110862
210.98 0.607553617118
211.05 0.534259775608
211.12 0.52883901491
211.19 0.432286063887
211.26 0.842218860582
211.33 0.706571576347
211.4 0.455592486652
211.47 0.259413578693
211.54 0.182995025746
211.61 0.403693186733
211.68 0.637662289679
211.75 0.785338353582
211.82 0.540234870446
211.89 0.368586103485
211.96 0.387349949784
212.03 0.725784983914
212.1 0.713721367542
212.17 0.583769317427
212.24 0.256336343235
212.31 0.13648286093
212.38 0.0889082606936
212.45 0.0517687229707
212.52 0.0385097853883
212.59 0.0243363676709
212.66 0.0185980111601
212.73 0.0107301021008
