0.0 0.0
54.961 0.0
56.241 0.25
57.101 0.5
57.881 0.75
58.721 1.0
61.001 0.0
170.342 0.0
170.662 0.25
171.062 0.0
171.462 0.25
171.882 0.0
172.222 0.25
172.622 0.0
173.002 0.25
173.402 0.0
173.802 0.25
174.182 0.0
174.602 0.25
175.002 0.0
175.382 0.25
175.782 0.0
176.162 0.25
176.562 0.0
176.942 0.25
177.342 0.0
177.722 0.25
178.122 0.0
178.522 0.25
178.922 0.0
179.302 0.25
179.702 0.0
180.102 0.25
180.502 0.0
180.902 0.25
181.282 0.0
181.682 0.25
182.102 0.0
182.482 0.25
182.882 0.0
183.282 0.5
183.682 0.0
184.102 0.5
184.462 0.0
184.822 0.5
185.242 0.0
185.682 0.5
186.022 0.25
186.402 0.5
186.802 0.0
187.242 0.5
187.622 0.0
188.042 0.5
188.382 0.0
188.775 0.5
189.142 0.25
189.562 0.5
189.942 0.0
190.382 0.5
190.762 0.0
191.142 0.5
191.562 0.0
191.962 0.5
192.322 0.25
192.702 0.5
193.102 0.0
193.502 0.5
193.922 0.0
194.322 0.5
194.722 0.0
195.142 0.5
195.542 0.25
195.882 0.5
196.242 0.0
196.622 0.5
197.022 0.0
197.362 0.5
197.942 0.0
198.242 0.5
198.562 0.0
198.942 0.5
199.342 0.0
199.722 0.5
200.122 0.0
200.522 0.5
200.902 0.0
201.262 0.5
201.662 0.0
202.002 0.5
202.402 0.0
202.842 0.5
203.282 0.0
203.662 0.5
204.122 0.0
204.542 0.5
205.002 0.25
205.422 0.5
205.822 0.0
206.162 0.5
206.602 0.0
207.003 0.5
207.402 0.0
207.823 0.5
208.182 0.25
208.562 0.5
208.943 0.0
209.343 0.5
209.702 0.0
210.122 0.5
210.502 0.0
210.943 0.5
211.402 0.25
211.762 0.5
212.102 0.0
212.534 0.5
220.0 0.0
225.87985566 1.0
232.830903948 1.0
