-3.64970215587 0.0
-1.11789369812 0.0121951219512
2.03280127152 1.0
7.43399264806 0.975609756098
10.0 0.0
98.9020872173 0.0
99.1560345405 0.0
99.2276607086 0.0
99.3840264215 0.0
99.7631386648 0.0
99.775 1.0
99.8528522491 1.0
99.8846861015 0.0
100.269586318 0.0
100.275 1.0
100.359299902 1.0
100.376663822 0.0
100.752882078 0.0
100.775 1.0
100.880217488 1.0
100.906263368 0.0
101.257882738 0.0
101.275 1.0
101.370748215 1.0
101.409817034 0.0
101.595 0.0
102.690835676 0.0
102.831849695 0.979166666667
103.183469065 1.0
103.242072294 0.0
107.153590023 0.805970149254
153.71509295 0.0
159.442 0.0
164.126840521 0.0
166.882 0.0
172.546775513 0.0
209.162 0.0
