0.0 0.000129772901563
0.07 0.000319242877974
0.14 0.000787292929076
0.21 8.53590308286e-05
0.28 0.0
0.35 0.0182147009738
0.42 0.030718254584
0.49 0.0168330931615
0.56 0.0130617165541
0.63 0.0224468873191
0.7 0.0254119658172
0.77 0.0264236400033
0.84 0.0200381766601
0.91 0.0189305045808
0.98 0.0143730277879
1.05 0.0157099718865
1.12 0.0139400361852
1.19 0.0194105950108
1.26 0.0244935634977
1.33 0.0204802584409
1.4 0.0137848101006
1.47 0.0118212255422
1.54 0.0131703246736
1.61 0.0164187781784
1.68 0.0187026631694
1.75 0.0205707135843
1.82 0.0185633414739
1.89 0.0134721127669
1.96 0.0114584415327
2.03 0.0133108818941
2.1 0.0154219422705
2.17 0.0189201925678
2.24 0.0183432571742
2.31 0.0174281096586
2.38 0.0159545921375
2.45 0.0116033915406
2.52 0.0129912676741
2.59 0.0198602199966
2.66 0.028627842191
2.73 0.0260583336063
2.8 0.0161559929726
2.87 0.0137170838248
2.94 0.0126798127104
3.01 0.0131745566032
3.08 0.0163917403747
3.15 0.0255352342446
3.22 0.0196335217025
3.29 0.0171297338046
3.36 0.0136085732467
3.43 0.0100759558474
3.5 0.0127929008913
3.57 0.0144615372363
3.64 0.0186645740912
3.71 0.0190727987235
3.78 0.0144772277187
3.85 0.0121580173237
3.92 0.0128304817272
3.99 0.0163453072249
4.06 0.0246557697849
4.13 0.0311669075778
4.2 0.0448876705974
4.27 0.0966873178502
4.34 0.159512240485
4.41 0.16788988172
4.48 0.182702436387
4.55 0.245604326066
4.62 0.258410141787
4.69 0.258813754591
4.76 0.264529775605
4.83 0.301224948895
4.9 0.298150096914
4.97 0.263207548285
5.04 0.26010042891
5.11 0.244602462496
5.18 0.316974454158
5.25 0.374964935348
5.32 0.386988761314
5.39 0.363675182331
5.46 0.368796962045
5.53 0.374523837538
5.6 0.364449877012
5.67 0.306602122911
5.74 0.262984255385
5.81 0.223152517182
5.88 0.172820377529
5.95 0.164289241998
6.02 0.249930677553
6.09 0.231521994027
6.16 0.369502395456
6.23 0.335799797083
6.3 0.3534414763
6.37 0.391479714842
6.44 0.23778064836
6.51 0.259198940619
6.58 0.242651279391
6.65 0.24056512973
6.72 0.256279136752
6.79 0.281011178812
6.86 0.271576034314
6.93 0.278320778731
7.0 0.284158238842
7.07 0.285794470893
7.14 0.329959301209
7.21 0.335702120451
7.28 0.334912508773
7.35 0.326938837995
7.42 0.336260699229
7.49 0.323726029898
7.56 0.319979784758
7.63 0.326679827814
7.7 0.321879946843
7.77 0.284447006008
7.84 0.261490711066
7.91 0.22943406124
7.98 0.193361885151
8.05 0.138888127239
8.12 0.18612720033
8.19 0.223185516993
8.26 0.209717820971
8.33 0.231231722669
8.4 0.299353149124
8.47 0.302319220149
8.54 0.270441534916
8.61 0.28913971289
8.68 0.285755325971
8.75 0.232887353488
8.82 0.21981884497
8.89 0.209820699814
8.96 0.216859535107
9.03 0.261542589424
9.1 0.32688719579
9.17 0.349215445333
9.24 0.336273194801
9.31 0.34430528606
9.38 0.318161299087
9.45 0.273253161899
9.52 0.256338058629
9.59 0.22964826054
9.66 0.186470294658
9.73 0.14330006193
9.8 0.212718117064
9.87 0.267268830042
9.94 0.338029847754
10.01 0.338154269566
10.08 0.351853845557
10.15 0.370808155384
10.22 0.240329182112
10.29 0.232869808007
10.36 0.240349340677
10.43 0.241025475719
10.5 0.288815105232
10.57 0.292274142158
10.64 0.27445818205
10.71 0.25974841553
10.78 0.329096892812
10.85 0.318423623965
10.92 0.371160593155
10.99 0.37438941345
11.06 0.389450448956
11.13 0.378772528923
11.2 0.371434532311
11.27 0.362502101013
11.34 0.339213350605
11.41 0.324133383502
11.48 0.331983132155
11.55 0.315722004907
11.62 0.282528465062
11.69 0.260330842335
11.76 0.228450947874
11.83 0.196554331044
11.9 0.192787922205
11.97 0.137668628172
12.04 0.278494874807
12.11 0.243311065118
12.18 0.123532107583
12.25 0.192879416079
12.32 0.238953769037
12.39 0.242118751023
12.46 0.230878213653
12.53 0.288273175238
12.6 0.333282839379
12.67 0.145591199213
12.74 0.115968040707
12.81 0.39105838372
12.88 0.423793550652
12.95 0.369610669881
13.02 0.280907500814
13.09 0.288434089529
13.16 0.242921484592
13.23 0.185282246717
13.3 0.26684371705
13.37 0.177451970418
13.44 0.199362648463
13.51 0.384458760437
13.58 0.386655710333
13.65 0.134994462752
13.72 0.154873027385
13.79 0.348098619759
13.86 0.243613554825
13.93 0.216835038514
14.0 0.319849951963
14.07 0.157666095825
14.14 0.155428365049
14.21 0.284901775022
14.28 0.344495123955
14.35 0.352749046703
14.42 0.356692440213
14.49 0.395635616934
14.56 0.313252543041
14.63 0.228135432106
14.7 0.24967596604
14.77 0.21125484824
14.84 0.188422495959
14.91 0.218739593387
14.98 0.224015664841
15.05 0.125450254941
15.12 0.212963786314
15.19 0.28534490409
15.26 0.151148397087
15.33 0.15238198148
15.4 0.189979219754
15.47 0.183304824964
15.54 0.106977168394
15.61 0.0977195595909
15.68 0.448679910122
15.75 0.231994827032
15.82 0.283907326312
15.89 0.465746147869
15.96 0.213821182449
16.03 0.148075583208
16.1 0.248266661592
16.17 0.196601385378
16.24 0.18413712728
16.31 0.264048336707
16.38 0.406480471447
16.45 0.247732943903
16.52 0.263456189982
16.59 0.322355079772
16.66 0.195669529185
16.73 0.183652235073
16.8 0.371468500691
16.87 0.207777654915
16.94 0.128032334393
17.01 0.143281280924
17.08 0.273474550174
17.15 0.148824145339
17.22 0.144091805829
17.29 0.320486570741
17.36 0.160013033659
17.43 0.105079829877
17.5 0.0441424556782
17.57 0.343738779044
17.64 0.305903525957
17.71 0.248561413011
17.78 0.396646562126
17.85 0.260072102533
17.92 0.308048465729
17.99 0.282961598699
18.06 0.309478000615
18.13 0.25616738506
18.2 0.225390355767
18.27 0.427366625505
18.34 0.206073768462
18.41 0.178998416425
18.48 0.203748924621
18.55 0.315314473332
18.62 0.271997444154
18.69 0.262678375685
18.76 0.413699092733
18.83 0.223641636185
18.9 0.181547603876
18.97 0.242440884208
19.04 0.266682494734
19.11 0.240328167338
19.18 0.244511160282
19.25 0.201235154982
19.32 0.180914371668
19.39 0.125514493682
19.46 0.298168203686
19.53 0.219624177917
19.6 0.22672456186
19.67 0.422448769013
19.74 0.210133771913
19.81 0.276106317579
19.88 0.28253427819
19.95 0.344642688759
20.02 0.291080394033
20.09 0.25155768937
20.16 0.411245018458
20.23 0.180807317366
20.3 0.141467290715
20.37 0.11098752325
20.44 0.276596269963
20.51 0.244709412411
20.58 0.295050159669
20.65 0.544829666808
20.72 0.412525860825
20.79 0.345809967216
20.86 0.331566349544
20.93 0.364920487098
21.0 0.264782801532
21.07 0.237911153678
21.14 0.405849612748
21.21 0.219554764345
21.28 0.211831865774
21.35 0.406193810834
21.42 0.377535470685
21.49 0.386241780381
21.56 0.542789151141
21.63 0.371738223318
21.7 0.201483902776
21.77 0.254261134336
21.84 0.372632312149
21.91 0.327750009754
21.98 0.299881404492
22.05 0.410666963905
22.12 0.370052529199
22.19 0.287456592496
22.26 0.243379227763
22.33 0.399948600108
22.4 0.328768303068
22.47 0.374728700239
22.54 0.475767550669
22.61 0.500737390213
22.68 0.361206829357
22.75 0.40047711901
22.82 0.439729141032
22.89 0.335660456564
22.96 0.323710555034
23.03 0.584483246419
23.1 0.236275356285
23.17 0.194372938152
23.24 0.15740946942
23.31 0.289381006464
23.38 0.269741112054
23.45 0.277023395389
23.52 0.510001659214
23.59 0.234688584592
23.66 0.252044457111
23.73 0.281884195269
23.8 0.37273666267
23.87 0.308515708068
23.94 0.275199993286
24.01 0.576084351417
24.08 0.278457316218
24.15 0.207264165953
24.22 0.309775539666
24.29 0.392003175279
24.36 0.40516105914
24.43 0.408944850891
24.5 0.673964981023
24.57 0.356969940487
24.64 0.358916147267
24.71 0.393010170898
24.78 0.277900210828
24.85 0.257313757135
24.92 0.35866634363
24.99 0.451151711271
25.06 0.216240538816
25.13 0.210408789158
25.2 0.374035782935
25.27 0.342031707948
25.34 0.340848586706
25.41 0.571805545396
25.48 0.299681997267
25.55 0.200068709904
25.62 0.22949249541
25.69 0.325734899355
25.76 0.336323402976
25.83 0.32901811355
25.9 0.538876890464
25.97 0.283060308928
26.04 0.252397132746
26.11 0.203884183801
26.18 0.366131563376
26.25 0.322690165434
26.32 0.360591676541
26.39 0.653398008239
26.46 0.443949194591
26.53 0.377740574673
26.6 0.358600337164
26.67 0.440475049009
26.74 0.391957774015
26.81 0.359652097461
26.88 0.477883282767
26.95 0.378439953669
27.02 0.294401562117
27.09 0.416320998186
27.16 0.305827002128
27.23 0.233533293464
27.3 0.407332810829
27.37 0.457307129109
27.44 0.270878897059
27.51 0.363010348406
27.58 0.32806650607
27.65 0.515796863345
27.72 0.237483542256
27.79 0.438193713786
27.86 0.760050028219
27.93 0.303816281094
28.0 0.136736705239
28.07 0.420023744976
28.14 0.588159935954
28.21 0.457982186061
28.28 0.527887428193
28.35 0.580131393835
28.42 0.375951481489
28.49 0.408772346281
28.56 0.337503046951
28.63 0.163986528117
28.7 0.367109549827
28.77 0.603597003993
28.84 0.31023258978
28.91 0.274643541596
28.98 0.210279324282
29.05 0.516346961151
29.12 0.481127287013
29.19 0.435419443464
29.26 0.600006512004
29.33 0.568604890621
29.4 0.336186571154
29.47 0.383692257525
29.54 0.287215411864
29.61 0.166599990245
29.68 0.487906626129
29.75 0.663075156482
29.82 0.340572450301
29.89 0.380240079303
29.96 0.315545985382
30.03 0.566915951966
30.1 0.448233726467
30.17 0.356316370033
30.24 0.642823352081
30.31 0.458493429859
30.38 0.406389891382
30.45 0.27668379544
30.52 0.122791636258
30.59 0.277675504433
30.66 0.444866109831
30.73 0.52697418188
30.8 0.22489168797
30.87 0.149589565027
30.94 0.275964466651
31.01 0.350173856757
31.08 0.27422451211
31.15 0.430624466946
31.22 0.354796462143
31.29 0.259843636514
31.36 0.283427978566
31.43 0.358763840581
31.5 0.272894756987
31.57 0.285413588667
31.64 0.527721321959
31.71 0.209816366921
31.78 0.168476146867
31.85 0.17171255657
31.92 0.341342024913
31.99 0.304086816567
32.06 0.350230980107
32.13 0.56241442118
32.2 0.410521406402
32.27 0.338923863001
32.34 0.284945583109
32.41 0.325298605034
32.48 0.25362324923
32.55 0.283633202342
32.62 0.529437358312
32.69 0.227105408149
32.76 0.219368371202
32.83 0.345001896248
32.9 0.377820774274
32.97 0.352695600837
33.04 0.410711430824
33.11 0.431277635256
33.18 0.226561188498
33.25 0.260457177329
33.32 0.326453124386
33.39 0.287216683326
33.46 0.29459856332
33.53 0.264270797938
33.6 0.247324317126
33.67 0.251640715962
33.74 0.262596230388
33.81 0.392405615874
33.88 0.204132669773
33.95 0.193577550995
34.02 0.142955095491
34.09 0.375327437001
34.16 0.194193104244
34.23 0.125154675275
34.3 0.107525469384
34.37 0.129386166851
34.44 0.18528020177
34.51 0.236058478875
34.58 0.179792864104
34.65 0.167177577626
34.72 0.151754601758
34.79 0.652350707468
34.86 0.145938862587
34.93 0.103575976967
35.0 0.116707404851
35.07 0.0685924472418
35.14 0.196708987281
35.21 0.117748408209
35.28 0.169181920818
35.35 0.101066692523
35.42 0.0652183141535
35.49 0.685096429411
35.56 0.158726075272
35.63 0.0970841421123
35.7 0.103980664438
35.77 0.11316005356
35.84 0.219438318685
35.91 0.158318788407
35.98 0.185949948703
36.05 0.125985990198
36.12 0.181045520417
36.19 0.625648098936
36.26 0.10020484884
36.33 0.104909782627
36.4 0.107359948399
36.47 0.0762118218276
36.54 0.264746666706
36.61 0.121449806531
36.68 0.120131323434
36.75 0.107839342349
36.82 0.0706761652114
36.89 0.570032996611
36.96 0.151043622175
37.03 0.119717739156
37.1 0.0998367685008
37.17 0.100247690068
37.24 0.260651878607
37.31 0.144657573583
37.38 0.155491589018
37.45 0.11955901527
37.52 0.0941699477341
37.59 0.625051396854
37.66 0.0909796682886
37.73 0.0835144245853
37.8 0.0753697824797
37.87 0.0675603150213
37.94 0.235014390127
38.01 0.105279421917
38.08 0.110407415192
38.15 0.10192024005
38.22 0.428610865873
38.29 0.385496971029
38.36 0.132583924474
38.43 0.0863781113194
38.5 0.117629031172
38.57 0.144251590693
38.64 0.213203700618
38.71 0.156148422832
38.78 0.193036858237
38.85 0.138880857834
38.92 0.477352238056
38.99 0.397909301143
39.06 0.0981563638662
39.13 0.127207212496
39.2 0.100525174941
39.27 0.113427212729
39.34 0.570624953387
39.41 0.457899342573
39.48 0.339662782219
39.55 0.437148213254
39.62 0.699901863553
39.69 0.25097925663
39.76 0.191589269627
39.83 0.156271102589
39.9 0.107267876121
39.97 0.20803432239
40.04 0.19274387112
40.11 0.139716729825
40.18 0.174553197855
40.25 0.145644355877
40.32 0.644348617905
40.39 0.15484482764
40.46 0.0960194036696
40.53 0.1116302204
40.6 0.0977480690726
40.67 0.179649827278
40.74 0.176507546779
40.81 0.127543934117
40.88 0.220374519751
40.95 0.160060349815
41.02 0.662046949876
41.09 0.369463199197
41.16 0.309516519218
41.23 0.295223292309
41.3 0.325297997539
41.37 0.303942699939
41.44 0.236842866095
41.51 0.245654334024
41.58 0.214641726743
41.65 0.23183317519
41.72 0.73818019437
41.79 0.425431576097
41.86 0.281623278752
41.93 0.228948309984
42.0 0.153482943735
42.07 0.39999970498
42.14 0.457963468371
42.21 0.311346112635
42.28 0.28458740066
42.35 0.327635051173
42.42 0.618048362694
42.49 0.182859662927
42.56 0.158303719109
42.63 0.171830456796
42.7 0.139443914963
42.77 0.266478025621
42.84 0.163655951607
42.91 0.199866338788
42.98 0.147321805177
43.05 0.462583472652
43.12 0.659001940443
43.19 0.147942656467
43.26 0.123770986579
43.33 0.123124115681
43.4 0.123767772845
43.47 0.493032220227
43.54 0.214881695807
43.61 0.158015295905
43.68 0.111633432423
43.75 0.612070071562
43.82 0.246745405235
43.89 0.105244235125
43.96 0.148862193347
44.03 0.52047626352
44.1 0.270450667875
44.17 0.189539588488
44.24 0.155769840532
44.31 0.236253257159
44.38 0.161827814467
44.45 0.589924380243
44.52 0.120606572728
44.59 0.0893574206008
44.66 0.0965119417568
44.73 0.079123214884
44.8 0.470239136077
44.87 0.400008642856
44.94 0.130761725383
45.01 0.114354107999
45.08 0.0918931199521
45.15 0.663658558702
45.22 0.179499991641
45.29 0.114091784832
45.36 0.121016950117
45.43 0.0888729596296
45.5 0.208866421067
45.57 0.143171485194
45.64 0.109564020532
45.71 0.124656779253
45.78 0.101623414592
45.85 0.581860779676
45.92 0.103664669519
45.99 0.111128326891
46.06 0.128117972358
46.13 0.140631363964
46.2 0.414250848744
46.27 0.145986358425
46.34 0.135307627258
46.41 0.149031052988
46.48 0.122049547799
46.55 0.648775486704
46.62 0.124270636635
46.69 0.117228122148
46.76 0.202075029594
46.83 0.210938690752
46.9 0.277949352892
46.97 0.154578253719
47.04 0.187957894083
47.11 0.532977106505
47.18 0.736577619252
47.25 0.37509616966
47.32 0.288699848893
47.39 0.248764196539
47.46 0.162250728498
47.53 0.405362754311
47.6 0.576779693568
47.67 0.140783133317
47.74 0.141925025331
47.81 0.106672876737
47.88 0.639312678084
47.95 0.20636565182
48.02 0.136162774807
48.09 0.411363688747
48.16 0.519617797851
48.23 0.314253090658
48.3 0.161709007277
48.37 0.191554159841
48.44 0.179049488783
48.51 0.146166024631
48.58 0.609060775988
48.65 0.127862910039
48.72 0.127478649799
48.79 0.156975603367
48.86 0.132602086007
48.93 0.522611201015
49.0 0.209817207146
49.07 0.137515982658
49.14 0.11943205738
49.21 0.0943367658493
49.28 0.569184307332
49.35 0.171841804117
49.42 0.136586717301
49.49 0.1551567686
49.56 0.151840042929
49.63 0.278253362192
49.7 0.149122302153
49.77 0.185311442412
49.84 0.495077655747
49.91 0.424620455675
49.98 0.575641306201
50.05 0.129994202564
50.12 0.161389952637
50.19 0.149416651428
50.26 0.255876039035
50.33 0.606134332458
50.4 0.202336444086
50.47 0.173416210294
50.54 0.118344389853
50.61 0.555348573753
50.68 0.343934558412
50.75 0.167094482583
50.82 0.13503671531
50.89 0.165326097278
50.96 0.254025397201
51.03 0.194016585033
51.1 0.151536690751
51.17 0.264026795449
51.24 0.489280170515
51.31 0.717038664835
51.38 0.187699797712
51.45 0.149615644529
51.52 0.157953483721
51.59 0.128351620052
51.66 0.401204263093
51.73 0.290962189204
51.8 0.130520712454
51.87 0.223504181467
51.94 0.110727725892
52.01 0.654049542302
52.08 0.192651923763
52.15 0.117013743167
52.22 0.169802087606
52.29 0.160189474152
52.36 0.297580850182
52.43 0.168219922607
52.5 0.145803596562
52.57 0.41316569676
52.64 0.578951268998
52.71 0.726673897636
52.78 0.308557060507
52.85 0.259143853661
52.92 0.208199538772
52.99 0.11409778962
53.06 0.517823702674
53.13 0.328580852371
53.2 0.129136922794
53.27 0.177793608469
53.34 0.119219649763
53.41 0.67394568493
53.48 0.165453419664
53.55 0.146583260724
53.62 0.525827835474
53.69 0.287661667392
53.76 0.223541753747
53.83 0.142436828709
53.9 0.157401243425
53.97 0.165197907286
54.04 0.15159567081
54.11 0.660345630303
54.18 0.105236274374
54.25 0.0975864925266
54.32 0.133169717316
54.39 0.158462588452
54.46 0.465014653779
54.53 0.136727840947
54.6 0.12230444926
54.67 0.140453968592
54.74 0.108820865962
54.81 0.686583137274
54.88 0.136757953873
54.95 0.12149068153
55.02 0.144189894874
55.09 0.168114023401
55.16 0.256764150458
55.23 0.178745077338
55.3 0.181718469105
55.37 0.164625766824
55.44 0.480921161408
55.51 0.312925520805
55.58 0.106602990859
55.65 0.141263504393
55.72 0.108346181381
55.79 0.185896364225
55.86 0.183619255797
55.93 0.121424640838
56.0 0.125281924078
56.07 0.488347568215
56.14 0.610835030892
56.21 0.470774642026
56.28 0.170792513159
56.35 0.136231563771
56.42 0.122854033691
56.49 0.337173516017
56.56 0.453492394474
56.63 0.133000070499
56.7 0.158606799199
56.77 0.139087312
56.84 0.699169491591
56.91 0.405485526475
56.98 0.134868127758
57.05 0.134856903647
57.12 0.111961897245
57.19 0.36107382732
57.26 0.436221699593
57.33 0.217991139065
57.4 0.176218103668
57.47 0.148952254902
57.54 0.651920840614
57.61 0.338852804915
57.68 0.17568836122
57.75 0.446902227576
57.82 0.488451294129
57.89 0.268377811231
57.96 0.159777347862
58.03 0.192824026229
58.1 0.255583907545
58.17 0.215761310857
58.24 0.707093861159
58.31 0.252275851084
58.38 0.104306767731
58.45 0.0944876282377
58.52 0.111675169893
58.59 0.605564673313
58.66 0.268150454104
58.73 0.149456576681
58.8 0.151112068888
58.87 0.132208350557
58.94 0.629095779984
59.01 0.190018891741
59.08 0.13977903485
59.15 0.166433300474
59.22 0.139108712935
59.29 0.220323829003
59.36 0.142928401649
59.43 0.166704392103
59.5 0.512702362752
59.57 0.33762324539
59.64 0.635059415942
59.71 0.102190344287
59.78 0.112573139847
59.85 0.13689502527
59.92 0.206744509633
59.99 0.47369549318
60.06 0.14361405126
60.13 0.153602784521
60.2 0.106862760837
60.27 0.489426527174
60.34 0.36624150285
60.41 0.148539495449
60.48 0.17229176622
60.55 0.43609903866
60.62 0.25817004609
60.69 0.173986685706
60.76 0.146061225761
60.83 0.174141008249
60.9 0.132507506742
60.97 0.612082010977
61.04 0.17429513742
61.11 0.12877444681
61.18 0.0891717410507
61.25 0.0923818350992
61.32 0.443582520903
61.39 0.548257495605
61.46 0.203799940507
61.53 0.136961682013
61.6 0.108954051102
61.67 0.686819774528
61.74 0.184210180688
61.81 0.149931731856
61.88 0.361393383358
61.95 0.50613325625
62.02 0.343280205914
62.09 0.181725095078
62.16 0.166082327535
62.23 0.531434933497
62.3 0.538363897765
62.37 0.65402096437
62.44 0.152948611706
62.51 0.142704477297
62.58 0.137771917716
62.65 0.189226198096
62.72 0.549404163727
62.79 0.518433596808
62.86 0.331160135635
62.93 0.261628150383
63.0 0.470280189046
63.07 0.288439166818
63.14 0.18174571397
63.21 0.421335391615
63.28 0.154223493777
63.35 0.721353102575
63.42 0.193132483077
63.49 0.167844492435
63.56 0.674122014192
63.63 0.565856927398
63.7 0.435944464563
63.77 0.232964962253
63.84 0.168740248027
63.91 0.126646794121
63.98 0.0891906024856
64.05 0.05921519958
64.12 0.0507868350832
64.19 0.0406548117294
64.26 0.036234731472
64.33 0.0317920968948
64.4 0.555706764758
64.47 0.905216997447
64.54 0.303671408093
64.61 0.183109362178
64.68 0.118970884856
64.75 0.0921188530993
64.82 0.0750347105078
64.89 0.0575996446042
64.96 0.182332271742
65.03 0.935576956639
65.1 0.395298616379
65.17 0.155806411728
65.24 0.103026755322
65.31 0.0937917795566
65.38 0.0724023937896
65.45 0.283257354624
65.52 0.993719008677
65.59 0.401966434822
65.66 0.204732395639
65.73 0.123352550897
65.8 0.0880706590082
65.87 0.0797775690927
65.94 0.0711643224899
66.01 0.239304045495
66.08 1.0
66.15 0.517704418044
66.22 0.304449924003
66.29 0.188541965403
66.36 0.27627270617
66.43 0.546617047026
66.5 0.763272682868
66.57 0.840687572307
66.64 0.552750174077
66.71 0.255707102388
66.78 0.213047351951
66.85 0.660914837676
66.92 0.549419407572
66.99 0.332743300006
67.06 0.183800321808
67.13 0.159303162967
67.2 0.721629072988
67.27 0.183772120352
67.34 0.158201618886
67.41 0.167802849083
67.48 0.170315218917
67.55 0.254353194635
67.62 0.194274922692
67.69 0.146581012137
67.76 0.199137960891
67.83 0.135144348015
67.9 0.715970829023
67.97 0.112540069875
68.04 0.112312334562
68.11 0.207717976664
68.18 0.234931512413
68.25 0.420685190619
68.32 0.146190274803
68.39 0.164555316233
68.46 0.132510333733
68.53 0.644451187011
68.6 0.619817388008
68.67 0.190020368553
68.74 0.109297065001
68.81 0.138877469552
68.88 0.276277704741
68.95 0.239465213051
69.02 0.157460392899
69.09 0.241887040468
69.16 0.611586431993
69.23 0.855453690402
69.3 0.395693792704
69.37 0.242056461399
69.44 0.224400393964
69.51 0.152484980111
69.58 0.538642826935
69.65 0.493873460419
69.72 0.149309141933
69.79 0.135686351593
69.86 0.11183517722
69.93 0.711697093445
70.0 0.178367995806
70.07 0.180059530433
70.14 0.552999430113
70.21 0.447543951024
70.28 0.299369548065
70.35 0.195182372989
70.42 0.179550203239
70.49 0.307155417339
70.56 0.213765481151
70.63 0.643266648851
70.7 0.162122435831
70.77 0.147935582145
70.84 0.168733529646
70.91 0.140944225578
70.98 0.545511916158
71.05 0.194341473336
71.12 0.138566377374
71.19 0.193663650998
71.26 0.117106272349
71.33 0.637220287482
71.4 0.205666430259
71.47 0.130694305422
71.54 0.181655544606
71.61 0.201707233323
71.68 0.327120410537
71.75 0.194328897335
71.82 0.201098952901
71.89 0.552000345618
71.96 0.407195003593
72.03 0.602185218227
72.1 0.169546597474
72.17 0.172388137166
72.24 0.162421792233
72.31 0.317504218851
72.38 0.596250232074
72.45 0.183586338127
72.52 0.175062037342
72.59 0.162293812725
72.66 0.581881247978
72.73 0.386630864644
72.8 0.191143688333
72.87 0.158135874242
72.94 0.173450686916
73.01 0.314971254083
73.08 0.263753559619
73.15 0.197638072955
73.22 0.293229947343
73.29 0.554563864816
73.36 0.73244151294
73.43 0.420456464489
73.5 0.187171829834
73.57 0.188461139483
73.64 0.155489766533
73.71 0.491460432268
73.78 0.368854508074
73.85 0.187708199966
73.92 0.183806141781
73.99 0.145899447288
74.06 0.649746641832
74.13 0.353320584804
74.2 0.177084877472
74.27 0.221554240732
74.34 0.17717931128
74.41 0.334850667498
74.48 0.183571997824
74.55 0.187850035493
74.62 0.47475359196
74.69 0.617569079976
74.76 0.771014607155
74.83 0.330042736791
74.9 0.286386663822
74.97 0.190923848743
75.04 0.125811545026
75.11 0.637588047816
75.18 0.39935352714
75.25 0.194695877338
75.32 0.167711362054
75.39 0.138409616295
75.46 0.638923179698
75.53 0.1722502341
75.6 0.157554975586
75.67 0.523650958581
75.74 0.384893497518
75.81 0.368232282648
75.88 0.201072365157
75.95 0.173214222499
76.02 0.2336498418
76.09 0.188050577278
76.16 0.604450823609
76.23 0.10732697768
76.3 0.115466313189
76.37 0.147995563288
76.44 0.225085906675
76.51 0.529160034298
76.58 0.167866197973
76.65 0.153401768718
76.72 0.151615018241
76.79 0.469444173311
76.86 0.406728553564
76.93 0.192737744833
77.0 0.15502049978
77.07 0.162422557163
77.14 0.169325111657
77.21 0.360316056935
77.28 0.167742250178
77.35 0.271068223291
77.42 0.180049947414
77.49 0.50667844276
77.56 0.253647393304
77.63 0.163300402777
77.7 0.153176995584
77.77 0.0926472881491
77.84 0.608218527867
77.91 0.202767501972
77.98 0.0742268431791
78.05 0.708358049608
78.12 0.681840946078
78.19 0.498368945347
78.26 0.365360250131
78.33 0.287036868241
78.4 0.271634750841
78.47 0.238556831832
78.54 0.382887598797
78.61 0.793690828098
78.68 0.193646687343
78.75 0.123880766907
78.82 0.0851084383033
78.89 0.316754000227
78.96 0.758589485421
79.03 0.279164157991
79.1 0.124946419159
79.17 0.0773198070662
79.24 0.44535286046
79.31 0.962440939789
79.38 0.391345360916
79.45 0.159321156797
79.52 0.0878935134788
79.59 0.0748517415831
79.66 0.069376560662
79.73 0.0653807925301
79.8 0.433106335399
79.87 0.891504496359
79.94 0.339622987021
80.01 0.17783253435
80.08 0.0986805156488
80.15 0.0767524290228
80.22 0.0708257989199
80.29 0.0617254799733
80.36 0.0602517673692
80.43 0.0453926905669
80.5 0.0402293051491
80.57 0.0524333380768
80.64 0.557649266675
80.71 0.657566084187
80.78 0.246113230581
80.85 0.10451753939
80.92 0.0885415292049
80.99 0.0752161837971
81.06 0.0637898043081
81.13 0.0650982064112
81.2 0.685531361575
81.27 0.550178353589
81.34 0.198239720559
81.41 0.12313175985
81.48 0.079567161931
81.55 0.0673365720618
81.62 0.0568353166957
81.69 0.0592051031849
81.76 0.045296323043
81.83 0.0406979661177
81.9 0.0376420662679
81.97 0.121975939945
82.04 0.837475447
82.11 0.487181994166
82.18 0.162094041003
82.25 0.0899411582267
82.32 0.0907202029144
82.39 0.0884906947114
82.46 0.0976554218135
82.53 0.301405799288
82.6 0.894786196094
82.67 0.347976073481
82.74 0.1173804237
82.81 0.0964565553293
82.88 0.100244447243
82.95 0.227944901152
83.02 0.69917451412
83.09 0.782962802565
83.16 0.446768797726
83.23 0.305205823989
83.3 0.278399753076
83.37 0.369240611334
83.44 0.652456324317
83.51 0.342794665142
83.58 0.139431949879
83.65 0.119750194788
83.72 0.242352090692
83.79 0.65306842939
83.86 0.148752151197
83.93 0.149238172832
84.0 0.127595889481
84.07 0.272505587161
84.14 0.179548700758
84.21 0.134331465002
84.28 0.164168615746
84.35 0.100738301284
84.42 0.701732254415
84.49 0.322789883592
84.56 0.129607798124
84.63 0.120494191295
84.7 0.11237243207
84.77 0.373287557921
84.84 0.351424045442
84.91 0.125596250525
84.98 0.19076829752
85.05 0.107819907644
85.12 0.853123012898
85.19 0.218588618056
85.26 0.123755698241
85.33 0.136134835172
85.4 0.11124647867
85.47 0.325381231193
85.54 0.133963266587
85.61 0.11624984136
85.68 0.426086830425
85.75 0.485155154837
85.82 0.718646383981
85.89 0.161154246305
85.96 0.120252182417
86.03 0.110614627444
86.1 0.107153728675
86.17 0.600140030839
86.24 0.349434908448
86.31 0.14699738918
86.38 0.150525239027
86.45 0.389575245533
86.52 0.69934533999
86.59 0.184785074556
86.66 0.175262988118
86.73 0.205464134438
86.8 0.234462259351
86.87 0.251884874175
86.94 0.148649905518
87.01 0.19645012769
87.08 0.510619276235
87.15 0.661959364505
87.22 0.200879666045
87.29 0.0981409506068
87.36 0.124581658652
87.43 0.13063778101
87.5 0.409614851089
87.57 0.560652742276
87.64 0.21545882115
87.71 0.224064485189
87.78 0.151425782706
87.85 0.689877358251
87.92 0.192054179528
87.99 0.142478507996
88.06 0.124015042116
88.13 0.132295047788
88.2 0.340388045635
88.27 0.17637867913
88.34 0.138768710843
88.41 0.295610862113
88.48 0.495905763781
88.55 0.714014548094
88.62 0.145540621407
88.69 0.139720886459
88.76 0.108543391357
88.83 0.100385863513
88.9 0.689333727271
88.97 0.432835661315
89.04 0.151153217687
89.11 0.135341349217
89.18 0.217661512301
89.25 0.700809642412
89.32 0.19447946881
89.39 0.138644579943
89.46 0.157207368682
89.53 0.170605194228
89.6 0.30356482952
89.67 0.199073922367
89.74 0.248830870394
89.81 0.52357852978
89.88 0.698889710216
89.95 0.608122002908
90.02 0.174216269173
90.09 0.156528523015
90.16 0.170545442393
90.23 0.326650070829
90.3 0.618842332934
90.37 0.297543454161
90.44 0.177238917658
90.51 0.155332555394
90.58 0.460093020552
90.65 0.464620988491
90.72 0.15608724039
90.79 0.157520240564
90.86 0.214201775473
90.93 0.22574523892
91.0 0.292573029677
91.07 0.129166917643
91.14 0.419432919338
91.21 0.57282553114
91.28 0.680193199003
91.35 0.230636155149
91.42 0.184678898128
91.49 0.121409362768
91.56 0.0846968134105
91.63 0.927887567831
91.7 0.562265596894
91.77 0.216872258276
91.84 0.168746579664
91.91 0.291397384901
91.98 0.168314092881
92.05 0.0805126516806
92.12 0.0904560949097
92.19 0.253770194559
92.26 0.209596920918
92.33 0.23495497712
92.4 0.20477357353
92.47 0.25612904785
92.54 0.23286443296
92.61 0.196846376971
92.68 0.304973428932
92.75 0.302570365409
92.82 0.211218225706
92.89 0.296717050536
92.96 0.554292896397
93.03 0.2009435266
93.1 0.961009606376
93.17 0.517016001337
93.24 0.268846740866
93.31 0.631534584745
93.38 0.652090831393
93.45 0.309082204816
93.52 0.122006778442
93.59 0.138902058552
93.66 0.268355339051
93.73 0.27281902889
93.8 0.209714602104
93.87 0.181233883212
93.94 0.183967423992
94.01 0.19561885726
94.08 0.194793613864
94.15 0.524954057509
94.22 0.351889656957
94.29 0.249300085809
94.36 0.249804866203
94.43 0.584632638841
94.5 0.84415430645
94.57 0.502649195666
94.64 0.238198647671
94.71 0.324096350268
94.78 0.369627308398
94.85 0.21710791327
94.92 0.125354183464
94.99 0.0893299139136
95.06 0.531873681756
95.13 0.342631517666
95.2 0.212095296122
95.27 0.256917841549
95.34 0.224700262031
95.41 0.352363275427
95.48 0.358441423328
95.55 0.346314603865
95.62 0.261981555012
95.69 0.226905988946
95.76 0.180925316844
95.83 0.860714023459
95.9 0.729787085116
95.97 0.363975621956
96.04 0.153696703242
96.11 0.0946344708919
96.18 0.0811597159498
96.25 0.0722954028045
96.32 0.623191865059
96.39 0.823083379807
96.46 0.525626677637
96.53 0.205403287401
96.6 0.0873962437759
96.67 0.0748925447091
96.74 0.0655388404716
96.81 0.0693654700287
96.88 0.058209252959
96.95 0.0502993451935
97.02 0.0397017856199
97.09 0.0365333469015
97.16 0.0280871425881
97.23 0.0260470513127
97.3 0.0228050937258
97.37 0.0174712332442
97.44 0.0139247974737
97.51 0.0113831036018
97.58 0.036773303987
97.65 0.0232546314376
97.72 0.0157831587719
97.79 0.0201047392836
97.86 0.0243046445449
97.93 0.0297705076911
98.0 0.0243391348571
98.07 0.0224908134827
98.14 0.0164651599905
98.21 0.0173760447739
98.28 0.014816280066
98.35 0.018668718747
98.42 0.0254920815676
98.49 0.0198004852742
98.56 0.0186019815756
98.63 0.0139773569106
98.7 0.0146396667364
98.77 0.0159729128164
98.84 0.0173076802006
98.91 0.0218310876495
98.98 0.0224759906057
99.05 0.0150706715739
99.12 0.0136551467193
99.19 0.012466072027
99.26 0.0147065151392
99.33 0.0171004114776
99.4 0.0217476572013
99.47 0.0196892538032
99.54 0.016781887326
99.61 0.0162005317648
99.68 0.0137526162904
99.75 0.0169083301285
99.82 0.0233000754829
99.89 0.0298306308681
99.96 0.0248301704639
100.03 0.0167141285364
100.1 0.0116052414056
100.17 0.0151188262446
100.24 0.0170807183734
100.31 0.0229277461019
100.38 0.0232256530725
100.45 0.0208184483165
100.52 0.0143792533278
100.59 0.0125490387256
100.66 0.011432957547
100.73 0.01365297685
100.8 0.0184653773505
100.87 0.0162420005684
100.94 0.0170764556412
101.01 0.0137669788402
101.08 0.0125041114788
101.15 0.0138557946029
101.22 0.018192316068
101.29 0.029702002795
101.36 0.0328662814563
101.43 0.0744686655308
101.5 0.134534325537
101.57 0.170868311417
101.64 0.168689444336
101.71 0.218782011936
101.78 0.260477544667
101.85 0.262538612486
101.92 0.240883267139
101.99 0.296433129639
102.06 0.303699157778
102.13 0.275489648593
102.2 0.263598121339
102.27 0.254325862496
102.34 0.270104318743
102.41 0.352320429064
102.48 0.388034927524
102.55 0.376920420544
102.62 0.364143179333
102.69 0.372414905961
102.76 0.376724406735
102.83 0.332568723068
102.9 0.279265248574
102.97 0.23951856651
103.04 0.206147425942
103.11 0.13947450704
103.18 0.223088615558
103.25 0.233802182711
103.32 0.33043780873
103.39 0.344035130485
103.46 0.352493791012
103.53 0.354106022734
103.6 0.335909959021
103.67 0.235203576035
103.74 0.266670942062
103.81 0.225813894406
103.88 0.250853729348
103.95 0.267815317104
104.02 0.28671291086
104.09 0.265201297107
104.16 0.284238761871
104.23 0.27157511366
104.3 0.320189815444
104.37 0.334225724601
104.44 0.335647598206
104.51 0.333881914969
104.58 0.333257966311
104.65 0.333027878024
104.72 0.315470845957
104.79 0.320271005862
104.86 0.329785362569
104.93 0.299881491766
105.0 0.274923968113
105.07 0.242747480923
105.14 0.207355040353
105.21 0.164297303713
105.28 0.155027752072
105.35 0.215789526004
105.42 0.212814742987
105.49 0.220464047395
105.56 0.275205419671
105.63 0.301422468608
105.7 0.285343706212
105.77 0.2805349079
105.84 0.289351362421
105.91 0.261141615372
105.98 0.219912109991
106.05 0.213023373868
106.12 0.199329734215
106.19 0.248036814591
106.26 0.294368235457
106.33 0.353784378967
106.4 0.336877847366
106.47 0.340775954267
106.54 0.338274471427
106.61 0.29165302049
106.68 0.262424331562
106.75 0.238857950825
106.82 0.209198669471
106.89 0.149278986225
106.96 0.181093402998
107.03 0.225053062588
107.1 0.324861371234
107.17 0.337491963163
107.24 0.351851371085
107.31 0.352633549077
107.38 0.322602838462
107.45 0.216304555094
107.52 0.246835901448
107.59 0.233200124406
107.66 0.267792815833
107.73 0.300136127983
107.8 0.280353261774
107.87 0.254014556411
107.94 0.31072905006
108.01 0.308299773558
108.08 0.361790228155
108.15 0.367841870452
108.22 0.390901891308
108.29 0.381412269058
108.36 0.37280334337
108.43 0.369216480949
108.5 0.349912599701
108.57 0.323252603089
108.64 0.334993764218
108.71 0.322525185205
108.78 0.299045280947
108.85 0.267186619718
108.92 0.244913517026
108.99 0.206322069619
109.06 0.210215734105
109.13 0.144541545469
109.2 0.226138914475
109.27 0.293354268191
109.34 0.129910099594
109.41 0.116965148704
109.48 0.216331880389
109.55 0.279892597493
109.62 0.223404843208
109.69 0.227498171607
109.76 0.37958584146
109.83 0.189590686514
109.9 0.12321300845
109.97 0.270298314985
110.04 0.446457026181
110.11 0.379041404479
110.18 0.305296097739
110.25 0.309238378935
110.32 0.266879006518
110.39 0.202812533605
110.46 0.268354562142
110.53 0.134384748299
110.6 0.22831704914
110.67 0.248068498448
110.74 0.441498604428
110.81 0.264219746115
110.88 0.0761262968052
110.95 0.310072955507
111.02 0.270526911059
111.09 0.246405341536
111.16 0.27093322251
111.23 0.243981732705
111.3 0.161353222294
111.37 0.178645773303
111.44 0.37932608175
111.51 0.31443283387
111.58 0.366032974645
111.65 0.4067019932
111.72 0.323592086672
111.79 0.269069359532
111.86 0.163762133169
111.93 0.281991056199
112.0 0.202130089172
112.07 0.175741584623
112.14 0.272656716505
112.21 0.111987350429
112.28 0.173104387411
112.35 0.270685373124
112.42 0.214628945392
112.49 0.159928006611
112.56 0.119186980224
112.63 0.227514230009
112.7 0.129859020391
112.77 0.092563075658
112.84 0.412348446629
112.91 0.268889641989
112.98 0.215354446672
113.05 0.485773093573
113.12 0.252485214381
113.19 0.176292538057
113.26 0.135390222614
113.33 0.273789742515
113.4 0.185526565788
113.47 0.177250025404
113.54 0.450459550341
113.61 0.208609036577
113.68 0.278794547791
113.75 0.292519226159
113.82 0.24954298625
113.89 0.195666253846
113.96 0.177649363497
114.03 0.391694063021
114.1 0.141536156685
114.17 0.127209187283
114.24 0.256915906121
114.31 0.181433343486
114.38 0.14304412516
114.45 0.163323537212
114.52 0.324749787245
114.59 0.107494249277
114.66 0.077181014148
114.73 0.221858380088
114.8 0.359872987761
114.87 0.267953098672
114.94 0.325874304902
115.01 0.330021075746
115.08 0.283811063175
115.15 0.285544864049
115.22 0.325881011304
115.29 0.267118270546
115.36 0.253597938081
115.43 0.406551322472
115.5 0.24600584943
115.57 0.192147090321
115.64 0.12827350818
115.71 0.305310525317
115.78 0.292071045471
115.85 0.273002133004
115.92 0.427274274292
115.99 0.196890763462
116.06 0.225008516951
116.13 0.129688230457
116.2 0.29918349204
116.27 0.265530978631
116.34 0.235469523637
116.41 0.216049398656
116.48 0.189120957724
116.55 0.161708865243
116.62 0.276326713327
116.69 0.214520734283
116.76 0.223341335171
116.83 0.336934864618
116.9 0.32916462251
116.97 0.239706816363
117.04 0.294236152363
117.11 0.317885022359
117.18 0.321997309735
117.25 0.263781223741
117.32 0.340420292494
117.39 0.314537843223
117.46 0.152159037676
117.53 0.113690841583
117.6 0.244725860979
117.67 0.238598396466
117.74 0.269638467653
117.81 0.52037502748
117.88 0.411240608558
117.95 0.374349714082
118.02 0.317394936498
118.09 0.395721669022
118.16 0.27412035496
118.23 0.248915094864
118.3 0.419247171338
118.37 0.189878257514
118.44 0.228346874576
118.51 0.189318177967
118.58 0.474185608133
118.65 0.38346615817
118.72 0.410342056778
118.79 0.554011340452
118.86 0.219020800235
118.93 0.224454873427
119.0 0.253133899208
119.07 0.413721176458
119.14 0.301619120715
119.21 0.294981194446
119.28 0.47310714886
119.35 0.283632635917
119.42 0.272700873688
119.49 0.27603967795
119.56 0.399922424776
119.63 0.361557148597
119.7 0.374569485223
119.77 0.565737813894
119.84 0.394205987929
119.91 0.378604235707
119.98 0.421953744475
120.05 0.397013971653
120.12 0.318881774416
120.19 0.347665421095
120.26 0.551521538628
120.33 0.206302978876
120.4 0.172415151013
120.47 0.26966086796
120.54 0.241233396429
120.61 0.278387409805
120.68 0.423243666753
120.75 0.379693048063
120.82 0.247001982013
120.89 0.275138485705
120.96 0.356295405467
121.03 0.31991939976
121.1 0.283083960162
121.17 0.495361485947
121.24 0.406537036929
121.31 0.23687479295
121.38 0.190746489307
121.45 0.411185747485
121.52 0.387292770614
121.59 0.419277528973
121.66 0.678171676538
121.73 0.369993646681
121.8 0.342011065098
121.87 0.365883405964
121.94 0.36743602104
122.01 0.255968145538
122.08 0.247826807863
122.15 0.530740185152
122.22 0.20161317428
122.29 0.219074915202
122.36 0.275303722622
122.43 0.385803952777
122.5 0.344936264547
122.57 0.379326574591
122.64 0.549444592089
122.71 0.201326766932
122.78 0.223054073908
122.85 0.284117367266
122.92 0.335678438415
122.99 0.336974933617
123.06 0.31062932848
123.13 0.536135613108
123.2 0.25892124184
123.27 0.224834566332
123.34 0.33039127975
123.41 0.303787780169
123.48 0.350548636653
123.55 0.598029559134
123.62 0.494992782712
123.69 0.408391638603
123.76 0.358462242437
123.83 0.434569912249
123.9 0.383139926533
123.97 0.383652950035
124.04 0.451912774108
124.11 0.400489556399
124.18 0.334451931766
124.25 0.269462069941
124.32 0.437628687004
124.39 0.264794051312
124.46 0.261037819297
124.53 0.544750986799
124.6 0.260217567628
124.67 0.343510011845
124.74 0.262740035568
124.81 0.524289001122
124.88 0.344545621332
124.95 0.180507550263
125.02 0.67781671809
125.09 0.615233821446
125.16 0.141334697668
125.23 0.148450895304
125.3 0.581067848167
125.37 0.530772445701
125.44 0.400413367975
125.51 0.621133903164
125.58 0.533610917116
125.65 0.293805424749
125.72 0.450983917742
125.79 0.180919791207
125.86 0.184231735635
125.93 0.463828561802
126.0 0.571744758252
126.07 0.278881079031
126.14 0.247468334501
126.21 0.362164688046
126.28 0.56821488057
126.35 0.385201547087
126.42 0.548685581044
126.49 0.622761483117
126.56 0.356113603617
126.63 0.405891430647
126.7 0.36401793783
126.77 0.149530013409
126.84 0.408776314677
126.91 0.660900550421
126.98 0.383696956627
127.05 0.384073615479
127.12 0.273238871222
127.19 0.538252495169
127.26 0.468171002493
127.33 0.438751209341
127.4 0.54783372937
127.47 0.577405173798
127.54 0.348568271544
127.61 0.307678800769
127.68 0.23574350044
127.75 0.152989296755
127.82 0.441459332873
127.89 0.535158015111
127.96 0.298447991906
128.03 0.159288346935
128.1 0.134620659982
128.17 0.380508150571
128.24 0.294244212367
128.31 0.25765585038
128.38 0.504237998618
128.45 0.251052168003
128.52 0.264877127531
128.59 0.357959024417
128.66 0.287943548475
128.73 0.284465176097
128.8 0.265461277569
128.87 0.518491430328
128.94 0.181241600965
129.01 0.157213544596
129.08 0.316038465287
129.15 0.280503359232
129.22 0.337092669562
129.29 0.541654821157
129.36 0.414078042954
129.43 0.378090158073
129.5 0.310747165389
129.57 0.346432012961
129.64 0.2174983306
129.71 0.295794246873
129.78 0.53057683917
129.85 0.238305026028
129.92 0.226059120441
129.99 0.217315500286
130.06 0.423800628397
130.13 0.356707369188
130.2 0.345934821976
130.27 0.514910677082
130.34 0.213171734404
130.41 0.26136964331
130.48 0.300077240331
130.55 0.301070768386
130.62 0.305849775488
130.69 0.259731626422
130.76 0.249652458552
130.83 0.261421078454
130.9 0.232047923802
130.97 0.384101406234
131.04 0.269873095895
131.11 0.193892933285
131.18 0.171862344292
131.25 0.109556816155
131.32 0.404135496421
131.39 0.141579454819
131.46 0.0986400427946
131.53 0.132097122508
131.6 0.13876470651
131.67 0.255990609162
131.74 0.159856575472
131.81 0.187325183807
131.88 0.163515924875
131.95 0.623534685586
132.02 0.24515326705
132.09 0.108182731013
132.16 0.120557961153
132.23 0.0755074305694
132.3 0.139632368455
132.37 0.171386302687
132.44 0.11478294639
132.51 0.165462580004
132.58 0.0831305288426
132.65 0.672948849022
132.72 0.188464339527
132.79 0.111950582438
132.86 0.106590645877
132.93 0.0774911514466
133.0 0.207829795095
133.07 0.180553533353
133.14 0.13926363784
133.21 0.182417137932
133.28 0.0959162458921
133.35 0.643036767626
133.42 0.116728638083
133.49 0.102010113367
133.56 0.120709275312
133.63 0.0685102112484
133.7 0.259423717176
133.77 0.120228057166
133.84 0.111888256878
133.91 0.125371130006
133.98 0.0823783508333
134.05 0.551420584945
134.12 0.192258573346
134.19 0.125635816415
134.26 0.111458887999
134.33 0.0844462294415
134.4 0.212585445299
134.47 0.204205736871
134.54 0.137554804152
134.61 0.154675577834
134.68 0.100164526576
134.75 0.620978049049
134.82 0.110498998052
134.89 0.0819152514383
134.96 0.0887938518074
135.03 0.0665293156505
135.1 0.220174595728
135.17 0.120062457463
135.24 0.107357797354
135.31 0.112595250952
135.38 0.0849984166885
135.45 0.558489452735
135.52 0.166146578255
135.59 0.109115040689
135.66 0.107752850469
135.73 0.108686195453
135.8 0.228190671365
135.87 0.152946628363
135.94 0.143303207213
136.01 0.196160424469
136.08 0.129134544152
136.15 0.609897991312
136.22 0.116257242531
136.29 0.11208065652
136.36 0.109634902359
136.43 0.0901736662261
136.5 0.433630020009
136.57 0.525913117498
136.64 0.388029278676
136.71 0.396259964314
136.78 0.433672339306
136.85 0.648278525027
136.92 0.208676822747
136.99 0.159096315213
137.06 0.14245841617
137.13 0.0925780679491
137.2 0.250853575335
137.27 0.151585911532
137.34 0.182886916349
137.41 0.146592277318
137.48 0.18285655358
137.55 0.640159982958
137.62 0.101333550512
137.69 0.0927398104867
137.76 0.113576173915
137.83 0.0988613095704
137.9 0.22127304244
137.97 0.138900402059
138.04 0.171392630902
138.11 0.202923558015
138.18 0.526599070001
138.25 0.497119151961
138.32 0.352043813508
138.39 0.258064013407
138.46 0.342844857916
138.53 0.307104522952
138.6 0.267350030728
138.67 0.225011388434
138.74 0.252113918597
138.81 0.223742807198
138.88 0.559336509478
138.95 0.610035944005
139.02 0.326305383324
139.09 0.255746519399
139.16 0.174997598384
139.23 0.235055668981
139.3 0.497105129951
139.37 0.377231507589
139.44 0.26688444317
139.51 0.342602431492
139.58 0.608555208417
139.65 0.247906565961
139.72 0.176033272899
139.79 0.168291956107
139.86 0.15844874099
139.93 0.237551686077
140.0 0.190112748856
140.07 0.149182444153
140.14 0.200257856454
140.21 0.128260915066
140.28 0.772731983419
140.35 0.244344330188
140.42 0.110009132942
140.49 0.149805472157
140.56 0.0928634057635
140.63 0.387533413912
140.7 0.377059006401
140.77 0.125031002992
140.84 0.154946426466
140.91 0.0856436636066
140.98 0.648882879834
141.05 0.145738433744
141.12 0.0953377190328
141.19 0.425648186552
141.26 0.368198750638
141.33 0.258770463303
141.4 0.155643546608
141.47 0.221329450486
141.54 0.19002097947
141.61 0.497890104131
141.68 0.342716072407
141.75 0.0888501332205
141.82 0.0939032882506
141.89 0.0906138810294
141.96 0.20791154167
142.03 0.553300822907
142.1 0.212938813993
142.17 0.123988565603
142.24 0.095241062307
142.31 0.56159214852
142.38 0.385819725399
142.45 0.144677853647
142.52 0.0948514081967
142.59 0.115455688016
142.66 0.182079177364
142.73 0.151552559203
142.8 0.125785450123
142.87 0.119966623851
142.94 0.118430342689
143.01 0.574777316606
143.08 0.135088684364
143.15 0.0915023860408
143.22 0.139805853613
143.29 0.114779349335
143.36 0.36448068813
143.43 0.254643765462
143.5 0.113716806431
143.57 0.156222167586
143.64 0.132041780573
143.71 0.635572139974
143.78 0.179072479472
143.85 0.101125172897
143.92 0.192503065253
143.99 0.169444006121
144.06 0.293805089343
144.13 0.198204241143
144.2 0.141750563046
144.27 0.367644311381
144.34 0.558942466002
144.41 0.709639973487
144.48 0.289670021762
144.55 0.269771202734
144.62 0.205248778331
144.69 0.146880228216
144.76 0.637514830128
144.83 0.306411087138
144.9 0.141799749603
144.97 0.109006880917
145.04 0.528129026371
145.11 0.398877408529
145.18 0.176470826703
145.25 0.17411330819
145.32 0.599051697634
145.39 0.35425049188
145.46 0.213930723202
145.53 0.152487704426
145.6 0.19297063273
145.67 0.176203633309
145.74 0.592884227439
145.81 0.179587357972
145.88 0.140878465533
145.95 0.141155272749
146.02 0.130486140002
146.09 0.40874497136
146.16 0.387093226489
146.23 0.147450306617
146.3 0.125703650499
146.37 0.105705183474
146.44 0.529604222631
146.51 0.25140875043
146.58 0.149419798423
146.65 0.156791330467
146.72 0.141983444099
146.79 0.266776348427
146.86 0.175261340181
146.93 0.142201199383
147.0 0.335476378747
147.07 0.513356419203
147.14 0.624464471163
147.21 0.154539755652
147.28 0.137369651668
147.35 0.174247287352
147.42 0.113845775043
147.49 0.54453620054
147.56 0.403729368074
147.63 0.172633315286
147.7 0.125151085065
147.77 0.106103056735
147.84 0.633478123681
147.91 0.19314997722
147.98 0.134980856576
148.05 0.172302295562
148.12 0.137207169869
148.19 0.288509668747
148.26 0.16120867443
148.33 0.196059833571
148.4 0.430539806106
148.47 0.492974597191
148.54 0.62130552819
148.61 0.162342402054
148.68 0.147084093256
148.75 0.146196334351
148.82 0.233138199279
148.89 0.43301086286
148.96 0.148146105672
149.03 0.218878441065
149.1 0.130264104873
149.17 0.581493531006
149.24 0.336086854707
149.31 0.164439034853
149.38 0.131839655878
149.45 0.16873293413
149.52 0.245989020964
149.59 0.229914834461
149.66 0.160560876033
149.73 0.241437273448
149.8 0.581074048038
149.87 0.697414709039
149.94 0.466215298256
150.01 0.283944915705
150.08 0.23145489407
150.15 0.151441610089
150.22 0.328636394522
150.29 0.514820783229
150.36 0.137744140651
150.43 0.165455519372
150.5 0.132724916353
150.57 0.656651951445
150.64 0.215242893485
150.71 0.146847981357
150.78 0.345828498379
150.85 0.492518116924
150.92 0.215051987767
150.99 0.148826294673
151.06 0.142187649679
151.13 0.171721201823
151.2 0.135907147774
151.27 0.664495286319
151.34 0.132094702796
151.41 0.0877944062381
151.48 0.127501003903
151.55 0.116482044757
151.62 0.427567733715
151.69 0.250310959128
151.76 0.112248768343
151.83 0.146577611876
151.9 0.115778646026
151.97 0.676459137987
152.04 0.168127467008
152.11 0.127098178275
152.18 0.144606975242
152.25 0.118138674948
152.32 0.273317398929
152.39 0.184294333285
152.46 0.14306322617
152.53 0.200070032703
152.6 0.132765466214
152.67 0.563387658904
152.74 0.123946390052
152.81 0.107036605358
152.88 0.138823231376
152.95 0.101019034116
153.02 0.236069867266
153.09 0.124015495598
153.16 0.112428461929
153.23 0.329520958517
153.3 0.506488255768
153.37 0.678173721486
153.44 0.199850783495
153.51 0.130781137842
153.58 0.139213106238
153.65 0.135294643978
153.72 0.515512942448
153.79 0.221170961041
153.86 0.153096876411
153.93 0.153455784432
154.0 0.135914182737
154.07 0.777911463175
154.14 0.224302908992
154.21 0.116298911552
154.28 0.131358165643
154.35 0.148689669913
154.42 0.505850528097
154.49 0.290218704362
154.56 0.155631814255
154.63 0.179960847583
154.7 0.227521374492
154.77 0.688994686902
154.84 0.204175620522
154.91 0.188405054864
154.98 0.603229883667
155.05 0.267982044523
155.12 0.258801223083
155.19 0.184797388735
155.26 0.211955981271
155.33 0.236164083744
155.4 0.56734332039
155.47 0.504068889134
155.54 0.126355759544
155.61 0.108845419025
155.68 0.0686007570883
155.75 0.402267827616
155.82 0.526369122037
155.89 0.15021117098
155.96 0.15287232574
156.03 0.137040261057
156.1 0.595054154933
156.17 0.268264207962
156.24 0.16542403231
156.31 0.140979621144
156.38 0.162915057603
156.45 0.196780420132
156.52 0.166187213679
156.59 0.130684260364
156.66 0.309443344311
156.73 0.514747351635
156.8 0.653921899911
156.87 0.127824827806
156.94 0.101059934783
157.01 0.13900958516
157.08 0.124270636635
157.15 0.468345163596
157.22 0.22778653834
157.29 0.122217972781
157.36 0.152647326721
157.43 0.0953288273601
157.5 0.598391812655
157.57 0.154994620495
157.64 0.134017289146
157.71 0.393172846069
157.78 0.263482235259
157.85 0.275455632298
157.92 0.149478018686
157.99 0.160263776774
158.06 0.15365743511
158.13 0.44197748329
158.2 0.454832601933
158.27 0.138802513231
158.34 0.0994373534011
158.41 0.0929515815174
158.48 0.272913341199
158.55 0.617721477358
158.62 0.268112731234
158.69 0.165489626364
158.76 0.119273860559
158.83 0.648535608337
158.9 0.275922383508
158.97 0.159970230078
159.04 0.148118063363
159.11 0.56086780747
159.18 0.399658542657
159.25 0.197653434877
159.32 0.164393734553
159.39 0.280200758294
159.46 0.673351204055
159.53 0.683626585951
159.6 0.162507967532
159.67 0.14852837059
159.74 0.147894532599
159.81 0.102706759493
159.88 0.427692342054
159.95 0.579667450792
160.02 0.387927243481
160.09 0.287175336021
160.16 0.244506637439
160.23 0.500210344701
160.3 0.216622802023
160.37 0.167036452269
160.44 0.416788115604
160.51 0.653918600614
160.58 0.349370626925
160.65 0.18476311233
160.72 0.59904524792
160.79 0.505714895864
160.86 0.544466371134
160.93 0.317048847477
161.0 0.185555859024
161.07 0.140635125299
161.14 0.107875395036
161.21 0.0692798697112
161.28 0.0541631517308
161.35 0.0454338599012
161.42 0.0375236629339
161.49 0.035229021004
161.56 0.262302021436
161.63 0.991054025842
161.7 0.366861397549
161.77 0.247945264246
161.84 0.129511493917
161.91 0.101854668242
161.98 0.0805227206956
162.05 0.064727367532
162.12 0.0638666601208
162.19 0.810629531263
162.26 0.615928604017
162.33 0.208539650386
162.4 0.104007428441
162.47 0.102120585042
162.54 0.0859334078985
162.61 0.0801245685008
162.68 0.615035571029
162.75 0.901496558008
162.82 0.248975212907
162.89 0.153179204812
162.96 0.0989926653814
163.03 0.0848691468954
163.1 0.0730230260388
163.17 0.0857691771984
163.24 0.876482434649
163.31 0.691971102454
163.38 0.370517267975
163.45 0.225608995769
163.52 0.221980074162
163.59 0.418262966191
163.66 0.568463464084
163.73 0.925013866842
163.8 0.709894430023
163.87 0.33735685115
163.94 0.240274719761
164.01 0.445025203349
164.08 0.653181291686
164.15 0.46981882144
164.22 0.196636130667
164.29 0.174444824177
164.36 0.681722467449
164.43 0.283102688119
164.5 0.189596828203
164.57 0.165016437419
164.64 0.124046821803
164.71 0.25774221905
164.78 0.202808145952
164.85 0.157777356387
164.92 0.190634207126
164.99 0.163033958912
165.06 0.708667149887
165.13 0.156510267364
165.2 0.106552628672
165.27 0.199695619016
165.34 0.146684702114
165.41 0.406642270456
165.48 0.262191460777
165.55 0.134117979296
165.62 0.168276428194
165.69 0.116615912688
165.76 0.87396260375
165.83 0.232342403132
165.9 0.140161927798
165.97 0.127310349739
166.04 0.150784435735
166.11 0.318941610102
166.18 0.18658544661
166.25 0.144695832075
166.32 0.53320690559
166.39 0.5255742551
166.46 0.843882672353
166.53 0.256800916738
166.6 0.2425471616
166.67 0.192060186028
166.74 0.194605134704
166.81 0.68623838303
166.88 0.214347928492
166.95 0.145877685278
167.02 0.114614343437
167.09 0.561856595353
167.16 0.465910031184
167.23 0.14562136861
167.3 0.376594673192
167.37 0.611352563547
167.44 0.272900794289
167.51 0.217708674445
167.58 0.188010539083
167.65 0.281317202258
167.72 0.243884797045
167.79 0.630649627162
167.86 0.216250835427
167.93 0.151260477339
168.0 0.155144466399
168.07 0.161952434784
168.14 0.411755897759
168.21 0.402940317688
168.28 0.133118641535
168.35 0.18118195865
168.42 0.160314494903
168.49 0.589811288639
168.56 0.291281945458
168.63 0.158423188554
168.7 0.170910463011
168.77 0.175616036807
168.84 0.334569797766
168.91 0.193137897483
168.98 0.179577923832
169.05 0.428079797204
169.12 0.461508969797
169.19 0.671096802249
169.26 0.173398303738
169.33 0.151117668109
169.4 0.190486466064
169.47 0.152594368562
169.54 0.573425588989
169.61 0.367786843388
169.68 0.163969217077
169.75 0.18261308158
169.82 0.1264875329
169.89 0.678205448124
169.96 0.219832813931
170.03 0.146031027273
170.1 0.176175353135
170.17 0.2086727859
170.24 0.340897911874
170.31 0.217991329014
170.38 0.184497459063
170.45 0.515559281479
170.52 0.35793400247
170.59 0.819163165224
170.66 0.210419860967
170.73 0.169346844576
170.8 0.188665107198
170.87 0.222925435568
170.94 0.565111096427
171.01 0.200890121804
171.08 0.178656804043
171.15 0.172276862914
171.22 0.186897026495
171.29 0.706113665479
171.36 0.209975725682
171.43 0.167681098538
171.5 0.228809164548
171.57 0.188977080672
171.64 0.325181230163
171.71 0.18356350145
171.78 0.304619976387
171.85 0.626507972967
171.92 0.799091607144
171.99 0.401166216796
172.06 0.305018392115
172.13 0.233249425617
172.2 0.135262426211
172.27 0.467946732467
172.34 0.572568254458
172.41 0.223716902244
172.48 0.180503675985
172.55 0.150576783691
172.62 0.619568910592
172.69 0.219018005759
172.76 0.171943058981
172.83 0.310619524709
172.9 0.558377798584
172.97 0.359206914889
173.04 0.231042553873
173.11 0.172675771483
173.18 0.224560081286
173.25 0.21129599875
173.32 0.605562630077
173.39 0.126378117069
173.46 0.101504321622
173.53 0.157979080649
173.6 0.118755438053
173.67 0.516283287124
173.74 0.269883168332
173.81 0.143773129376
173.88 0.167483919365
173.95 0.138317549151
174.02 0.596436209382
174.09 0.210802427066
174.16 0.147977304214
174.23 0.176130766428
174.3 0.148115583757
174.37 0.362700178594
174.44 0.187096327623
174.51 0.151682609328
174.58 0.281822391642
174.65 0.166278178776
174.72 0.539742180612
174.79 0.179488586137
174.86 0.162176256461
174.93 0.112101119688
175.0 0.0800931139521
175.07 0.636796276537
175.14 0.0764591663939
175.21 0.124528435248
175.28 0.878335987325
175.35 0.589783237774
175.42 0.410686949633
175.49 0.311168106345
175.56 0.281751716876
175.63 0.257934278153
175.7 0.203252161449
175.77 0.822650826285
175.84 0.325835767476
175.91 0.142021091674
175.98 0.0969848397888
176.05 0.14612595221
176.12 0.75357881568
176.19 0.393217362615
176.26 0.157798442452
176.33 0.0885633220169
176.4 0.221901519075
176.47 0.951485877134
176.54 0.550479831945
176.61 0.204163790627
176.68 0.102842112791
176.75 0.0817083643248
176.82 0.071204868928
176.89 0.0698656882213
176.96 0.178216746675
177.03 0.888174275744
177.1 0.500870376849
177.17 0.229327465555
177.24 0.115211776224
177.31 0.084399798003
177.38 0.0740944674611
177.45 0.0663394537971
177.52 0.0588689993272
177.59 0.0515492754792
177.66 0.0438110184085
177.73 0.0457473495453
177.8 0.177867820395
177.87 0.805793181771
177.94 0.32367323602
178.01 0.166956523046
178.08 0.0910355561134
178.15 0.0813059802004
178.22 0.0645036451075
178.29 0.0663178338217
178.36 0.48442016979
178.43 0.679284660348
178.5 0.323113192408
178.57 0.151185334491
178.64 0.0888614736968
178.71 0.0748044305603
178.78 0.057787969752
178.85 0.0616047578909
178.92 0.0502639479169
178.99 0.0427868794526
179.06 0.0367950266376
179.13 0.0389965969176
179.2 0.70655685273
179.27 0.643150899672
179.34 0.242841589593
179.41 0.104344458087
179.48 0.0892159547047
179.55 0.0909726162134
179.62 0.0962541397209
179.69 0.0990564643306
179.76 0.813752414705
179.83 0.573530625723
179.9 0.156069077146
179.97 0.0990525062015
180.04 0.0996180651826
180.11 0.137190088138
180.18 0.345134407155
180.25 0.921233357276
180.32 0.549376525273
180.39 0.354085376462
180.46 0.28233358068
180.53 0.281830061479
180.6 0.643768239469
180.67 0.434212077184
180.74 0.214897754209
180.81 0.132944968139
180.88 0.0858375486168
180.95 0.684492902851
181.02 0.166194606293
181.09 0.134119642634
181.16 0.155854111205
181.23 0.110406201914
181.3 0.301011870467
181.37 0.136748239087
181.44 0.153928312833
181.51 0.13427228986
181.58 0.102043549547
181.65 0.761596215827
181.72 0.147574500833
181.79 0.114206553464
181.86 0.127757130621
181.93 0.150225442833
182.0 0.473297941635
182.07 0.173752040351
182.14 0.182305497471
182.21 0.128999014594
182.28 0.675010876855
182.35 0.555631450785
182.42 0.161913399383
182.49 0.107285988027
182.56 0.134375868605
182.63 0.230392291272
182.7 0.258233194763
182.77 0.123753749123
182.84 0.219292193046
182.91 0.575815208905
182.98 0.662099358723
183.05 0.373729872432
183.12 0.122758034086
183.19 0.124008751548
183.26 0.0638852990928
183.33 0.482393272278
183.4 0.484289534417
183.47 0.189611931725
183.54 0.1662230131
183.61 0.0871865741643
183.68 0.779128804351
183.75 0.230969230088
183.82 0.178154871174
183.89 0.211801910283
183.96 0.148994168632
184.03 0.313834831235
184.1 0.150408642777
184.17 0.160169900835
184.24 0.37242706955
184.31 0.424016655314
184.38 0.658344211643
184.45 0.11710604133
184.52 0.0905598944072
184.59 0.14987794545
184.66 0.19387005725
184.73 0.634091934875
184.8 0.286145377092
184.87 0.19971607705
184.94 0.201290957244
185.01 0.323795246676
185.08 0.630941416402
185.15 0.165764114832
185.22 0.11884465596
185.29 0.136901368887
185.36 0.249296358699
185.43 0.283933463997
185.5 0.153538492731
185.57 0.181255215697
185.64 0.491879607211
185.71 0.701869587634
185.78 0.304455728575
185.85 0.155993203593
185.92 0.111321108142
185.99 0.0957796245545
186.06 0.514444834547
186.13 0.591943354651
186.2 0.252593375864
186.27 0.148451119478
186.34 0.122954006825
186.41 0.705640409795
186.48 0.230424746904
186.55 0.179554541266
186.62 0.134853871306
186.69 0.154790574062
186.76 0.307284454402
186.83 0.190147832974
186.9 0.182529163424
186.97 0.412676399787
187.04 0.511022938666
187.11 0.84371051855
187.18 0.238877736337
187.25 0.160005339864
187.32 0.166939304414
187.39 0.14174617197
187.46 0.599419370695
187.53 0.441099221842
187.6 0.166234291971
187.67 0.182757047617
187.74 0.128224554354
187.81 0.634902136353
187.88 0.182598958605
187.95 0.135634440721
188.02 0.214428634625
188.09 0.180431965912
188.16 0.328411640212
188.23 0.152861464415
188.3 0.336455188312
188.37 0.530135257075
188.44 0.503642607356
188.51 0.602293860572
188.58 0.18918101245
188.65 0.140772744298
188.72 0.106119962207
188.79 0.628307236129
188.86 0.837713773261
188.93 0.346926777389
189.0 0.11909540421
189.07 0.270912480407
189.14 0.242639971429
189.21 0.0914394837884
189.28 0.0757659017054
189.35 0.15321771657
189.42 0.270577139769
189.49 0.207261831803
189.56 0.226490227953
189.63 0.239587641253
189.7 0.234251231004
189.77 0.225844431723
189.84 0.234710185744
189.91 0.323923188536
189.98 0.252161770376
190.05 0.19234149384
190.12 0.544332398816
190.19 0.330784282783
190.26 0.826189934469
190.33 0.662897133079
190.4 0.362063132002
190.47 0.43666762656
190.54 0.732874386466
190.61 0.424176626705
190.68 0.210997989104
190.75 0.12786139558
190.82 0.183733497363
190.89 0.296478429939
190.96 0.241258527897
191.03 0.173399114872
191.1 0.211201166221
191.17 0.157785392433
191.24 0.194103068358
191.31 0.427455075059
191.38 0.446540040794
191.45 0.279419649834
191.52 0.247299645986
191.59 0.24514756002
191.66 0.90664445316
191.73 0.617900826982
191.8 0.328450857006
191.87 0.248076895569
191.94 0.382896925128
192.01 0.287666190235
192.08 0.16874018471
192.15 0.0820582762862
192.22 0.393204861908
192.29 0.486524513497
192.36 0.194465604235
192.43 0.222428311321
192.5 0.259935662588
192.57 0.25587279621
192.64 0.415552831936
192.71 0.327410673338
192.78 0.295425748988
192.85 0.245509401129
192.92 0.206255763683
192.99 0.687337899276
193.06 0.767031724761
193.13 0.570212792871
193.2 0.212816245468
193.27 0.104896130247
193.34 0.0895021806596
193.41 0.0744795593699
193.48 0.0687841743614
193.55 0.904054022791
193.62 0.672993754023
193.69 0.323703318143
193.76 0.11610300384
193.83 0.0806702837875
193.9 0.0717046216596
193.97 0.0665890298379
194.04 0.0643440039891
194.11 0.0542286636447
194.18 0.0434301652743
194.25 0.0356183602438
194.32 0.0337208557353
194.39 0.025192006439
194.46 0.0248954017322
194.53 0.0177504499052
194.6 0.0137733207453
194.67 0.0105168363283
194.74 0.00822241001631
194.81 0.00986214842515
194.88 0.0072418874871
194.95 0.00627488385976
195.02 0.00568822683552
195.09 0.00435204424474
195.16 0.00452134538859
