0.0 0.305180276748
0.07 0.393620136219
0.14 0.228045902482
0.21 0.185593138381
0.28 0.276408205132
0.35 0.158702075837
0.42 0.208615688896
0.49 0.484063592898
0.56 0.346207008636
0.63 0.296846913405
0.7 0.226478846605
0.77 0.101185165949
0.84 0.286224999982
0.91 0.315773039507
0.98 0.288325207812
1.05 0.199624060777
1.12 0.192689733838
1.19 0.436549303443
1.26 0.356622616344
1.33 0.192514454011
1.4 0.183947443365
1.47 0.156428757066
1.54 0.072739464499
1.61 0.370419442426
1.68 0.408543554008
1.75 0.220081681652
1.82 0.160352349165
1.89 0.113443600723
1.96 0.0951696807499
2.03 0.39152689408
2.1 0.317729805226
2.17 0.187004188847
2.24 0.110615159509
2.31 0.341381520969
2.38 0.423787859615
2.45 0.204852198434
2.52 0.154190927236
2.59 0.217588205966
2.66 0.107693770927
2.73 0.343562405527
2.8 0.482367287881
2.87 0.33172692047
2.94 0.202031811363
3.01 0.159604229987
3.08 0.205778571138
3.15 0.367845962526
3.22 0.428664757085
3.29 0.190486584127
3.36 0.13308058006
3.43 0.249854541597
3.5 0.521063479103
3.57 0.398066839654
3.64 0.221955467454
3.71 0.124094645767
3.78 0.0676324897677
3.85 0.0798177627409
3.92 0.411676170393
3.99 0.479139378845
4.06 0.616587274515
4.13 0.558195213302
4.2 0.382521631248
4.27 0.317640350725
4.34 0.543511480416
4.41 0.534794585147
4.48 0.371528274128
4.55 0.384401282262
4.62 0.23331364435
4.69 0.544502116877
4.76 0.320926231345
4.83 0.20482744267
4.9 0.225253997568
4.97 0.14131233753
5.04 0.0905914851216
5.11 0.497472381906
5.18 0.508158955981
5.25 0.284485163909
5.32 0.214116430608
5.39 0.166644550683
5.46 0.247417230425
5.53 0.438245158446
5.6 0.280587452107
5.67 0.0960836675536
5.74 0.249583459972
5.81 0.347784113147
5.88 0.273345479179
5.95 0.15670375351
6.02 0.247477436041
6.09 0.283941737813
6.16 0.452124693835
6.23 0.246328817717
6.3 0.487707101094
6.37 0.356076020107
6.44 0.275776505194
6.51 0.170997282442
6.58 0.1537730299
6.65 0.400860818239
6.72 0.4211741521
6.79 0.26051846966
6.86 0.119689480899
6.93 0.194499541526
7.0 0.506466845412
7.07 0.274519565872
7.14 0.159001498302
7.21 0.170011488889
7.28 0.211095107919
7.35 0.238264176686
7.42 0.469846708613
7.49 0.403589356416
7.56 0.274569702808
7.63 0.21437654954
7.7 0.213467983948
7.77 0.131126399164
7.84 0.507656626457
7.91 0.232564287383
7.98 0.365755170907
8.05 0.47121626862
8.12 0.502582484684
8.19 0.408156054144
8.26 0.390378833011
8.33 0.366463823184
8.4 0.506576540506
8.47 0.398801047496
8.54 0.553835418634
8.61 0.617143985536
8.68 0.415041649312
8.75 0.472780473073
8.82 0.448726285741
8.89 0.401759312144
8.96 0.332839553735
9.03 0.542136076245
9.1 0.395680679702
9.17 0.358921514735
9.24 0.387304948925
9.31 0.538623365678
9.38 0.380546262626
9.45 0.293142751585
9.52 0.33209878311
9.59 0.341913750845
9.66 0.271091616233
9.73 0.429692868961
9.8 0.466764553896
9.87 0.403535801781
9.94 0.357326626164
10.01 0.262621081906
10.08 0.192541321531
10.15 0.368234844504
10.22 0.461072075286
10.29 0.275118284517
10.36 0.227019213811
10.43 0.258674607263
10.5 0.280635151553
10.57 0.1452754717
10.64 0.111286076786
10.71 0.23693272051
10.78 0.382233664588
10.85 0.165451148481
10.92 0.51133069449
10.99 0.327878819418
11.06 0.321541066294
11.13 0.28070339728
11.2 0.212025509698
11.27 0.206820009032
11.34 0.460323134257
11.41 0.351343510879
11.48 0.242930180106
11.55 0.26152129157
11.62 0.47550030564
11.69 0.436321705767
11.76 0.40921884213
11.83 0.294163599098
11.9 0.245536056982
11.97 0.225644139383
12.04 0.173027117753
12.11 0.15181363526
12.18 0.159726445284
12.25 0.136337424274
12.32 0.129931071625
12.39 0.14064105944
12.46 0.132204416455
12.53 0.115858596629
12.6 0.0717305107772
12.67 0.0488454439513
12.74 0.0428054996567
12.81 0.0230353603701
12.88 0.539987075507
12.95 0.877497650966
13.02 0.303352827321
13.09 0.0969184719948
13.16 0.0557436605498
13.23 0.0414600810299
13.3 0.107769996629
13.37 0.467236515014
13.44 0.479558011838
13.51 0.478465338534
13.58 0.47564084822
13.65 0.254205227748
13.72 0.537794744164
13.79 0.58949185665
13.86 0.330977954384
13.93 0.431469157144
14.0 0.524570820576
14.07 0.526139612362
14.14 0.539405558609
14.21 0.498296358958
14.28 0.512332981194
14.35 0.521975465401
14.42 0.382024036389
14.49 0.412043312399
14.56 0.476598479334
14.63 0.473722727551
14.7 0.330106644713
14.77 0.240515682322
14.84 0.271294547347
14.91 0.311586557234
14.98 0.23478126825
15.05 0.197510762461
15.12 0.326386641208
15.19 0.468013281722
15.26 0.319277145692
15.33 0.150343501706
15.4 0.297168291326
15.47 0.425065590772
15.54 0.214042572238
15.61 0.38798548587
15.68 0.487135079585
15.75 0.392178611107
15.82 0.339903157878
15.89 0.30919853609
15.96 0.295917706317
16.03 0.432751951707
16.1 0.358283278073
16.17 0.240293334471
16.24 0.133342679453
16.31 0.240202971925
16.38 0.404701780209
16.45 0.373792810116
16.52 0.253413281848
16.59 0.225061954982
16.66 0.23760395851
16.73 0.256593237868
16.8 0.35596783742
16.87 0.3961880586
16.94 0.367580762149
17.01 0.306724973259
17.08 0.223872052664
17.15 0.362252198276
17.22 0.307280842383
17.29 0.154150314754
17.36 0.207079839313
17.43 0.432306801984
17.5 0.471041170201
17.57 0.438205771726
17.64 0.383773208492
17.71 0.362311601084
17.78 0.420335398763
17.85 0.195194295496
17.92 0.262582030942
17.99 0.399256262893
18.06 0.32713842464
18.13 0.395565160489
18.2 0.336865965441
18.27 0.209406435094
18.34 0.282069650838
18.41 0.332223581225
18.48 0.238434385089
18.55 0.154371808681
18.62 0.349353152492
18.69 0.434903613439
18.76 0.476207271117
18.83 0.42828937652
18.9 0.454057843357
18.97 0.415808593896
19.04 0.264364105158
19.11 0.389327289354
19.18 0.421884593407
19.25 0.391261845043
19.32 0.328619053836
19.39 0.260025719715
19.46 0.241791724675
19.53 0.322392840961
19.6 0.18258155062
19.67 0.142854457236
19.74 0.410322029118
19.81 0.408728778236
19.88 0.260200108535
19.95 0.180746521118
20.02 0.360741479301
20.09 0.456247063692
20.16 0.221558105375
20.23 0.2263361171
20.3 0.409725928369
20.37 0.381247508218
20.44 0.287046071489
20.51 0.242234834804
20.58 0.299343274591
20.65 0.464354075165
20.72 0.487119331111
20.79 0.444695473122
20.86 0.360720436902
20.93 0.255250557409
21.0 0.454461961655
21.07 0.416854222229
21.14 0.327212355172
21.21 0.209869335802
21.28 0.204453587542
21.35 0.229147693324
21.42 0.211439591887
21.49 0.581463025282
21.56 0.501296505948
21.63 0.786087116893
21.7 0.6375377626
21.77 0.664973181335
21.84 0.628910894121
21.91 0.818794874852
21.98 0.759213188946
22.05 0.758422391634
22.12 0.709946260579
22.19 0.717422614462
22.26 0.699183760477
22.33 0.303409570137
22.4 0.237178966192
22.47 0.534381928616
22.54 0.500865836843
22.61 0.448452066047
22.68 0.462800679058
22.75 0.399265287221
22.82 0.390912451014
22.89 0.374980875296
22.96 0.322173760471
23.03 0.27004036323
23.1 0.310054469125
23.17 0.3036942083
23.24 0.256639166324
23.31 0.291287952551
23.38 0.468203872037
23.45 0.473334457953
23.52 0.462989851178
23.59 0.464488136145
23.66 0.4282644183
23.73 0.441953557813
23.8 0.446789082087
23.87 0.416911095339
23.94 0.456398085878
24.01 0.458551646888
24.08 0.421900884102
24.15 0.399016341457
24.22 0.355469681297
24.29 0.318042065609
24.36 0.295857205035
24.43 0.302664529895
24.5 0.420056887402
24.57 0.356860152407
24.64 0.238770970265
24.71 0.234180462904
24.78 0.385810922551
24.85 0.283787997505
24.92 0.196715042058
24.99 0.281378234386
25.06 0.369445094656
25.13 0.401132289743
25.2 0.431271531983
25.27 0.397777957932
25.34 0.325542291265
25.41 0.386699626404
25.48 0.360575659784
25.55 0.229227777718
25.62 0.181518841812
25.69 0.380576745289
25.76 0.429156563905
25.83 0.408410058302
25.9 0.364660035056
25.97 0.361410285824
26.04 0.384855564557
26.11 0.376731604907
26.18 0.386793665231
26.25 0.427037436459
26.32 0.369052710791
26.39 0.283772619866
26.46 0.194938932277
26.53 0.134050259314
26.6 0.204700594939
26.67 0.0945104327588
26.74 0.179801986504
26.81 0.405517737195
26.88 0.356163336793
26.95 0.189471677997
27.02 0.169930800134
27.09 0.418652097037
27.16 0.296891190141
27.23 0.235570080091
27.3 0.29391473151
27.37 0.431497104096
27.44 0.393504831489
27.51 0.42712466695
27.58 0.392592753986
27.65 0.37138620511
27.72 0.409693657678
27.79 0.399198323381
27.86 0.26238154233
27.93 0.225929420995
28.0 0.347138333495
28.07 0.461348810647
28.14 0.445067406923
28.21 0.423235716884
28.28 0.37303025943
28.35 0.393259449753
28.42 0.42448068925
28.49 0.446190138936
28.56 0.451372052471
28.63 0.430858956635
28.7 0.319651238356
28.77 0.198849105148
28.84 0.165127510469
28.91 0.313544926565
28.98 0.336480237569
29.05 0.257643968695
29.12 0.399203856845
29.19 0.407452361038
29.26 0.291322710846
29.33 0.200904097127
29.4 0.414098903728
29.47 0.331945205168
29.54 0.203604033877
29.61 0.219135839092
29.68 0.375229975407
29.75 0.415781490845
29.82 0.428846923424
29.89 0.347698402079
29.96 0.272732433261
30.03 0.289853625654
30.1 0.365233140005
30.17 0.197393745874
30.24 0.115916941053
30.31 0.175671158595
30.38 0.457529954472
30.45 0.441075797611
30.52 0.381454784118
30.59 0.273551688677
30.66 0.211729806611
30.73 0.207976347746
30.8 0.333087698695
30.87 0.448377004968
30.94 0.45618671776
31.01 0.364144000661
31.08 0.254289848361
31.15 0.222941314126
31.22 0.353046495944
31.29 0.461303551699
31.36 0.384201053235
31.43 0.244800949112
31.5 0.140209953351
31.57 0.108582003718
31.64 0.05268751943
31.71 0.0774623279993
31.78 0.120041405628
31.85 0.0607082776129
31.92 0.0371041460555
31.99 0.12502802826
32.06 0.08287727746
32.13 0.0667569886551
32.2 0.211851637041
32.27 0.278746033213
32.34 0.256762233539
32.41 0.351743877727
32.48 0.254409172144
32.55 0.123412924153
32.62 0.0266684561108
32.69 0.206166268446
32.76 0.444524239409
32.83 0.228706850302
32.9 0.159654302779
32.97 0.16999432623
33.04 0.106840900792
33.11 0.0683152176485
33.18 0.419637505722
33.25 0.373751928027
33.32 0.198674912771
33.39 0.168872679661
33.46 0.135961816197
33.53 0.19241568553
33.6 0.357514156586
33.67 0.177883984102
33.74 0.0789951527684
33.81 0.200865721684
33.88 0.273777018244
33.95 0.202133833172
34.02 0.122932998094
34.09 0.192638427267
34.16 0.25618597649
34.23 0.328935050635
34.3 0.19986119293
34.37 0.380922675516
34.44 0.266687898626
34.51 0.20510597107
34.58 0.131623301463
34.65 0.125657803863
34.72 0.335716674603
34.79 0.319597104416
34.86 0.171982815407
34.93 0.0842359178695
35.0 0.21271213135
35.07 0.383257107948
35.14 0.179106799559
35.21 0.120868217065
35.28 0.133231210363
35.35 0.165545364708
35.42 0.188522079977
35.49 0.378808356901
35.56 0.315063282743
35.63 0.192955737024
35.7 0.158505604274
35.77 0.158702907711
35.84 0.141583542433
35.91 0.38959043811
35.98 0.163602847084
36.05 0.308827245739
36.12 0.366698677205
36.19 0.381161603714
36.26 0.322848528421
36.33 0.300383989858
36.4 0.276923133034
36.47 0.398583080514
36.54 0.292296143555
36.61 0.447434533
36.68 0.409191736073
36.75 0.331739433657
36.82 0.349428925174
36.89 0.316368756391
36.96 0.303741004711
37.03 0.379599363685
37.1 0.321384721118
37.17 0.244681462963
37.24 0.244635856232
37.31 0.363100369827
37.38 0.43108275375
37.45 0.252264020075
37.52 0.160391457258
37.59 0.178541213546
37.66 0.175851383562
37.73 0.181397517522
37.8 0.446585368211
37.87 0.279752043304
37.94 0.200674145148
38.01 0.141943191562
38.08 0.121119373809
38.15 0.208178929071
38.22 0.456100342194
38.29 0.175480619396
38.36 0.108947696461
38.43 0.188538697408
38.5 0.31276286493
38.57 0.190931015231
38.64 0.124925450198
38.71 0.183898859929
38.78 0.380070087015
38.85 0.191372716186
38.92 0.328889520075
38.99 0.411781841422
39.06 0.261084391429
39.13 0.203569230481
39.2 0.128591349831
39.27 0.171784546796
39.34 0.385678443134
39.41 0.330000573782
39.48 0.185983475636
39.55 0.121631538487
39.62 0.261783758791
39.69 0.504704640953
39.76 0.335757891446
39.83 0.218962405423
39.9 0.136759498018
39.97 0.0732461919294
40.04 0.0439263073354
40.11 0.0280763695104
40.18 0.0184989338289
40.25 0.014063715264
40.32 0.0117453670618
40.39 0.0101762124579
40.46 0.00863877930825
40.53 0.00992173423221
40.6 0.00791475741055
40.67 0.00647423756325
40.74 0.00619378983989
40.81 0.00618893590614
40.88 0.493866874309
40.95 1.0
41.02 0.621646024618
41.09 0.212899827144
41.16 0.0675336421081
41.23 0.0394977738289
41.3 0.347592859338
41.37 0.461238527228
41.44 0.478629202646
41.51 0.513672660893
41.58 0.370984355924
41.65 0.487507999607
41.72 0.435854383098
41.79 0.518530238845
41.86 0.475746952224
41.93 0.412955743699
42.0 0.374024060018
42.07 0.446117286833
42.14 0.469911037517
42.21 0.472393761986
42.28 0.482019674865
42.35 0.494279836529
42.42 0.429344684657
42.49 0.417374896074
42.56 0.43202603454
42.63 0.453672438212
42.7 0.333344715639
42.77 0.287778513354
42.84 0.243077300502
42.91 0.256821369747
42.98 0.10352414362
43.05 0.340126222343
43.12 0.450197752298
43.19 0.458752822046
43.26 0.276505659653
43.33 0.155345029913
43.4 0.463198388921
43.47 0.45342110908
43.54 0.4133735368
43.61 0.306437202039
43.68 0.424205083433
43.75 0.394507287574
43.82 0.399538002526
43.89 0.38314727354
43.96 0.392145605761
44.03 0.351674191756
44.1 0.442022908028
44.17 0.322199991558
44.24 0.227994076742
44.31 0.178522651735
44.38 0.447234877264
44.45 0.443160841283
44.52 0.260314397978
44.59 0.154633739694
44.66 0.110848633422
44.73 0.0786175902889
44.8 0.0439654104171
44.87 0.0311752098124
44.94 0.634933472298
45.01 0.547661934534
45.08 0.502781291507
45.15 0.242602889867
45.22 0.634203459906
45.29 0.702455992353
45.36 0.486634998125
45.43 0.218865838902
45.5 0.605443314154
45.57 0.564978949027
45.64 0.436292798652
45.71 0.27513878269
45.78 0.251975582354
45.85 0.420850077104
45.92 0.427141890747
45.99 0.261635836589
46.06 0.187923019561
46.13 0.321247294557
46.2 0.355497762552
46.27 0.256707558381
46.34 0.13646139753
46.41 0.0710515343468
46.48 0.0238320760143
46.55 0.00885168288484
46.62 0.00224961337335
46.69 0.0864049908213
46.76 0.459541344234
46.83 0.248398528851
46.9 0.208593266388
46.97 0.270812594723
47.04 0.171980592399
47.11 0.125030457733
47.18 0.44049411935
47.25 0.406358360745
47.32 0.312663872945
47.39 0.245492755443
47.46 0.150078023703
47.53 0.205994148738
47.6 0.316613315273
47.67 0.300051851699
47.74 0.251779166918
47.81 0.143888232871
47.88 0.370807528611
47.95 0.419020498882
48.02 0.243574515506
48.09 0.137329815688
48.16 0.211829024104
48.23 0.082916879666
48.3 0.283858282827
48.37 0.44419703336
48.44 0.251006656798
48.51 0.186608939527
48.58 0.112879224436
48.65 0.102167631004
48.72 0.331248970863
48.79 0.336880500181
48.86 0.24654293603
48.93 0.12441870172
49.0 0.234393776404
49.07 0.454334279043
49.14 0.269804968992
49.21 0.155040428783
49.28 0.224679757061
49.35 0.115951291429
49.42 0.0921256018007
49.49 0.50904083947
49.56 0.403239334974
49.63 0.245985493361
49.7 0.171278624179
49.77 0.213560365041
49.84 0.207468753363
49.91 0.485748630535
49.98 0.274906574629
50.05 0.148206836755
50.12 0.11137654457
50.19 0.490979037303
50.26 0.450684203054
50.33 0.2750444051
50.4 0.15939582755
50.47 0.0817746346987
50.54 0.0677906299869
50.61 0.319401236213
50.68 0.490514190211
50.75 0.530278679831
50.82 0.628557186376
50.89 0.407597119113
50.96 0.346354072906
51.03 0.43968431823
51.1 0.609579382868
51.17 0.366236099224
51.24 0.394109788186
51.31 0.292140925919
51.38 0.486318399971
51.45 0.395885904983
51.52 0.217471589281
51.59 0.191208510304
51.66 0.221504507643
51.73 0.0961170447375
51.8 0.320898524935
51.87 0.56796866953
51.94 0.355794885837
52.01 0.262700949813
52.08 0.180533029217
52.15 0.196860707177
52.22 0.330371000188
52.29 0.426236952326
52.36 0.135499452699
52.43 0.175434718
52.5 0.316594439755
52.57 0.332695276744
52.64 0.183930497193
52.71 0.180739861116
52.78 0.283508092003
52.85 0.423777016189
52.92 0.325671069344
52.99 0.418269750782
53.06 0.384436347247
53.13 0.350634761384
53.2 0.187137747695
53.27 0.145937463872
53.34 0.312803974531
53.41 0.452217273376
53.48 0.310004806256
53.55 0.162905716761
53.62 0.0932120560966
53.69 0.470620081677
53.76 0.360507484215
53.83 0.18044258248
53.9 0.12791755407
53.97 0.208961940847
54.04 0.205316905211
54.11 0.372883441715
54.18 0.47608032316
54.25 0.335896496661
54.32 0.226767335442
54.39 0.205602656882
54.46 0.158078432046
54.53 0.442228999259
54.6 0.33268890439
54.67 0.284113296258
54.74 0.459278891044
54.81 0.512093154973
54.88 0.415984629425
54.95 0.395995532926
55.02 0.378044642594
55.09 0.419346574384
55.16 0.488972603705
55.23 0.471476954829
55.3 0.646302122786
55.37 0.454307948733
55.44 0.42626414558
55.51 0.486084802781
55.58 0.382936839527
55.65 0.37057088556
55.72 0.465361922394
55.79 0.498815207693
55.86 0.350557992458
55.93 0.375298382497
56.0 0.477540737822
56.07 0.474826528922
56.14 0.3003888919
56.21 0.331818171017
56.28 0.341820881652
56.35 0.27366235997
56.42 0.358874694269
56.49 0.49068453893
56.56 0.401065191601
56.63 0.406493053146
56.7 0.271152372089
56.77 0.221302017523
56.84 0.239565268464
56.91 0.508001109423
56.98 0.322952002502
57.05 0.225432664024
57.12 0.214688739765
57.19 0.30850668566
57.26 0.191794225658
57.33 0.115656048379
57.4 0.218538421377
57.47 0.357109488049
57.54 0.227478396144
57.61 0.405424574341
57.68 0.428794659697
57.75 0.313536660946
57.82 0.286248430761
57.89 0.244755045712
57.96 0.18053410063
58.03 0.418049580837
58.1 0.389354150861
58.17 0.262464651538
58.24 0.270749946604
58.31 0.340650144505
58.38 0.506559325729
58.45 0.406486397153
58.52 0.358030084741
58.59 0.250106689574
58.66 0.236638011663
58.73 0.189534013411
58.8 0.158098104359
58.87 0.163247867474
58.94 0.137921833239
59.01 0.129907917469
59.08 0.141928062483
59.15 0.134539083416
59.22 0.127805890542
59.29 0.0828293635313
59.36 0.0566735551868
59.43 0.0433182707006
59.5 0.030450512393
59.57 0.0805316538184
59.64 0.905538731987
59.71 0.563699505011
59.78 0.131413647205
59.85 0.0681727397094
59.92 0.0309617820551
59.99 0.0471000493575
60.06 0.3842092507
60.13 0.451914997483
60.2 0.443348385736
60.27 0.489288256731
60.34 0.419041050175
60.41 0.286600384556
60.48 0.67669268614
60.55 0.430949970649
60.62 0.399157384163
60.69 0.416877298209
60.76 0.591039081857
60.83 0.521806150009
60.9 0.515611100331
60.97 0.513335814128
61.04 0.527984781704
61.11 0.433959935755
61.18 0.397344938533
61.25 0.406453336683
61.32 0.516221076334
61.39 0.389576233113
61.46 0.280715354213
61.53 0.158842085216
61.6 0.318443197179
61.67 0.30753329204
61.74 0.192544025623
61.81 0.244256723215
61.88 0.474100434356
61.95 0.372391580772
62.02 0.198085007979
62.09 0.183689317924
62.16 0.447354302276
62.23 0.267534604877
62.3 0.354488044107
62.37 0.429024698873
62.44 0.436119975359
62.51 0.388762082195
62.58 0.279835464214
62.65 0.317530968335
62.72 0.390856052975
62.79 0.380968033687
62.86 0.292744988602
62.93 0.159911684545
63.0 0.178403872177
63.07 0.355947887482
63.14 0.407147878174
63.21 0.295086191285
63.28 0.238050251809
63.35 0.221351766586
63.42 0.230089048777
63.49 0.325466931513
63.56 0.405320036865
63.63 0.361000453655
63.7 0.330189850137
63.77 0.267290518058
63.84 0.265205367145
63.91 0.400413158862
63.98 0.17359688318
64.05 0.138501211319
64.12 0.369568585827
64.19 0.478560566039
64.26 0.450479071985
64.33 0.403100121388
64.4 0.347748651268
64.47 0.435703914159
64.54 0.269915985062
64.61 0.191602935768
64.68 0.371492401323
64.75 0.367820683584
64.82 0.367408911045
64.89 0.347183027169
64.96 0.287426320019
65.03 0.207796570789
65.1 0.356054049618
65.17 0.270930451201
65.24 0.16888512269
65.31 0.246229139186
65.38 0.408552303717
65.45 0.488360693345
65.52 0.436722716064
65.59 0.441053703844
65.66 0.451172231363
65.73 0.330681199929
65.8 0.35560725118
65.87 0.395993635652
65.94 0.365314531344
66.01 0.383549677978
66.08 0.29979428251
66.15 0.208001354074
66.22 0.345570444742
66.29 0.207095542686
66.36 0.154718562763
66.43 0.306764736828
66.5 0.430269025785
66.57 0.326314010604
66.64 0.2261175207
66.71 0.239191462446
66.78 0.47958027198
66.85 0.303811809202
66.92 0.216115208962
66.99 0.327671456322
67.06 0.438707493881
67.13 0.293523778869
67.2 0.264489544717
67.27 0.240648785143
67.34 0.424549237659
67.41 0.487769293185
67.48 0.472141116889
67.55 0.385558432804
67.62 0.291413287876
67.69 0.383558827588
67.76 0.450689045963
67.83 0.349527764815
67.9 0.250854764653
67.97 0.200996460179
68.04 0.231334547329
68.11 0.201101812491
68.18 0.450119128193
68.25 0.605186972731
68.32 0.631676652138
68.39 0.777050698883
68.46 0.566605666293
68.53 0.71094480786
68.6 0.675522307801
68.67 0.863512054669
68.74 0.67696887026
68.81 0.808316293291
68.88 0.616572975305
68.95 0.774653025998
69.02 0.414249481913
69.09 0.262547109279
69.16 0.368573670728
69.23 0.58627840518
69.3 0.447465619023
69.37 0.453857965121
69.44 0.432431801552
69.51 0.389778317318
69.58 0.378369429193
69.65 0.346626495552
69.72 0.280851083952
69.79 0.291599098424
69.86 0.330702231303
69.93 0.259517795589
70.0 0.263770467959
70.07 0.423558421794
70.14 0.460751746729
70.21 0.473199746509
70.28 0.469670612948
70.35 0.440263765466
70.42 0.432672504749
70.49 0.445572168926
70.56 0.429191962643
70.63 0.431910573458
70.7 0.471578308133
70.77 0.434906279444
70.84 0.407351959879
70.91 0.362846992081
70.98 0.342085499719
71.05 0.289585985781
71.12 0.294507876601
71.19 0.378221278475
71.26 0.413828638942
71.33 0.277894499088
71.4 0.18175610526
71.47 0.351262579577
71.54 0.345592260884
71.61 0.218588975252
71.68 0.202225867484
71.75 0.373401394431
71.82 0.376639259895
71.89 0.430601549813
71.96 0.417162691071
72.03 0.356125768167
72.1 0.341929367021
72.17 0.395596106196
72.24 0.264661783695
72.31 0.198532521026
72.38 0.299304181532
72.45 0.424648676651
72.52 0.419245044683
72.59 0.386409309449
72.66 0.361269749257
72.73 0.376849819191
72.8 0.371082884866
72.87 0.375868666091
72.94 0.422905269534
73.01 0.399525406152
73.08 0.314626892751
73.15 0.236206158892
73.22 0.137165606799
73.29 0.202611891023
73.36 0.119009197525
73.43 0.128932353961
73.5 0.34361663869
73.57 0.401726606473
73.64 0.238411865363
73.71 0.147060430414
73.78 0.353521838678
73.85 0.370742279634
73.92 0.224782629787
73.99 0.250436239904
74.06 0.410362719776
74.13 0.397064402611
74.2 0.425406827425
74.27 0.406925460166
74.34 0.381319865206
74.41 0.379691519271
74.48 0.430369400885
74.55 0.308328987386
74.62 0.199149543903
74.69 0.299817578987
74.76 0.44299217836
74.83 0.449523805196
74.9 0.436854174181
74.97 0.37911965211
75.04 0.393659445766
75.11 0.401407124823
75.18 0.443894029829
75.25 0.458668081162
75.32 0.437489960323
75.39 0.371065909628
75.46 0.22855760111
75.53 0.184969075646
75.6 0.260463700289
75.67 0.348341432539
75.74 0.273246949235
75.81 0.334626974996
75.88 0.405648323348
75.95 0.360621461956
76.02 0.231637496738
76.09 0.329801745912
76.16 0.394058002536
76.23 0.24509816661
76.3 0.175433039219
76.37 0.328383565385
76.44 0.403753255607
76.51 0.437061501196
76.58 0.385009585497
76.65 0.29316092452
76.72 0.266334704037
76.79 0.356434850392
76.86 0.266679604944
76.93 0.152058595044
77.0 0.0726889747682
77.07 0.401337034942
77.14 0.453659988167
77.21 0.407185308488
77.28 0.31072761442
77.35 0.232527914451
77.42 0.198592718624
77.49 0.219194647561
77.56 0.457689556985
77.63 0.45818362991
77.7 0.400515745945
77.77 0.288266406358
77.84 0.239382747326
77.91 0.263411161602
77.98 0.457858105649
78.05 0.430608171729
78.12 0.290310852582
78.19 0.165071075346
78.26 0.119504827959
78.33 0.0664480708012
78.4 0.0532820736949
78.47 0.121555428044
78.54 0.0810602585285
78.61 0.0424707175422
78.68 0.070253123885
78.75 0.131127718135
78.82 0.0571102849437
78.89 0.122667663413
78.96 0.296307552466
79.03 0.248511040289
79.1 0.347851798613
79.17 0.268335904847
79.24 0.188613055905
79.31 0.0388753187158
79.38 0.0237474002777
79.45 0.449460441466
79.52 0.285788838506
79.59 0.146986890762
79.66 0.150346079512
79.73 0.166320334368
79.8 0.0732888720686
79.87 0.312791705895
79.94 0.406726888874
80.01 0.277775183323
80.08 0.187798734603
80.15 0.143874286456
80.22 0.150664859581
80.29 0.297573516116
80.36 0.297112868483
80.43 0.0876411443226
80.5 0.158744278902
80.57 0.272819506398
80.64 0.222877847163
80.71 0.136990815071
80.78 0.156488151856
80.85 0.214477292469
80.92 0.329793692772
80.99 0.244906499871
81.06 0.354067237217
81.13 0.284909960787
81.2 0.253505642896
81.27 0.137531770602
81.34 0.114156528631
81.41 0.258402387072
81.48 0.359184000999
81.55 0.21622434179
81.62 0.111582205832
81.69 0.0732478306206
81.76 0.3919355947
81.83 0.25008032218
81.9 0.127621454089
81.97 0.101714474244
82.04 0.166413122378
82.11 0.162110139681
82.18 0.318724853625
82.25 0.350605420291
82.32 0.249216349035
82.39 0.173556678617
82.46 0.16494494924
82.53 0.109267182119
82.6 0.367810778272
82.67 0.228525035755
82.74 0.239743523994
82.81 0.357948308536
82.88 0.401377118232
82.95 0.314976019177
83.02 0.30658736128
83.09 0.292205845153
83.16 0.348478946296
83.23 0.353851233658
83.3 0.379396619995
83.37 0.452340414758
83.44 0.324794672213
83.51 0.359745172067
83.58 0.312014574366
83.65 0.311031232335
83.72 0.337081045921
83.79 0.376106308393
83.86 0.264600332272
83.93 0.245531302272
84.0 0.251674103256
84.07 0.474169675325
84.14 0.309958112075
84.21 0.183153597185
84.28 0.18182172407
84.35 0.17029022175
84.42 0.177115734579
84.49 0.375568793613
84.56 0.36350745581
84.63 0.222565304144
84.7 0.146874633897
84.77 0.104313910612
84.84 0.171285158899
84.91 0.418629287658
84.98 0.2912054457
85.05 0.0873295223776
85.12 0.161933638102
85.19 0.246913891627
85.26 0.286034510896
85.33 0.128798875293
85.4 0.174919607687
85.47 0.301274788428
85.54 0.306585347745
85.61 0.16816006546
85.68 0.475175218364
85.75 0.268942420055
85.82 0.234404429401
85.89 0.155124827896
85.96 0.163690751092
86.03 0.272743583377
86.1 0.414738862268
86.17 0.206368616246
86.24 0.145766344416
86.31 0.132292879723
86.38 0.489995016745
86.45 0.399764559859
86.52 0.248313495309
86.59 0.152504017382
86.66 0.0925658585023
86.73 0.0536034666496
86.8 0.0319878042244
86.87 0.0218231578196
86.94 0.0150616662014
87.01 0.0124708723008
87.08 0.0107015478036
87.15 0.00868677041075
87.22 0.0094004139306
87.29 0.00883865554005
87.36 0.00704299271437
87.43 0.00624880977521
87.5 0.00636726660549
87.57 0.0408055937626
87.64 0.942815420704
87.71 0.835829925206
87.78 0.287164377981
87.85 0.0942220982701
87.92 0.0308069312454
87.99 0.120131857376
88.06 0.482745055824
88.13 0.427322187876
88.2 0.533602976987
88.27 0.429929384725
88.34 0.485496697041
88.41 0.412360211231
88.48 0.518866598513
88.55 0.498403877149
88.62 0.428689111945
88.69 0.349783318463
88.76 0.433609288905
88.83 0.475797076131
88.9 0.464606291295
88.97 0.468913097605
89.04 0.512899765906
89.11 0.44090209634
89.18 0.418330296164
89.25 0.423946796629
89.32 0.455573452347
89.39 0.395009432683
89.46 0.307297354578
89.53 0.221212129045
89.6 0.278429246635
89.67 0.139207503279
89.74 0.0879542907014
89.81 0.49317707951
89.88 0.457636170729
89.95 0.360262377098
90.02 0.192613773734
90.09 0.369386103776
90.16 0.458738077833
90.23 0.430916363948
90.3 0.37044580982
90.37 0.365125898438
90.44 0.393935715077
90.51 0.407469598867
90.58 0.386518367107
90.65 0.417775454353
90.72 0.333022998955
90.79 0.42838016703
90.86 0.370740256076
90.93 0.251676309225
91.0 0.192101980893
91.07 0.364392197738
91.14 0.462127690115
91.21 0.342789608762
91.28 0.171522080577
91.35 0.124064847645
91.42 0.0986578159593
91.49 0.0464902818238
91.56 0.0386334779567
91.63 0.46805503377
91.7 0.628619457645
91.77 0.557167013227
91.84 0.280006649819
91.91 0.466967510066
91.98 0.736747311366
92.05 0.577368409944
92.12 0.268644582159
92.19 0.475337470846
92.26 0.633975074456
92.33 0.457946892647
92.4 0.342799000918
92.47 0.247451821343
92.54 0.369408287747
92.61 0.41795826314
92.68 0.34945845469
92.75 0.212619708161
92.82 0.229634863701
92.89 0.379909010181
92.96 0.310250992805
93.03 0.154801172846
93.1 0.103191382057
93.17 0.0310007227711
93.24 0.012433142312
93.31 0.00391788925319
93.38 0.0
