0.0 1.27594993828e-05
0.07 0.0
0.14 0.0264669308787
0.21 0.0586429330685
0.28 0.0870271961482
0.35 0.234320645533
0.42 0.251273425642
0.49 0.234110436724
0.56 0.231775332167
0.63 0.250583955456
0.7 0.254385775765
0.77 0.254921876171
0.84 0.323148797272
0.91 0.295367540971
0.98 0.1871543141
1.05 0.0956135963853
1.12 0.0329905531979
1.19 0.141821745049
1.26 0.271045074598
1.33 0.246717285728
1.4 0.360809861199
1.47 0.336624528537
1.54 0.301918406719
1.61 0.284948491024
1.68 0.251862589025
1.75 0.233892810097
1.82 0.2197084662
1.89 0.317390442235
1.96 0.27501485093
2.03 0.168418726475
2.1 0.0850037262705
2.17 0.0466405626834
2.24 0.0882757673044
2.31 0.165710597335
2.38 0.181113423332
2.45 0.338071028603
2.52 0.289958322159
2.59 0.238366743324
2.66 0.223954905823
2.73 0.240285413077
2.8 0.311554661592
2.87 0.27673273975
2.94 0.23540317587
3.01 0.233443272215
3.08 0.117551461319
3.15 0.0651762603661
3.22 0.070069578471
3.29 0.221336534412
3.36 0.139570149561
3.43 0.139583676421
3.5 0.29989802227
3.57 0.237363646519
3.64 0.192886270871
3.71 0.30973156552
3.78 0.29098480534
3.85 0.25493709975
3.92 0.140373100637
3.99 0.238658278487
4.06 0.207118148486
4.13 0.135250707313
4.2 0.0596367874426
4.27 0.153763620784
4.34 0.17543806579
4.41 0.148583512361
4.48 0.260481281283
4.55 0.326300602512
4.62 0.286987279335
4.69 0.249150072076
4.76 0.231486819551
4.83 0.210548898849
4.9 0.206151984101
4.97 0.170494627322
5.04 0.182216010553
5.11 0.149860331975
5.18 0.0965999178374
5.25 0.0642177035078
5.32 0.206511507403
5.39 0.247090558637
5.46 0.271634301928
5.53 0.330364653341
5.6 0.322168378101
5.67 0.267457714489
5.74 0.251528730734
5.81 0.182906631779
5.88 0.180945052721
5.95 0.22928615122
6.02 0.184826186128
6.09 0.315839058914
6.16 0.249796766178
6.23 0.196555579749
6.3 0.176347984783
6.37 0.161211716367
6.44 0.194523121096
6.51 0.181975418532
6.58 0.246318595069
6.65 0.289534804192
6.72 0.24718884579
6.79 0.207386154459
6.86 0.172042936939
6.93 0.165192649267
7.0 0.164447353607
7.07 0.211334176121
7.14 0.223958395182
7.21 0.203333809076
7.28 0.187380696096
7.35 0.151233578958
7.42 0.201588787668
7.49 0.230437463699
7.56 0.242739507532
7.63 0.328707357222
7.7 0.275674803316
7.77 0.231942380147
7.84 0.18433218397
7.91 0.162986238522
7.98 0.264198607743
8.05 0.350827043956
8.12 0.360679312933
8.19 0.280466808523
8.26 0.225245579491
8.33 0.176396711108
8.4 0.217934643197
8.47 0.269192846539
8.54 0.243430752239
8.61 0.238257860202
8.68 0.221295177945
8.75 0.197535475623
8.82 0.142792955894
8.89 0.20802949882
8.96 0.195186230318
9.03 0.291025084304
9.1 0.189401701894
9.17 0.397054927639
9.24 0.446148109741
9.31 0.350203737296
9.38 0.335546019382
9.45 0.364529580332
9.52 0.343404709304
9.59 0.191976510678
9.66 0.292291803535
9.73 0.384851841334
9.8 0.353135512579
9.87 0.273996301404
9.94 0.288981092863
10.01 0.291235835594
10.08 0.336371823945
10.15 0.322811460281
10.22 0.350058458906
10.29 0.263792392688
10.36 0.198386934539
10.43 0.183098778841
10.5 0.137401802026
10.57 0.2363817651
10.64 0.250137894144
10.71 0.335163879197
10.78 0.401683103517
10.85 0.315535023235
10.92 0.211086055442
10.99 0.21532436957
11.06 0.293963741318
11.13 0.341594041274
11.2 0.370882738851
11.27 0.387438899109
11.34 0.251433635587
11.41 0.140018773005
11.48 0.10994635206
11.55 0.200715099812
11.62 0.347232782932
11.69 0.338129122054
11.76 0.362012274557
11.83 0.325164297259
11.9 0.251229572057
11.97 0.21081859195
12.04 0.207791519023
12.11 0.222217065631
12.18 0.122469971229
12.25 0.259274495036
12.32 0.258855494903
12.39 0.176090472465
12.46 0.100532562448
12.53 0.14368785807
12.6 0.220951766016
12.67 0.205022930404
12.74 0.241801383778
12.81 0.306880554926
12.88 0.287522324621
12.95 0.257973515291
13.02 0.251000056672
13.09 0.225568442145
13.16 0.169209134404
13.23 0.169110335678
13.3 0.28832749145
13.37 0.250791453991
13.44 0.163906982627
13.51 0.104111437895
13.58 0.115762509591
13.65 0.274116596881
13.72 0.264913013946
13.79 0.241433870336
13.86 0.313682417889
13.93 0.28721763562
14.0 0.229456416785
14.07 0.136477877638
14.14 0.148837486296
14.21 0.266303916614
14.28 0.321024170101
14.35 0.358149062214
14.42 0.338891890085
14.49 0.286400735636
14.56 0.227788698419
14.63 0.207731052083
14.7 0.263276165852
14.77 0.251853138767
14.84 0.265051026924
14.91 0.294865741578
14.98 0.320845864303
15.05 0.289280949624
15.12 0.287855083029
15.19 0.26464387505
15.26 0.25967463835
15.33 0.312834134994
15.4 0.259422248163
15.47 0.262566315851
15.54 0.223747014017
15.61 0.223781823406
15.68 0.248085926416
15.75 0.238820809698
15.82 0.230209368997
15.89 0.311242958703
15.96 0.303601299638
16.03 0.228250518331
16.1 0.25525808024
16.17 0.284052282204
16.24 0.241167587726
16.31 0.212021578697
16.38 0.274737952101
16.45 0.274267572922
16.52 0.250292127204
16.59 0.238472412058
16.66 0.296358329101
16.73 0.338372930594
16.8 0.343600811469
16.87 0.291421487802
16.94 0.302849894937
17.01 0.316445164976
17.08 0.26902726507
17.15 0.270559922664
17.22 0.289798300856
17.29 0.261545193536
17.36 0.299020703307
17.43 0.357366365192
17.5 0.323403386161
17.57 0.260007381837
17.64 0.233957819384
17.71 0.201783165404
17.78 0.179053687145
17.85 0.20019455764
17.92 0.240998964526
17.99 0.258847321448
18.06 0.274531493767
18.13 0.271508695677
18.2 0.332163580755
18.27 0.357743535653
18.34 0.388781007243
18.41 0.360776155956
18.48 0.34971609144
18.55 0.313295511543
18.62 0.289745524574
18.69 0.265890601344
18.76 0.289193578174
18.83 0.308545041852
18.9 0.292374668874
18.97 0.36257110482
19.04 0.327979993284
19.11 0.247092877771
19.18 0.20508452174
19.25 0.196416655531
19.32 0.246059501135
19.39 0.267385691315
19.46 0.300193868507
19.53 0.345286587319
19.6 0.25093905258
19.67 0.158257795275
19.74 0.101696636559
19.81 0.222390249297
19.88 0.307761480484
19.95 0.2441792868
20.02 0.334779133183
20.09 0.307015780894
20.16 0.279574793541
20.23 0.238512685693
20.3 0.242518016393
20.37 0.245548594665
20.44 0.202756555767
20.51 0.27923893585
20.58 0.266060440598
20.65 0.210713264265
20.72 0.16070670685
20.79 0.183682162507
20.86 0.18443844954
20.93 0.256596776818
21.0 0.261389371401
21.07 0.317164584601
21.14 0.259201181203
21.21 0.219266719159
21.28 0.194814439907
21.35 0.212439373434
21.42 0.257068348603
21.49 0.250771558039
21.56 0.264155696306
21.63 0.22683259818
21.7 0.116225486939
21.77 0.110948188049
21.84 0.163811370578
21.91 0.242330327482
21.98 0.255580390822
22.05 0.244790494743
22.12 0.280624819768
22.19 0.221364724251
22.26 0.166462926067
22.33 0.166504137587
22.4 0.240236106969
22.47 0.294115351497
22.54 0.202845158191
22.61 0.307680147734
22.68 0.301465742909
22.75 0.313480067065
22.82 0.310779200139
22.89 0.341403928783
22.96 0.301564040719
23.03 0.251003797554
23.1 0.27335934745
23.17 0.251773946101
23.24 0.225031967651
23.31 0.203238695811
23.38 0.266464651989
23.45 0.313763708008
23.52 0.240378679347
23.59 0.278738802268
23.66 0.271686188285
23.73 0.254556026409
23.8 0.172207290631
23.87 0.109865929486
23.94 0.232219932298
24.01 0.210902553975
24.08 0.215071658583
24.15 0.288748397194
24.22 0.270613323493
24.29 0.272612767527
24.36 0.249188499783
24.43 0.25584750687
24.5 0.241620784426
24.57 0.223393407917
24.64 0.304406045485
24.71 0.260742470537
24.78 0.169755640005
24.85 0.157922822179
24.92 0.119650410691
24.99 0.170057535601
25.06 0.180656423935
25.13 0.232725199734
25.2 0.273855072972
25.27 0.22533670781
25.34 0.184855282945
25.41 0.186942591885
25.48 0.244081069988
25.55 0.209075819335
25.62 0.184405299568
25.69 0.300261729817
25.76 0.270291574576
25.83 0.180493902316
25.9 0.161053383258
25.97 0.137602911219
26.04 0.187116923395
26.11 0.271202300364
26.18 0.304212668515
26.25 0.302355759556
26.32 0.289255871858
26.39 0.230780035795
26.46 0.177571787249
26.53 0.298353386391
26.6 0.290849027299
26.67 0.209876044149
26.74 0.331807372025
26.81 0.302680383943
26.88 0.286453744258
26.95 0.259003649829
27.02 0.241255625288
27.09 0.274468020266
27.16 0.235635858749
27.23 0.264052501243
27.3 0.244382287749
27.37 0.249981243898
27.44 0.252245615938
27.51 0.239743610756
27.58 0.228208477635
27.65 0.219002256899
27.72 0.248650707986
27.79 0.24662361233
27.86 0.171624841652
27.93 0.0873028160426
28.0 0.0882778285198
28.07 0.221898470353
28.14 0.264346240437
28.21 0.246965953152
28.28 0.259510648089
28.35 0.261142476366
28.42 0.245130435432
28.49 0.264332753011
28.56 0.230363322823
28.63 0.200614682168
28.7 0.202607695296
28.77 0.337540162235
28.84 0.290722310507
28.91 0.194564506339
28.98 0.129684182801
29.05 0.13551962879
29.12 0.297809574013
29.19 0.342703032758
29.26 0.31685723968
29.33 0.326086757268
29.4 0.251591574359
29.47 0.199780468614
29.54 0.178609674259
29.61 0.170592123668
29.68 0.235962533693
29.75 0.271547994125
29.82 0.32390183901
29.89 0.219920752212
29.96 0.135828584102
30.03 0.0940750151943
30.1 0.13273010402
30.17 0.256068358543
30.24 0.250870766024
30.31 0.290249902085
30.38 0.314287709697
30.45 0.273179890612
30.52 0.277491900121
30.59 0.277250179441
30.66 0.307655447253
30.73 0.275153186839
30.8 0.251804770545
30.87 0.251069623227
30.94 0.202069211809
31.01 0.128117003578
31.08 0.231819771931
31.15 0.291972855484
31.22 0.263790007476
31.29 0.283691292392
31.36 0.274529130936
31.43 0.259980635062
31.5 0.242798812773
31.57 0.259045990008
31.64 0.239975952585
31.71 0.224707066162
31.78 0.241761485297
31.85 0.279980680336
31.92 0.234614112953
31.99 0.147331281322
32.06 0.116140589161
32.13 0.0891418721468
32.2 0.191081946354
32.27 0.234891723722
32.34 0.299136729276
32.41 0.292324667879
32.48 0.316567895757
32.55 0.284990848257
32.62 0.267032264266
32.69 0.267735401994
32.76 0.233261873529
32.83 0.250446222778
32.9 0.289415222786
32.97 0.258640620116
33.04 0.228250915867
33.11 0.225134515786
33.18 0.207302230802
33.25 0.289478459683
33.32 0.279390387228
33.39 0.293008496899
33.46 0.272286716063
33.53 0.309570587148
33.6 0.248945996821
33.67 0.198038513451
33.74 0.195696246863
33.81 0.201567790767
33.88 0.228075143425
33.95 0.361520930451
34.02 0.259941291851
34.09 0.135558123641
34.16 0.103839973471
34.23 0.172850999488
34.3 0.21170920863
34.37 0.172874314457
34.44 0.267210008398
34.51 0.31222672655
34.58 0.265389161118
34.65 0.214549171364
34.72 0.185036209492
34.79 0.292478715493
34.86 0.259149483489
34.93 0.26434142525
35.0 0.275262160552
35.07 0.232778344775
35.14 0.172051652875
35.21 0.181190324574
35.28 0.283538996917
35.35 0.317109846221
35.42 0.304403832929
35.49 0.299697152877
35.56 0.271109365551
35.63 0.246596479743
35.7 0.252173853879
35.77 0.257670406839
35.84 0.24495349916
35.91 0.229780494427
35.98 0.328484812027
36.05 0.259679534537
36.12 0.163169738923
36.19 0.0892341110069
36.26 0.109817339581
36.33 0.226881718842
36.4 0.265316761724
36.47 0.239215211665
36.54 0.29072298621
36.61 0.309017865927
36.68 0.251887919381
36.75 0.247968461647
36.82 0.275654813576
36.89 0.22784680679
36.96 0.231208988167
37.03 0.319693806844
37.1 0.236250928008
37.17 0.161261187671
37.24 0.119987247833
37.31 0.179842169213
37.38 0.23641898528
37.45 0.282494832472
37.52 0.295092675648
37.59 0.273770171996
37.66 0.263325583867
37.73 0.277747035754
37.8 0.266526353099
37.87 0.216919219599
37.94 0.209672524166
38.01 0.256835461095
38.08 0.304067591557
38.15 0.201042207463
38.22 0.127678126677
38.29 0.110655531686
38.36 0.185616304166
38.43 0.264361456555
38.5 0.216182527968
38.57 0.278426928855
38.64 0.303089931686
38.71 0.241808455218
38.78 0.201144434798
38.85 0.227780723199
38.92 0.315768495855
38.99 0.309671907506
39.06 0.309226023113
39.13 0.269623625654
39.2 0.213972988097
39.27 0.170504339761
39.34 0.192224474688
39.41 0.281020105264
39.48 0.30171868517
39.55 0.287439944211
39.62 0.262117418502
39.69 0.249308586367
39.76 0.266644152524
39.83 0.211198551553
39.9 0.214735512065
39.97 0.1497393139
40.04 0.143604989534
40.11 0.317747278709
40.18 0.290661794542
40.25 0.253461076556
40.32 0.227720524835
40.39 0.247492536156
40.46 0.306657985219
40.53 0.245532560029
40.6 0.216955658563
40.67 0.182682687218
40.74 0.127398089131
40.81 0.103927189317
40.88 0.150910051257
40.95 0.283781272867
41.02 0.267935613801
41.09 0.2697137628
41.16 0.290473652675
41.23 0.226544535322
41.3 0.192308646671
41.37 0.178378919373
41.44 0.198801411508
41.51 0.289856864315
41.58 0.24458976177
41.65 0.297977173
41.72 0.28266059832
41.79 0.295764616976
41.86 0.282284068393
41.93 0.250607278952
42.0 0.236013939384
42.07 0.211080694576
42.14 0.301452833135
42.21 0.262598918014
42.28 0.219961801734
42.35 0.172541218197
42.42 0.186109313019
42.49 0.248665264388
42.56 0.229037569058
42.63 0.240212529819
42.7 0.318864841183
42.77 0.26105202908
42.84 0.195510900533
42.91 0.169361193276
42.98 0.428602122686
43.05 0.472911260945
43.12 0.408595757345
43.19 0.449209672324
43.26 0.352769310044
43.33 0.267856458437
43.4 0.171938433101
43.47 0.181720759302
43.54 0.299033431898
43.61 0.277422981559
43.68 0.29983425568
43.75 0.276717458619
43.82 0.264142156656
43.89 0.231710978334
43.96 0.224210256743
44.03 0.180745459065
44.1 0.145357849742
44.17 0.195646359906
44.24 0.305884945215
44.31 0.228970203335
44.38 0.148246709324
44.45 0.0968588018131
44.52 0.192536035829
44.59 0.262218709019
44.66 0.242718540473
44.73 0.249240878529
44.8 0.245500333021
44.87 0.207214265714
44.94 0.180255315025
45.01 0.175164261982
45.08 0.273800729996
45.15 0.213727450865
45.22 0.279165933225
45.29 0.268899152108
45.36 0.224556319263
45.43 0.219400005409
45.5 0.237383792929
45.57 0.274059142897
45.64 0.291533633272
45.71 0.259458404696
45.78 0.289723691037
45.85 0.314289974476
45.92 0.285773785079
45.99 0.241900094045
46.06 0.250518339742
46.13 0.247863920506
46.2 0.258227366661
46.27 0.368440001331
46.34 0.243709945689
46.41 0.212721194027
46.48 0.180081718902
46.55 0.218490909197
46.62 0.224048637839
46.69 0.204795645693
46.76 0.289537514466
46.83 0.292299856557
46.9 0.228072370269
46.97 0.18716937568
47.04 0.241848165057
47.11 0.291293294907
47.18 0.315782122898
47.25 0.408863556558
47.32 0.350895900703
47.39 0.27974900142
47.46 0.214205624082
47.53 0.116755984548
47.6 0.186286916468
47.67 0.189223885289
47.74 0.19780068606
47.81 0.250002116103
47.88 0.237996925668
47.95 0.224609246886
48.02 0.219714342903
48.09 0.196132731091
48.16 0.159859436444
48.23 0.10898838138
48.3 0.258339706102
48.37 0.329347742982
48.44 0.254760522645
48.51 0.200120522275
48.58 0.180571123292
48.65 0.229734233249
48.72 0.232614600709
48.79 0.221472322044
48.86 0.271964866964
48.93 0.23376493587
49.0 0.17865938856
49.07 0.142423759588
49.14 0.154207737051
49.21 0.301153763983
49.28 0.232393912101
49.35 0.21804666397
49.42 0.220334025917
49.49 0.184523527435
49.56 0.17185027404
49.63 0.178707424259
49.7 0.213396974289
49.77 0.271213853402
49.84 0.249671167387
49.91 0.259986785669
49.98 0.259006227947
50.05 0.221429979733
50.12 0.212669041225
50.19 0.219070581822
50.26 0.230152628019
50.33 0.250491115497
50.4 0.300850830319
50.47 0.236561721788
50.54 0.254121459516
50.61 0.223866771276
50.68 0.288356783304
50.75 0.289097016517
50.82 0.234075489849
50.89 0.29443664959
50.96 0.261085192907
51.03 0.243978656141
51.1 0.224118768191
51.17 0.289635574608
51.24 0.326807209632
51.31 0.291161330221
51.38 0.321505429812
51.45 0.305318838883
51.52 0.286158373358
51.59 0.162445099115
51.66 0.147252578914
51.73 0.162389379153
51.8 0.180686265731
51.87 0.189451182789
51.94 0.241306549247
52.01 0.214167267782
52.08 0.213466247755
52.15 0.19911572662
52.22 0.16486571747
52.29 0.121951343194
52.36 0.115068298823
52.43 0.280123048085
52.5 0.266261470923
52.57 0.17763653542
52.64 0.125509250517
52.71 0.136367355349
52.78 0.218962035487
52.85 0.24382066941
52.92 0.237076826359
52.99 0.243803948412
53.06 0.26984707676
53.13 0.268739029556
53.2 0.272813926812
53.27 0.282012148881
53.34 0.279260238629
53.41 0.27559536552
53.48 0.293919386817
53.55 0.239268153142
53.62 0.177310793032
53.69 0.154225926692
53.76 0.163856362415
53.83 0.208161393164
53.9 0.235597733723
53.97 0.293968154707
54.04 0.262057413045
54.11 0.199072375016
54.18 0.153785613122
54.25 0.139315138624
54.32 0.13616236246
54.39 0.137464200156
54.46 0.134877745611
54.53 0.142778349401
54.6 0.0951583096944
54.67 0.0856242619071
54.74 0.0787868562994
54.81 0.0583399301288
54.88 0.0630017590268
54.95 0.0448603162331
55.02 0.0390353287283
55.09 0.0407761456397
55.16 0.0345901107703
55.23 0.0227318869181
55.3 0.0150140460112
55.37 0.0170444924745
55.44 0.0142986955279
55.51 0.0122014460725
55.58 0.0081643008208
55.65 0.00804025167181
55.72 0.00791473707748
55.79 0.00371315393737
55.86 0.00862845265664
55.93 0.0100468119089
56.0 0.00578642231232
56.07 0.186083624561
56.14 0.295976753778
56.21 0.229578311996
56.28 0.181918258704
56.35 0.182142894955
56.42 0.230644744815
56.49 0.21472520812
56.56 0.190220884775
56.63 0.310018086196
56.7 0.323829321314
56.77 0.296349749585
56.84 0.206669798947
56.91 0.353980930662
56.98 0.272209645362
57.05 0.222458158567
57.12 0.218441670233
57.19 0.262505460969
57.26 0.246184689601
57.33 0.223342870835
57.4 0.221887831752
57.47 0.548294550626
57.54 0.374741478123
57.61 0.278174713455
57.68 0.479820960435
57.75 0.756437447205
57.82 0.326796153247
57.89 0.196622931617
57.96 0.209066689877
58.03 0.349156502343
58.1 0.207595128031
58.17 0.182147169792
58.24 0.280031251523
58.31 0.429887014505
58.38 0.41125976006
58.45 0.374566072308
58.52 0.344286984136
58.59 0.326270235288
58.66 0.293623857116
58.73 0.307260313097
58.8 0.867090513746
58.87 0.406311767522
58.94 0.196034150849
59.01 0.171348649435
59.08 0.299223669085
59.15 0.293956865982
59.22 0.2974072288
59.29 0.305837683271
59.36 0.354655993655
59.43 0.371815344005
59.5 0.302083342326
59.57 0.306025448917
59.64 0.319876375756
59.71 0.27117379612
59.78 0.253550849204
59.85 0.578510992342
59.92 0.764832550872
59.99 0.257627186326
60.06 0.202105494104
60.13 0.278819998598
60.2 0.244363165552
60.27 0.223518567607
60.34 0.195585462393
60.41 0.459859316224
60.48 0.445203885471
60.55 0.378546457398
60.62 0.271788161965
60.69 0.351606740812
60.76 0.327305130658
60.83 0.306130049742
60.9 0.375677946723
60.97 0.83028795353
61.04 0.275911981648
61.11 0.246700325996
61.18 0.210584991436
61.25 0.410728647497
61.32 0.343068935809
61.39 0.296062010724
61.46 0.274347309135
61.53 0.303122456047
61.6 0.268559493851
61.67 0.286495203039
61.74 0.507725394079
61.81 0.5456648372
61.88 0.604800733293
61.95 0.611821704315
62.02 0.508137160773
62.09 0.671766741524
62.16 0.258979128398
62.23 0.208653409777
62.3 0.295175026216
62.37 0.537645595219
62.44 0.354045311139
62.51 0.33064427843
62.58 0.346543641006
62.65 0.290842097608
62.72 0.253913045478
62.79 0.258505899328
62.86 0.336155684079
62.93 0.395584424111
63.0 0.400280704297
63.07 0.307439486438
63.14 0.827005952797
63.21 0.410806200996
63.28 0.208706176467
63.35 0.156300756432
63.42 0.496959196649
63.49 0.464938745887
63.56 0.492535846333
63.63 0.129849741889
63.7 0.231251994458
63.77 0.209971252268
63.84 0.13870784635
63.91 0.252045642865
63.98 0.410057815645
64.05 0.389783205597
64.12 0.336919460337
64.19 0.37974475472
64.26 0.85086999909
64.33 0.330551604733
64.4 0.210550273703
64.47 0.103288825339
64.54 0.133742338809
64.61 0.105343039727
64.68 0.0523492716299
64.75 0.459121313686
64.82 0.489763704409
64.89 0.401515423531
64.96 0.223388778175
65.03 0.416275845183
65.1 0.381909911314
65.17 0.351248107436
65.24 0.320282102684
65.31 0.818161705586
65.38 0.473955475482
65.45 0.258680787174
65.52 0.304067812173
65.59 0.525651761719
65.66 0.438389054116
65.73 0.362111679712
65.8 0.32511639265
65.87 0.691212311306
65.94 0.466946164076
66.01 0.456036249623
66.08 0.357626860625
66.15 0.412278039945
66.22 0.416623702474
66.29 0.403545760219
66.36 0.60947206254
66.43 0.746150838347
66.5 0.327634495627
66.57 0.262394109504
66.64 0.309970848764
66.71 0.352912850149
66.78 0.388165195137
66.85 0.489926018201
66.92 0.433807157535
66.99 0.395989986909
67.06 0.367716887717
67.13 0.318798514594
67.2 0.325710437298
67.27 0.334422083553
67.34 0.334870411777
67.41 0.401020433396
67.48 0.903743445066
67.55 0.448683784207
67.62 0.434244996367
67.69 0.335143269173
67.76 0.340966831733
67.83 0.273998610945
67.9 0.264840510105
67.97 0.40296816373
68.04 0.566390396221
68.11 0.524133349319
68.18 0.534727572741
68.25 0.575658828576
68.32 0.578982176184
68.39 0.59428497994
68.46 0.437804231649
68.53 0.648775160639
68.6 0.759813178889
68.67 0.404027931171
68.74 0.352965042384
68.81 0.260992505354
68.88 0.308275308252
68.95 0.113715139632
69.02 0.0893150717997
69.09 0.561141472616
69.16 0.534540487061
69.23 0.515379333042
69.3 0.426258410902
69.37 0.480573859359
69.44 0.40179078231
69.51 0.302449596018
69.58 0.246080957387
69.65 0.820767316433
69.72 0.527229545438
69.79 0.46077686406
69.86 0.309090027653
69.93 0.506557125064
70.0 0.47804463605
70.07 0.386763069822
70.14 0.398889268739
70.21 0.375903040193
70.28 0.367037097997
70.35 0.377490767625
70.42 0.411967677805
70.49 0.488633479422
70.56 0.433629674518
70.63 0.541178504708
70.7 0.685943970284
70.77 0.691912824022
70.84 0.286321609048
70.91 0.225803993034
70.98 0.471407890942
71.05 0.463973600387
71.12 0.322755255389
71.19 0.285798229773
71.26 0.71814290696
71.33 0.603474973134
71.4 0.372650917493
71.47 0.332055727175
71.54 0.344097734926
71.61 0.389485517694
71.68 0.371817395628
71.75 0.255271396076
71.82 0.829732106381
71.89 0.470162710027
71.96 0.43591041052
72.03 0.381577074038
72.1 0.36068709205
72.17 0.334281722665
72.24 0.289191197225
72.31 0.244060536701
72.38 0.865799640779
72.45 0.489930244013
72.52 0.374457868087
72.59 0.384552345871
72.66 0.508330971515
72.73 0.509565295345
72.8 0.489961946658
72.87 0.542899060106
72.94 0.67801377942
73.01 0.330538619288
73.08 0.195320014287
73.15 0.692797291161
73.22 0.627750143458
73.29 0.266055815119
73.36 0.197807503845
73.43 0.652411235348
73.5 0.667983420998
73.57 0.522242003994
73.64 0.562402333264
73.71 0.554589486736
73.78 0.52788874645
73.85 0.521393147709
73.92 0.518782074748
73.99 0.760704139816
74.06 0.380294460853
74.13 0.288059724211
74.2 0.274503526675
74.27 0.595671739928
74.34 0.475520348361
74.41 0.545343347268
74.48 0.425693207284
74.55 0.859628228389
74.62 0.660297175093
74.69 0.612375870731
74.76 0.53274101077
74.83 0.485667419113
74.9 0.428590099639
74.97 0.379082030244
75.04 0.54783455426
75.11 0.416845273546
75.18 0.251901357781
75.25 0.200687458849
75.32 0.703071895092
75.39 0.59581424303
75.46 0.406728562559
75.53 0.317248572205
75.6 0.637408773283
75.67 0.552249344244
75.74 0.379756045576
75.81 0.436993946952
75.88 0.543468536429
75.95 0.587298740506
76.02 0.579416733484
76.09 0.564264870598
76.16 0.670361432729
76.23 0.570400361991
76.3 0.541798515982
76.37 0.325415322185
76.44 0.331573184267
76.51 0.286262813249
76.58 0.272140045767
76.65 0.557413011969
76.72 0.785748214923
76.79 0.559786948163
76.86 0.5343294203
76.93 0.337644780112
77.0 0.350369250555
77.07 0.334989219427
77.14 0.373270992713
77.21 0.537838001265
77.28 0.568724925258
77.35 0.445868896042
77.42 0.319720818999
77.49 0.737850214873
77.56 0.581823735454
77.63 0.351437243674
77.7 0.281359901007
77.77 0.673594968254
77.84 0.557621403626
77.91 0.421524757064
77.98 0.454457081457
78.05 0.417460527185
78.12 0.447850593799
78.19 0.383613704148
78.26 0.368133105102
78.33 0.668419770938
78.4 0.509252507494
78.47 0.406711688089
78.54 0.441298423539
78.61 0.424512893908
78.68 0.413360293179
78.75 0.443084635151
78.82 0.461269102354
78.89 0.815958777805
78.96 0.486065460712
79.03 0.453289555291
79.1 0.501005270993
79.17 0.467802382758
79.24 0.446814202077
79.31 0.41872232252
79.38 0.614184525506
79.45 0.471853679416
79.52 0.272284206155
79.59 0.193383506601
79.66 0.699685961777
79.73 0.624430122144
79.8 0.45696979799
79.87 0.348699783246
79.94 0.746322594936
80.01 0.554146565206
80.08 0.374025791919
80.15 0.358522531226
80.22 0.499469675047
80.29 0.473256870509
80.36 0.469348283715
80.43 0.597517752368
80.5 0.598909326476
80.57 0.41625147083
80.64 0.215115745573
80.71 0.242183382215
80.78 0.299763111773
80.85 0.306997143626
80.92 0.347335856496
80.99 0.689826324008
81.06 0.782965867105
81.13 0.569505749707
81.2 0.546899703512
81.27 0.530830160634
81.34 0.556619917212
81.41 0.635444400819
81.48 0.581023512771
81.55 0.628297119067
81.62 0.51066315051
81.69 0.500021420015
81.76 0.436791678192
81.83 0.74815826293
81.9 0.746057082884
81.97 0.604744679742
82.04 0.553699821795
82.11 0.594820754218
82.18 0.606098021181
82.25 0.555958352303
82.32 0.465897476468
82.39 0.644537333572
82.46 0.713020192837
82.53 0.326605339474
82.6 0.400742495434
82.67 0.646545917722
82.74 0.435309972267
82.81 0.314534247695
82.88 0.213555725183
82.95 0.316224455052
83.02 0.270220878296
83.09 0.16050673804
83.16 0.347741741159
83.23 0.864850252812
83.3 0.51581716548
83.37 0.350642349883
83.44 0.413981980922
83.51 0.50270700048
83.58 0.422766919695
83.65 0.418038977363
83.72 0.620541330053
83.79 0.503334698148
83.86 0.413720073333
83.93 0.221758410014
84.0 0.681234646036
84.07 0.705399759816
84.14 0.4765978365
84.21 0.517446780136
84.28 0.558361198803
84.35 0.586302828114
84.42 0.578933592674
84.49 0.456519487419
84.56 0.432078040739
84.63 0.439579616018
84.7 0.354238295903
84.77 0.257608908226
84.84 0.718286455591
84.91 0.569131590071
84.98 0.49965249335
85.05 0.489856689315
85.12 0.616047099077
85.19 0.365940057087
85.26 0.36739797164
85.33 0.294327405169
85.4 0.866848432833
85.47 0.677826500834
85.54 0.702408345703
85.61 0.68439463752
85.68 0.675788133505
85.75 0.678785449898
85.82 0.611357701688
85.89 0.582342331515
85.96 0.706184831392
86.03 0.421122882925
86.1 0.320938739433
86.17 0.344862083507
86.24 0.506326684583
86.31 0.496502312357
86.38 0.617211023978
86.45 0.581860778715
86.52 0.679770273932
86.59 0.433774594806
86.66 0.394219927169
86.73 0.37039897989
86.8 0.46921790704
86.87 0.442969600356
86.94 0.420216605696
87.01 0.608699462703
87.08 0.705368566613
87.15 0.399087840314
87.22 0.399722426107
87.29 0.642495652738
87.36 0.596134943221
87.43 0.667709414692
87.5 0.597775060057
87.57 0.71353423909
87.64 0.413492628756
87.71 0.402278573111
87.78 0.284893222952
87.85 0.695200665221
87.92 0.51691394634
87.99 0.372663520322
88.06 0.282120454351
88.13 0.715810184418
88.2 0.641259561847
88.27 0.408219197576
88.34 0.328145149507
88.41 0.778178653638
88.48 0.413774889515
88.55 0.393221593328
88.62 0.393042178056
88.69 0.658838562455
88.76 0.554023928214
88.83 0.437114747608
88.9 0.536471867287
88.97 0.600051282487
89.04 0.461096506998
89.11 0.37537610335
89.18 0.64306182728
89.25 0.756520138822
89.32 0.442082776781
89.39 0.423552271571
89.46 0.675931573427
89.53 0.677237956668
89.6 0.628219871446
89.67 0.588884713666
89.74 0.760880218136
89.81 0.603526042039
89.88 0.533735975685
89.95 0.497101592108
90.02 0.48125727166
90.09 0.427890379862
90.16 0.516374341655
90.23 0.629898769828
90.3 0.643763291736
90.37 0.466953197148
90.44 0.393306407976
90.51 0.419239601279
90.58 0.460317529542
90.65 0.453160879597
90.72 0.492273514564
90.79 0.699864968857
90.86 0.625096699409
90.93 0.388928329796
91.0 0.362519760944
91.07 0.586320103316
91.14 0.528218180695
91.21 0.582579905251
91.28 0.516049748175
91.35 0.764451895316
91.42 0.590808801837
91.49 0.376762508433
91.56 0.471020021132
91.63 0.604567809548
91.7 0.614898476622
91.77 0.608006347555
91.84 0.544732874711
91.91 0.728543741688
91.98 0.446941595638
92.05 0.488522277166
92.12 0.50338809791
92.19 0.460619182141
92.26 0.52267310604
92.33 0.4472536513
92.4 0.614411797427
92.47 0.510692729059
92.54 0.37664345672
92.61 0.48766995497
92.68 0.696340994854
92.75 0.634619422235
92.82 0.566956808432
92.89 0.548975861212
92.96 0.503598118077
93.03 0.508281513001
93.1 0.492647148772
93.17 0.505684239739
93.24 0.689480001438
93.31 0.516129760425
93.38 0.387583821529
93.45 0.201764729569
93.52 0.807577555902
93.59 0.549369637566
93.66 0.505207221826
93.73 0.476707064934
93.8 0.341506420432
93.87 0.386530480731
93.94 0.260810462938
94.01 0.294254646607
94.08 0.85047778197
94.15 0.527251879891
94.22 0.50934007931
94.29 0.467058757173
94.36 0.479641490808
94.43 0.449038408125
94.5 0.395598772686
94.57 0.413419158254
94.64 0.363677828328
94.71 0.400688009643
94.78 0.3844921571
94.85 0.383878475484
94.92 0.38540586387
94.99 0.343945493806
95.06 0.357695898554
95.13 0.313831856012
95.2 0.319551155599
95.27 0.295195872842
95.34 0.301555450545
95.41 0.28841022783
95.48 0.27944221177
95.55 0.291618550234
95.62 0.284928548178
95.69 0.259646403748
95.76 0.220754562902
95.83 0.148369671379
95.9 0.0504382328504
95.97 0.0318147587219
96.04 0.0254154892986
96.11 0.0188680734759
96.18 0.0134194784134
96.25 0.00720878995731
96.32 0.00515527258826
96.39 0.00277792377166
96.46 0.00136849361105
96.53 0.000571391527406
96.6 0.0531886009207
96.67 0.850595402343
96.74 0.467265719621
96.81 0.361279464492
96.88 0.339838643448
96.95 0.340106384042
97.02 0.345666156847
97.09 0.322634011369
97.16 0.31557577647
97.23 0.30674954731
97.3 0.309573705616
97.37 0.311758404323
97.44 0.28760867399
97.51 0.27795722005
97.58 0.323745209014
97.65 0.32383559342
97.72 0.275754779329
97.79 0.287005295254
97.86 0.270919050562
97.93 0.231817891897
98.0 0.221371839388
98.07 0.217194497378
98.14 0.23117567513
98.21 0.256978048394
98.28 0.267318230737
98.35 0.237083106991
98.42 0.214921927371
98.49 0.193542600676
98.56 0.238482904646
98.63 0.229734085105
98.7 0.201060285196
98.77 0.181201514182
98.84 0.261473604133
98.91 0.349325227858
98.98 0.322837119962
99.05 0.376978729299
99.12 0.528525965783
99.19 0.718948363681
99.26 0.564861217327
99.33 0.483406722943
99.4 0.465707618698
99.47 0.416272544467
99.54 0.449178980037
99.61 0.445469451877
99.68 0.421900072005
99.75 0.404200815353
99.82 0.419113834095
99.89 0.408953774702
99.96 0.382484296613
100.03 0.389321896192
100.1 0.327988200844
100.17 0.337027348022
100.24 0.298648594228
100.31 0.325066424694
100.38 0.324692735066
100.45 0.319561018312
100.52 0.280406876605
100.59 0.256154161167
100.66 0.312399030949
100.73 0.317990430729
100.8 0.298706527812
100.87 0.287420722897
100.94 0.263089349814
101.01 0.239014407284
101.08 0.230081344494
101.15 0.271527588731
101.22 0.279679488154
101.29 0.287067545241
101.36 0.497519812091
101.43 0.409329432823
101.5 0.424852698177
101.57 0.401278261185
101.64 0.437331892503
101.71 0.752988815212
101.78 0.441341021637
101.85 0.408140590022
101.92 0.374164666046
101.99 0.430723335103
102.06 0.356641300138
102.13 0.285684437676
102.2 0.628512900831
102.27 0.443416680553
102.34 0.41957482803
102.41 0.407483427843
102.48 0.562067775822
102.55 0.486453103512
102.62 0.518260793991
102.69 0.365342211873
102.76 0.197478976577
102.83 0.371503137003
102.9 0.448250729654
102.97 0.603344195726
103.04 0.404831206243
103.11 0.364793246455
103.18 0.345110164752
103.25 0.46815861387
103.32 0.355766786304
103.39 0.232727830075
103.46 0.589609480302
103.53 0.46889713331
103.6 0.47885777277
103.67 0.384723671885
103.74 0.489262904716
103.81 0.39145137905
103.88 0.487418134974
103.95 0.423610722058
104.02 0.227721493628
104.09 0.312476006796
104.16 0.302729572815
104.23 0.596399028195
104.3 0.390154075176
104.37 0.358225406055
104.44 0.31254238028
104.51 0.375553129148
104.58 0.358678800989
104.65 0.183829564993
104.72 0.545431627827
104.79 0.371442272528
104.86 0.342411351582
104.93 0.291715242982
105.0 0.465927481328
105.07 0.520421391185
105.14 0.533392186471
105.21 0.486334208467
105.28 0.260683154638
105.35 0.452040645217
105.42 0.399542879744
105.49 0.582983032746
105.56 0.404248165757
105.63 0.375025720164
105.7 0.387959125811
105.77 0.438064337007
105.84 0.392995095162
105.91 0.353359501903
105.98 0.600883611745
106.05 0.372921685964
106.12 0.570503683881
106.19 0.359226234883
106.26 0.561505263295
106.33 0.370623060871
106.4 0.501056910089
106.47 0.449197286913
106.54 0.343175957016
106.61 0.543530348381
106.68 0.354314998911
106.75 0.64987309254
106.82 0.394794989238
106.89 0.333265786428
106.96 0.317225914821
107.03 0.40594261811
107.1 0.293578102182
107.17 0.387737755105
107.24 0.470517827401
107.31 0.442988863236
107.38 0.416866491063
107.45 0.363836111346
107.52 0.52366251825
107.59 0.303629517188
107.66 0.449807720036
107.73 0.268558304442
107.8 0.301132904568
107.87 0.433588153922
107.94 0.477593729708
108.01 0.577480192758
108.08 0.399686057484
108.15 0.328078659854
108.22 0.287696143491
108.29 0.452483900335
108.36 0.263538699053
108.43 0.332531548219
108.5 0.536610107276
108.57 0.404180439801
108.64 0.462317767582
108.71 0.345219910089
108.78 0.53264931972
108.85 0.339392576806
108.92 0.424093634791
108.99 0.191299699809
109.06 0.190317495459
109.13 0.337473222823
109.2 0.278525687082
109.27 0.663529838811
109.34 0.501422864298
109.41 0.380502562618
109.48 0.273532690983
109.55 0.500364081636
109.62 0.513901123936
109.69 0.44041952829
109.76 0.576586659042
109.83 0.339276142644
109.9 0.387798616382
109.97 0.410190525309
110.04 0.547576859693
110.11 0.530885592836
110.18 0.557922268614
110.25 0.501525836612
110.32 0.389848307607
110.39 0.576629309363
110.46 0.470968878688
110.53 0.543775484881
110.6 0.393626787367
110.67 0.342462768997
110.74 0.370671292674
110.81 0.44777868786
110.88 0.350930291242
110.95 0.300707926484
111.02 0.552846800449
111.09 0.386756907491
111.16 0.349394354247
111.23 0.358503599804
111.3 0.496977604774
111.37 0.374248963791
111.44 0.466952113251
111.51 0.368752393778
111.58 0.295832104198
111.65 0.29223720264
111.72 0.300968114972
111.79 0.804235795907
111.86 0.546454705846
111.93 0.486481286957
112.0 0.477921409682
112.07 0.664605908399
112.14 0.657169420209
112.21 0.508329145837
112.28 0.683417660814
112.35 0.647896933632
112.42 0.756398853237
112.49 0.393033981154
112.56 0.419142615442
112.63 0.488227625666
112.7 0.56888686283
112.77 0.675911967367
112.84 0.427189077405
112.91 0.619509454033
112.98 0.43743215028
113.05 0.820630993779
113.12 0.544744625984
113.19 0.53555997234
113.26 0.432497896692
113.33 0.389021494818
113.4 0.669620504629
113.47 0.427079587855
113.54 0.671001828081
113.61 0.610386116754
113.68 0.632415453188
113.75 0.437799548619
113.82 0.367466778295
113.89 0.483994266342
113.96 0.616887772314
114.03 0.749402473987
114.1 0.605648813691
114.17 0.456758062986
114.24 0.426966670762
114.31 0.742115255526
114.38 0.571058701855
114.45 0.370039273274
114.52 0.466701840765
114.59 0.347363417526
114.66 0.782334367806
114.73 0.418903202172
114.8 0.620543344374
114.87 0.553822305316
114.94 0.680891466447
115.01 0.353545418424
115.08 0.400870193808
115.15 0.470516972646
115.22 0.464958511814
115.29 0.709815548434
115.36 0.472265818067
115.43 0.463348733427
115.5 0.464753891947
115.57 0.659180815883
115.64 0.626914048804
115.71 0.45313677915
115.78 0.369723839095
115.85 0.32752835795
115.92 0.531335938578
115.99 0.320558218165
116.06 0.552433370074
116.13 0.511144523194
116.2 0.738317649306
116.27 0.402233460842
116.34 0.385317242262
116.41 0.504993151702
116.48 0.500670972535
116.55 0.693719746907
116.62 0.381600921897
116.69 0.427962369998
116.76 0.415179795447
116.83 0.805654959822
116.9 0.626881061896
116.97 0.526401256546
117.04 0.523992237057
117.11 0.509032314472
117.18 0.717173245756
117.25 0.416041210864
117.32 0.558772935656
117.39 0.578493017989
117.46 0.631025582193
117.53 0.540013779407
117.6 0.51318971257
117.67 0.667421554332
117.74 0.666941050258
117.81 0.811597359873
117.88 0.43507937938
117.95 0.59284217173
118.02 0.528408286791
118.09 0.742450079413
118.16 0.618645292105
118.23 0.511284204115
118.3 0.440684714213
118.37 0.397753520888
118.44 0.633607323866
118.51 0.382886869902
118.58 0.519148559715
118.65 0.486193686647
118.72 0.632356572127
118.79 0.454990295736
118.86 0.321195139079
118.93 0.372664517891
119.0 0.350408778145
119.07 0.77499478019
119.14 0.437582985639
119.21 0.430561870737
119.28 0.42771122464
119.35 0.64075373914
119.42 0.472561468201
119.49 0.393210269433
119.56 0.413937617895
119.63 0.318015511693
119.7 0.585786552252
119.77 0.31622049462
119.84 0.430827711048
119.91 0.38335644655
119.98 0.61072152149
120.05 0.338522088417
120.12 0.372926789976
120.19 0.446980512538
120.26 0.385473814705
120.33 0.876253229407
120.4 0.520543519801
120.47 0.479283586424
120.54 0.361502417879
120.61 0.587179876369
120.68 0.550359790492
120.75 0.579935224033
120.82 0.569616527783
120.89 0.501312671334
120.96 1.0
121.03 0.77198720568
121.1 0.731969421077
121.17 0.593919446714
121.24 0.854285112352
121.31 0.768599164255
121.38 0.893992094648
121.45 0.933337059721
121.52 0.835128968558
121.59 0.876123054164
121.66 0.751927683574
121.73 0.744878532305
121.8 0.59271204125
121.87 0.720045444025
121.94 0.600956368176
122.01 0.342281724149
122.08 0.275953720729
122.15 0.243238495402
122.22 0.682268571548
122.29 0.526309558035
122.36 0.811619752944
122.43 0.591181289267
122.5 0.484278094862
122.57 0.425280043355
122.64 0.57394517516
122.71 0.611501161859
122.78 0.491942916489
122.85 0.572156992923
122.92 0.449497303541
122.99 0.359519190729
123.06 0.374941039805
123.13 0.688064450512
123.2 0.610206259183
123.27 0.486410518203
123.34 0.494637627478
123.41 0.49910345546
123.48 0.59795166274
123.55 0.291137631572
123.62 0.603309712465
123.69 0.660645225289
123.76 0.539112604059
123.83 0.473864338637
123.9 0.597600678456
123.97 0.5963970224
124.04 0.348240929395
124.11 0.647120157009
124.18 0.465768242306
124.25 0.428627207913
124.32 0.411117346483
124.39 0.599679660469
124.46 0.526367887023
124.53 0.376563794045
124.6 0.408644410131
124.67 0.450389441088
124.74 0.57491084076
124.81 0.369451609442
124.88 0.648460994736
124.95 0.446088103218
125.02 0.422488497869
125.09 0.441703582407
125.16 0.43106371063
125.23 0.624784594722
125.3 0.393210514562
125.37 0.671209156091
125.44 0.559542620589
125.51 0.450742472733
125.58 0.551679503424
125.65 0.646156490809
125.72 0.575637178353
125.79 0.56544456902
125.86 0.488202348599
125.93 0.431848452881
126.0 0.547102472121
126.07 0.520284920389
126.14 0.557650988569
126.21 0.498798627907
126.28 0.579579972372
126.35 0.45003909627
126.42 0.353698274498
126.49 0.642236524699
126.56 0.373411423942
126.63 0.528754353574
126.7 0.377291337033
126.77 0.409764355685
126.84 0.509609050879
126.91 0.62342378111
126.98 0.606048164066
127.05 0.420255851921
127.12 0.391040458584
127.19 0.487339430434
127.26 0.727558584066
127.33 0.623534018836
127.4 0.726113252093
127.47 0.574351460555
127.54 0.555590557496
127.61 0.459075835854
127.68 0.628600334096
127.75 0.530511538711
127.82 0.565396617517
127.89 0.549949904897
127.96 0.462523370096
128.03 0.381899566868
128.1 0.334533151521
128.17 0.727795786911
128.24 0.670436028693
128.31 0.52857973537
128.38 0.5362608325
128.45 0.560891655218
128.52 0.509817750545
128.59 0.322697407067
128.66 0.71095095417
128.73 0.60632392038
128.8 0.508956185919
128.87 0.51175732874
128.94 0.640147679972
129.01 0.51285923706
129.08 0.467114949275
129.15 0.584092738301
129.22 0.508558969232
129.29 0.412540446318
129.36 0.394437829833
129.43 0.656666283264
129.5 0.438606203274
129.57 0.352531744834
129.64 0.352410850389
129.71 0.365472949847
129.78 0.566517191881
129.85 0.470839109506
129.92 0.652048915444
129.99 0.478454095334
130.06 0.43306383996
130.13 0.406190948747
130.2 0.449291105256
130.27 0.587646822676
130.34 0.493362158206
130.41 0.600213334098
130.48 0.45722631274
130.55 0.550162764297
130.62 0.474165892118
130.69 0.610236411121
130.76 0.587182463013
130.83 0.516121064739
130.9 0.531857283281
130.97 0.538038097968
131.04 0.571904149779
131.11 0.454679177959
131.18 0.700440309093
131.25 0.56053718264
131.32 0.467136602695
131.39 0.47983243354
131.46 0.292413763759
131.53 0.682582214154
131.6 0.407797064055
131.67 0.590095109705
131.74 0.43199610689
131.81 0.4457364784
131.88 0.561624291561
131.95 0.675738627031
132.02 0.562825177659
132.09 0.410945296805
132.16 0.389903796295
132.23 0.475307944048
132.3 0.701652856939
132.37 0.557514738389
132.44 0.683231857265
132.51 0.529239084526
132.58 0.508289615049
132.65 0.494432591958
132.72 0.480109100029
132.79 0.572431813484
132.86 0.567441001165
132.93 0.540620782855
133.0 0.48050094093
133.07 0.498771698884
133.14 0.392512195218
133.21 0.654564760037
133.28 0.606013433545
133.35 0.542115425198
133.42 0.546925640296
133.49 0.47877669261
133.56 0.4710698143
133.63 0.307723783901
133.7 0.621864871261
133.77 0.632972690112
133.84 0.474994398428
133.91 0.481747642711
133.98 0.472405964733
134.05 0.591917992621
134.12 0.364102511191
134.19 0.570882608613
134.26 0.423670858606
134.33 0.455898342157
134.4 0.45447996372
134.47 0.598843643617
134.54 0.439715374875
134.61 0.366987195054
134.68 0.420171622386
134.75 0.483923678771
134.82 0.537644283246
134.89 0.405453709307
134.96 0.622860941389
135.03 0.471334441756
135.1 0.454673462189
135.17 0.427094223124
135.24 0.457370055343
135.31 0.640167670778
135.38 0.406527667588
135.45 0.620143025206
135.52 0.482733450458
135.59 0.477625006042
135.66 0.468505054741
135.73 0.64181849549
135.8 0.661459535431
135.87 0.499413589523
135.94 0.541142223479
136.01 0.495723311454
136.08 0.661275680126
136.15 0.473909964611
136.22 0.592775769471
136.29 0.514978393591
136.36 0.504126275236
136.43 0.661623278432
136.5 0.444772969935
136.57 0.373885674029
136.64 0.343984630256
136.71 0.705822536001
136.78 0.46069315569
136.85 0.395098209596
136.92 0.393830718741
136.99 0.416333641281
137.06 0.71613409793
137.13 0.456419311707
137.2 0.382997504098
137.27 0.325215318204
137.34 0.360472339828
137.41 0.437838449531
137.48 0.463642895734
137.55 0.474759078814
137.62 0.475419809218
137.69 0.418831249339
137.76 0.330932441471
137.83 0.302310954231
137.9 0.325957724539
137.97 0.370840386948
138.04 0.402863745154
138.11 0.462217814617
138.18 0.425473696361
138.25 0.404873530436
138.32 0.347348176894
138.39 0.371427604219
138.46 0.331796780319
138.53 0.370198459007
138.6 0.338799499885
138.67 0.322469361391
138.74 0.366942222401
138.81 0.392971934731
138.88 0.34442850992
138.95 0.278108535009
139.02 0.396793231074
139.09 0.409256458974
139.16 0.45118258487
139.23 0.401929481649
139.3 0.341395407884
139.37 0.351067760673
139.44 0.419796249894
139.51 0.508865938999
139.58 0.933504997626
139.65 0.634465000532
139.72 0.6106021202
139.79 0.597240476253
139.86 0.542382258815
139.93 0.534746269692
140.0 0.479215015306
140.07 0.495478174954
140.14 0.467926571524
140.21 0.447161828093
140.28 0.366974870392
140.35 0.361872268574
140.42 0.321104712042
140.49 0.316295248319
140.56 0.284006926937
140.63 0.317455317234
140.7 0.284136407293
140.77 0.281520325174
140.84 0.281770699974
140.91 0.26353395101
140.98 0.254056278639
141.05 0.260230131661
141.12 0.227398645894
141.19 0.211517667996
141.26 0.203450688733
141.33 0.19257956222
141.4 0.177031786094
141.47 0.188702863516
141.54 0.182366298101
141.61 0.174764918001
141.68 0.176015140048
141.75 0.174847007453
141.82 0.13084932269
141.89 0.114378314932
141.96 0.144078013975
142.03 0.120527201028
142.1 0.108200853184
142.17 0.109314792012
142.24 0.0840988601323
142.31 0.127818292528
142.38 0.382184951425
142.45 0.554037597888
142.52 0.333032483266
142.59 0.141783346118
142.66 0.178086012553
142.73 0.128994900193
142.8 0.637027534746
142.87 0.568879303263
142.94 0.283355699013
143.01 0.186556714015
143.08 0.1083816561
143.15 0.385644183651
143.22 0.456845641197
143.29 0.303859155138
143.36 0.440534050445
143.43 0.497585355333
143.5 0.330257651318
143.57 0.329442216779
143.64 0.0952659266715
143.71 0.362086007241
143.78 0.540789904839
143.85 0.489185719977
143.92 0.431003922591
143.99 0.183251615731
144.06 0.100533417202
144.13 0.33561253568
144.2 0.419860925592
144.27 0.327003692281
144.34 0.29758468304
144.41 0.172113089673
144.48 0.381954190144
144.55 0.54684106758
144.62 0.38222026919
144.69 0.321789903128
144.76 0.147623969658
144.83 0.0932586139948
144.9 0.393454372127
144.97 0.223276531457
145.04 0.256870405838
145.11 0.478973935159
145.18 0.426350838405
145.25 0.364433503604
145.32 0.168151833174
145.39 0.294541770514
145.46 0.58668807078
145.53 0.652050904187
145.6 0.540990085739
145.67 0.419411202265
145.74 0.380206119545
145.81 0.483812793051
145.88 0.389846205892
145.95 0.341589591649
146.02 0.365904527231
146.09 0.335097365031
146.16 0.281049349159
146.23 0.605633566664
146.3 0.691787546031
146.37 0.633541465153
146.44 0.40970459216
146.51 0.291510204265
146.58 0.340762628585
146.65 0.308580493906
146.72 0.233515350811
146.79 0.424946310825
146.86 0.285135034223
146.93 0.234384290624
147.0 0.540242745916
147.07 0.47605305
147.14 0.399100481512
147.21 0.35570785302
147.28 0.317107626205
147.35 0.459626054627
147.42 0.418324569746
147.49 0.340200183202
147.56 0.480944070286
147.63 0.656959742157
147.7 0.580804677551
147.77 0.53110904181
147.84 0.488550999895
147.91 0.489476193625
147.98 0.405256970871
148.05 0.373183614868
148.12 0.390743136244
148.19 0.318550941725
148.26 0.263809821363
148.33 0.401981609938
148.4 0.420704903808
148.47 0.481533852886
148.54 0.694005747483
148.61 0.564683466801
148.68 0.476498153178
148.75 0.480470501232
148.82 0.405650064062
148.89 0.818407599855
148.96 0.902228176712
149.03 0.553626095506
149.1 0.402080490729
149.17 0.359310079672
149.24 0.53930767242
149.31 0.713381244465
149.38 0.525686023298
149.45 0.585180628438
149.52 0.684755906567
149.59 0.533928484046
149.66 0.611981420805
149.73 0.504899448462
149.8 0.604616911027
149.87 0.763874218893
149.94 0.759720102327
150.01 0.468651695195
150.08 0.46236380921
150.15 0.455458021127
150.22 0.432014832617
150.29 0.447259571699
150.36 0.440654009137
150.43 0.532843319105
150.5 0.537212894505
150.57 0.51943684532
150.64 0.439117681001
150.71 0.346073926873
150.78 0.373389646891
150.85 0.446321977637
150.92 0.364696483366
150.99 0.503126932103
151.06 0.457871461464
151.13 0.185483793802
151.2 0.45344524527
151.27 0.467580082693
151.34 0.339763410148
151.41 0.210900612126
151.48 0.269378848322
151.55 0.503678869977
151.62 0.668129624483
151.69 0.54630585923
151.76 0.441374084216
151.83 0.382470359428
151.9 0.423153999763
151.97 0.42597885722
152.04 0.344975079468
152.11 0.343303275973
152.18 0.355315626307
152.25 0.280050305509
152.32 0.532454741618
152.39 0.691915435179
152.46 0.626394831394
152.53 0.458918726258
152.6 0.304385074163
152.67 0.323681144007
152.74 0.310702032452
152.81 0.240235022007
152.88 0.393258565182
152.95 0.311789693446
153.02 0.237426178937
153.09 0.500411430974
153.16 0.483695638423
153.23 0.391514409187
153.3 0.371342853519
153.37 0.329854015447
153.44 0.433621291105
153.51 0.416064812527
153.58 0.35519191501
153.65 0.435366034344
153.72 0.651548321447
153.79 0.570466300637
153.86 0.528286606868
153.93 0.50026927425
154.0 0.476132621017
154.07 0.419177899103
154.14 0.373463191998
154.21 0.395739331809
154.28 0.320575956981
154.35 0.248143857869
154.42 0.401772659813
154.49 0.400814637976
154.56 0.312914365728
154.63 0.509735622725
154.7 0.432126584815
154.77 0.427742478592
154.84 0.423617028269
154.91 0.389863515199
154.98 0.558160233491
155.05 0.534905308347
155.12 0.424160128707
155.19 0.389524446317
155.26 0.34603994879
155.33 0.375467636665
155.4 0.550889436544
155.47 0.433574294539
155.54 0.495314810305
155.61 0.423490672775
155.68 0.438497692109
155.75 0.494998068415
155.82 0.526853608083
155.89 0.453510703249
155.96 0.546291543694
156.03 0.43331404317
156.1 0.449831983547
156.17 0.482592976597
156.24 0.431844740774
156.31 0.439668733213
156.38 0.447086057642
156.45 0.433992430326
156.52 0.536569248528
156.59 0.532963149903
156.66 0.51159056106
156.73 0.461716166565
156.8 0.36714184057
156.87 0.342939826344
156.94 0.451923361629
157.01 0.381023522576
157.08 0.478709808619
157.15 0.514285181457
157.22 0.369138019059
157.29 0.428576890381
157.36 0.565481255246
157.43 0.444400848067
157.5 0.601251943705
157.57 0.474547601729
157.64 0.393978566723
157.71 0.541140926426
157.78 0.499052246938
157.85 0.362668429575
157.92 0.295145211064
157.99 0.293698439225
158.06 0.488227461536
158.13 0.267172597443
158.2 0.258678366791
158.27 0.437583974681
158.34 0.416614649752
158.41 0.480641173924
158.48 0.647859637782
158.55 0.611377061553
158.62 0.584559881777
158.69 0.334396246952
158.76 0.272564074242
158.83 0.39384852257
158.9 0.348613011829
158.97 0.458383673512
159.04 0.48359780316
159.11 0.412322250566
159.18 0.522424961914
159.25 0.586637605106
159.32 0.486849221382
159.39 0.419857857216
159.46 0.346391079087
159.53 0.378355427272
159.6 0.55220897682
159.67 0.486868006792
159.74 0.46890108948
159.81 0.560869514737
159.88 0.4855586852
159.95 0.462083362405
160.02 0.404971020387
160.09 0.382909873664
160.16 0.441837533704
160.23 0.338683922609
160.3 0.349014359474
160.37 0.405682148256
160.44 0.409109658653
160.51 0.504105005496
160.58 0.553801119772
160.65 0.501315427437
160.72 0.596769247649
160.79 0.629438019957
160.86 0.584952902494
160.93 0.539861813257
161.0 0.531084892336
161.07 0.579297072145
161.14 0.628902178535
161.21 0.596098869818
161.28 0.517223754275
161.35 0.445852813445
161.42 0.442209330509
161.49 0.582542989884
161.56 0.540736375052
161.63 0.423462149347
161.7 0.546188300672
161.77 0.433626853403
161.84 0.356532624843
161.91 0.405523029668
161.98 0.42184875051
162.05 0.618280692501
162.12 0.507175155056
162.19 0.494010877288
162.26 0.48399792516
162.33 0.501486860029
162.4 0.506356283382
162.47 0.514760652926
162.54 0.487139534097
162.61 0.500845178283
162.68 0.4245425801
162.75 0.373784385644
162.82 0.499609770556
162.89 0.324754285902
162.96 0.306757269941
163.03 0.406438992691
163.1 0.305074984515
163.17 0.386551826142
163.24 0.405318000542
163.31 0.328872296026
163.38 0.423204956762
163.45 0.41987641455
163.52 0.385783360459
163.59 0.445767866641
163.66 0.315030366489
163.73 0.0989242985318
163.8 0.562806116212
163.87 0.513621116232
163.94 0.398886246192
164.01 0.322049106837
164.08 0.300663811783
164.15 0.418039343991
164.22 0.312319238249
164.29 0.252605921521
164.36 0.440925133578
164.43 0.456801390077
164.5 0.321976350406
164.57 0.561087675318
164.64 0.535247163173
164.71 0.326831527499
164.78 0.285953879253
164.85 0.29357188976
164.92 0.375884366689
164.99 0.330349761219
165.06 0.273741987486
165.13 0.510459900169
165.2 0.553273918616
165.27 0.401552707658
165.34 0.604773833045
165.41 0.497408988187
165.48 0.357822215679
165.55 0.348121730603
165.62 0.331768573427
165.69 0.508881860663
165.76 0.452547307757
165.83 0.302403771809
165.9 0.491247132632
165.97 0.400023211162
166.04 0.479924798162
166.11 0.512877526884
166.18 0.45985462147
166.25 0.419371216389
166.32 0.353011850307
166.39 0.355022488213
166.46 0.471413698369
166.53 0.371438175676
166.6 0.35943707037
166.67 0.454365550274
166.74 0.351752677853
166.81 0.28641252954
166.88 0.738918927392
166.95 0.652583678299
167.02 0.425714667799
167.09 0.341765637996
167.16 0.275040854858
167.23 0.429964050036
167.3 0.284620319727
167.37 0.228001434188
167.44 0.559853155385
167.51 0.489812929518
167.58 0.3288504497
167.65 0.727385949276
167.72 0.55888437558
167.79 0.363677218702
167.86 0.311197157941
167.93 0.227639066324
168.0 0.397264887056
168.07 0.316739214311
168.14 0.281878303096
168.21 0.562320599781
168.28 0.570919562349
168.35 0.436579477443
168.42 0.711662009567
168.49 0.623829582643
168.56 0.459060565381
168.63 0.421785904753
168.7 0.386046761203
168.77 0.498354984846
168.84 0.619790994327
168.91 0.4916868888
168.98 0.375339891396
169.05 0.400672617671
169.12 0.479798867914
169.19 0.554701903979
169.26 0.472625049345
169.33 0.466415600389
169.4 0.243548746701
169.47 0.292922910628
169.54 0.666261622903
169.61 0.346300600892
169.68 0.313209968968
169.75 0.339454399415
169.82 0.292639993349
169.89 0.538789356658
169.96 0.758413319418
170.03 0.500262408505
170.1 0.379836851831
170.17 0.381589579883
170.24 0.451059594039
170.31 0.433180750525
170.38 0.359220612902
170.45 0.376757469433
170.52 0.501502929837
170.59 0.416196775081
170.66 0.608847617628
170.73 0.63296018107
170.8 0.557904613994
170.87 0.387163929339
170.94 0.264291723738
171.01 0.287338605735
171.08 0.277788167341
171.15 0.225136126177
171.22 0.34892026083
171.29 0.609819750372
171.36 0.468227716812
171.43 0.519261830646
171.5 0.57164738244
171.57 0.530501278462
171.64 0.418904222122
171.71 0.395881523704
171.78 0.450065479615
171.85 0.372714815173
171.92 0.209515608541
171.99 0.370488386977
172.06 0.52078108288
172.13 0.35899464123
172.2 0.540975406773
172.27 0.542490588798
172.34 0.382242357448
172.41 0.315338536323
172.48 0.1699610656
172.55 0.378519120181
172.62 0.327510952723
172.69 0.320934875986
172.76 0.417031523656
172.83 0.445147906525
172.9 0.371771465907
172.97 0.534698149796
173.04 0.635903464629
173.11 0.495382921007
173.18 0.591634014892
173.25 0.505693531196
173.32 0.495391000673
173.39 0.493107718527
173.46 0.296131190402
173.53 0.4344401777
173.6 0.416101448661
173.67 0.326758956514
173.74 0.567174625833
173.81 0.55844261042
173.88 0.446202245956
173.95 0.687519082097
174.02 0.562216813212
174.09 0.469826061528
174.16 0.656745462075
174.23 0.582871247509
174.3 0.620847828746
174.37 0.725957934071
174.44 0.565812824245
174.51 0.786057531534
174.58 0.577862446982
174.65 0.54703630007
174.72 0.723895386361
174.79 0.547373471866
174.86 0.634329455897
174.93 0.950364294045
175.0 0.631151468744
175.07 0.315327499122
175.14 0.204177232021
175.21 0.224253032827
175.28 0.417626923974
175.35 0.423733458168
175.42 0.454219120844
175.49 0.398968414512
175.56 0.382245961911
175.63 0.433351693925
175.7 0.458427017655
175.77 0.479174677723
175.84 0.418329107831
175.91 0.436658525164
175.98 0.441620947277
176.05 0.409353623862
176.12 0.435628634689
176.19 0.380679288932
176.26 0.430504750342
176.33 0.479113382674
176.4 0.526568826757
176.47 0.452305459184
176.54 0.48547936464
176.61 0.45489837128
176.68 0.461978327809
176.75 0.49277055952
176.82 0.502409920071
176.89 0.417817863509
176.96 0.433697158543
177.03 0.460453100822
177.1 0.497907054158
177.17 0.506763150693
177.24 0.460335334437
177.31 0.50632541311
177.38 0.45038843073
177.45 0.493978799489
177.52 0.527953638502
177.59 0.484277771931
177.66 0.495348342891
177.73 0.509783346152
177.8 0.567261507025
177.87 0.536624355668
177.94 0.512977491572
178.01 0.499266512099
178.08 0.540021014976
178.15 0.501859457235
178.22 0.577636738557
178.29 0.615116718203
178.36 0.674772421081
178.43 0.542409977581
178.5 0.447375562497
178.57 0.345485384839
178.64 0.502998204187
178.71 0.710706265298
178.78 0.686954868587
178.85 0.611278429088
178.92 0.78788597888
178.99 0.541337558284
179.06 0.547163888669
179.13 0.729334342523
179.2 0.650591439992
179.27 0.597037064979
179.34 0.52516808802
179.41 0.294413721498
179.48 0.187983062342
179.55 0.134404615658
179.62 0.213737687667
179.69 0.261155465008
179.76 0.231660938971
179.83 0.305519718933
179.9 0.34722074603
179.97 0.311984976028
180.04 0.236493887122
180.11 0.234879013248
180.18 0.270627767988
180.25 0.375812030176
180.32 0.421704958881
180.39 0.438809599627
180.46 0.408716556936
180.53 0.376725562158
180.6 0.343166116683
180.67 0.320503819768
180.74 0.357249825518
180.81 0.475380876332
180.88 0.387180400945
180.95 0.374901709383
181.02 0.416334254104
181.09 0.384769667685
181.16 0.325705914134
181.23 0.317089336381
181.3 0.315613079781
181.37 0.396486517094
181.44 0.58462802765
181.51 0.539130720161
181.58 0.450824847813
181.65 0.405609804282
181.72 0.33740455685
181.79 0.333627673626
181.86 0.311151600176
181.93 0.274654793673
182.0 0.30622178662
182.07 0.47514878496
182.14 0.54458627902
182.21 0.562666963917
182.28 0.524151787286
182.35 0.484049982041
182.42 0.435846179251
182.49 0.415006281389
182.56 0.358876186352
182.63 0.334092101498
182.7 0.426010495918
182.77 0.660753158803
182.84 0.441236538049
182.91 0.538684276234
182.98 0.557922555308
183.05 0.445599124073
183.12 0.411573187379
183.19 0.439212975448
183.26 0.425571760766
183.33 0.419560999555
183.4 0.490389914251
183.47 0.434880990054
183.54 0.529887691701
183.61 0.493062122394
183.68 0.405590576573
183.75 0.438571299031
183.82 0.467033783853
183.89 0.619253276069
183.96 0.710596572184
184.03 0.739466474259
184.1 0.607178499895
184.17 0.607237133695
184.24 0.631592335453
184.31 0.594548355106
184.38 0.562209292014
184.45 0.534035478609
184.52 0.476371795552
184.59 0.440136617405
184.66 0.445398137445
184.73 0.425416665492
184.8 0.497576413452
184.87 0.541761988557
184.94 0.574618685313
185.01 0.55873761789
185.08 0.471067701927
185.15 0.512684156308
185.22 0.507975149662
185.29 0.434849689207
185.36 0.413146698392
185.43 0.393461108913
185.5 0.375420407759
185.57 0.352070257444
185.64 0.378878461235
185.71 0.338935863038
185.78 0.358623458312
185.85 0.312745100929
185.92 0.255958781599
185.99 0.219190796301
186.06 0.236974572379
186.13 0.218273593777
186.2 0.200508173601
186.27 0.177417688477
186.34 0.155619903065
186.41 0.131304227832
186.48 0.115587084593
186.55 0.120072789342
186.62 0.0922668197704
186.69 0.0767836202252
186.76 0.0901236160806
186.83 0.0682462223489
186.9 0.0506955810394
186.97 0.0346394893508
187.04 0.0378868309695
187.11 0.0326261006712
187.18 0.0226006160545
187.25 0.0216529525176
187.32 0.0170255823678
187.39 0.0118038680864
187.46 0.00907861508479
187.53 0.0430867916474
187.6 0.138811116017
187.67 0.221774224035
187.74 0.23984738347
187.81 0.258789930345
187.88 0.256409827557
187.95 0.271032103009
188.02 0.260443230861
188.09 0.264616105128
188.16 0.246460502402
188.23 0.242685493881
188.3 0.251768926285
188.37 0.272434370073
188.44 0.498040988402
188.51 0.516840143315
188.58 0.426416884695
188.65 0.351281281921
188.72 0.376050741097
188.79 0.389833969689
188.86 0.392125850536
188.93 0.289000710646
189.0 0.316225353503
189.07 0.262715609028
189.14 0.260870999153
189.21 0.414666834156
189.28 0.301921291781
189.35 0.240461721605
189.42 0.261685869894
189.49 0.158058003384
189.56 0.316763372311
189.63 0.290061700535
189.7 0.187883484532
189.77 0.304242026447
189.84 0.176071184006
189.91 0.251401569512
189.98 0.438945951057
190.05 0.35442291324
190.12 0.384374629449
190.19 0.340355506553
190.26 0.301938309065
190.33 0.418555604932
190.4 0.349433456592
190.47 0.315353713008
190.54 0.547654173392
190.61 0.505673852663
190.68 0.439422429686
190.75 0.415265642833
190.82 0.370717460064
190.89 0.333828472677
190.96 0.283570561011
191.03 0.229855765029
191.1 0.23842037436
191.17 0.185262772671
191.24 0.144968900298
191.31 0.0927269600163
191.38 0.0773861463379
191.45 0.472268962113
191.52 0.489330228874
191.59 0.369586521005
191.66 0.330807096336
191.73 0.359450500244
191.8 0.356679360152
191.87 0.421067187476
191.94 0.309487423391
192.01 0.324169365383
192.08 0.254751556251
192.15 0.259592052246
192.22 0.491620473751
192.29 0.347198663101
192.36 0.285651304756
192.43 0.309979082969
192.5 0.169190242416
192.57 0.382931443954
192.64 0.36856743326
192.71 0.221862850972
192.78 0.36210440684
192.85 0.202560517548
192.92 0.248410999496
192.99 0.402859177227
193.06 0.329315813326
193.13 0.354843427844
193.2 0.340223860535
193.27 0.274442391492
193.34 0.380876933279
193.41 0.312511184945
193.48 0.299385587474
193.55 0.458947080228
193.62 0.487443121084
193.69 0.444539646524
193.76 0.38616770574
193.83 0.344782186361
193.9 0.302577099355
193.97 0.230707887924
194.04 0.183608402114
194.11 0.221659160464
194.18 0.191736638058
194.25 0.181848621807
194.32 0.169146256674
194.39 0.175389273387
194.46 0.197099044685
194.53 0.238702556252
194.6 0.199955345802
194.67 0.174100642817
194.74 0.124746854442
194.81 0.113072717169
194.88 0.14758923061
194.95 0.168522915908
195.02 0.226903993611
195.09 0.239812727553
195.16 0.177508552483
195.23 0.214382882219
195.3 0.298208155962
195.37 0.237094796449
195.44 0.195043401088
195.51 0.16563998312
195.58 0.14355574311
195.65 0.249119469314
195.72 0.261293440684
195.79 0.202437543769
195.86 0.158527436152
195.93 0.11464213133
196.0 0.168198438599
196.07 0.250490305506
196.14 0.194455597638
196.21 0.185328663357
196.28 0.144856893379
196.35 0.143298335237
196.42 0.181341516968
196.49 0.127531199529
196.56 0.128928481947
196.63 0.15139820762
196.7 0.202863049413
196.77 0.214742352231
196.84 0.207740774114
196.91 0.188094815605
196.98 0.198937316376
197.05 0.122118975221
197.12 0.137877317192
197.19 0.16717058909
197.26 0.116056355362
197.33 0.13599407498
197.4 0.0863594284088
197.47 0.0794597674856
197.54 0.274191708682
197.61 0.255771537118
197.68 0.225677606633
197.75 0.18605277667
197.82 0.161083595945
197.89 0.183236270653
197.96 0.229153134611
198.03 0.245710964944
198.1 0.234091226068
198.17 0.148709362676
198.24 0.170690969288
198.31 0.262295386448
198.38 0.21575647558
198.45 0.196478003869
198.52 0.174228265521
198.59 0.178881701414
198.66 0.274978373597
198.73 0.3045928093
198.8 0.252469165096
198.87 0.219121952343
198.94 0.138818796016
199.01 0.188341299249
199.08 0.258896255599
199.15 0.217658931645
199.22 0.152759959117
199.29 0.108059827251
199.36 0.161766580869
199.43 0.246409553929
199.5 0.215530528421
199.57 0.193854527379
199.64 0.146335106748
199.71 0.141000450861
199.78 0.284728372608
199.85 0.237778540207
199.92 0.217050378556
199.99 0.198125984019
200.06 0.133630695321
200.13 0.132920071565
200.2 0.109024024208
200.27 0.112659281466
200.34 0.0919006961032
200.41 0.0779574003799
200.48 0.115733291275
200.55 0.439610089821
200.62 0.30478170254
200.69 0.117822061397
200.76 0.142971100759
200.83 0.200098289071
200.9 0.164009411395
200.97 0.14011542099
201.04 0.113661732409
201.11 0.164658973507
201.18 0.0929347580344
201.25 0.23570856189
201.32 0.293956074108
201.39 0.203519018986
201.46 0.247651735744
201.53 0.174799374617
201.6 0.185291481544
201.67 0.179034672592
201.74 0.105419724617
201.81 0.156094621028
201.88 0.115984430239
201.95 0.0843234963839
202.02 0.323359122251
202.09 0.341960852368
202.16 0.210576333052
202.23 0.232220918143
202.3 0.148619204215
202.37 0.259275428658
202.44 0.374896935762
202.51 0.272662888955
202.58 0.236219241349
202.65 0.242127105917
202.72 0.228009541565
202.79 0.332028346262
202.86 0.256567093823
202.93 0.256056588086
203.0 0.221276430903
203.07 0.226269503737
203.14 0.194621942204
203.21 0.226826792885
203.28 0.178484841763
203.35 0.0959571660494
203.42 0.0574893419546
203.49 0.17846958621
203.56 0.377113636598
203.63 0.325327460476
203.7 0.340771673847
203.77 0.300255780642
203.84 0.24361844115
203.91 0.392482280949
203.98 0.221154687033
204.05 0.254453353578
204.12 0.463504752731
204.19 0.407621277757
204.26 0.395304422802
204.33 0.355357661674
204.4 0.324280747755
204.47 0.304044435389
204.54 0.276191963774
204.61 0.312509492489
204.68 0.433771756638
204.75 0.39990015745
204.82 0.342399535297
204.89 0.264150966381
204.96 0.208639524816
205.03 0.328874860289
205.1 0.372917366364
205.17 0.351808423394
205.24 0.327459885949
205.31 0.321715494741
205.38 0.329263752181
205.45 0.299450509367
205.52 0.297023633826
205.59 0.317014396171
205.66 0.317800526065
205.73 0.326456107046
205.8 0.357890767614
205.87 0.336156838317
205.94 0.302617132124
206.01 0.317945775679
206.08 0.257048520861
206.15 0.25941110012
206.22 0.331780502685
206.29 0.257732743154
206.36 0.210710900368
206.43 0.190634567739
206.5 0.196945098319
206.57 0.415517637617
206.64 0.370214592761
206.71 0.28663165998
206.78 0.243434192572
206.85 0.274891476418
206.92 0.279375965114
206.99 0.290531152487
207.06 0.179536181028
207.13 0.263547829577
207.2 0.0997524147678
207.27 0.184764573477
207.34 0.282319057898
207.41 0.163922859528
207.48 0.252378209433
207.55 0.169979598422
207.62 0.130551633722
207.69 0.299130005279
207.76 0.225831862074
207.83 0.221392444082
207.9 0.202317494487
207.97 0.149124546256
208.04 0.258356672229
208.11 0.269833753464
208.18 0.241523965916
208.25 0.283221070948
208.32 0.208776799209
208.39 0.288392172477
208.46 0.331943268367
208.53 0.287564898206
208.6 0.319669177771
208.67 0.333150484122
208.74 0.316001832056
208.81 0.333693727376
208.88 0.353063983925
208.95 0.308530144401
209.02 0.278945402352
209.09 0.258565588249
209.16 0.290225890097
209.23 0.323944607633
209.3 0.286520120939
209.37 0.235208929225
209.44 0.178444154605
209.51 0.175954663516
209.58 0.43594119553
209.65 0.359878189668
209.72 0.241882830566
209.79 0.193490770805
209.86 0.234862266672
209.93 0.296560015946
210.0 0.292549888177
210.07 0.151492465065
210.14 0.247248871497
210.21 0.0863143832834
210.28 0.214490762443
210.35 0.399971298161
210.42 0.226882015128
210.49 0.28400186449
210.56 0.190589231657
210.63 0.112231135889
210.7 0.305467764366
210.77 0.295514397779
210.84 0.234526703135
210.91 0.253158338995
210.98 0.150913584312
211.05 0.308255784257
211.12 0.299060311896
211.19 0.243900138113
211.26 0.275238145366
211.33 0.203326946528
211.4 0.206646077916
211.47 0.324951928117
211.54 0.264710204837
211.61 0.26450082094
211.68 0.313730182881
211.75 0.318688946176
211.82 0.330489555112
211.89 0.334197284238
211.96 0.3238979713
212.03 0.264962322185
212.1 0.226054076877
212.17 0.219457806837
212.24 0.2950800547
212.31 0.266241673022
212.38 0.161418467791
212.45 0.0800149453257
212.52 0.0513112855024
212.59 0.128718371189
212.66 0.165943768341
212.73 0.173974569755
212.8 0.172077396753
212.87 0.136651728482
212.94 0.190606440781
213.01 0.183796586611
213.08 0.18057089415
213.15 0.163322004556
213.22 0.14784512934
213.29 0.175070416993
213.36 0.276731150674
213.43 0.241006853418
213.5 0.250645106626
213.57 0.208288691872
213.64 0.173416081607
213.71 0.240503191044
213.78 0.273205300901
213.85 0.342663233394
213.92 0.302946791248
213.99 0.165644702386
214.06 0.328933058186
214.13 0.41401390525
214.2 0.364941992888
214.27 0.339255319465
214.34 0.304898393555
214.41 0.309870081545
214.48 0.302103121042
214.55 0.263276228733
214.62 0.257941389532
214.69 0.245316058864
214.76 0.241871994797
214.83 0.245117954101
214.9 0.245548143841
214.97 0.318860717686
215.04 0.236844106178
215.11 0.16703853488
215.18 0.24245883798
215.25 0.222456076036
215.32 0.199430154704
215.39 0.156155644304
215.46 0.126634218019
215.53 0.231984071268
215.6 0.361218105496
215.67 0.304323674667
215.74 0.359630641312
215.81 0.34076805766
215.88 0.278388957301
215.95 0.371485516488
216.02 0.203879340555
216.09 0.167663310183
216.16 0.441332562554
216.23 0.435452942181
216.3 0.393307767909
216.37 0.364468739304
216.44 0.353854646575
216.51 0.323205036269
216.58 0.285459256811
216.65 0.280531102673
216.72 0.421445003798
216.79 0.404953987116
216.86 0.35485045239
216.93 0.290824450448
217.0 0.186920727441
217.07 0.266249098301
217.14 0.380658925104
217.21 0.359991334838
217.28 0.358250106536
217.35 0.346037544394
217.42 0.326433420886
217.49 0.330960560969
217.56 0.342525695753
217.63 0.339568201105
217.7 0.347840228678
217.77 0.310133867036
217.84 0.307090245767
217.91 0.274670379617
217.98 0.285557246612
218.05 0.284080355874
218.12 0.245451068478
218.19 0.244434040884
218.26 0.257068081093
218.33 0.207589287565
218.4 0.193324212018
218.47 0.155664181896
218.54 0.103605568294
218.61 0.0438304428111
218.68 0.10168322054
218.75 0.414274658601
218.82 0.360818933105
218.89 0.275962632768
218.96 0.268341738265
219.03 0.256744326381
219.1 0.309371893009
219.17 0.294788890427
219.24 0.236551434894
219.31 0.296919898414
219.38 0.184443435252
219.45 0.281413405216
219.52 0.336426315064
219.59 0.190820486392
219.66 0.296420994741
219.73 0.166868853361
219.8 0.17903354713
219.87 0.311891517918
219.94 0.179952096798
220.01 0.249594496353
220.08 0.177075336998
220.15 0.101004818463
220.22 0.345851756832
220.29 0.312791736196
220.36 0.306464723353
220.43 0.357042040289
220.5 0.319703998884
220.57 0.349269873458
220.64 0.378336265642
220.71 0.322860432799
220.78 0.373128099535
220.85 0.435124281691
220.92 0.406870695836
220.99 0.370238758221
221.06 0.327783621476
221.13 0.311907520581
221.2 0.271307078108
221.27 0.252150383306
221.34 0.194438391711
221.41 0.178060404029
221.48 0.126110235514
221.55 0.151188991051
221.62 0.149626281702
221.69 0.22070782532
221.76 0.348218513943
221.83 0.316067135498
221.9 0.312922773654
221.97 0.357611726571
222.04 0.300178379549
222.11 0.399101734867
222.18 0.232713887562
222.25 0.203037105952
222.32 0.460654084253
222.39 0.452924780899
222.46 0.394971535435
222.53 0.344349094506
222.6 0.320649215393
222.67 0.305315728942
222.74 0.260130315116
222.81 0.275674704198
222.88 0.359514710197
222.95 0.347818946148
223.02 0.328396811768
223.09 0.251470844044
223.16 0.179185672081
223.23 0.344782367543
223.3 0.386368170137
223.37 0.363283185495
223.44 0.340858510276
223.51 0.321824138062
223.58 0.312559823875
223.65 0.32729031314
223.72 0.333397025318
223.79 0.320602239077
223.86 0.315392069308
223.93 0.29919521067
224.0 0.292132278885
224.07 0.313320607427
224.14 0.302269029705
224.21 0.27312855846
224.28 0.237689982546
224.35 0.199619154522
224.42 0.190143519919
224.49 0.172735976417
224.56 0.146503003088
224.63 0.124353345598
224.7 0.0659752009175
224.77 0.0294433526859
224.84 0.0177538660724
224.91 0.0111006376354
224.98 0.00836192598381
225.05 0.00651929632457
225.12 0.00415983659894
225.19 0.00702837711597
225.26 0.0102945755525
225.33 0.00662575906365
225.4 0.00227995691774
