0.0 0.0
0.07 0.0
0.14 0.0
0.21 0.0
0.28 0.0
0.35 0.0
0.42 0.0
0.49 0.0
0.56 0.0
0.63 0.0
0.7 0.0
0.77 0.0
0.84 0.0
0.91 0.0
0.98 0.0
1.05 0.0
1.12 0.0
1.19 0.0
1.26 0.0
1.33 0.0
1.4 0.0
1.47 0.0
1.54 0.0
1.61 0.0
1.68 0.0
1.75 0.0
1.82 0.0
1.89 0.0
1.96 0.0
2.03 0.0
2.1 0.0
2.17 0.0
2.24 0.0
2.31 0.0
2.38 0.0
2.45 0.0
2.52 0.0
2.59 0.0
2.66 0.0
2.73 0.0
2.8 0.0
2.87 0.0
2.94 0.0
3.01 0.0
3.08 0.0
3.15 0.0
3.22 0.0
3.29 0.0
3.36 0.0
3.43 0.0
3.5 0.0
3.57 0.0
3.64 0.0
3.71 0.0
3.78 0.0
3.85 0.0
3.92 0.0
3.99 0.00617221671204
4.06 0.0333375949474
4.13 0.369069408814
4.2 0.671366312332
4.27 0.638006967772
4.34 0.572356107881
4.41 0.518452883366
4.48 0.505512575348
4.55 0.521833263966
4.62 0.542924538693
4.69 0.530081792834
4.76 0.5848891091
4.83 0.67445234878
4.9 0.663208613492
4.97 0.675897596689
5.04 0.711947731813
5.11 0.817792831141
5.18 0.770285467246
5.25 0.673449772931
5.32 0.605430382189
5.39 0.678398606857
5.46 0.679691879973
5.53 0.609084301977
5.6 0.711237993826
5.67 0.734170140812
5.74 0.602170061207
5.81 0.701899179144
5.88 0.662058074575
5.95 0.647580980134
6.02 0.658141512357
6.09 0.597009417208
6.16 0.537619262117
6.23 0.619736810219
6.3 0.636962533721
6.37 0.645723022463
6.44 0.58776302362
6.51 0.570704969088
6.58 0.617837156328
6.65 0.681446447128
6.72 0.616331223866
6.79 0.586400789685
6.86 0.5683954197
6.93 0.477800062725
7.0 0.628652041089
7.07 0.675728151962
7.14 0.578733292022
7.21 0.402347362257
7.28 0.338535785072
7.35 0.369845836832
7.42 0.621958881264
7.49 0.752650288779
7.56 0.772409634
7.63 0.696922668847
7.7 0.617389540004
7.77 0.672601569828
7.84 0.916071112002
7.91 0.871961191412
7.98 0.769044414698
8.05 0.710425623767
8.12 0.670494700428
8.19 0.628756338407
8.26 0.865824399002
8.33 0.809132567436
8.4 0.651907169898
8.47 0.805503116152
8.54 0.719682758185
8.61 0.689385761206
8.68 0.729668335831
8.75 0.796875047687
8.82 0.871992717527
8.89 0.906197419134
8.96 0.774808354227
9.03 0.72073194424
9.1 0.615384869713
9.17 0.512449075902
9.24 0.429048679118
9.31 0.398286968292
9.38 0.374033944486
9.45 0.352541309398
9.52 0.352776557035
9.59 0.382034789365
9.66 0.423213857681
9.73 0.438810067867
9.8 0.498761163741
9.87 0.498960472366
9.94 0.463672872576
10.01 0.350357564722
10.08 0.337399325044
10.15 0.32397698009
10.22 0.552580191959
10.29 0.533655352444
10.36 0.459596210682
10.43 0.268829330149
10.5 0.284904449639
10.57 0.356530544419
10.64 0.501945139299
10.71 0.476239077265
10.78 0.439555850837
10.85 0.468610066441
10.92 0.484113763188
10.99 0.477123104328
11.06 0.492751924551
11.13 0.456338302792
11.2 0.401164295051
11.27 0.426988763569
11.34 0.405618823728
11.41 0.382931237641
11.48 0.362525418601
11.55 0.360370310083
11.62 0.389129506353
11.69 0.39290550676
11.76 0.402855137824
11.83 0.395242263224
11.9 0.321730331544
11.97 0.347049479974
12.04 0.349024331784
12.11 0.300094356714
12.18 0.398045915005
12.25 0.456047346656
12.32 0.443514259147
12.39 0.402312932561
12.46 0.441112403718
12.53 0.440818210951
12.6 0.463806404026
12.67 0.516031371991
12.74 0.57404493268
12.81 0.616676430654
12.88 0.58675803468
12.95 0.517607727662
13.02 0.489764870262
13.09 0.475138999811
13.16 0.469114655335
13.23 0.401491897172
13.3 0.38274080023
13.37 0.387861767498
13.44 0.371690234868
13.51 0.460169194214
13.58 0.414052910838
13.65 0.43189732279
13.72 0.394549507708
13.79 0.421057868097
13.86 0.43530850588
13.93 0.415479674529
14.0 0.417284718286
14.07 0.437766483091
14.14 0.448163450415
14.21 0.460559291464
14.28 0.45253579774
14.35 0.449930650723
14.42 0.446881773459
14.49 0.405678210903
14.56 0.371187819875
14.63 0.355088554334
14.7 0.329857586679
14.77 0.32761914779
14.84 0.34454819277
14.91 0.341450823573
14.98 0.331888566327
15.05 0.352726401372
15.12 0.361294468035
15.19 0.341740604955
15.26 0.331072308677
15.33 0.335979302568
15.4 0.317076158166
15.47 0.317096748163
15.54 0.336468559098
15.61 0.457297648882
15.68 0.496071715971
15.75 0.527874799825
15.82 0.536686626555
15.89 0.515422591749
15.96 0.509228118282
16.03 0.469670966737
16.1 0.50133065635
16.17 0.538561132219
16.24 0.532186120466
16.31 0.504345515688
16.38 0.526777515441
16.45 0.558697834053
16.52 0.623079406411
16.59 0.628532605181
16.66 0.594231628194
16.73 0.575148317916
16.8 0.504478344707
16.87 0.475016713306
16.94 0.488471686464
17.01 0.490996635285
17.08 0.409188928711
17.15 0.383596911732
17.22 0.355539304346
17.29 0.338815160186
17.36 0.326197077063
17.43 0.332235712368
17.5 0.346390357864
17.57 0.363217464118
17.64 0.36615154091
17.71 0.369025644663
17.78 0.360775559548
17.85 0.367802853796
17.92 0.370555989616
17.99 0.387543041132
18.06 0.390341138564
18.13 0.380051827812
18.2 0.383718420113
18.27 0.376003428152
18.34 0.389318663038
18.41 0.386529954559
18.48 0.378176663618
18.55 0.369228952903
18.62 0.372252790938
18.69 0.369682763937
18.76 0.350361888303
18.83 0.354991387293
18.9 0.361533744051
18.97 0.362445589787
19.04 0.331744366713
19.11 0.0833459099695
19.18 0.710600563802
19.25 0.770801591746
19.32 0.745182485775
19.39 0.826453459686
19.46 0.810631825294
19.53 0.775674906815
19.6 0.700676094589
19.67 0.661642343151
19.74 0.610342134139
19.81 0.621205722772
19.88 0.601300800325
19.95 0.546949251001
20.02 0.553897765539
20.09 0.551240402497
20.16 0.502378420891
20.23 0.495462813107
20.3 0.525725157852
20.37 0.47993883519
20.44 0.426555500143
20.51 0.560235562096
20.58 0.595221822191
20.65 0.552982247181
20.72 0.49190357309
20.79 0.460930680444
20.86 0.451274500355
20.93 0.454980960134
21.0 0.484612994535
21.07 0.460130004945
21.14 0.418127306485
21.21 0.416101912978
21.28 0.445877237163
21.35 0.408645833298
21.42 0.400409372914
21.49 0.385103263534
21.56 0.42329314302
21.63 0.417011378927
21.7 0.404728424832
21.77 0.36531879128
21.84 0.331923836214
21.91 0.322548540558
21.98 0.343702151458
22.05 0.330752178964
22.12 0.312881616612
22.19 0.325350558885
22.26 0.34998355828
22.33 0.339579609038
22.4 0.371160297918
22.47 0.37814247614
22.54 0.392694841166
22.61 0.367409382155
22.68 0.528238864755
22.75 0.427567872174
22.82 0.417758207974
22.89 0.444306302621
22.96 0.465143247518
23.03 0.412031813663
23.1 0.444459697415
23.17 0.447809511688
23.24 0.45808377014
23.31 0.408583262477
23.38 0.418679954348
23.45 0.406445887303
23.52 0.402198521151
23.59 0.624244081744
23.66 0.714625271568
23.73 0.658348546204
23.8 0.468346701899
23.87 0.437018129588
23.94 0.402770437412
24.01 0.452773644674
24.08 0.599422070994
24.15 0.590717750964
24.22 0.582927483876
24.29 0.501187816182
24.36 0.449778559362
24.43 0.399740887586
24.5 0.361269095757
24.57 0.410692955224
24.64 0.418891628173
24.71 0.444765911736
24.78 0.430745433511
24.85 0.400038949776
24.92 0.381465022784
24.99 0.353897934486
25.06 0.318099682797
25.13 0.300570550154
25.2 0.318382294542
25.27 0.33418567028
25.34 0.347140556761
25.41 0.360350813092
25.48 0.374430162268
25.55 0.35062665922
25.62 0.387218724084
25.69 0.355367287573
25.76 0.386409805623
25.83 0.3888324751
25.9 0.399082572363
25.97 0.368033207128
26.04 0.198826670541
26.11 0.125764574502
26.18 0.127153906514
26.25 0.480410114644
26.32 0.492723895451
26.39 0.403568527239
26.46 0.323208224309
26.53 0.356958200511
26.6 0.40413921576
26.67 0.439111627072
26.74 0.493510317967
26.81 0.518867008586
26.88 0.562569470991
26.95 0.55483136543
27.02 0.626795659345
27.09 0.653678858799
27.16 0.653431995321
27.23 0.693246740577
27.3 0.64684888245
27.37 0.606373134871
27.44 0.739177103897
27.51 0.811582157868
27.58 0.745451911808
27.65 0.694206982872
27.72 0.576054403419
27.79 0.581946890773
27.86 0.527988068272
27.93 0.473498020526
28.0 0.47283065394
28.07 0.419969801601
28.14 0.426734362587
28.21 0.490394550841
28.28 0.477575283422
28.35 0.529927992326
28.42 0.58292752475
28.49 0.569384092268
28.56 0.548444919499
28.63 0.546323032617
28.7 0.542477827657
28.77 0.487041604395
28.84 0.47732993229
28.91 0.42432019797
28.98 0.422638966688
29.05 0.392861190051
29.12 0.404830266671
29.19 0.424338878991
29.26 0.394761252684
29.33 0.260482017438
29.4 0.198098013858
29.47 0.184637633196
29.54 0.632314935033
29.61 0.583502379411
29.68 0.476755932959
29.75 0.43109337887
29.82 0.390529243118
29.89 0.399285694398
29.96 0.487438330833
30.03 0.470284530773
30.1 0.43647569119
30.17 0.418393262753
30.24 0.45153666592
30.31 0.506980393382
30.38 0.60336555114
30.45 0.685406846162
30.52 0.665565215133
30.59 0.644096117526
30.66 0.589671233842
30.73 0.631757162757
30.8 0.832625570428
30.87 0.802918657533
30.94 0.685695383151
31.01 0.598779366685
31.08 0.572809871986
31.15 0.550191037807
31.22 0.611815544367
31.29 0.563991410013
31.36 0.536789880824
31.43 0.529006910536
31.5 0.492632956425
31.57 0.524543490966
31.64 0.574647677166
31.71 0.54333928611
31.78 0.627797659928
31.85 0.581879926733
31.92 0.532944226248
31.99 0.683849183623
32.06 0.674590733662
32.13 0.598468292877
32.2 0.579330038599
32.27 0.49875319176
32.34 0.492037054582
32.41 0.597884235467
32.48 0.515111325681
32.55 0.430761749883
32.62 0.40233111855
32.69 0.373988433342
32.76 0.401443844259
32.83 0.621453073713
32.9 0.564201028017
32.97 0.607030367685
33.04 0.595611468311
33.11 0.609998618331
33.18 0.614937135308
33.25 0.587441746402
33.32 0.53897482599
33.39 0.496954654569
33.46 0.4874801633
33.53 0.476930405212
33.6 0.492070121805
33.67 0.54675738148
33.74 0.51179815588
33.81 0.434325439132
33.88 0.426755459727
33.95 0.413770836513
34.02 0.438260602136
34.09 0.461026577358
34.16 0.453287932863
34.23 0.429344814166
34.3 0.430833726311
34.37 0.360483337826
34.44 0.352433209266
34.51 0.384358239007
34.58 0.362175403797
34.65 0.392364241603
34.72 0.406922942129
34.79 0.382295672691
34.86 0.389874661071
34.93 0.43210514233
35.0 0.434107846118
35.07 0.466046957776
35.14 0.437276508992
35.21 0.40835850891
35.28 0.416921649475
35.35 0.390425581621
35.42 0.374584760579
35.49 0.39225278676
35.56 0.38339895347
35.63 0.337072876483
35.7 0.370734111783
35.77 0.389684870079
35.84 0.432835542978
35.91 0.426894808936
35.98 0.436261953976
36.05 0.386733610986
36.12 0.659391861513
36.19 0.592737472041
36.26 0.587629799484
36.33 0.577963048118
36.4 0.49759928602
36.47 0.488711840519
36.54 0.494636785011
36.61 0.504167425312
36.68 0.464728721125
36.75 0.470346900251
36.82 0.490787984637
36.89 0.505169400159
36.96 0.549616513167
37.03 0.48747319652
37.1 0.476926703827
37.17 0.48083703046
37.24 0.471868823607
37.31 0.45181729451
37.38 0.623619602784
37.45 0.633249288825
37.52 0.573198506848
37.59 0.535513340392
37.66 0.451080169299
37.73 0.377203474801
37.8 0.611973094704
37.87 0.582272652042
37.94 0.501095012082
38.01 0.464257559752
38.08 0.378124877529
38.15 0.392660540148
38.22 0.433984631618
38.29 0.424344867817
38.36 0.454801467925
38.43 0.448463479108
38.5 0.455187196178
38.57 0.467971921875
38.64 0.507350527373
38.71 0.479529131952
38.78 0.435976558244
38.85 0.46184606861
38.92 0.431800019501
38.99 0.422754013918
39.06 0.442391139245
39.13 0.454956322079
39.2 0.468364412536
39.27 0.389559362082
39.34 0.346501529615
39.41 0.303486498485
39.48 0.339172848742
39.55 0.305437358657
39.62 0.363396862468
39.69 0.405415881842
39.76 0.425165172011
39.83 0.470622142531
39.9 0.555472524088
39.97 0.686101808885
40.04 0.784015379912
40.11 0.771338212384
40.18 0.686762873276
40.25 0.533670898262
40.32 0.586076483234
40.39 0.630121745391
40.46 0.636046450693
40.53 0.628678669869
40.6 0.583409687337
40.67 0.533960555507
40.74 0.566820930617
40.81 0.544719787782
40.88 0.492065975345
40.95 0.529749758134
41.02 0.51483392918
41.09 0.499215978465
41.16 0.522000097287
41.23 0.466878376723
41.3 0.504513161951
41.37 0.495457678097
41.44 0.434331438555
41.51 0.410664907958
41.58 0.381267768466
41.65 0.360617305266
41.72 0.363252148142
41.79 0.303672395832
41.86 0.296767156467
41.93 0.323698411863
42.0 0.366149840846
42.07 0.349929522596
42.14 0.354549759795
42.21 0.377826657897
42.28 0.354041056232
42.35 0.373449201298
42.42 0.371509881273
42.49 0.363769014433
42.56 0.341756730581
42.63 0.299817985096
42.7 0.309201868875
42.77 0.461889042526
42.84 0.419847416695
42.91 0.392536344667
42.98 0.389192712995
43.05 0.398973126411
43.12 0.36536477172
43.19 0.421554512259
43.26 0.429886469898
43.33 0.50342357554
43.4 0.549414234351
43.47 0.498673555206
43.54 0.436246523211
43.61 0.432130201238
43.68 0.435533781728
43.75 0.423590590584
43.82 0.364614701502
43.89 0.364385933181
43.96 0.378294396435
44.03 0.463264183624
44.1 0.463369390771
44.17 0.467459509358
44.24 0.408329586633
44.31 0.385445624267
44.38 0.410303112303
44.45 0.425160300413
44.52 0.384890366511
44.59 0.366632552964
44.66 0.380418707005
44.73 0.3846977007
44.8 0.390454655284
44.87 0.410410292008
44.94 0.373121132908
45.01 0.341837924896
45.08 0.370790307744
45.15 0.409374053989
45.22 0.381315347542
45.29 0.355789808655
45.36 0.334475130724
45.43 0.354075360278
45.5 0.35993933107
45.57 0.339772078047
45.64 0.344675481064
45.71 0.328435191986
45.78 0.332855297022
45.85 0.318572077965
45.92 0.314224557928
45.99 0.320383215004
46.06 0.320040389517
46.13 0.498419620492
46.2 0.576704474166
46.27 0.538919350626
46.34 0.547428634142
46.41 0.553946711629
46.48 0.553514775858
46.55 0.530688853332
46.62 0.540128510706
46.69 0.512203349332
46.76 0.495868705962
46.83 0.50076154527
46.9 0.548290932786
46.97 0.601509293532
47.04 0.646170343584
47.11 0.534891528852
47.18 0.453696926101
47.25 0.436256204339
47.32 0.581589529211
47.39 0.721459491264
47.46 0.71547689902
47.53 0.733903582028
47.6 0.708858841741
47.67 0.648254144801
47.74 0.623591278481
47.81 0.537999554102
47.88 0.478341055387
47.95 0.494281368758
48.02 0.558054624115
48.09 0.505924488821
48.16 0.58245160229
48.23 0.613611848616
48.3 0.594569309589
48.37 0.535720866243
48.44 0.507276582929
48.51 0.550994454904
48.58 0.785873429928
48.65 0.709491757437
48.72 0.719451977945
48.79 0.797235739739
48.86 0.81779220289
48.93 0.782684550981
49.0 0.684831729604
49.07 0.547990658848
49.14 0.537691305154
49.21 0.629044819383
49.28 0.620962722663
49.35 0.486299916413
49.42 0.497591046086
49.49 0.553547083123
49.56 0.500748718343
49.63 0.433196766395
49.7 0.452674426353
49.77 0.408218731278
49.84 0.430537149216
49.91 0.413098527177
49.98 0.418965154792
50.05 0.407389346957
50.12 0.42296262672
50.19 0.438763024698
50.26 0.44464926587
50.33 0.459721656611
50.4 0.356560568785
50.47 0.30171674581
50.54 0.26018346173
50.61 0.436243440994
50.68 0.458870926878
50.75 0.446775464223
50.82 0.354991578039
50.89 0.346804648095
50.96 0.504747430121
51.03 0.81686777093
51.1 0.745396936017
51.17 0.639675805091
51.24 0.566859985153
51.31 0.528526752299
51.38 0.530497486413
51.45 0.557752285273
51.52 0.52918205797
51.59 0.639729324549
51.66 0.607977301646
51.73 0.663550423181
51.8 0.881265317528
51.87 0.869510288465
51.94 0.77546637122
52.01 0.830023965842
52.08 0.890000903289
52.15 0.975799040833
52.22 0.962516858031
52.29 0.825697337059
52.36 0.739829289505
52.43 0.63738863508
52.5 0.407351205279
52.57 0.584034596232
52.64 0.611653358594
52.71 0.564447800663
52.78 0.52014844181
52.85 0.486519059618
52.92 0.575949393073
52.99 0.711899740968
53.06 0.713919698208
53.13 0.675714272903
53.2 0.622359248533
53.27 0.610894827417
53.34 0.706730481598
53.41 0.65697250436
53.48 0.544221051467
53.55 0.526294188697
53.62 0.450455481427
53.69 0.562087892754
53.76 0.679412359528
53.83 0.670632679595
53.9 0.564145245339
53.97 0.537193888924
54.04 0.463355278577
54.11 0.828720094199
54.18 0.905583308595
54.25 0.826204425335
54.32 0.682918976291
54.39 0.696309439374
54.46 0.774075934091
54.53 0.842548692307
54.6 0.832366977571
54.67 0.80797819997
54.74 0.671160696971
54.81 0.556006357711
54.88 0.943435282636
54.95 1.0
55.02 0.94558295962
55.09 0.839053290212
55.16 0.747850850031
55.23 0.655089463558
55.3 0.693900100939
55.37 0.678239099101
55.44 0.687177672163
55.51 0.549592451892
55.58 0.510183378467
55.65 0.64874257325
55.72 0.800472819957
55.79 0.66738044262
55.86 0.606609027413
55.93 0.533585395504
56.0 0.521591811021
56.07 0.485488434989
56.14 0.45936413458
56.21 0.450678654525
56.28 0.504297070685
56.35 0.545782507737
56.42 0.647739372177
56.49 0.620784144824
56.56 0.527712379404
56.63 0.346601017403
56.7 0.285489607624
56.77 0.588528807696
56.84 0.647108775712
56.91 0.609523027407
56.98 0.510829983991
57.05 0.452809365691
57.12 0.384616080991
57.19 0.470801159388
57.26 0.48817514873
57.33 0.528190969283
57.4 0.590558700392
57.47 0.620094530565
57.54 0.535963895116
57.61 0.447399579857
57.68 0.424805742518
57.75 0.437033342358
57.82 0.40418388974
57.89 0.354125470526
57.96 0.358770279171
58.03 0.425784971633
58.1 0.416943732137
58.17 0.394972087831
58.24 0.367990269544
58.31 0.366787385923
58.38 0.379114131419
58.45 0.36534576522
58.52 0.354274102719
58.59 0.345531357918
58.66 0.322525137811
58.73 0.314192821387
58.8 0.410167472048
58.87 0.346283801868
58.94 0.365074191022
59.01 0.380628272025
59.08 0.406592180584
59.15 0.421935353775
59.22 0.490069072664
59.29 0.522289124766
59.36 0.612069504816
59.43 0.657844568908
59.5 0.572033642283
59.57 0.48625965836
59.64 0.463571410717
59.71 0.4476680567
59.78 0.435016187271
59.85 0.431291076748
59.92 0.397418241803
59.99 0.370820376012
60.06 0.462790952805
60.13 0.42862844699
60.2 0.359100701612
60.27 0.388399149606
60.34 0.411143282869
60.41 0.412568399481
60.48 0.391719313436
60.55 0.39638713728
60.62 0.418569021786
60.69 0.442797089627
60.76 0.423266608099
60.83 0.442514697391
60.9 0.411878530895
60.97 0.428938951588
61.04 0.4939033627
61.11 0.460873792649
61.18 0.431288136834
61.25 0.404015327593
61.32 0.40231930288
61.39 0.408345571471
61.46 0.391428650988
61.53 0.366022982487
61.6 0.371275161972
61.67 0.378599272505
61.74 0.365106089545
61.81 0.391149922292
61.88 0.367311474836
61.95 0.338896293947
62.02 0.353309059976
62.09 0.338758286017
62.16 0.354240806903
62.23 0.340386842574
62.3 0.339052319828
62.37 0.425127463297
62.44 0.370792304524
62.51 0.352694227326
62.58 0.390723297137
62.65 0.422207442686
62.72 0.454168676365
62.79 0.482396391549
62.86 0.50205682879
62.93 0.556585787254
63.0 0.601528743593
63.07 0.586818813092
63.14 0.539639579655
63.21 0.535223577177
63.28 0.600425636907
63.35 0.64162642456
63.42 0.623882915854
63.49 0.629454362152
63.56 0.592969019808
63.63 0.598334696331
63.7 0.582630660022
63.77 0.599901174072
63.84 0.579786155241
63.91 0.535731411785
63.98 0.519645651381
64.05 0.465775236732
64.12 0.440038335876
64.19 0.388961038065
64.26 0.368897523746
64.33 0.345458557952
64.4 0.334191857422
64.47 0.32683668553
64.54 0.348920638496
64.61 0.338451039244
64.68 0.34204359627
64.75 0.34181503232
64.82 0.368538805766
64.89 0.386540581849
64.96 0.383179555937
65.03 0.373600585687
65.1 0.370651969792
65.17 0.36679099345
65.24 0.3668763206
65.31 0.357588833308
65.38 0.370049982236
65.45 0.364124600238
65.52 0.346869032519
65.59 0.364368140796
65.66 0.372340865743
65.73 0.376364884703
65.8 0.382739457437
65.87 0.390160377741
65.94 0.391083687932
66.01 0.283960295123
66.08 0.05699311222
66.15 0.337172255273
66.22 0.452352589007
66.29 0.449828332019
66.36 0.471478319129
66.43 0.455752253143
66.5 0.455512562329
66.57 0.468388558588
66.64 0.465408481675
66.71 0.396956202944
66.78 0.398449889801
66.85 0.394624125819
66.92 0.409931855029
66.99 0.405151262311
67.06 0.489804522771
67.13 0.521628402507
67.2 0.519328882434
67.27 0.529447678162
67.34 0.485079113243
67.41 0.448330544119
67.48 0.44054305799
67.55 0.404976815794
67.62 0.397455307127
67.69 0.403199958578
67.76 0.405128608925
67.83 0.396286294589
67.9 0.371399240886
67.97 0.370585040571
68.04 0.352878999876
68.11 0.315136394581
68.18 0.290200029948
68.25 0.271105995492
68.32 0.270126997997
68.39 0.271418938917
68.46 0.299328839077
68.53 0.330674866183
68.6 0.352575723955
68.67 0.387512211392
68.74 0.41553713759
68.81 0.420654513984
68.88 0.395047260014
68.95 0.388311024844
69.02 0.371539020031
69.09 0.354237735283
69.16 0.338477951116
69.23 0.323706812266
69.3 0.327098571031
69.37 0.321623101881
69.44 0.328525596619
69.51 0.330734212485
69.58 0.308946733671
69.65 0.314089627673
69.72 0.29596902728
69.79 0.261984620924
69.86 0.280481279038
69.93 0.325258793293
70.0 0.275204906572
70.07 0.268649392865
70.14 0.238364615757
70.21 0.241522244112
70.28 0.268852844921
70.35 0.303227191086
70.42 0.327295920722
70.49 0.331424323289
70.56 0.33891282226
70.63 0.378436793043
70.7 0.38266602165
70.77 0.460502119064
70.84 0.50760667232
70.91 0.514012659144
70.98 0.526269991175
71.05 0.531133037738
71.12 0.4823377174
71.19 0.452157664518
71.26 0.449059040333
71.33 0.399140648537
71.4 0.412528071791
71.47 0.400251976991
71.54 0.36991910004
71.61 0.349869401198
71.68 0.333554846737
71.75 0.326404453042
71.82 0.320896310273
71.89 0.33632302426
71.96 0.336348720503
72.03 0.341556820955
72.1 0.356124024827
72.17 0.348183071239
72.24 0.338185149586
72.31 0.337141346813
72.38 0.346814199031
72.45 0.348316735908
72.52 0.335496414843
72.59 0.336649987533
72.66 0.336479719267
72.73 0.339478100249
72.8 0.336742002913
72.87 0.335673816413
72.94 0.335183167133
73.01 0.329646248931
73.08 0.323948324253
73.15 0.314606683196
73.22 0.312687636771
73.29 0.321036455772
73.36 0.337353427866
73.43 0.350443184047
73.5 0.382635910994
73.57 0.348340112919
73.64 0.21751665905
73.71 0.13448129001
73.78 0.134661999363
73.85 0.149498238692
73.92 0.192038325315
73.99 0.27407415682
74.06 0.287337729754
74.13 0.320858976995
74.2 0.368103386604
74.27 0.401921696889
74.34 0.432861835682
74.41 0.521165040536
74.48 0.567087292599
74.55 0.600624868325
74.62 0.633134346051
74.69 0.635448270492
74.76 0.584896841891
74.83 0.552611300248
74.9 0.540227909176
74.97 0.536736231174
75.04 0.468706320625
75.11 0.459141672995
75.18 0.431556244295
75.25 0.389895926249
75.32 0.337912866901
75.39 0.302043301854
75.46 0.284521917142
75.53 0.307300019888
75.6 0.329561080736
75.67 0.341083387279
75.74 0.336450837864
75.81 0.364327265088
75.88 0.366028598904
75.95 0.373762296108
76.02 0.370624007302
76.09 0.372583157366
76.16 0.36085766672
76.23 0.351548679602
76.3 0.348769373702
76.37 0.333574793344
76.44 0.326515823109
76.51 0.306006981421
76.58 0.319494694808
76.65 0.327934162174
76.72 0.340725501922
76.79 0.346692524126
76.86 0.353905344826
76.93 0.360325274291
77.0 0.363574830221
77.07 0.362828468957
77.14 0.367206422102
77.21 0.382978999893
77.28 0.423598583759
77.35 0.413872752531
77.42 0.430241952761
77.49 0.427481927369
77.56 0.38613504021
77.63 0.354308618705
77.7 0.340587910302
77.77 0.292879708786
77.84 0.32226479796
77.91 0.339248997365
77.98 0.336544909064
78.05 0.319293177464
78.12 0.401413803241
78.19 0.483122766846
78.26 0.512636682396
78.33 0.523341916833
78.4 0.545222001432
78.47 0.548024218075
78.54 0.540017658378
78.61 0.554075589476
78.68 0.507870731723
78.75 0.468871889874
78.82 0.475148251004
78.89 0.467382453933
78.96 0.44087380591
79.03 0.404936536547
79.1 0.3930495126
79.17 0.381956376008
79.24 0.389890444565
79.31 0.372491855015
79.38 0.364003521793
79.45 0.345417809408
79.52 0.334929421652
79.59 0.322957436909
79.66 0.329977516105
79.73 0.344983160801
79.8 0.343379543557
79.87 0.351134779947
79.94 0.347290519636
80.01 0.343143717626
80.08 0.339967744327
80.15 0.33591563874
80.22 0.330100868366
80.29 0.331454624692
80.36 0.344222149923
80.43 0.333273013116
80.5 0.329965373442
80.57 0.318484869088
80.64 0.316235990627
80.71 0.30488140604
80.78 0.301634076996
80.85 0.279821371235
80.92 0.3488029844
80.99 0.384467239885
81.06 0.411110380657
81.13 0.432943229826
81.2 0.41131065361
81.27 0.403852960156
81.34 0.378753157789
81.41 0.371268838583
81.48 0.36602052398
81.55 0.388183648746
81.62 0.403714643399
81.69 0.380824961673
81.76 0.419881522425
81.83 0.487933111435
81.9 0.504468186713
81.97 0.516719340685
82.04 0.550808171523
82.11 0.53927563432
82.18 0.471003143001
82.25 0.437106959808
82.32 0.417171938816
82.39 0.408584888361
82.46 0.422588290257
82.53 0.410308050511
82.6 0.403172108114
82.67 0.386085150986
82.74 0.388942332822
82.81 0.37038241054
82.88 0.333773402565
82.95 0.316507269624
83.02 0.337953803163
83.09 0.322452354496
83.16 0.352808970271
83.23 0.372794272577
83.3 0.394498757098
83.37 0.4137386988
83.44 0.441227258689
83.51 0.442458876867
83.58 0.403638011855
83.65 0.401076504852
83.72 0.396000857983
83.79 0.386488090301
83.86 0.371758179889
83.93 0.352792107395
84.0 0.356581759784
84.07 0.351761440378
84.14 0.360002353021
84.21 0.363869716335
84.28 0.347012133071
84.35 0.355260961684
84.42 0.346908448867
84.49 0.340036765701
84.56 0.328858115755
84.63 0.304837747859
84.7 0.33129390282
84.77 0.358496308533
84.84 0.403125314731
84.91 0.405758758801
84.98 0.420176469094
85.05 0.433744836348
85.12 0.471154863467
85.19 0.466846170886
85.26 0.434327797724
85.33 0.433366315578
85.4 0.446248014544
85.47 0.430380928048
85.54 0.454438029733
85.61 0.518209468459
85.68 0.53459702423
85.75 0.546767601542
85.82 0.538802064397
85.89 0.518636647686
85.96 0.474964526044
86.03 0.422921477004
86.1 0.460490662178
86.17 0.420183279945
86.24 0.389519409828
86.31 0.405540685894
86.38 0.401592559715
86.45 0.376800985101
86.52 0.351472405329
86.59 0.318978537003
86.66 0.314137901609
86.73 0.314377507647
86.8 0.323193131135
86.87 0.349109017058
86.94 0.362615973107
87.01 0.370805267699
87.08 0.374943296896
87.15 0.389167673766
87.22 0.389079226553
87.29 0.385823471369
87.36 0.369605912884
87.43 0.345595539486
87.5 0.318271735903
87.57 0.304888742201
87.64 0.297099721019
87.71 0.294969787976
87.78 0.291089114813
87.85 0.300187130537
87.92 0.307030268376
87.99 0.318563230973
88.06 0.321770662262
88.13 0.333450815859
88.2 0.332881483755
88.27 0.333274384672
88.34 0.333152251067
88.41 0.311270623847
88.48 0.319929219279
88.55 0.363821318262
88.62 0.362907203251
88.69 0.371795118049
88.76 0.399232315729
88.83 0.425991050235
88.9 0.498420256313
88.97 0.521103314448
89.04 0.552963734199
89.11 0.572513402376
89.18 0.598509668158
89.25 0.601424848962
89.32 0.532065397777
89.39 0.513505092489
89.46 0.448136582445
89.53 0.457013493001
89.6 0.459177513608
89.67 0.437979799453
89.74 0.40132024978
89.81 0.429785739232
89.88 0.451314375402
89.95 0.424838084602
90.02 0.436335233836
90.09 0.416257289413
90.16 0.426361188767
90.23 0.424051852833
90.3 0.414138663383
90.37 0.407950676802
90.44 0.387937726888
90.51 0.373452324389
90.58 0.3569037031
90.65 0.346186108004
90.72 0.338128712921
90.79 0.32905326278
90.86 0.317557270135
90.93 0.334368650421
91.0 0.332759306249
91.07 0.339721798247
91.14 0.349235574159
91.21 0.372572702656
91.28 0.382304392519
91.35 0.3993293768
91.42 0.415806412237
91.49 0.428989676462
91.56 0.408222817184
91.63 0.40589697413
91.7 0.3880388012
91.77 0.362345455582
91.84 0.335903306845
91.91 0.3172158268
91.98 0.306077327423
92.05 0.295570991353
92.12 0.278642638208
92.19 0.403388577844
92.26 0.535424888637
92.33 0.465779888821
92.4 0.324796843752
92.47 0.218199725868
92.54 0.178651970846
92.61 0.182022682428
92.68 0.251504282356
92.75 0.268803320537
92.82 0.285604850143
92.89 0.308816040707
92.96 0.315765643711
93.03 0.343060046637
93.1 0.388884703237
93.17 0.421338928136
93.24 0.440827643807
93.31 0.475944839083
93.38 0.506170285028
93.45 0.502461769428
93.52 0.483729775873
93.59 0.495917814035
93.66 0.489880339859
93.73 0.497383691301
93.8 0.484870940975
93.87 0.48664852787
93.94 0.451295883614
94.01 0.42677789209
94.08 0.408359559528
94.15 0.379208888397
94.22 0.349073144654
94.29 0.330173179357
94.36 0.32044320621
94.43 0.294414159325
94.5 0.268388379347
94.57 0.27875985934
94.64 0.295896299978
94.71 0.319187561575
94.78 0.324952158119
94.85 0.324690539057
94.92 0.322989265795
94.99 0.321022496478
95.06 0.326667425494
95.13 0.333396792285
95.2 0.33391726913
95.27 0.313567549165
95.34 0.310498811584
95.41 0.186311031772
95.48 0.0873889339158
95.55 0.08453043048
95.62 0.0814625573129
95.69 0.0824522290278
95.76 0.0919973963199
95.83 0.092905248496
95.9 0.0793197716069
95.97 0.416832834394
96.04 0.308794182097
96.11 0.294070199956
96.18 0.310917313371
96.25 0.320420131971
96.32 0.387988722743
96.39 0.459321849469
96.46 0.505346214352
96.53 0.586203721572
96.6 0.645072874509
96.67 0.606624449095
96.74 0.621489918014
96.81 0.646756367497
96.88 0.632098653022
96.95 0.677238392867
97.02 0.638200697826
97.09 0.599044721951
97.16 0.582043626365
97.23 0.557216532077
97.3 0.598688535143
97.37 0.588418196072
97.44 0.544230803747
97.51 0.529558003666
97.58 0.527343647247
97.65 0.497998920582
97.72 0.471982562863
97.79 0.444674648745
97.86 0.449484110754
97.93 0.489582845366
98.0 0.479737081684
98.07 0.405531863124
98.14 0.383241910276
98.21 0.387731733062
98.28 0.362544571946
98.35 0.376758530438
98.42 0.38456671102
98.49 0.396844832877
98.56 0.397018829778
98.63 0.353913356168
98.7 0.343340899278
98.77 0.34679528639
98.84 0.328023460176
98.91 0.3256815793
98.98 0.324572439886
99.05 0.300668198603
99.12 0.333007156763
99.19 0.349837925041
99.26 0.289455070517
99.33 0.293403127059
99.4 0.371575590324
99.47 0.562791316434
99.54 0.478967753664
99.61 0.434821461098
99.68 0.415438365858
99.75 0.415641421283
99.82 0.414575734165
99.89 0.413780101331
99.96 0.398488508345
100.03 0.466215086959
100.1 0.481299137442
100.17 0.459935961523
100.24 0.426475937768
100.31 0.464241733869
100.38 0.414496539657
100.45 0.400864811347
100.52 0.353840333664
100.59 0.368271717131
100.66 0.380566423314
100.73 0.46207110981
100.8 0.45118256521
100.87 0.45080378557
100.94 0.432272410128
101.01 0.400227440364
101.08 0.362114934212
101.15 0.368342632344
101.22 0.362412755699
101.29 0.3829379183
101.36 0.380951334083
101.43 0.397692442547
101.5 0.400741515099
101.57 0.393134483994
101.64 0.344568248374
101.71 0.328458313155
101.78 0.337859806142
101.85 0.342095722978
101.92 0.325716690233
101.99 0.345898383957
102.06 0.347299527097
102.13 0.337370175689
102.2 0.345643748327
102.27 0.345861848483
102.34 0.331124312763
102.41 0.31962060095
102.48 0.331270186705
102.55 0.335002674262
102.62 0.320306964953
102.69 0.31651431361
102.76 0.31131918693
102.83 0.303528320354
102.9 0.46109899886
102.97 0.580099484699
103.04 0.469450960632
103.11 0.472909995292
103.18 0.442951256488
103.25 0.430870499461
103.32 0.533583315462
103.39 0.480428028138
103.46 0.520598136662
103.53 0.523510046017
103.6 0.526744113656
103.67 0.501010565997
103.74 0.532240613335
103.81 0.499714844972
103.88 0.480924463388
103.95 0.454563551354
104.02 0.448199387914
104.09 0.484979761703
104.16 0.639281120848
104.23 0.633108831471
104.3 0.683046847421
104.37 0.610871595737
104.44 0.647289327623
104.51 0.592510907899
104.58 0.58672506283
104.65 0.543967598161
104.72 0.561364028949
104.79 0.54742520071
104.86 0.516059326912
104.93 0.504511060714
105.0 0.569611853872
105.07 0.473142795019
105.14 0.439641978819
105.21 0.448604104501
105.28 0.419062980363
105.35 0.583916795292
105.42 0.749499609037
105.49 0.624346680512
105.56 0.651098492141
105.63 0.640064664004
105.7 0.654500504272
105.77 0.696814809419
105.84 0.639065865233
105.91 0.657074859396
105.98 0.705551712238
106.05 0.751907174742
106.12 0.758473442904
106.19 0.538285779428
106.26 0.516816625808
106.33 0.515037765757
106.4 0.497028100954
106.47 0.492152059425
106.54 0.503872292439
106.61 0.469245817595
106.68 0.461596478672
106.75 0.429147267673
106.82 0.391591772326
106.89 0.390612945897
106.96 0.343278729629
107.03 0.409629661517
107.1 0.50953807789
107.17 0.481380377173
107.24 0.431164749754
107.31 0.308296976293
107.38 0.251594658226
107.45 0.441570279464
107.52 0.501303502261
107.59 0.439728512515
107.66 0.298436510012
107.73 0.275460118983
107.8 0.28545266795
107.87 0.635480116031
107.94 0.648507757062
108.01 0.576869964693
108.08 0.452197615258
108.15 0.422122942102
108.22 0.456361634387
108.29 0.653259898313
108.36 0.644278476984
108.43 0.689939550519
108.5 0.708627124423
108.57 0.614084389115
108.64 0.666738634516
108.71 0.697053390574
108.78 0.637439190402
108.85 0.525267945176
108.92 0.483506966101
108.99 0.602554607136
109.06 0.704267573748
109.13 0.659537093579
109.2 0.664758031555
109.27 0.610082941793
109.34 0.431643378993
109.41 0.624650772402
109.48 0.883845390498
109.55 0.753184853596
109.62 0.6636180185
109.69 0.618628627564
109.76 0.621673798901
109.83 0.619078467746
109.9 0.611827441786
109.97 0.608057769309
110.04 0.602012607757
110.11 0.650381203025
110.18 0.73710279609
110.25 0.655770489694
110.32 0.527614408503
110.39 0.42114671497
110.46 0.380290128903
110.53 0.723481619378
110.6 0.756020158656
110.67 0.718660564236
110.74 0.575775001055
110.81 0.553107116329
110.88 0.650666801614
110.95 0.721659319142
111.02 0.706027804249
111.09 0.689961510558
111.16 0.78587751432
111.23 0.818027638246
111.3 0.866635100788
111.37 0.855870757725
111.44 0.860323648406
111.51 0.734256987876
111.58 0.67334918154
111.65 0.752167475233
111.72 0.903808040931
111.79 0.727567649031
111.86 0.787524315906
111.93 0.725966623514
112.0 0.655850229191
112.07 0.625277547887
112.14 0.580525625419
112.21 0.568820809545
112.28 0.625274654902
112.35 0.593745326717
112.42 0.614793088594
112.49 0.512146369192
112.56 0.489720680717
112.63 0.425096692598
112.7 0.388769851294
112.77 0.412353982544
112.84 0.440208307426
112.91 0.443987813931
112.98 0.484151353821
113.05 0.5071817003
113.12 0.547601607675
113.19 0.568273369357
113.26 0.53348213518
113.33 0.426727700094
113.4 0.345524379028
113.47 0.425134947816
113.54 0.72447503638
113.61 0.685943874028
113.68 0.723219818653
113.75 0.566248018237
113.82 0.472061023149
113.89 0.520912497059
113.96 0.574981221184
114.03 0.609089197797
114.1 0.614344694147
114.17 0.577302873876
114.24 0.515078520356
114.31 0.492304288547
114.38 0.446498786805
114.45 0.415857545853
114.52 0.411994212432
114.59 0.397085313925
114.66 0.373773088409
114.73 0.376376788176
114.8 0.379446864008
114.87 0.354235290401
114.94 0.349932185474
115.01 0.337052107851
115.08 0.38954187701
115.15 0.36215902687
115.22 0.376251330137
115.29 0.354573406273
115.36 0.312903779508
115.43 0.410481475174
115.5 0.547988385032
115.57 0.439338459167
115.64 0.413079552468
115.71 0.398073085747
115.78 0.424737812636
115.85 0.433141132075
115.92 0.445973671497
115.99 0.501559377741
116.06 0.600342479117
116.13 0.604836110772
116.2 0.499865081856
116.27 0.500718047559
116.34 0.547827190836
116.41 0.455639128513
116.48 0.461861661358
116.55 0.441245621799
116.62 0.41178525447
116.69 0.525382143132
116.76 0.490197516033
116.83 0.464601858224
116.9 0.467747418095
116.97 0.42186504562
117.04 0.456923780201
117.11 0.418624530455
117.18 0.38585969953
117.25 0.377387988481
117.32 0.430183507206
117.39 0.44309367429
117.46 0.416133015211
117.53 0.401026441534
117.6 0.427635496257
117.67 0.415029813152
117.74 0.422288455338
117.81 0.418381104951
117.88 0.408464813605
117.95 0.398814361959
118.02 0.402540252119
118.09 0.390180222919
118.16 0.374293033889
118.23 0.350554616182
118.3 0.354972788021
118.37 0.363907971553
118.44 0.354288210371
118.51 0.363059617064
118.58 0.347752814337
118.65 0.342561435972
118.72 0.337562320732
118.79 0.337406696024
118.86 0.441966295903
118.93 0.448395337285
119.0 0.484999326817
119.07 0.47782998869
119.14 0.44257478397
119.21 0.459384267391
119.28 0.45932622755
119.35 0.528012218865
119.42 0.558611121722
119.49 0.582458570583
119.56 0.621234546648
119.63 0.633617017294
119.7 0.636376853454
119.77 0.627740081813
119.84 0.609527110284
119.91 0.591321547582
119.98 0.560693802683
120.05 0.566528112435
120.12 0.536991815993
120.19 0.541062386118
120.26 0.493286858749
120.33 0.463448461142
120.4 0.457610645292
120.47 0.401816348953
120.54 0.369995960176
120.61 0.336039110596
120.68 0.317383203596
120.75 0.316599404598
120.82 0.321460440756
120.89 0.350097012931
120.96 0.363634302173
121.03 0.347345135128
121.1 0.359907795873
121.17 0.37423497134
121.24 0.365357570293
121.31 0.374198861261
121.38 0.361697620805
121.45 0.385277693399
121.52 0.396924875145
121.59 0.38644951566
121.66 0.373079610782
121.73 0.366623472837
121.8 0.365017643845
121.87 0.366198063312
121.94 0.359203946798
122.01 0.378984386131
122.08 0.37132464094
122.15 0.374759585562
122.22 0.378897766145
122.29 0.377782171636
122.36 0.137265272222
122.43 0.3587830516
122.5 0.482989229341
122.57 0.491994407659
122.64 0.481947786675
122.71 0.521304866611
122.78 0.501915173973
122.85 0.418523810387
122.92 0.429556609099
122.99 0.404887310393
123.06 0.408148424637
123.13 0.400137464152
123.2 0.329049258623
123.27 0.318546846477
123.34 0.381925310107
123.41 0.427170720341
123.48 0.397662730036
123.55 0.389105264928
123.62 0.348962725291
123.69 0.375959676112
123.76 0.382577515395
123.83 0.408784059224
123.9 0.431748627015
123.97 0.447876106346
124.04 0.447206555261
124.11 0.443970177474
124.18 0.358999459262
124.25 0.356846635156
124.32 0.358398865969
124.39 0.338087964377
124.46 0.366516597418
124.53 0.397852581583
124.6 0.367208193318
124.67 0.364115356615
124.74 0.370122079772
124.81 0.345171104886
124.88 0.358330318433
124.95 0.367874999776
125.02 0.344647229427
125.09 0.369204434442
125.16 0.362383367153
125.23 0.343707681585
125.3 0.360952821843
125.37 0.349980641074
125.44 0.345220113044
125.51 0.372259759232
125.58 0.339869067968
125.65 0.332884128467
125.72 0.328569076164
125.79 0.299222236152
125.86 0.309492323923
125.93 0.32029616811
126.0 0.292925987456
126.07 0.294825397616
126.14 0.311838261942
126.21 0.478840854431
126.28 0.580309765774
126.35 0.544716262004
126.42 0.576845420497
126.49 0.562771368314
126.56 0.583820692493
126.63 0.536139271143
126.7 0.519868839617
126.77 0.496539177473
126.84 0.477746685569
126.91 0.496451712753
126.98 0.461541342412
127.05 0.460662777353
127.12 0.393677057125
127.19 0.497238478915
127.26 0.449922920959
127.33 0.434422208029
127.4 0.438101976959
127.47 0.419013289454
127.54 0.416136251842
127.61 0.385746650593
127.68 0.52933178317
127.75 0.458604754128
127.82 0.467962166568
127.89 0.436346147246
127.96 0.418570179889
128.03 0.411061893266
128.1 0.382959269768
128.17 0.389523018868
128.24 0.372342275146
128.31 0.375537180765
128.38 0.425379517797
128.45 0.395196585555
128.52 0.381464155342
128.59 0.334624324558
128.66 0.332095356442
128.73 0.331831643713
128.8 0.343018003744
128.87 0.328312946355
128.94 0.340659252423
129.01 0.31433640486
129.08 0.339335765709
129.15 0.344893045315
129.22 0.333552141471
129.29 0.360522443832
129.36 0.342186109445
129.43 0.357343504884
129.5 0.318458361416
129.57 0.331440300557
129.64 0.314209030276
129.71 0.310431817267
129.78 0.30961224578
129.85 0.300368728524
129.92 0.311207005435
129.99 0.30440048179
130.06 0.423696061142
130.13 0.835788607801
130.2 0.764364938681
130.27 0.672616075625
130.34 0.631619443974
130.41 0.584319657401
130.48 0.524400095211
130.55 0.461601674236
130.62 0.460101771474
130.69 0.431257375218
130.76 0.384428560787
130.83 0.33711996961
130.9 0.325391428537
130.97 0.338834160631
131.04 0.371263721739
131.11 0.450089654365
131.18 0.427199569953
131.25 0.457776023794
131.32 0.484203565305
131.39 0.454967762311
131.46 0.417868274609
131.53 0.450180071109
131.6 0.438839462468
131.67 0.447414159833
131.74 0.451780046008
131.81 0.440271857714
131.88 0.430005975444
131.95 0.43762596821
132.02 0.413664864868
132.09 0.401619830371
132.16 0.371074163881
132.23 0.369232446889
132.3 0.3480014021
132.37 0.348479409143
132.44 0.343395124194
132.51 0.348796465723
132.58 0.360489240362
132.65 0.375522858145
132.72 0.37491288801
132.79 0.363708308686
132.86 0.371332676504
132.93 0.382713921663
133.0 0.384787975142
133.07 0.385898007732
133.14 0.370900133675
133.21 0.335912986459
133.28 0.35307951656
133.35 0.353836220509
133.42 0.349178164083
133.49 0.35185473951
133.56 0.337529771249
133.63 0.330792570237
133.7 0.322105315939
133.77 0.318540311147
133.84 0.304919278251
133.91 0.281888194523
133.98 0.128341533464
134.05 0.0858627399642
134.12 0.0492297221853
134.19 0.280654142059
134.26 0.478604150461
134.33 0.434532884748
134.4 0.403386301
134.47 0.392411230274
134.54 0.37408398661
134.61 0.35369627938
134.68 0.336755052377
134.75 0.313619192952
134.82 0.313000254716
134.89 0.310700481829
134.96 0.355598458388
135.03 0.316398267232
135.1 0.317584757273
135.17 0.329147671571
135.24 0.312873968596
135.31 0.325535832522
135.38 0.355484632841
135.45 0.365256626173
135.52 0.386993115187
135.59 0.408670439563
135.66 0.422170966252
135.73 0.433814348213
135.8 0.443483072137
135.87 0.458860458542
135.94 0.449220370775
136.01 0.420434860608
136.08 0.422644557369
136.15 0.399530647386
136.22 0.398123996826
136.29 0.426181525492
136.36 0.417360653455
136.43 0.394543166152
136.5 0.36164788448
136.57 0.35753130061
136.64 0.346680762955
136.71 0.323883381214
136.78 0.325309839105
136.85 0.404683924946
136.92 0.430273808897
136.99 0.348369198692
137.06 0.352890269043
137.13 0.358466951779
137.2 0.349839543357
137.27 0.366580256704
137.34 0.371005828285
137.41 0.359627327752
137.48 0.34664073955
137.55 0.337947149752
137.62 0.33299071474
137.69 0.335800939697
137.76 0.31701900696
137.83 0.3156976124
137.9 0.312112014584
137.97 0.305267829154
138.04 0.299987033192
138.11 0.295834882718
138.18 0.294746393855
138.25 0.300529591184
138.32 0.305068684026
138.39 0.308055272047
138.46 0.300645970611
138.53 0.303676147175
138.6 0.308543358364
138.67 0.31268864046
138.74 0.315790355945
138.81 0.321373036591
138.88 0.32113428437
138.95 0.322438741876
139.02 0.317760213535
139.09 0.31348287146
139.16 0.312693733081
139.23 0.310441307649
139.3 0.310344678027
139.37 0.308725115306
139.44 0.290251561709
139.51 0.276589697007
139.58 0.266426443782
139.65 0.260608827353
139.72 0.252808061653
139.79 0.246274897047
139.86 0.382022919196
139.93 0.639661152449
140.0 0.518011663097
140.07 0.440715283676
140.14 0.392225117959
140.21 0.389448069222
140.28 0.38753451205
140.35 0.397412987198
140.42 0.355214293951
140.49 0.302540067125
140.56 0.278907589273
140.63 0.253395216419
140.7 0.268096693531
140.77 0.242271404501
140.84 0.256224724912
140.91 0.282642105402
140.98 0.231111521865
141.05 0.295895774669
141.12 0.43360029763
141.19 0.28748560199
141.26 0.226628323726
141.33 0.222159413389
141.4 0.415449542679
141.47 0.469021945094
141.54 0.478020241409
141.61 0.42737318082
141.68 0.284065506812
141.75 0.311314142752
141.82 0.263821794825
141.89 0.254985033324
141.96 0.231536278917
142.03 0.202882091479
142.1 0.167912633706
142.17 0.173034298862
142.24 0.163625708904
142.31 0.167086139342
142.38 0.315006862747
142.45 0.342502266792
142.52 0.151561667907
142.59 0.12888768233
142.66 0.379218587692
142.73 0.548702166536
142.8 0.386129490403
142.87 0.277040904205
142.94 0.215129637925
143.01 0.192075546567
143.08 0.226682397257
143.15 0.211498644018
143.22 0.243688319025
143.29 0.363537292573
143.36 0.258654763855
143.43 0.282980436242
143.5 0.382430901176
143.57 0.356927868832
143.64 0.369115153092
143.71 0.233685286584
143.78 0.266978377103
143.85 0.304355480816
143.92 0.345635961036
143.99 0.357956604165
144.06 0.410328148503
144.13 0.329360780534
144.2 0.493533952334
144.27 0.414575069581
144.34 0.425339647292
144.41 0.377780414046
144.48 0.285853265326
144.55 0.221789945496
144.62 0.182821881914
144.69 0.247555154002
144.76 0.240638675748
144.83 0.242792088745
144.9 0.239593675514
144.97 0.232004018969
145.04 0.223145285317
145.11 0.264754559065
145.18 0.238899292599
145.25 0.358672003985
145.32 0.301795872193
145.39 0.256331367198
145.46 0.205027861001
145.53 0.276106754783
145.6 0.344645848788
145.67 0.456296076722
145.74 0.341935361405
145.81 0.284611984185
145.88 0.182698186007
145.95 0.143353501549
146.02 0.0934781926669
146.09 0.127707191712
146.16 0.0896256031033
146.23 0.0625151809783
146.3 0.0681480263711
146.37 0.05997910378
146.44 0.100548592537
146.51 0.0779381209153
146.58 0.0710189782697
146.65 0.116526534388
146.72 0.0662415964474
146.79 0.16851149363
146.86 0.19938252173
146.93 0.169275271842
147.0 0.119215116231
147.07 0.0738546890439
147.14 0.0740711284969
147.21 0.121340089872
147.28 0.071657038059
147.35 0.122588596662
147.42 0.111077981652
147.49 0.0684903598547
147.56 0.10706444768
147.63 0.059535002637
147.7 0.109674461753
147.77 0.0705342557474
147.84 0.0766057902371
147.91 0.348534157855
147.98 0.179590587665
148.05 0.153881650813
148.12 0.127930870439
148.19 0.113926999247
148.26 0.142543190338
148.33 0.175432769303
148.4 0.160726102682
148.47 0.112081487011
148.54 0.18355538446
148.61 0.108383133946
148.68 0.173734749324
148.75 0.125759699876
148.82 0.127014081953
148.89 0.137178797566
148.96 0.0942363650593
149.03 0.0848967298659
149.1 0.0887103421011
149.17 0.0744560831676
149.24 0.0536862143371
149.31 0.0944651061307
149.38 0.121899910399
149.45 0.145455258647
149.52 0.110571959133
149.59 0.0503964745324
149.66 0.0647282112571
149.73 0.100779242585
149.8 0.0513663010693
149.87 0.0376746148585
149.94 0.027192347634
150.01 0.0265814555587
150.08 0.330790853521
150.15 0.203131682931
150.22 0.152693795271
150.29 0.113149593276
150.36 0.0753306365005
150.43 0.0787230946679
150.5 0.0796691778399
150.57 0.0598369690697
150.64 0.0853903765871
150.71 0.0551235856378
150.78 0.0764392067035
150.85 0.0573130950889
150.92 0.0559489869958
150.99 0.0835300663787
151.06 0.0491189213292
151.13 0.210844759861
151.2 0.2282467344
151.27 0.20515189904
151.34 0.183266055722
151.41 0.181052810476
151.48 0.585774162559
151.55 0.479153953783
151.62 0.41525071092
151.69 0.36215874832
151.76 0.253999803271
151.83 0.192291824037
151.9 0.246887449825
151.97 0.237395753548
152.04 0.203958910003
152.11 0.136849374272
152.18 0.236504142052
152.25 0.190364371153
152.32 0.19632575726
152.39 0.204373592323
152.46 0.147397335409
152.53 0.365605128632
152.6 0.480945678608
152.67 0.488088840599
152.74 0.365304691197
152.81 0.234928899067
152.88 0.23945831835
152.95 0.195232755583
153.02 0.117885209241
153.09 0.0954664163939
153.16 0.0979506969056
153.23 0.0564515700268
153.3 0.132509963978
153.37 0.0989457307092
153.44 0.154517778918
153.51 0.0834485147929
153.58 0.0638117618756
153.65 0.131397786249
153.72 0.0742373835231
153.79 0.116375178763
153.86 0.0998382247854
153.93 0.0782364556002
154.0 0.122608429729
154.07 0.120025224585
154.14 0.113213568958
154.21 0.100901200582
154.28 0.0911243946926
154.35 0.110477267251
154.42 0.0842582976672
154.49 0.0914739311174
154.56 0.0933631212145
154.63 0.0633839710499
154.7 0.107327457978
154.77 0.0764959037518
154.84 0.103888333592
154.91 0.102433941974
154.98 0.0602463483419
155.05 0.0834190641793
155.12 0.0642914871492
155.19 0.070774099461
155.26 0.0636827084212
155.33 0.0544817896444
155.4 0.0707807059418
155.47 0.124281822249
155.54 0.102987925061
155.61 0.130742706142
155.68 0.074092884165
155.75 0.0581361787287
155.82 0.11462695619
155.89 0.0743346958953
155.96 0.090723362839
156.03 0.139828674575
156.1 0.0628611795147
156.17 0.0765699693048
156.24 0.110261348565
156.31 0.0862859846713
156.38 0.0777168355996
156.45 0.0499798741525
156.52 0.0636115615885
156.59 0.0748281306762
156.66 0.0488390754047
156.73 0.0902075986374
156.8 0.0759528249917
156.87 0.0709257230397
156.94 0.0862692413905
157.01 0.083884183741
157.08 0.0968436587279
157.15 0.0624517972147
157.22 0.0777009885233
157.29 0.123911159922
157.36 0.147670409843
157.43 0.196377299618
157.5 0.20420094427
157.57 0.126047664627
157.64 0.124948407684
157.71 0.154373370391
157.78 0.144811912462
157.85 0.108374626059
157.92 0.127083699788
157.99 0.173086422542
158.06 0.206049500877
158.13 0.170375379573
158.2 0.269646954813
158.27 0.258226031409
158.34 0.148662037463
158.41 0.218854869556
158.48 0.27398728402
158.55 0.170240358486
158.62 0.155898023234
158.69 0.1216297562
158.76 0.172769724747
158.83 0.0991202710859
158.9 0.0831707156058
158.97 0.165458907411
159.04 0.118184541559
159.11 0.106397055358
159.18 0.161514261594
159.25 0.130182587385
159.32 0.107479419147
159.39 0.0811778261653
159.46 0.105020775838
159.53 0.153416752274
159.6 0.0833798310088
159.67 0.103827134327
159.74 0.14780448174
159.81 0.097368266894
159.88 0.162477707215
159.95 0.184187311606
160.02 0.211781670561
160.09 0.155604299764
160.16 0.111023964134
160.23 0.115525640436
160.3 0.218140702018
160.37 0.261523196692
160.44 0.224988655443
160.51 0.197308145799
160.58 0.22515681339
160.65 0.202018757355
160.72 0.142186290502
160.79 0.198227029466
160.86 0.245741609927
160.93 0.195553236512
161.0 0.281907753581
161.07 0.262063913832
161.14 0.202905916592
161.21 0.135477598483
161.28 0.289031005298
161.35 0.372391302984
161.42 0.318773325843
161.49 0.284438137156
161.56 0.196642135631
161.63 0.125160706733
161.7 0.317288314912
161.77 0.399120765512
161.84 0.326612308914
161.91 0.423388364753
161.98 0.374382743661
162.05 0.312800037776
162.12 0.213823783127
162.19 0.222911279044
162.26 0.167780882555
162.33 0.253713576431
162.4 0.212652337817
162.47 0.253320516559
162.54 0.186150458258
162.61 0.219471771652
162.68 0.225363673143
162.75 0.171473646451
162.82 0.219004407037
162.89 0.252369858505
162.96 0.230106761517
163.03 0.199239069962
163.1 0.117529546229
163.17 0.13212661097
163.24 0.315429910652
163.31 0.365250201355
163.38 0.35196485156
163.45 0.285028779853
163.52 0.201616820214
163.59 0.26840262476
163.66 0.322324263856
163.73 0.268253753377
163.8 0.279055117863
163.87 0.222260766251
163.94 0.217321054839
164.01 0.211628296961
164.08 0.167351994181
164.15 0.232752280126
164.22 0.207125871299
164.29 0.168577912681
164.36 0.393744284577
164.43 0.519332724609
164.5 0.460320511993
164.57 0.235545969201
164.64 0.144799903019
164.71 0.190458905594
164.78 0.183577918252
164.85 0.172475303388
164.92 0.224599380219
164.99 0.220947361838
165.06 0.233813769313
165.13 0.334668848666
165.2 0.410911488344
165.27 0.174849782191
165.34 0.154339800567
165.41 0.25849817936
165.48 0.270007533326
165.55 0.205813470574
165.62 0.197892873849
165.69 0.142173505963
165.76 0.255931186133
165.83 0.338765314864
165.9 0.221646041084
165.97 0.218031334787
166.04 0.166611986583
166.11 0.18006335827
166.18 0.256990855662
166.25 0.312219860387
166.32 0.442139199798
166.39 0.429762598383
166.46 0.358790623923
166.53 0.298943888948
166.6 0.208843029483
166.67 0.149931206915
166.74 0.209849011515
166.81 0.281852721778
166.88 0.296061723896
166.95 0.268715760445
167.02 0.279620809136
167.09 0.250084285615
167.16 0.162610533206
167.23 0.131063438372
167.3 0.211830238186
167.37 0.269134561976
167.44 0.179818490059
167.51 0.175765364131
167.58 0.179906080428
167.65 0.224395589058
167.72 0.162319779927
167.79 0.19724143306
167.86 0.244923958013
167.93 0.338635855695
168.0 0.227822053041
168.07 0.204231931451
168.14 0.246984710726
168.21 0.189575826207
168.28 0.163281897894
168.35 0.258727168705
168.42 0.525920058119
168.49 0.595554354951
168.56 0.575717167098
168.63 0.452041351701
168.7 0.331166528235
168.77 0.31012975092
168.84 0.307930651172
168.91 0.44636575493
168.98 0.337565437768
169.05 0.387656572989
169.12 0.333966422619
169.19 0.279159754285
169.26 0.354846633606
169.33 0.256828937842
169.4 0.276940815415
169.47 0.400371476481
169.54 0.343962824358
169.61 0.353674072582
169.68 0.26445321937
169.75 0.290534486823
169.82 0.469118229556
169.89 0.633265412938
169.96 0.592107116281
170.03 0.570761352768
170.1 0.35242527059
170.17 0.297236719205
170.24 0.291916083015
170.31 0.333877911823
170.38 0.31003314552
170.45 0.265650282203
170.52 0.3570590538
170.59 0.428079411195
170.66 0.34199589003
170.73 0.232083561664
170.8 0.220713569019
170.87 0.291982670105
170.94 0.23468048237
171.01 0.256467473721
171.08 0.294238931656
171.15 0.218864267593
171.22 0.42221729488
171.29 0.431398990675
171.36 0.3462705117
171.43 0.252777437799
171.5 0.195244833151
171.57 0.141473872985
171.64 0.105273084667
171.71 0.0764800869527
171.78 0.0683132837642
171.85 0.0509182381573
171.92 0.234042963029
171.99 0.5136569053
172.06 0.444555439916
172.13 0.487113933551
172.2 0.49633055256
172.27 0.362577705778
172.34 0.441590356263
172.41 0.323495442727
172.48 0.307357949218
172.55 0.309298745256
172.62 0.225521267382
172.69 0.297401985682
172.76 0.2545168376
172.83 0.259387400473
172.9 0.244774092025
172.97 0.211625284381
173.04 0.247283246754
173.11 0.224048679179
173.18 0.200401503269
173.25 0.208906546467
173.32 0.14446707657
173.39 0.231276399279
173.46 0.210359896549
173.53 0.22965954788
173.6 0.328435134459
173.67 0.215682750543
173.74 0.278375959829
173.81 0.305713279145
173.88 0.249461144907
173.95 0.371618091916
174.02 0.23130150209
174.09 0.140968740616
174.16 0.119080634078
174.23 0.111256025098
174.3 0.370942052431
174.37 0.574446992444
174.44 0.438429114326
174.51 0.511018395858
174.58 0.459486593664
174.65 0.348306176741
174.72 0.329554174511
174.79 0.285569784626
174.86 0.345103215877
174.93 0.224904363773
175.0 0.224716374272
175.07 0.335539568908
175.14 0.319296409553
175.21 0.537519292922
175.28 0.411914366965
175.35 0.26957598813
175.42 0.411764784069
175.49 0.272088847272
175.56 0.322140387511
175.63 0.263662446024
175.7 0.211791336551
175.77 0.246165204335
175.84 0.173684502829
175.91 0.398509491945
175.98 0.42670138014
176.05 0.234567168508
176.12 0.334471202259
176.19 0.294311699832
176.26 0.306531859054
176.33 0.372257847228
176.4 0.290562443258
176.47 0.373435142089
176.54 0.43032394488
176.61 0.41339134536
176.68 0.46303024396
176.75 0.35202370283
176.82 0.449621405657
176.89 0.394096221982
176.96 0.21556714924
177.03 0.175876221
177.1 0.144300720115
177.17 0.0987069224753
177.24 0.111906189705
177.31 0.344133054778
177.38 0.708634916255
177.45 0.71304852835
177.52 0.760579387337
177.59 0.731832265607
177.66 0.633451113483
177.73 0.565006706819
177.8 0.471778428056
177.87 0.393951553072
177.94 0.561868566372
178.01 0.542762527014
178.08 0.579310043549
178.15 0.57022323341
178.22 0.443318729115
178.29 0.442300689196
178.36 0.264989028579
178.43 0.453717104328
178.5 0.566107412525
178.57 0.593599283223
178.64 0.610733148787
178.71 0.501050259381
178.78 0.504332266394
178.85 0.484385294998
178.92 0.33245271649
178.99 0.370860503873
179.06 0.621670650074
179.13 0.706190911963
179.2 0.566780082159
179.27 0.589947750791
179.34 0.508370509573
179.41 0.389812244663
179.48 0.206550345998
179.55 0.364904481369
179.62 0.460408389996
179.69 0.515446323004
179.76 0.54249633307
179.83 0.505611846654
179.9 0.441851209312
179.97 0.43539099303
180.04 0.271484646454
180.11 0.401509603268
180.18 0.50515525466
180.25 0.607985982114
180.32 0.578686528917
180.39 0.360696174294
180.46 0.325556207551
180.53 0.261804147734
180.6 0.214998878352
180.67 0.182545607183
180.74 0.120719009525
180.81 0.089265192629
180.88 0.188955260573
180.95 0.54822871318
181.02 0.468385668631
181.09 0.436694527082
181.16 0.371858523007
181.23 0.331927402866
181.3 0.281775010853
181.37 0.315993844334
181.44 0.403737881135
181.51 0.474694788156
181.58 0.40709136046
181.65 0.183349155986
181.72 0.167508982876
181.79 0.18109326533
181.86 0.18003662352
181.93 0.198316948151
182.0 0.176910727164
182.07 0.176652482494
182.14 0.28684073589
182.21 0.314639720141
182.28 0.206442254949
182.35 0.155173373736
182.42 0.223952670239
182.49 0.666475377458
182.56 0.681804963765
182.63 0.452397262986
182.7 0.388480841981
182.77 0.409669023366
182.84 0.372902601302
182.91 0.517636029256
182.98 0.400480200323
183.05 0.234604208097
183.12 0.223369881443
183.19 0.21261871955
183.26 0.264347047895
183.33 0.176118664009
183.4 0.258731848043
183.47 0.369999997638
183.54 0.348789810799
183.61 0.246737270468
183.68 0.199965601187
183.75 0.657189917224
183.82 0.69107179445
183.89 0.504848065414
183.96 0.499863666397
184.03 0.483097405166
184.1 0.432441016177
184.17 0.464352465088
184.24 0.391332975098
184.31 0.284743859473
184.38 0.218863663564
184.45 0.193021917372
184.52 0.242456028693
184.59 0.158182734738
184.66 0.211602381208
184.73 0.209281359796
184.8 0.150436897899
184.87 0.242532365034
184.94 0.389678022894
185.01 0.482708349451
185.08 0.427684337891
185.15 0.415219399774
185.22 0.318163772019
185.29 0.324538742898
185.36 0.294902006452
185.43 0.257166641944
185.5 0.33655611919
185.57 0.234102565172
185.64 0.140372275617
185.71 0.151759007001
185.78 0.117084838028
185.85 0.129472867565
185.92 0.15139076382
185.99 0.0861955088865
186.06 0.0864273685075
186.13 0.101484219485
186.2 0.0391332801004
186.27 0.0959618388717
186.34 0.0717560686612
186.41 0.0785162515673
186.48 0.114583476645
186.55 0.0539644903898
186.62 0.0802439174476
186.69 0.0476253858584
186.76 0.0597781314247
186.83 0.0600138604694
186.9 0.0284259126354
186.97 0.0342748053916
187.04 0.030666103059
187.11 0.0190549723511
187.18 0.0159890081603
187.25 0.0122063921886
187.32 0.0157927484481
187.39 0.0100819029828
187.46 0.0108459022186
187.53 0.00939665772141
187.6 0.00719104535187
187.67 0.00790665408379
187.74 0.132481102256
187.81 0.405740409316
187.88 0.0571633804864
187.95 0.0228395911583
188.02 0.0123779184719
188.09 0.0102336370732
188.16 0.00923545292894
188.23 0.399936723418
188.3 0.262145041538
188.37 0.217435785673
188.44 0.207892571259
188.51 0.492700413984
188.58 0.212473545011
188.65 0.186723151129
188.72 0.159546851914
188.79 0.135343703708
188.86 0.120515658898
188.93 0.106884377176
189.0 0.132002813634
189.07 0.123841634432
189.14 0.156701291973
189.21 0.170171032826
189.28 0.181276505855
189.35 0.149048825417
189.42 0.148128585333
189.49 0.149214249335
189.56 0.219071654169
189.63 0.165982174298
189.7 0.104655711761
189.77 0.109326817652
189.84 0.0600846742531
189.91 0.0413322965862
189.98 0.0974860890283
190.05 0.398693483343
190.12 0.272930213787
190.19 0.195761855369
190.26 0.292635491534
190.33 0.206286805849
190.4 0.185254229492
190.47 0.230397106054
190.54 0.121585059512
190.61 0.108118543179
190.68 0.341276330126
190.75 0.337463056995
190.82 0.143153107488
190.89 0.449261523519
190.96 0.345916792482
191.03 0.193939661103
191.1 0.175109954003
191.17 0.157834790893
191.24 0.142547659249
191.31 0.291041328339
191.38 0.213924345755
191.45 0.0910694643177
191.52 0.129529093803
191.59 0.0689693615037
191.66 0.0455198441122
191.73 0.096153823446
191.8 0.576991780387
191.87 0.404840183961
191.94 0.290065002806
192.01 0.377265841251
192.08 0.413782591629
192.15 0.476180910259
192.22 0.510737600744
192.29 0.432387292348
192.36 0.358453187773
192.43 0.592301753136
192.5 0.462164689006
192.57 0.433599882832
192.64 0.613449204144
192.71 0.531074245508
192.78 0.3868530257
192.85 0.374200491687
192.92 0.506640404866
192.99 0.509314290166
193.06 0.506121246592
193.13 0.470363710142
193.2 0.288575509338
193.27 0.254750223191
193.34 0.370207518948
193.41 0.341565560463
193.48 0.307469973272
193.55 0.666635405982
193.62 0.466228080411
193.69 0.45949063264
193.76 0.484204335859
193.83 0.526065443084
193.9 0.478135833629
193.97 0.554135464115
194.04 0.40362397384
194.11 0.404252980752
194.18 0.507671574485
194.25 0.518026730536
194.32 0.449900956379
194.39 0.417632233709
194.46 0.667630850042
194.53 0.404949006204
194.6 0.318996598855
194.67 0.428465001687
194.74 0.399161129536
194.81 0.359637740074
194.88 0.412942666307
194.95 0.287395319979
195.02 0.245774195742
195.09 0.296096395809
195.16 0.291877319141
195.23 0.27957037795
195.3 0.742658990259
195.37 0.505000288481
195.44 0.411536802955
195.51 0.514771031365
195.58 0.553992623946
195.65 0.538502088689
195.72 0.590518475644
195.79 0.447052654839
195.86 0.48581835937
195.93 0.500260279297
196.0 0.650189693803
196.07 0.491627193903
196.14 0.46564291637
196.21 0.744454725297
196.28 0.494922966436
196.35 0.391366856777
196.42 0.4827113696
196.49 0.511296985279
196.56 0.497910818528
196.63 0.58322597903
196.7 0.365465588676
196.77 0.312678823084
196.84 0.254515506918
196.91 0.43693175182
196.98 0.366919359612
197.05 0.583837506926
197.12 0.571014126351
197.19 0.533027005574
197.26 0.467541982884
197.33 0.492115956915
197.4 0.548002376117
197.47 0.479835821625
197.54 0.504921885722
197.61 0.297704279108
197.68 0.242307450999
197.75 0.609329488099
197.82 0.435460889416
197.89 0.46372959536
197.96 0.715231087674
198.03 0.509664395801
198.1 0.390378103974
198.17 0.409025976925
198.24 0.537293048204
198.31 0.48620113257
198.38 0.437671256816
198.45 0.404569530189
198.52 0.423598424804
198.59 0.306865121495
198.66 0.388795658049
198.73 0.322413873714
198.8 0.301746974547
198.87 0.810568753385
198.94 0.522419274255
199.01 0.443104079043
199.08 0.518385908729
199.15 0.459421957939
199.22 0.388237234814
199.29 0.485301791309
199.36 0.321569764086
199.43 0.259788763862
199.5 0.608973666132
199.57 0.468730015547
199.64 0.397528365964
199.71 0.671602209415
199.78 0.420105308636
199.85 0.337013793593
199.92 0.23481798013
199.99 0.514348133332
200.06 0.476821666232
200.13 0.494420692232
200.2 0.35809873282
200.27 0.304258937485
200.34 0.241079850602
200.41 0.39408969725
200.48 0.303931305086
200.55 0.331434500964
200.62 0.760741488334
200.69 0.484011573162
200.76 0.4799866474
200.83 0.507340004539
200.9 0.465883689593
200.97 0.492413851067
201.04 0.477990715103
201.11 0.370571158483
201.18 0.375705267561
201.25 0.626023703266
201.32 0.477115695501
201.39 0.410484106261
201.46 0.802891346002
201.53 0.400406720633
201.6 0.36091353266
201.67 0.330400921281
201.74 0.410156520792
201.81 0.365917726897
201.88 0.405338186055
201.95 0.291204237737
202.02 0.279306713664
202.09 0.218607874373
202.16 0.354180855058
202.23 0.272344027892
202.3 0.308305755162
202.37 0.80831120354
202.44 0.474347961539
202.51 0.31078757868
202.58 0.498779367896
202.65 0.436317598892
202.72 0.344905781411
202.79 0.560948117375
202.86 0.510204368123
202.93 0.410937823436
203.0 0.656804387287
203.07 0.440273223215
203.14 0.350925697849
203.21 0.726677141138
203.28 0.415006985672
203.35 0.445341470342
203.42 0.389044445642
203.49 0.502699104677
203.56 0.451094956674
203.63 0.470961693541
203.7 0.39372691153
203.77 0.292120317737
203.84 0.351427804015
203.91 0.418048402639
203.98 0.388531415469
204.05 0.484333922192
204.12 0.676503001026
204.19 0.442978021516
204.26 0.425101323493
204.33 0.451131770698
204.4 0.406269135178
204.47 0.422708263585
204.54 0.473097358054
204.61 0.411652213511
204.68 0.369139580721
204.75 0.727642902963
204.82 0.457219889513
204.89 0.438955139464
204.96 0.85180027389
205.03 0.551710442101
205.1 0.425450246805
205.17 0.393382164956
205.24 0.405957681391
205.31 0.598304429748
205.38 0.420981336468
205.45 0.373792665634
205.52 0.202010965523
205.59 0.35924657404
205.66 0.50651072316
205.73 0.460018195859
205.8 0.632103276347
205.87 0.740204728058
205.94 0.48724985387
206.01 0.428572732437
206.08 0.475289391108
206.15 0.475735614682
206.22 0.40403234791
206.29 0.474006731659
206.36 0.379005348537
206.43 0.255611157848
206.5 0.757819875143
206.57 0.472532039191
206.64 0.404467770099
206.71 0.679020215541
206.78 0.514287489653
206.85 0.433066055265
206.92 0.425987594095
206.99 0.512651504589
207.06 0.530328415609
207.13 0.470084760422
207.2 0.486111085207
207.27 0.329256124432
207.34 0.235830629198
207.41 0.386373445757
207.48 0.415802267291
207.55 0.387620276705
207.62 0.704826985533
207.69 0.500854640031
207.76 0.425510322787
207.83 0.491796587159
207.9 0.512053802768
207.97 0.430498352037
208.04 0.538992588098
208.11 0.480301972125
208.18 0.367332278287
208.25 0.252088609233
208.32 0.646119461268
208.39 0.488465995868
208.46 0.337938410244
208.53 0.73419541166
208.6 0.375426510101
208.67 0.337252951529
208.74 0.337900921039
208.81 0.445354946715
208.88 0.382046350706
208.95 0.432942100487
209.02 0.321812806584
209.09 0.241134855156
209.16 0.225842947287
209.23 0.390209233
209.3 0.286621615393
209.37 0.728922984311
209.44 0.545709268751
209.51 0.468058634207
209.58 0.377937443615
209.65 0.497246060321
209.72 0.543645108341
209.79 0.457455200733
209.86 0.479979209811
209.93 0.410534093886
210.0 0.388544776789
210.07 0.798101208403
210.14 0.537908462176
210.21 0.478719918289
210.28 0.82877835355
210.35 0.489582012744
210.42 0.467456723857
210.49 0.509726441314
210.56 0.549781504121
210.63 0.513996385159
210.7 0.554673332172
210.77 0.420197952267
210.84 0.375404596992
210.91 0.37150933477
210.98 0.483470689497
211.05 0.479463887656
211.12 0.816049110786
211.19 0.539188670688
211.26 0.500078782738
211.33 0.503323736537
211.4 0.619183005767
211.47 0.558361601421
211.54 0.579301014894
211.61 0.385255356409
211.68 0.300087494391
211.75 0.364681872941
211.82 0.721602117978
211.89 0.450028317339
211.96 0.466649382837
212.03 0.800440830602
212.1 0.491185861608
212.17 0.431060305592
212.24 0.502679208028
212.31 0.569666570793
212.38 0.593313085146
212.45 0.622324067963
212.52 0.463529431406
212.59 0.431423147324
212.66 0.393658099068
212.73 0.385549652118
212.8 0.288178947911
212.87 0.748156514821
212.94 0.605045360909
213.01 0.477302897795
213.08 0.504153858107
213.15 0.573498709635
213.22 0.516067276186
213.29 0.552193977757
213.36 0.406339935337
213.43 0.353680969724
213.5 0.379809298512
213.57 0.684802578734
213.64 0.556591278021
213.71 0.443972996279
213.78 0.751440162857
213.85 0.459619278866
213.92 0.376748234683
213.99 0.429245358169
214.06 0.472975354641
214.13 0.448429338559
214.2 0.472014291834
214.27 0.43892122448
214.34 0.320706124163
214.41 0.407624026897
214.48 0.35709430098
214.55 0.335667549037
214.62 0.730052663765
214.69 0.591862623506
214.76 0.510392416664
214.83 0.510399557537
214.9 0.596075093693
214.97 0.593272354769
215.04 0.542970511564
215.11 0.561746469099
215.18 0.468171717962
215.25 0.362940093353
215.32 0.727492537402
215.39 0.434874114629
215.46 0.404689503517
215.53 0.778484138681
215.6 0.354389905365
215.67 0.378956235922
215.74 0.365596513261
215.81 0.465771103897
215.88 0.38394551562
215.95 0.441767594336
216.02 0.326623378251
216.09 0.25730096817
216.16 0.216308336134
216.23 0.367137134289
216.3 0.265997538756
216.37 0.326116839507
216.44 0.868026826212
216.51 0.45365606099
216.58 0.284076067492
216.65 0.410344480015
216.72 0.443752112136
216.79 0.295113244285
216.86 0.600871218604
216.93 0.523259278297
217.0 0.438481954062
217.07 0.658504401018
217.14 0.400579619987
217.21 0.365376938605
217.28 0.605734788962
217.35 0.572112058667
217.42 0.459971417615
217.49 0.336344189523
217.56 0.492808389979
217.63 0.505513766755
217.7 0.449758553715
217.77 0.394082111302
217.84 0.280243859013
217.91 0.303359391853
217.98 0.498021552775
218.05 0.457488838681
218.12 0.253990717089
218.19 0.806401895771
218.26 0.498680764202
218.33 0.485495905883
218.4 0.588280241126
218.47 0.487490477221
218.54 0.491973770733
218.61 0.511972137643
218.68 0.435201142997
218.75 0.384888795125
218.82 0.674637531586
218.89 0.459852363199
218.96 0.496051991902
219.03 0.835516633944
219.1 0.417589585272
219.17 0.313753600926
219.24 0.339502623251
219.31 0.332857100028
219.38 0.480799274816
219.45 0.4631431294
219.52 0.388972619086
219.59 0.239228797641
219.66 0.130302138346
219.73 0.485432830947
219.8 0.319437230233
219.87 0.37708505015
219.94 0.932733094082
220.01 0.505749438274
220.08 0.418164143217
220.15 0.441124249665
220.22 0.405216008548
220.29 0.437254087226
220.36 0.675939477599
220.43 0.355847688027
220.5 0.217082920272
220.57 0.623589810038
220.64 0.591227739793
220.71 0.464201556051
220.78 0.345673086915
220.85 0.426888709598
220.92 0.447217541336
220.99 0.406233247636
221.06 0.511241219254
221.13 0.435443499717
221.2 0.597230113633
221.27 0.483392130811
221.34 0.494329117385
221.41 0.452978792252
221.48 0.502584360218
221.55 0.458966684516
221.62 0.44027143232
221.69 0.809576597428
221.76 0.463615625997
221.83 0.40887921132
221.9 0.581993511576
221.97 0.495373770946
222.04 0.489235782587
222.11 0.667871942689
222.18 0.390832556885
222.25 0.366993279834
222.32 0.802243661097
222.39 0.486399201344
222.46 0.495900388003
222.53 0.368199512111
222.6 0.443568702059
222.67 0.435218325297
222.74 0.382076031426
222.81 0.676423976071
222.88 0.26400948004
222.95 0.438148756717
223.02 0.599997894525
223.09 0.480474209922
223.16 0.420186504465
223.23 0.405620372405
223.3 0.22765090825
223.37 0.32093798227
223.44 0.873960846289
223.51 0.511396737992
223.58 0.407842425284
223.65 0.474053549263
223.72 0.528385220105
223.79 0.471737273799
223.86 0.623280851091
223.93 0.419534706405
224.0 0.309167746492
224.07 0.703512842357
224.14 0.582794418695
224.21 0.491468361327
224.28 0.438187777948
224.35 0.523463974745
224.42 0.513274446982
224.49 0.451564769199
224.56 0.782889704615
224.63 0.444155626719
224.7 0.388663946258
224.77 0.616460386318
224.84 0.423863625657
224.91 0.428587067168
224.98 0.492832346798
225.05 0.45331581209
225.12 0.440733876893
225.19 0.770660883091
225.26 0.519988078723
225.33 0.461445434901
225.4 0.54474797281
225.47 0.571391802388
225.54 0.474299599799
225.61 0.609607677862
225.68 0.487534971052
225.75 0.404126081519
225.82 0.678966054206
225.89 0.592110318093
225.96 0.526732061824
226.03 0.382634185194
226.1 0.514024409717
226.17 0.510570155824
226.24 0.433679635953
226.31 0.771165989725
226.38 0.517150904048
226.45 0.552910559901
226.52 0.691614352442
226.59 0.557992336385
226.66 0.516381471572
226.73 0.585448870586
226.8 0.446562818501
226.87 0.369666206861
226.94 0.856091416303
227.01 0.457168627219
227.08 0.41928984879
227.15 0.477101079193
227.22 0.516184379237
227.29 0.427376275148
227.36 0.574366346146
227.43 0.525595945442
227.5 0.319408089961
227.57 0.459015857685
227.64 0.761766425395
227.71 0.44829745873
227.78 0.361704723831
227.85 0.518500902975
227.92 0.475988793979
227.99 0.477748673266
228.06 0.724982121628
228.13 0.382707713327
228.2 0.373735243447
228.27 0.646963522453
228.34 0.511473513353
228.41 0.391273730225
228.48 0.438891914656
228.55 0.364327631442
228.62 0.351094600615
228.69 0.75868143351
228.76 0.418242975912
228.83 0.389880251753
228.9 0.412509655696
228.97 0.495220138477
229.04 0.471538192253
229.11 0.620657557446
229.18 0.525763794562
229.25 0.394243194986
229.32 0.790973462039
229.39 0.504747782851
229.46 0.491960500245
229.53 0.314870760765
229.6 0.490501282444
229.67 0.478287617677
229.74 0.735586136423
229.81 0.341095525401
229.88 0.407110849881
229.95 0.625256514329
230.02 0.484354182168
230.09 0.357403596004
230.16 0.406619116678
230.23 0.47857319053
230.3 0.372729779155
230.37 0.657082867711
230.44 0.6758884878
230.51 0.437655423365
230.58 0.376836588037
230.65 0.569467465026
230.72 0.469465872143
230.79 0.486194226345
230.86 0.666869519739
230.93 0.424157050897
231.0 0.35620418669
231.07 0.845424647509
231.14 0.476788096408
231.21 0.473615935006
231.28 0.577316839226
231.35 0.622936275582
231.42 0.564166675528
231.49 0.843665908159
231.56 0.539959738132
231.63 0.420445969306
231.7 0.636515445734
231.77 0.643991145027
231.84 0.55703403183
231.91 0.635148803441
231.98 0.563877949306
232.05 0.593208139896
232.12 0.937349383138
232.19 0.611085968772
232.26 0.56570006031
232.33 0.411420128325
232.4 0.473588258635
232.47 0.411344657911
232.54 0.234742467328
232.61 0.284490047382
232.68 0.248611185728
232.75 0.119422505835
232.82 0.2217053889
232.89 0.221114379849
232.96 0.183418368107
233.03 0.422318084587
233.1 0.554458477729
233.17 0.395454893807
233.24 0.533850508552
233.31 0.47622955055
233.38 0.461068361381
233.45 0.74348210569
233.52 0.538342126775
233.59 0.479812035872
233.66 0.454152132914
233.73 0.379333089933
233.8 0.442929986769
233.87 0.857149425128
233.94 0.566083372443
234.01 0.473072075095
234.08 0.470769583317
234.15 0.744309773295
234.22 0.603880967154
234.29 0.705325476603
234.36 0.590411728903
234.43 0.406193425574
234.5 0.27813147311
234.57 0.956524779947
234.64 0.605312012038
234.71 0.52499279827
234.78 0.585839194915
234.85 0.586044843581
234.92 0.460437139692
234.99 0.741120090489
235.06 0.325222397094
235.13 0.296949553772
235.2 0.583886248645
235.27 0.415802663922
235.34 0.374280764062
235.41 0.54986087575
235.48 0.586085147049
235.55 0.508061108579
235.62 0.803100904966
235.69 0.550705148874
235.76 0.356278732136
235.83 0.534508148594
235.9 0.626170626312
235.97 0.524301935078
236.04 0.690457724784
236.11 0.384213812314
236.18 0.32524891839
236.25 0.780746732705
236.32 0.405380180504
236.39 0.386982421287
236.46 0.302061515092
236.53 0.406452256108
236.6 0.351922300011
236.67 0.804777531089
236.74 0.421836713748
236.81 0.314184298361
236.88 0.678930940246
236.95 0.556283790545
237.02 0.409236967999
237.09 0.434950348028
237.16 0.523843312999
237.23 0.413552315504
237.3 0.488052190072
237.37 0.808885943148
237.44 0.440265279997
237.51 0.391084796076
237.58 0.501427949042
237.65 0.483950705432
237.72 0.410247279668
237.79 0.604618284624
237.86 0.276381053928
237.93 0.132233864854
238.0 0.798775069445
238.07 0.522858385718
238.14 0.459624539526
238.21 0.461685744883
238.28 0.601862856822
238.35 0.570026015425
238.42 0.814446047614
238.49 0.377210985055
238.56 0.325072158696
238.63 0.525575632482
238.7 0.502757476054
238.77 0.419681799004
238.84 0.399076248974
238.91 0.555588776351
238.98 0.479170836339
239.05 0.626730542212
239.12 0.8141832977
239.19 0.545724829708
239.26 0.481814152283
239.33 0.770550433451
239.4 0.597538741045
239.47 0.468524857371
239.54 0.756602034595
239.61 0.484519681778
239.68 0.393890791312
239.75 0.87152262948
239.82 0.63112397608
239.89 0.514212172139
239.96 0.824366832095
240.03 0.663239509841
240.1 0.450466883813
240.17 0.63994162057
240.24 0.771698815118
240.31 0.665641795206
240.38 0.919953071945
240.45 0.54021847632
240.52 0.461604176645
240.59 0.51257509861
240.66 0.508971121032
240.73 0.427028856612
240.8 0.831703176122
240.87 0.621245784024
240.94 0.568868163055
241.01 0.570601365118
241.08 0.7338285143
241.15 0.569445420211
241.22 0.55035145842
241.29 0.728209741741
241.36 0.489546035884
241.43 0.573434638579
241.5 0.769114600231
241.57 0.433937353801
241.64 0.360094232154
241.71 0.405879083344
241.78 0.417668670782
241.85 0.360484031173
241.92 0.735435801138
241.99 0.629908092952
242.06 0.610331924673
242.13 0.71252886142
242.2 0.568962010204
242.27 0.422572261517
242.34 0.467243655768
242.41 0.49354997199
242.48 0.503619499175
242.55 0.509504208322
242.62 0.900940858542
242.69 0.514459816768
242.76 0.497139186415
242.83 0.5869174183
242.9 0.557712997604
242.97 0.535685086185
243.04 0.660376464828
243.11 0.406852717236
243.18 0.408768330229
243.25 0.917510242407
243.32 0.67147252014
243.39 0.563677532537
243.46 0.424674546953
243.53 0.360861408979
243.6 0.367583881657
243.67 0.596066174036
243.74 0.538740176327
243.81 0.297347818292
243.88 0.459906645643
243.95 0.411166485787
244.02 0.338133587547
244.09 0.354320808298
244.16 0.511692866984
244.23 0.467040129533
244.3 0.467517626406
244.37 0.80259708057
244.44 0.425958611264
244.51 0.365445932731
244.58 0.556783538118
244.65 0.573460234908
244.72 0.595656466256
244.79 0.64638520711
244.86 0.389023191061
244.93 0.319250913547
245.0 0.78842048866
245.07 0.470512651162
245.14 0.48346093419
245.21 0.507165913778
245.28 0.553845820494
245.35 0.534085327768
245.42 0.834413071587
245.49 0.543410245224
245.56 0.423955424554
245.63 0.487957255972
245.7 0.53794104345
245.77 0.41633386343
245.84 0.465421871758
245.91 0.530767174343
245.98 0.500473902972
246.05 0.413743217669
246.12 0.9896955007
246.19 0.559372217376
246.26 0.625920453539
246.33 0.563423920276
246.4 0.599907541363
246.47 0.507990084369
246.54 0.517254414159
246.61 0.475560235627
246.68 0.507074151213
246.75 0.506000604139
246.82 0.620763382247
246.89 0.500992852333
246.96 0.53435697766
247.03 0.640241219327
247.1 0.54223227064
247.17 0.592693344565
247.24 0.614818536564
247.31 0.58171439079
247.38 0.512427919722
247.45 0.626267369474
247.52 0.537985797665
247.59 0.449523587656
247.66 0.498781034655
247.73 0.434295617623
247.8 0.29822341316
247.87 0.851638110825
247.94 0.485030432079
248.01 0.420322654891
248.08 0.408491499912
248.15 0.417149259694
248.22 0.413454586821
248.29 0.52402858815
248.36 0.247672158653
248.43 0.208306228697
248.5 0.661106876074
248.57 0.404661871048
248.64 0.281375442901
248.71 0.391843304545
248.78 0.466063763125
248.85 0.324891497787
248.92 0.381498261073
248.99 0.454266436839
249.06 0.432773356677
249.13 0.469583076623
249.2 0.330130135803
249.27 0.351817539452
249.34 0.256192208734
249.41 0.426536767651
249.48 0.33292181296
249.55 0.394605004266
249.62 0.773916072091
249.69 0.479903525942
249.76 0.355153491317
249.83 0.479401226003
249.9 0.536962568237
249.97 0.495929049896
250.04 0.461193416733
250.11 0.396678913927
250.18 0.348251614234
250.25 0.769926395024
250.32 0.431964332246
250.39 0.368571978959
250.46 0.444911996105
250.53 0.352102580941
250.6 0.288485857093
250.67 0.675871602216
250.74 0.347113719068
250.81 0.317729149147
250.88 0.387527443842
250.95 0.297729873922
251.02 0.245616318412
251.09 0.273950021894
251.16 0.334364619014
251.23 0.261820358136
251.3 0.757195842771
251.37 0.545945619992
251.44 0.44119118797
251.51 0.412281620083
251.58 0.571428213725
251.65 0.54740260485
251.72 0.472152703965
251.79 0.551177913424
251.86 0.455956775498
251.93 0.472229989496
252.0 0.869129354603
252.07 0.542992323245
252.14 0.496343268976
252.21 0.521052981663
252.28 0.574802826523
252.35 0.525441186662
252.42 0.774359587371
252.49 0.555935191198
252.56 0.545855368258
252.63 0.54416449218
252.7 0.469616142332
252.77 0.334124586069
252.84 0.340530339757
252.91 0.526108804548
252.98 0.345850179658
253.05 0.731843477247
253.12 0.583338324022
253.19 0.553425971373
253.26 0.522333877467
253.33 0.563676578806
253.4 0.580614004509
253.47 0.461953557142
253.54 0.414738316569
253.61 0.274649174978
253.68 0.292893381961
253.75 0.84395944391
253.82 0.482517164194
253.89 0.47895377469
253.96 0.47190248729
254.03 0.468569991565
254.1 0.499378704686
254.17 0.809393066242
254.24 0.511930280954
254.31 0.460507120854
254.38 0.422652874511
254.45 0.394064550537
254.52 0.379552370899
254.59 0.421485608965
254.66 0.387912107852
254.73 0.385819956189
254.8 0.724619750706
254.87 0.57296296855
254.94 0.574577726282
255.01 0.488601596763
255.08 0.590060766423
255.15 0.482094323687
255.22 0.541503589735
255.29 0.488699988516
255.36 0.438692610573
255.43 0.428475027975
255.5 0.800643595366
255.57 0.325197329102
255.64 0.292416549672
255.71 0.33395231648
255.78 0.371322635077
255.85 0.368939836106
255.92 0.671972245005
255.99 0.468664218692
256.06 0.437100969468
256.13 0.466933986821
256.2 0.43585950515
256.27 0.311559993458
256.34 0.228469474534
256.41 0.423852382226
256.48 0.363308082205
256.55 0.340887148761
256.62 0.745524448363
256.69 0.480469612332
256.76 0.448722856144
256.83 0.536326856443
256.9 0.500688070122
256.97 0.544882794067
257.04 0.476481096394
257.11 0.37197732915
257.18 0.342538473758
257.25 0.818814720804
257.32 0.470627201847
257.39 0.360565470733
257.46 0.375395130831
257.53 0.3397042284
257.6 0.387405311751
257.67 0.690794647736
257.74 0.459614672193
257.81 0.322299047507
257.88 0.395033891125
257.95 0.301317356493
258.02 0.248179154583
258.09 0.173955583509
258.16 0.356871610803
258.23 0.303612051897
258.3 0.4685529879
258.37 0.800802505148
258.44 0.422581627763
258.51 0.245853603704
258.58 0.508572237344
258.65 0.432797206012
258.72 0.33988980935
258.79 0.556698215509
258.86 0.512648183183
258.93 0.462538736322
259.0 0.58199752633
259.07 0.62918675275
259.14 0.349244160767
259.21 0.436681595698
259.28 0.553716627765
259.35 0.496333272965
259.42 0.310344163315
259.49 0.870103262504
259.56 0.626004720988
259.63 0.734338899761
259.7 0.612432416186
259.77 0.328666532353
259.84 0.323736626206
259.91 0.56355517034
259.98 0.429271004455
260.05 0.392313506132
260.12 0.79550719582
260.19 0.543426104411
260.26 0.474199904612
260.33 0.591384937401
260.4 0.462715229577
260.47 0.495063852212
260.54 0.682043482851
260.61 0.477266445584
260.68 0.44052176859
260.75 0.762654393032
260.82 0.652474144923
260.89 0.573602552795
260.96 0.445567480412
261.03 0.365090262149
261.1 0.333529453266
261.17 0.329398448374
261.24 0.509203369715
261.31 0.355520941236
261.38 0.295398617309
261.45 0.538209724665
261.52 0.395793385117
261.59 0.386045168455
261.66 0.421328167626
261.73 0.382857241725
261.8 0.433718062237
261.87 0.857345177698
261.94 0.495109605574
262.01 0.448999109681
262.08 0.496130823083
262.15 0.52010576461
262.22 0.365930703696
262.29 0.455951487588
262.36 0.330114724718
262.43 0.272674262614
262.5 0.689876066841
262.57 0.390573302471
262.64 0.325441538785
262.71 0.759469339607
262.78 0.30908864433
262.85 0.289007557136
262.92 0.442647191847
262.99 0.459310830089
263.06 0.463108452946
263.13 0.47933761516
263.2 0.297152905914
263.27 0.255730138085
263.34 0.357909612467
263.41 0.390053512918
263.48 0.367504022566
263.55 0.839680684864
263.62 0.471682755193
263.69 0.457413403085
263.76 0.490232819226
263.83 0.522648249974
263.9 0.479252250164
263.97 0.554447054149
264.04 0.430492930908
264.11 0.378705982914
264.18 0.518403796487
264.25 0.678594418467
264.32 0.370712698247
264.39 0.623788233055
264.46 0.517197709541
264.53 0.273934199039
264.6 0.336648697725
264.67 0.366499369702
264.74 0.333904461883
264.81 0.377184922458
264.88 0.335720443271
264.95 0.253171433235
265.02 0.159067411246
265.09 0.324724457068
265.16 0.28730671381
265.23 0.262317153684
265.3 0.796345260609
265.37 0.447118186768
265.44 0.43458931233
265.51 0.402723668251
265.58 0.418913055334
265.65 0.443388955522
265.72 0.527241210462
265.79 0.486003042602
265.86 0.451897406416
265.93 0.772784130933
266.0 0.510333851513
266.07 0.455462883531
266.14 0.670742405611
266.21 0.550189110664
266.28 0.449248813159
266.35 0.450094126304
266.42 0.553844527659
266.49 0.524673676787
266.56 0.520064101696
266.63 0.402057094927
266.7 0.344639634397
266.77 0.17963769593
266.84 0.472628836851
266.91 0.399411889687
266.98 0.337372034707
267.05 0.828029948576
267.12 0.568088468129
267.19 0.456809465678
267.26 0.555720320103
267.33 0.534384973455
267.4 0.492757619688
267.47 0.494948032913
267.54 0.346004049803
267.61 0.259944496054
267.68 0.717439798913
267.75 0.480559272147
267.82 0.437256843963
267.89 0.755305188772
267.96 0.42665740405
268.03 0.448608832282
268.1 0.537258810769
268.17 0.511966737707
268.24 0.504542565635
268.31 0.474879910408
268.38 0.389912300148
268.45 0.276622238921
268.52 0.371556819986
268.59 0.449398502026
268.66 0.419630358074
268.73 0.841671165755
268.8 0.611503712116
268.87 0.552994763768
268.94 0.60533142728
269.01 0.500508661175
269.08 0.633221601858
269.15 0.594919221451
269.22 0.479058983351
269.29 0.375116547465
269.36 0.658593979085
269.43 0.549598221208
269.5 0.386849430285
269.57 0.61013701381
269.64 0.473820434653
269.71 0.400243054306
269.78 0.301834654234
269.85 0.534973973614
269.92 0.502765354176
269.99 0.453187936418
270.06 0.423349874887
270.13 0.294623285325
270.2 0.204367744286
270.27 0.428391700632
270.34 0.379372456323
270.41 0.280195077933
270.48 0.823895149954
270.55 0.552688369297
270.62 0.501036059383
270.69 0.544656226897
270.76 0.520387300002
270.83 0.54397226993
270.9 0.533801389882
270.97 0.518537738192
271.04 0.415944942449
271.11 0.731182870041
271.18 0.732508380784
271.25 0.537337166598
271.32 0.713193121567
271.39 0.615719579402
271.46 0.362514776172
271.53 0.276605647026
271.6 0.437470289003
271.67 0.388275832163
271.74 0.367624068559
271.81 0.333806477357
271.88 0.212524917817
271.95 0.148015522771
272.02 0.325000304891
272.09 0.244781677972
272.16 0.299558550533
272.23 0.903689744959
272.3 0.527954896593
272.37 0.414443884613
272.44 0.529183844324
272.51 0.43254637471
272.58 0.296700254495
272.65 0.483590584104
272.72 0.632010958196
272.79 0.444472849822
272.86 0.516530182486
272.93 0.522543721036
273.0 0.392476009815
273.07 0.3881049962
273.14 0.895799157461
273.21 0.489567364644
273.28 0.315892742773
273.35 0.650197765699
273.42 0.572088658948
273.49 0.519786158692
273.56 0.435232765999
273.63 0.395930751171
273.7 0.297760685495
273.77 0.771905042078
273.84 0.385870340445
273.91 0.332058244188
273.98 0.809264578971
274.05 0.658965213651
274.12 0.606334968971
274.19 0.602794140508
274.26 0.568110063328
274.33 0.575198709742
274.4 0.714777040477
274.47 0.428985156079
274.54 0.34625466311
274.61 0.69296741542
274.68 0.656997737362
274.75 0.589300025011
274.82 0.56747987712
274.89 0.498836952066
274.96 0.419745540038
275.03 0.344654235567
275.1 0.419915894595
275.17 0.346850673951
275.24 0.361027948611
275.31 0.618627372574
275.38 0.357114592746
275.45 0.327060948606
275.52 0.252668247689
275.59 0.332775336502
275.66 0.640930671603
275.73 0.823080027699
275.8 0.498991838011
275.87 0.472345593827
275.94 0.412555589206
276.01 0.421951891171
276.08 0.311818578747
276.15 0.547608828782
276.22 0.498809009256
276.29 0.442567073886
276.36 0.79590512729
276.43 0.401535721878
276.5 0.270161963599
276.57 0.73442704723
276.64 0.64592610211
276.71 0.520462095235
276.78 0.526333149373
276.85 0.656942280164
276.92 0.5605012383
276.99 0.67812931253
277.06 0.364360518515
277.13 0.385249494747
277.2 0.406958655577
277.27 0.598338134305
277.34 0.603059162725
277.41 0.619331456298
277.48 0.801097341305
277.55 0.63738876073
277.62 0.557985180374
277.69 0.574953614451
277.76 0.486331316877
277.83 0.498272211497
277.9 0.646608519483
277.97 0.345480343897
278.04 0.317352345094
278.11 0.939652136813
278.18 0.641897444686
278.25 0.559203499301
278.32 0.554068056514
278.39 0.481781163781
278.46 0.521834564371
278.53 0.597717417285
278.6 0.501008719089
278.67 0.388072324094
278.74 0.60185201305
278.81 0.513509158714
278.88 0.423300312657
278.95 0.39691164099
279.02 0.361295140188
279.09 0.343166486065
279.16 0.680942613649
279.23 0.798081950603
279.3 0.559456539324
279.37 0.444498411332
279.44 0.499688346383
279.51 0.492778226338
279.58 0.304398203432
279.65 0.653519089145
279.72 0.595039605035
279.79 0.439062431195
279.86 0.567281207344
279.93 0.527682757725
280.0 0.364969070165
280.07 0.86217358868
280.14 0.507529376192
280.21 0.546977787243
280.28 0.483488353204
280.35 0.736377195889
280.42 0.546489065106
280.49 0.603393251732
280.56 0.400270577777
280.63 0.482003422508
280.7 0.618867285925
280.77 0.646583166886
280.84 0.361010563454
280.91 0.541967321088
280.98 0.873916512927
281.05 0.672990560447
281.12 0.695218228592
281.19 0.597285828187
281.26 0.657070142212
281.33 0.562513044923
281.4 0.649296675931
281.47 0.378841904747
281.54 0.348603828675
281.61 0.870242364955
281.68 0.697274189941
281.75 0.646737191445
281.82 0.543101710157
281.89 0.514666037672
281.96 0.475597375131
282.03 0.560458162956
282.1 0.6129316112
282.17 0.443423329205
282.24 0.488681811611
282.31 0.61790799282
282.38 0.355001826865
282.45 0.406269860317
282.52 0.331426622841
282.59 0.27830116611
282.66 0.345720482813
282.73 0.970817577189
282.8 0.618443871666
282.87 0.514118724649
282.94 0.290162981276
283.01 0.59437003427
283.08 0.469651625674
283.15 0.36936010608
283.22 0.311475191617
283.29 0.588153608333
283.36 0.772320855251
283.43 0.680137164953
283.5 0.563258161795
283.57 0.447075277948
283.64 0.53214750495
283.71 0.846352876228
283.78 0.535086498756
283.85 0.477773155394
283.92 0.443669765774
283.99 0.845365605493
284.06 0.782956064626
284.13 0.663282766849
284.2 0.561760496517
284.27 0.440935365474
284.34 0.681846891604
284.41 0.729137584425
284.48 0.651890970092
284.55 0.662386978615
284.62 0.52257413295
284.69 0.756695320102
284.76 0.502893534134
284.83 0.418552582791
284.9 0.28377738462
284.97 0.327879525488
285.04 0.635785370565
285.11 0.603677545375
285.18 0.577025760467
285.25 0.585546685559
285.32 0.484290668212
285.39 0.669986372302
285.46 0.842654258238
285.53 0.684064072884
285.6 0.737307709021
285.67 0.631697668098
285.74 0.615719833731
285.81 0.628754995614
285.88 0.725442048653
285.95 0.65516847943
286.02 0.642708279692
286.09 0.606804658873
286.16 0.587445046615
286.23 0.559780704985
286.3 0.590029266044
286.37 0.583236391352
286.44 0.727265980829
286.51 0.629042453221
286.58 0.608567515921
286.65 0.45201209032
286.72 0.551687517733
286.79 0.609683387466
286.86 0.550104805369
286.93 0.556996769703
287.0 0.495850476071
287.07 0.579334312223
287.14 0.534039631933
287.21 0.516628378952
287.28 0.504041974842
287.35 0.419980640831
287.42 0.620873489756
287.49 0.910692937058
287.56 0.65039579814
287.63 0.70124466068
287.7 0.631751453995
287.77 0.606055996543
287.84 0.585586365318
287.91 0.627574656382
287.98 0.598078898057
288.05 0.651895192245
288.12 0.628618764954
288.19 0.530686161691
288.26 0.564189540855
288.33 0.628580761037
288.4 0.549936181153
288.47 0.654450180571
288.54 0.577167521254
288.61 0.547549455231
288.68 0.606638808047
288.75 0.51113237279
288.82 0.579180049988
288.89 0.534207167684
288.96 0.538786897044
289.03 0.669875150593
289.1 0.543520195291
289.17 0.595137697044
289.24 0.590865568701
289.31 0.540367662586
289.38 0.576590492692
289.45 0.563731312379
289.52 0.628236444398
289.59 0.563204993552
289.66 0.672214942343
289.73 0.65423053325
289.8 0.601359855966
289.87 0.540644612498
289.94 0.586841707182
290.01 0.61081063112
290.08 0.661099222002
290.15 0.652317416611
290.22 0.51932557768
290.29 0.614989346792
290.36 0.506603592356
290.43 0.598215399698
290.5 0.641775727392
290.57 0.558450931215
290.64 0.572743693639
290.71 0.542448532971
290.78 0.554586750032
290.85 0.659780706802
290.92 0.555594209591
290.99 0.561672641222
291.06 0.643990356306
291.13 0.612678304739
291.2 0.64179621596
291.27 0.676671629783
291.34 0.695020884957
291.41 0.775385562939
291.48 0.65961347685
291.55 0.895044354919
291.62 0.642926508527
291.69 0.564774773019
291.76 0.607626113601
291.83 0.699063541035
291.9 0.635898184854
291.97 0.699479302737
292.04 0.975834225945
292.11 0.656227441987
292.18 0.680822594906
292.25 0.51651207219
292.32 0.345370820738
292.39 0.278473462947
292.46 0.129921578409
292.53 0.114665379446
292.6 0.0691088590715
292.67 0.04862252544
292.74 0.0333367305339
292.81 0.0210865287789
292.88 0.0192654471995
292.95 0.0136159357327
293.02 0.00904406935674
293.09 0.0
293.16 0.0
293.23 0.0
293.3 0.0
293.37 0.0
293.44 0.0
293.51 0.0
293.58 0.0
293.65 0.0
293.72 0.0
293.79 0.0
293.86 0.0
293.93 0.0
294.0 0.0
294.07 0.0
294.14 0.0
294.21 0.0
294.28 0.0
294.35 0.0
294.42 0.0
294.49 0.0
294.56 0.0
294.63 0.0
294.7 0.0
294.77 0.0
294.84 0.0
294.91 0.0
294.98 0.0
295.05 0.0
295.12 0.0
295.19 0.0
295.26 0.0
295.33 0.0
295.4 0.0
295.47 0.0
295.54 0.0
295.61 0.0
295.68 0.0
295.75 0.0
295.82 0.0
295.89 0.0
295.96 0.0
296.03 0.0
296.1 0.0
296.17 0.0
296.24 0.0
296.31 0.0
296.38 0.0
296.45 0.0
296.52 0.0
296.59 0.0
296.66 0.0
296.73 0.0
296.8 0.0
296.87 0.0
296.94 0.0
297.01 0.0
297.08 0.0
