0.0 0.0
4.04546824623 0.0
4.43157118067 1.0
4.95027512291 1.0
5.22717722741 0.329787234043
8.68000346946 0.510638297872
13.7127814838 1.0
31.381366 0.992125984252
31.484199 0.984251968504
31.640861 0.937007874016
31.761736 0.708661417323
31.900242 0.566929133858
31.985754 0.472440944882
32.142479 0.196850393701
32.242975 0.0157480314961
32.877262 0.00787401574803
38.058192 0.0157480314961
51.03758 0.0708661417323
51.652793 0.0551181102362
74.084781 0.102362204724
74.463728 0.102362204724
79.3369484091 0.633858267717
85.7770393202 0.572206399731
87.342985 1.0
88.23573 0.968503937008
88.344025 0.826771653543
88.472848 0.645669291339
88.592092 0.511811023622
89.249424 0.488188976378
89.414322 0.48031496063
89.530972 0.464566929134
89.64571 0.417322834646
90.358194 0.409448818898
90.94137 0.417322834646
91.030398 0.44094488189
91.219833 0.496062992126
91.322242 0.637795275591
91.429493 0.755905511811
91.559032 0.803149606299
91.641665 0.874015748031
91.765017 0.889763779528
92.38445 0.913385826772
92.473006 0.952755905512
92.602956 0.992125984252
94.948261 0.984251968504
95.199113 0.968503937008
95.588147 0.913385826772
95.673392 0.787401574803
95.795247 0.732283464567
96.413535 0.692913385827
99.078341 0.614173228346
99.196042 0.582677165354
99.345874 0.535433070866
99.489058 0.496062992126
99.696721 0.488188976378
99.804681 0.409448818898
99.917563 0.370078740157
129.753816 0.0787401574803
155.777131 0.228346456693
155.901328 0.0551181102362
155.970403 0.0314960629921
156.120344 0.00787401574803
159.709894 0.0
161.699308 0.0314960629921
168.156478 0.173228346457
203.727648268 1
204.656474765 0
228.104305214 0
228.294322 0.574803149606
232.735763983 0.0
233.046896 0.937007874016
236.853947 0.944881889764
255.811836 0.724409448819
255.938097 0.700787401575
256.027406 0.496062992126
256.136289 0.314960629921
256.294771 0.0314960629921
342.927006803 0.0
