0.0 0.0
0.07 0.0
0.14 0.0
0.21 0.0
0.28 0.0
0.35 0.0
0.42 0.0
0.49 0.0
0.56 0.0
0.63 0.0
0.7 0.0
0.77 0.0
0.84 0.0
0.91 0.0
0.98 0.0
1.05 0.0
1.12 0.0
1.19 0.0
1.26 0.0
1.33 0.0
1.4 0.0
1.47 0.0
1.54 0.0
1.61 0.0
1.68 0.0
1.75 0.0
1.82 0.0
1.89 0.0
1.96 0.0
2.03 0.0
2.1 0.0
2.17 0.0
2.24 0.0
2.31 0.0
2.38 0.0
2.45 0.0
2.52 0.0
2.59 0.0
2.66 0.0
2.73 0.0
2.8 0.0
2.87 0.0
2.94 0.0
3.01 0.0
3.08 0.0
3.15 0.0
3.22 0.0
3.29 0.0
3.36 0.0
3.43 0.0
3.5 0.0
3.57 0.0
3.64 0.0
3.71 0.0
3.78 0.0
3.85 0.0
3.92 0.0
3.99 0.19956118798
4.06 0.31520816798
4.13 0.30220375125
4.2 0.368074062435
4.27 0.267914092056
4.34 0.217051300789
4.41 0.280175014527
4.48 0.408247206672
4.55 0.31185777302
4.62 0.28891564556
4.69 0.292589669242
4.76 0.275548068022
4.83 0.217622178343
4.9 0.246914073749
4.97 0.318309351725
5.04 0.238799922119
5.11 0.229456059388
5.18 0.290988889271
5.25 0.377527070982
5.32 0.342460403003
5.39 0.304519035419
5.46 0.368552014888
5.53 0.376688083377
5.6 0.309061076815
5.67 0.308316214743
5.74 0.364164834285
5.81 0.264595179413
5.88 0.234124928575
5.95 0.128159614156
6.02 0.294136987397
6.09 0.443878626821
6.16 0.336404838319
6.23 0.403612813178
6.3 0.399868082133
6.37 0.321977948306
6.44 0.223693139151
6.51 0.245783756113
6.58 0.201881230745
6.65 0.304630913783
6.72 0.203799539727
6.79 0.194437315221
6.86 0.190199969823
6.93 0.199128105375
7.0 0.195564704174
7.07 0.208071575437
7.14 0.201643998174
7.21 0.195349619511
7.28 0.195606103142
7.35 0.20776943947
7.42 0.21813236274
7.49 0.233468556478
7.56 0.324558126314
7.63 0.282343180635
7.7 0.246634257181
7.77 0.479038657356
7.84 0.409816540268
7.91 0.359979840638
7.98 0.382359157772
8.05 0.298527837069
8.12 0.254016726839
8.19 0.200120605469
8.26 0.141354229957
8.33 0.137606493212
8.4 0.143913124695
8.47 0.149077325379
8.54 0.25800210691
8.61 0.219116048032
8.68 0.18884226644
8.75 0.144533266149
8.82 0.150514432836
8.89 0.633523389393
8.96 0.296860742758
9.03 0.205809702766
9.1 0.145158889128
9.17 0.20533225965
9.24 0.141352167967
9.31 0.152870571723
9.38 0.46074094273
9.45 0.506622534931
9.52 0.275875133736
9.59 0.233902894965
9.66 0.232997763484
9.73 0.207649004053
9.8 0.240043386324
9.87 0.202429257999
9.94 0.30857943989
10.01 0.196016347769
10.08 0.188002987199
10.15 0.206744939508
10.22 0.733980219592
10.29 0.237642699005
10.36 0.223004048364
10.43 0.445721560209
10.5 0.312317858658
10.57 0.119302387239
10.64 0.0485159878144
10.71 0.597454845837
10.78 0.317377090904
10.85 0.133097258817
10.92 0.0918149795797
10.99 0.689738320236
11.06 0.257468266107
11.13 0.250108681663
11.2 0.231205223573
11.27 0.234732353055
11.34 0.183384160293
11.41 0.222542967673
11.48 0.493660805915
11.55 0.336166321112
11.62 0.207677590546
11.69 0.18969981401
11.76 0.237769306015
11.83 0.204607886037
11.9 0.193092261038
11.97 0.168932719454
12.04 0.284755756231
12.11 0.174886870785
12.18 0.306166944391
12.25 0.406438415239
12.32 0.583492640891
12.39 0.20600104271
12.46 0.19232522025
12.53 0.499899385565
12.6 0.390475916669
12.67 0.309826886365
12.74 0.253211915076
12.81 0.323693788965
12.88 0.2958923776
12.95 0.328380842276
13.02 0.229295517854
13.09 0.695457140791
13.16 0.132722539362
13.23 0.348708625127
13.3 0.389488671158
13.37 0.491862726972
13.44 0.129387929717
13.51 0.112882821751
13.58 0.480265869013
13.65 0.284514746768
13.72 0.198007163222
13.79 0.179265997509
13.86 0.231733469893
13.93 0.167758268248
14.0 0.18920315064
14.07 0.200679886383
14.14 0.290147850971
14.21 0.154749550914
14.28 0.279994982669
14.35 0.493855745098
14.42 0.505513236656
14.49 0.215457485168
14.56 0.190418415489
14.63 0.508036007546
14.7 0.203990556201
14.77 0.144507214014
14.84 0.0470355374908
14.91 0.649305117773
14.98 0.137084401028
15.05 0.161259720738
15.12 0.384307907806
15.19 0.603538700245
15.26 0.208131584687
15.33 0.227785735517
15.4 0.229696432182
15.47 0.196110810121
15.54 0.196417527034
15.61 0.154238009999
15.68 0.511485048397
15.75 0.257947243393
15.82 0.194255141275
15.89 0.15060261269
15.96 0.218906518831
16.03 0.171971632743
16.1 0.208496043483
16.17 0.244032157178
16.24 0.22107487594
16.31 0.173549385789
16.38 0.166838907187
16.45 0.575440201091
16.52 0.40425303439
16.59 0.239084575327
16.66 0.163102473393
16.73 0.490248050133
16.8 0.30336639325
16.87 0.286156534463
16.94 0.297132324716
17.01 0.30708353491
17.08 0.278585139074
17.15 0.422781954784
17.22 0.524193112589
17.29 0.537077291064
17.36 0.295875071466
17.43 0.394352587352
17.5 0.617783369075
17.57 0.341991554935
17.64 0.158097311907
17.71 0.12343467794
17.78 0.562972052727
17.85 0.277574293635
17.92 0.212236918566
17.99 0.204067552223
18.06 0.188935575598
18.13 0.174101125242
18.2 0.194737951933
18.27 0.291024677326
18.34 0.205428570399
18.41 0.236628301562
18.48 0.240527633597
18.55 0.66954411388
18.62 0.21613277356
18.69 0.197501008332
18.76 0.172009273303
18.83 0.497243267174
18.9 0.181874039082
18.97 0.0688915938429
19.04 0.43451743023
19.11 0.502770851502
19.18 0.117909640294
19.25 0.104152720422
19.32 0.612507782934
19.39 0.354875955217
19.46 0.216025352915
19.53 0.18812448031
19.6 0.250133496399
19.67 0.190272746366
19.74 0.189495700613
19.81 0.29079953122
19.88 0.498023701656
19.95 0.238747508756
20.02 0.186591179169
20.09 0.221150758817
20.16 0.201975887179
20.23 0.194324405863
20.3 0.174975701686
20.37 0.264705997002
20.44 0.163980341012
20.51 0.251376309557
20.58 0.218450787196
20.65 0.678078544881
20.72 0.201393506431
20.79 0.199231940129
20.86 0.363685426733
20.93 0.540093500898
21.0 0.373445941869
21.07 0.341821634837
21.14 0.354590498983
21.21 0.23472612909
21.28 0.16483841024
21.35 0.113704123273
21.42 0.662858424342
21.49 0.214895041441
21.56 0.31135225172
21.63 0.23091406914
21.7 0.609807517624
21.77 0.148981735504
21.84 0.176124310241
21.91 0.428627642152
21.98 0.422741043587
22.05 0.209715174562
22.12 0.173997483542
22.19 0.196978822701
22.26 0.172159756475
22.33 0.212416604363
22.4 0.177731685911
22.47 0.282100193386
22.54 0.167913351876
22.61 0.168843565083
22.68 0.201105916325
22.75 0.701075661139
22.82 0.212875217444
22.89 0.206817200553
22.96 0.450945285451
23.03 0.31341583858
23.1 0.119806973045
23.17 0.0476056068845
23.24 0.596176178903
23.31 0.310745902391
23.38 0.160236097738
23.45 0.0935084289573
23.52 0.693932203648
23.59 0.214004648876
23.66 0.218220266361
23.73 0.223668618105
23.8 0.197985136486
23.87 0.182865471214
23.94 0.221419034196
24.01 0.46683573657
24.08 0.317544949011
24.15 0.189492483375
24.22 0.156998230135
24.29 0.299692779297
24.36 0.37606081327
24.43 0.463286164462
24.5 0.423821070435
24.57 0.420529281998
24.64 0.288713072495
24.71 0.365706772577
24.78 0.605541374194
24.85 0.578872806608
24.92 0.440415011357
24.99 0.425740899211
25.06 0.808527965101
25.13 0.70273760869
25.2 0.607187053793
25.27 0.507082918366
25.34 0.744194843881
25.41 0.57855691959
25.48 0.634599817001
25.55 0.539187766634
25.62 0.828660251169
25.69 0.480037613492
25.76 0.636986950433
25.83 0.621752055037
25.9 0.487684651466
25.97 0.397699262924
26.04 0.398575602535
26.11 0.690975600525
26.18 0.385980356308
26.25 0.316550425948
26.32 0.237008394719
26.39 0.450302434381
26.46 0.321079996822
26.53 0.19609576622
26.6 0.200384866746
26.67 0.4432635356
26.74 0.355354319452
26.81 0.464405533423
26.88 0.586666985235
26.95 0.60262383079
27.02 0.486729188122
27.09 0.390410069563
27.16 0.633370602914
27.23 0.451516748331
27.3 0.438725668502
27.37 0.381989642583
27.44 0.721654402967
27.51 0.313907754649
27.58 0.300934307819
27.65 0.470279326702
27.72 0.614226100446
27.79 0.275360674407
27.86 0.269063831215
27.93 0.283148238851
28.0 0.256836312366
28.07 0.244613554168
28.14 0.199644953245
28.21 0.610245343422
28.28 0.375239842406
28.35 0.282884293856
28.42 0.205245815235
28.49 0.347293398589
28.56 0.243915866279
28.63 0.298547550228
28.7 0.294311634258
28.77 0.295779186875
28.84 0.243583217378
28.91 0.32674133427
28.98 0.614941053393
29.05 0.366328342432
29.12 0.197278357562
29.19 0.159047548394
29.26 0.594657316826
29.33 0.302505509323
29.4 0.216057788183
29.47 0.16041103418
29.54 0.400616663591
29.61 0.413454003675
29.68 0.480654119764
29.75 0.644060682264
29.82 0.533209984568
29.89 0.478316599374
29.96 0.566521790164
30.03 0.660011946686
30.1 0.44883525247
30.17 0.466382127511
30.24 0.447761335602
30.31 0.742918466905
30.38 0.32469944965
30.45 0.204446909102
30.52 0.305896552596
30.59 0.462314971256
30.66 0.430429922091
30.73 0.427834663214
30.8 0.390882097902
30.87 0.363634248715
30.94 0.283554501209
31.01 0.348876787193
31.08 0.862025921121
31.15 0.526251002278
31.22 0.565469986291
31.29 0.409069866766
31.36 0.647086222397
31.43 0.400862793116
31.5 0.344944488989
31.57 0.57976293629
31.64 0.597398465607
31.71 0.203717944275
31.78 0.197889884457
31.85 0.636805223183
31.92 0.397217989518
31.99 0.290488558886
32.06 0.248765884578
32.13 0.275121018381
32.2 0.240961606513
32.27 0.232588379389
32.34 0.356759647822
32.41 0.517788477019
32.48 0.309775451625
32.55 0.241462389755
32.62 0.260228317833
32.69 0.269400754022
32.76 0.293463172589
32.83 0.264988345875
32.9 0.330809852179
32.97 0.173347795455
33.04 0.328111066613
33.11 0.236476747347
33.18 0.659581412816
33.25 0.246650528213
33.32 0.19129657269
33.39 0.390650032629
33.46 0.506762533582
33.53 0.243622728927
33.6 0.212351666053
33.67 0.24567214166
33.74 0.264546051063
33.81 0.324886749817
33.88 0.320385043535
33.95 0.69442279914
34.02 0.475407305983
34.09 0.464601523113
34.16 0.411723002049
34.23 0.3904480644
34.3 0.0803247156211
34.37 0.249589846766
34.44 0.555480313
34.51 0.444504138897
34.58 0.25761125608
34.65 0.204659918425
34.72 0.260501743053
34.79 0.262984039174
34.86 0.256635971754
34.93 0.230963963549
35.0 0.285694923898
35.07 0.036355963199
35.14 0.151491100379
35.21 0.266904373112
35.28 0.641388922323
35.35 0.202094181535
35.42 0.187721788441
35.49 0.548526597616
35.56 0.39656870089
35.63 0.216273421203
35.7 0.117578612847
35.77 0.44334643828
35.84 0.258517685547
35.91 0.255903542209
35.98 0.155653421378
36.05 0.741922784486
36.12 0.455190983552
36.19 0.439657145808
36.26 0.433952296057
36.33 0.366878563117
36.4 0.0759027132639
36.47 0.0617020763414
36.54 0.529710347945
36.61 0.470962812736
36.68 0.352393411616
36.75 0.178764502634
36.82 0.202998737959
36.89 0.125412694267
36.96 0.175834956969
37.03 0.196574325563
37.1 0.490715774786
37.17 0.184650556949
37.24 0.189042076152
37.31 0.443850214899
37.38 0.532997160085
37.45 0.201748857761
37.52 0.127080587496
37.59 0.512357643976
37.66 0.356121775102
37.73 0.242711561401
37.8 0.195924252393
37.87 0.51170042983
37.94 0.434912036388
38.01 0.550955214221
38.08 0.582109848593
38.15 0.69847018165
38.22 0.454232326588
38.29 0.617730161927
38.36 0.65146394742
38.43 0.515832720531
38.5 0.349219967853
38.57 0.321227560552
38.64 0.667033708768
38.71 0.393471224208
38.78 0.244591805718
38.85 0.172780924816
38.92 0.211304354812
38.99 0.159141248795
39.06 0.202889331314
39.13 0.188389019873
39.2 0.296566489179
39.27 0.164136767808
39.34 0.288825327726
39.41 0.668650778256
39.48 0.705373369036
39.55 0.52793779229
39.62 0.495037787056
39.69 0.636809224964
39.76 0.434505257506
39.83 0.389082513543
39.9 0.382100390343
39.97 0.78398533801
40.04 0.148957983597
40.11 0.157777364577
40.18 0.451334444998
40.25 0.551368992368
40.32 0.223306453376
40.39 0.211698869577
40.46 0.315881520689
40.53 0.227533849261
40.6 0.215081658729
40.67 0.189646490824
40.74 0.611095007576
40.81 0.318719924956
40.88 0.233093859614
40.95 0.180002024242
41.02 0.291277292672
41.09 0.248096595263
41.16 0.223747538515
41.23 0.236873911481
41.3 0.198155250665
41.37 0.222381026491
41.44 0.179817764688
41.51 0.703577413697
41.58 0.445274281912
41.65 0.237909484371
41.72 0.160253422356
41.79 0.601689247149
41.86 0.287391297851
41.93 0.200964829174
42.0 0.180467165246
42.07 0.403823487359
42.14 0.349875279176
42.21 0.37258152853
42.28 0.657811927555
42.35 0.714801222947
42.42 0.433208262683
42.49 0.590556070987
42.56 0.831657872286
42.63 0.327770238552
42.7 0.187280712544
42.77 0.12991175118
42.84 0.693311243765
42.91 0.311681579667
42.98 0.165018494469
43.05 0.244763549568
43.12 0.331880077386
43.19 0.338066843375
43.26 0.294618420998
43.33 0.272282864674
43.4 0.265119994903
43.47 0.241987584166
43.54 0.149234362146
43.61 0.709220274359
43.68 0.25420642787
43.75 0.25364244073
43.82 0.271630953376
43.89 0.557793559824
43.96 0.341308070954
44.03 0.149376631244
44.1 0.460682131858
44.17 0.652755422723
44.24 0.451328612277
44.31 0.42139477665
44.38 0.637824218002
44.45 0.625032887612
44.52 0.542300730832
44.59 0.515846320629
44.66 0.461149855484
44.73 0.210380856422
44.8 0.181716223934
44.87 0.326725727634
44.94 0.519096995572
45.01 0.332230144353
45.08 0.164026753245
45.15 0.187196696718
45.22 0.229999231518
45.29 0.137089461529
45.36 0.0731189445447
45.43 0.373283117564
45.5 0.33953571657
45.57 0.331938345035
45.64 0.0950137854098
45.71 0.702293352522
45.78 0.295972951299
45.85 0.273231211688
45.92 0.47251438426
45.99 0.67569214054
46.06 0.246422905254
46.13 0.164951721111
46.2 0.561672906576
46.27 0.452463921613
46.34 0.536226098901
46.41 0.418273277989
46.48 0.737049420927
46.55 0.464311852533
46.62 0.523477557886
46.69 0.503808901244
46.76 0.720760938981
46.83 0.455041268492
46.9 0.453939812556
46.97 0.591483913111
47.04 0.528933730404
47.11 0.412857495009
47.18 0.412936939132
47.25 0.209291055659
47.32 0.163603879955
47.39 0.203120170484
47.46 0.188040286833
47.53 0.291629942261
47.6 0.193580300606
47.67 0.338387059751
47.74 0.357866285433
47.81 0.7793828304
47.88 0.414117036165
47.95 0.435241624138
48.02 0.628413499762
48.09 0.431034757787
48.16 0.397750315662
48.23 0.396496043466
48.3 0.72722513916
48.37 0.190603833372
48.44 0.166401062906
48.51 0.0945661795358
48.58 0.698674438811
48.65 0.216234144811
48.72 0.215912463068
48.79 0.212176559147
48.86 0.193924230894
48.93 0.171487593928
49.0 0.205974255323
49.07 0.469482256643
49.14 0.305924803298
49.21 0.205490570784
49.28 0.155384096519
49.35 0.219130064019
49.42 0.178959294973
49.49 0.232457429671
49.56 0.183024151001
49.63 0.29317767836
49.7 0.175765225148
49.77 0.329569486093
49.84 0.551078874065
49.91 0.667016297891
49.98 0.202348566208
50.05 0.206870939628
50.12 0.579459278475
50.19 0.391144730535
50.26 0.287334516108
50.33 0.17269123441
50.4 0.328320588626
50.47 0.316971142774
50.54 0.370406697922
50.61 0.454484388441
50.68 0.835298318801
50.75 0.412860926867
50.82 0.475977759433
50.89 0.494326315257
50.96 0.535262596055
51.03 0.332798340704
51.1 0.34231947502
51.17 0.606964353733
51.24 0.439807679297
51.31 0.203702168203
51.38 0.172883552977
51.45 0.227765915562
51.52 0.166687556296
51.59 0.202883795364
51.66 0.238264773061
51.73 0.327647268777
51.8 0.195918376543
51.87 0.355059960103
51.94 0.619259156303
52.01 0.624002240701
52.08 0.481545644986
52.15 0.406235202423
52.22 0.535656931115
52.29 0.428722506017
52.36 0.426293210639
52.43 0.294229317931
52.5 0.660382264901
52.57 0.118140255602
52.64 0.158097374547
52.71 0.446430101271
52.78 0.545459862865
52.85 0.20593379801
52.92 0.214434948615
52.99 0.224324741696
53.06 0.196370018085
53.13 0.210528894574
53.2 0.176390033806
53.27 0.55079634446
53.34 0.256165445752
53.41 0.175447777262
53.48 0.15404813029
53.55 0.191383176272
53.62 0.155623258612
53.69 0.21256999876
53.76 0.280610813249
53.83 0.339314323738
53.9 0.474552092529
53.97 0.445182198858
54.04 0.740300653471
54.11 0.659836528633
54.18 0.664330098886
54.25 0.630248591836
54.32 0.794529003745
54.39 0.547563736575
54.46 0.69093986176
54.53 0.656744481105
54.6 0.756780144702
54.67 0.538512962933
54.74 0.72687180361
54.81 0.753411696034
54.88 0.652153833018
54.95 0.553486163244
55.02 0.557277534491
55.09 0.716888248515
55.16 0.40164615628
55.23 0.378015583946
55.3 0.341186542929
55.37 0.694654164076
55.44 0.427277903308
55.51 0.378030238657
55.58 0.442406506609
55.65 0.518679072908
55.72 0.374410392532
55.79 0.234206291951
55.86 0.456625297875
55.93 0.489699009341
56.0 0.307594565462
56.07 0.335896369851
56.14 0.805107990301
56.21 0.392902181702
56.28 0.417022783713
56.35 0.472317630566
56.42 0.628579292798
56.49 0.454496309578
56.56 0.417219951242
56.63 0.639421725282
56.7 0.547869434815
56.77 0.334218583588
56.84 0.312095216104
56.91 0.674748546988
56.98 0.389201874835
57.05 0.3023412063
57.12 0.272184035997
57.19 0.338005772323
57.26 0.322984115246
57.33 0.310720587561
57.4 0.446417994268
57.47 0.512689027752
57.54 0.346369012967
57.61 0.313417779397
57.68 0.350271860039
57.75 0.328857897229
57.82 0.323581745273
57.89 0.28683201591
57.96 0.363940964601
58.03 0.204288252933
58.1 0.356124244767
58.17 0.240210906586
58.24 0.791079593214
58.31 0.390974054649
58.38 0.281924802032
58.45 0.52371094579
58.52 0.573279266325
58.59 0.393581685467
58.66 0.335056032916
58.73 0.470958658977
58.8 0.498373138114
58.87 0.431985575492
58.94 0.41387715217
59.01 0.782438209829
59.08 0.555507668256
59.15 0.446930312537
59.22 0.53854832791
59.29 0.685113953272
59.36 0.449040336276
59.43 0.430143549874
59.5 0.61092101587
59.57 0.615430513147
59.64 0.494529799172
59.71 0.433803995022
59.78 0.479260162119
59.85 0.302646632415
59.92 0.234516230209
59.99 0.199017033118
60.06 0.548316576536
60.13 0.522905138973
60.2 0.519318753977
60.27 0.477442582583
60.34 0.702894613623
60.41 0.310323420346
60.48 0.345389669355
60.55 0.611405581478
60.62 0.552887826718
60.69 0.472710708715
60.76 0.37521781567
60.83 0.679398422864
60.9 0.231829386318
60.97 0.167492164736
61.04 0.142798361324
61.11 0.718042693898
61.18 0.268644475015
61.25 0.277467887555
61.32 0.310347971172
61.39 0.271408695904
61.46 0.272572611244
61.53 0.265061429456
61.6 0.595691539359
61.67 0.410012258859
61.74 0.311723506456
61.81 0.267022663361
61.88 0.306655582635
61.95 0.316561354085
62.02 0.310970593586
62.09 0.29162737915
62.16 0.290603442949
62.23 0.203724451661
62.3 0.442977039129
62.37 0.51693288567
62.44 0.505459554059
62.51 0.212749006812
62.58 0.194387056267
62.65 0.594728401058
62.72 0.346243614603
62.79 0.252166283823
62.86 0.152720464392
62.93 0.532665981686
63.0 0.387203030149
63.07 0.406826987406
63.14 0.476952222249
63.21 0.85062132833
63.28 0.592167023305
63.35 0.546384939581
63.42 0.567506786792
63.49 0.305405890357
63.56 0.327928259078
63.63 0.297789370452
63.7 0.618961080648
63.77 0.322637858031
63.84 0.170647175869
63.91 0.166906505136
63.98 0.281288600058
64.05 0.342016673629
64.12 0.394680935649
64.19 0.305988650026
64.26 0.195687154344
64.33 0.100083273181
64.4 0.184746525745
64.47 0.56542418711
64.54 0.404548262485
64.61 0.194628049301
64.68 0.10060706281
64.75 0.566019872211
64.82 0.283101283395
64.89 0.195189021498
64.96 0.193600410144
65.03 0.368133960782
65.1 0.316972175823
65.17 0.0970799148438
65.24 0.543649456138
65.31 0.711688184813
65.38 0.533348628754
65.45 0.448490484242
65.52 0.409147776719
65.59 0.274655435815
65.66 0.245824603643
65.73 0.0475540848592
65.8 0.676098882454
65.87 0.352856142516
65.94 0.267105287755
66.01 0.162801932182
66.08 0.329770009491
66.15 0.231610089363
66.22 0.113414594403
66.29 0.380918722173
66.36 0.531528757205
66.43 0.353426835231
66.5 0.109677615331
66.57 0.702748031597
66.64 0.551504312519
66.71 0.667503055904
66.78 0.765205998783
66.85 0.768180017917
66.92 0.523190469927
66.99 0.378010555278
67.06 0.485234047146
67.13 0.639077360621
67.2 0.74654186298
67.27 0.758071899317
67.34 0.861633890397
67.41 0.631671221207
67.48 0.505138479206
67.55 0.500204917449
67.62 0.589134771436
67.69 0.387398592654
67.76 0.370138095992
67.83 0.444882103316
67.9 0.630765124452
67.97 0.444835291623
68.04 0.394769135014
68.11 0.369516495331
68.18 0.256956348324
68.25 0.235076375762
68.32 0.210025668367
68.39 0.313331099826
68.46 0.212092851387
68.53 0.341645958009
68.6 0.304642401573
68.67 0.804580090041
68.74 0.559340268009
68.81 0.59082370867
68.88 0.520723220788
68.95 0.593161344071
69.02 0.464337394305
69.09 0.44745393581
69.16 0.579593109639
69.23 0.491625626869
69.3 0.155138353104
69.37 0.110402631776
69.44 0.681988161195
69.51 0.277379373962
69.58 0.258302162404
69.65 0.227738012975
69.72 0.346153014375
69.79 0.226234653819
69.86 0.262434454132
69.93 0.479586708228
70.0 0.484955270815
70.07 0.290091135976
70.14 0.227300454168
70.21 0.30364837347
70.28 0.271597870142
70.35 0.280103977532
70.42 0.160947849877
70.49 0.296757966726
70.56 0.166003027971
70.63 0.220322714751
70.7 0.191277246667
70.77 0.678282692165
70.84 0.272471384784
70.91 0.223740811375
70.98 0.505438266682
71.05 0.432069572834
71.12 0.266008374768
71.19 0.179334182838
71.26 0.339573745294
71.33 0.275401556851
71.4 0.286243310562
71.47 0.26456382135
71.54 0.804526095271
71.61 0.600672708645
71.68 0.610423213682
71.75 0.532929130844
71.82 0.508216640134
71.89 0.169104095678
71.96 0.181933251468
72.03 0.604542872969
72.1 0.43228005396
72.17 0.230782078158
72.24 0.179443304008
72.31 0.347256868094
72.38 0.36743158926
72.45 0.334529443992
72.52 0.163211819452
72.59 0.32463608145
72.66 0.272505021511
72.73 0.282031482292
72.8 0.383323747065
72.87 0.646934557279
72.94 0.266993337509
73.01 0.239387815199
73.08 0.567051322148
73.15 0.40737594194
73.22 0.235054031718
73.29 0.117281229315
73.36 0.658731884211
73.43 0.406490864544
73.5 0.445903130344
73.57 0.447333506554
73.64 0.866737700855
73.71 0.579735355119
73.78 0.537546394827
73.85 0.521479315983
73.92 0.287878580603
73.99 0.185818529522
74.06 0.0942492892491
74.13 0.16972365694
74.2 0.211625654554
74.27 0.162454018597
74.34 0.0869592795124
74.41 0.235114713579
74.48 0.146441063911
74.55 0.0771144404848
74.62 0.215585555494
74.69 0.446253236333
74.76 0.454989613998
74.83 0.178751267082
74.9 0.298983255503
74.97 0.489223580977
75.04 0.417264450384
75.11 0.497011581849
75.18 0.429337318952
75.25 0.278001645181
75.32 0.191216258793
75.39 0.173721115262
75.46 0.533006545837
75.53 0.464527167218
75.6 0.468895147079
75.67 0.460235335171
75.74 0.838441954074
75.81 0.457697176371
75.88 0.648991540226
75.95 0.653426930115
76.02 0.569867137971
76.09 0.344108188749
76.16 0.368617241754
76.23 0.674018215374
76.3 0.455811843827
76.37 0.418395854467
76.44 0.476289450588
76.51 0.555702430815
76.58 0.465863159119
76.65 0.458890564409
76.72 0.29501445453
76.79 0.242600305331
76.86 0.198781450755
76.93 0.3626670768
77.0 0.654460111384
77.07 0.566026033536
77.14 0.495465576056
77.21 0.459146705059
77.28 0.631967318049
77.35 0.477879091911
77.42 0.441885307817
77.49 0.445108476552
77.56 0.647158255473
77.63 0.125163182175
77.7 0.152430423106
77.77 0.50290450296
77.84 0.541040210026
77.91 0.268425192437
77.98 0.238408648211
78.05 0.258074471671
78.12 0.246315729008
78.19 0.268353121366
78.26 0.221088394913
78.33 0.618297805813
78.4 0.34032763576
78.47 0.237594820376
78.54 0.188566745343
78.61 0.257858394008
78.68 0.222036969896
78.75 0.227358293605
78.82 0.297092641676
78.89 0.199916266158
78.96 0.243967818571
79.03 0.184587286304
79.1 0.740762698409
79.17 0.391954438498
79.24 0.338513358695
79.31 0.32119511707
79.38 0.690956158465
79.45 0.400377620617
79.52 0.359469677806
79.59 0.292096925502
79.66 0.545434062317
79.73 0.456822287753
79.8 0.526892167199
79.87 0.749669696509
79.94 0.620367060065
80.01 0.510334019468
80.08 0.511737775674
80.15 0.846100220036
80.22 0.416154741353
80.29 0.374645784921
80.36 0.329422679179
80.43 0.665738582881
80.5 0.388321296234
80.57 0.370684754405
80.64 0.31537780671
80.71 0.207117280691
80.78 0.206079680726
80.85 0.185689393287
80.92 0.297731689156
80.99 0.213753427016
81.06 0.309556238875
81.13 0.363812665279
81.2 0.740914948854
81.27 0.357445682592
81.34 0.383482858145
81.41 0.45906490423
81.48 0.567145739317
81.55 0.361631499803
81.62 0.352898392774
81.69 0.610217580492
81.76 0.418634701305
81.83 0.160404571977
81.9 0.110797068497
81.97 0.674228743736
82.04 0.250790984723
82.11 0.233785259871
82.18 0.245327518223
82.25 0.235223044047
82.32 0.185656386043
82.39 0.232052198309
82.46 0.460555496094
82.53 0.490513804504
82.6 0.279410650835
82.67 0.223722619036
82.74 0.433252280215
82.81 0.397659079791
82.88 0.344494362106
82.95 0.239508587435
83.02 0.376827580906
83.09 0.321153629789
83.16 0.453444843551
83.23 0.464798114559
83.3 0.882793359684
83.37 0.625733899535
83.44 0.618994156694
83.51 0.666225836881
83.58 0.54260370474
83.65 0.425833465928
83.72 0.437751869055
83.79 0.49722743565
83.86 0.508629578287
83.93 0.475589452203
84.0 0.438877898409
84.07 0.857782070391
84.14 0.464126659538
84.21 0.588302827252
84.28 0.471661287221
84.35 0.704564046156
84.42 0.38212976754
84.49 0.425734238819
84.56 0.640659759307
84.63 0.506432810282
84.7 0.432786098973
84.77 0.411740119236
84.84 0.306605823775
84.91 0.184314619953
84.98 0.22113150673
85.05 0.192527116597
85.12 0.314069348743
85.19 0.203371623393
85.26 0.287188801802
85.33 0.514812040591
85.4 0.662605998971
85.47 0.344172662906
85.54 0.375379931422
85.61 0.655770913735
85.68 0.450412254862
85.75 0.35098610238
85.82 0.324644042909
85.89 0.676577707761
85.96 0.137080875723
86.03 0.126510267542
86.1 0.144950755467
86.17 0.694441368346
86.24 0.217202926886
86.31 0.219358242524
86.38 0.261531162833
86.45 0.222298293248
86.52 0.198103948393
86.59 0.195232265784
86.66 0.578717008267
86.73 0.3686786907
86.8 0.248131311248
86.87 0.213160678813
86.94 0.447421351643
87.01 0.41572820721
87.08 0.396789763064
87.15 0.223214998778
87.22 0.273003070151
87.29 0.152233759778
87.36 0.387072455246
87.43 0.595069516647
87.5 0.638435579568
87.57 0.33949200505
87.64 0.30683519655
87.71 0.67372015923
87.78 0.438178131073
87.85 0.294274736137
87.92 0.233200530631
87.99 0.46353817189
88.06 0.442994096757
88.13 0.500270465731
88.2 0.651560160616
88.27 0.689423195169
88.34 0.723793118969
88.41 0.660395558986
88.48 0.64349532423
88.55 0.607678066201
88.62 0.598997805882
88.69 0.535801801319
88.76 0.6931604782
88.83 0.549917034064
88.9 0.51106843296
88.97 0.465024693173
89.04 0.267234521543
89.11 0.201660711794
89.18 0.239672864786
89.25 0.28840978436
89.32 0.253212623628
89.39 0.238968447703
89.46 0.24126442228
89.53 0.696272390866
89.6 0.541521711402
89.67 0.472956908068
89.74 0.438758612079
89.81 0.624407018179
89.88 0.473594084558
89.95 0.437962759909
90.02 0.492026255722
90.09 0.683658651422
90.16 0.133185160385
90.23 0.157044462663
90.3 0.489028178667
90.37 0.525694750682
90.44 0.285089563462
90.51 0.323699312593
90.58 0.61372142222
90.65 0.346199700787
90.72 0.327503678075
90.79 0.295491086405
90.86 0.599576109887
90.93 0.331941341493
91.0 0.25899985748
91.07 0.439348535315
91.14 0.567028659768
91.21 0.380247807294
91.28 0.495987303695
91.35 0.578835021256
91.42 0.387393011521
91.49 0.366954070153
91.56 0.385750534783
91.63 0.726202827495
91.7 0.350753780385
91.77 0.551304029412
91.84 0.418105154945
91.91 0.604202469013
91.98 0.267672501374
92.05 0.160942145517
92.12 0.446964600309
92.19 0.511933680132
92.26 0.240108805218
92.33 0.538621495697
92.4 0.672125704886
92.47 0.683236701305
92.54 0.669007485077
92.61 0.413833366715
92.68 0.735958891074
92.75 0.383777432113
92.82 0.539634262442
92.89 0.549185193952
92.96 0.566608642253
93.03 0.405225688857
93.1 0.396217021709
93.17 0.401888381579
93.24 0.493853879244
93.31 0.578539171894
93.38 0.527363803267
93.45 0.441026479719
93.52 0.41609070157
93.59 0.469781495761
93.66 0.398605216942
93.73 0.921385871482
93.8 0.44422679302
93.87 0.588812512581
93.94 0.562258911209
94.01 0.582612990596
94.08 0.633205777205
94.15 0.455042447359
94.22 0.824523968956
94.29 0.620141593571
94.36 0.435714011887
94.43 0.385564614752
94.5 0.880493033158
94.57 0.499508025399
94.64 0.43498176102
94.71 0.311113222095
94.78 0.411167081111
94.85 0.343437207123
94.92 0.437348688387
94.99 0.594668452394
95.06 0.418255606283
95.13 0.369772424443
95.2 0.2883120945
95.27 0.380904886918
95.34 0.385581996877
95.41 0.438358837597
95.48 0.35008483713
95.55 0.425163014176
95.62 0.398734920019
95.69 0.444471107007
95.76 0.546905335347
95.83 0.768518338319
95.9 0.394449858241
95.97 0.381793396171
96.04 0.559964577599
96.11 0.536527098104
96.18 0.572520520734
96.25 0.509028666808
96.32 0.521585466368
96.39 0.325970086324
96.46 0.441024612837
96.53 0.380725778231
96.6 0.80886334347
96.67 0.368202847474
96.74 0.54221775319
96.81 0.421920376681
96.88 0.529856917648
96.95 0.401705505242
97.02 0.413808219267
97.09 0.601027655382
97.16 0.386285999096
97.23 0.375188804045
97.3 0.334379404436
97.37 0.446820646089
97.44 0.352326964809
97.51 0.506727868941
97.58 0.421558066135
97.65 0.484113870024
97.72 0.344074533539
97.79 0.381049508615
97.86 0.663829673
97.93 0.718490686909
98.0 0.433107547613
98.07 0.418857084057
98.14 0.676922517064
98.21 0.713002895498
98.28 0.589355858255
98.35 0.598252743567
98.42 0.928746778556
98.49 0.513624431876
98.56 0.583419782198
98.63 0.561081994447
98.7 0.672807507852
98.77 0.469443290371
98.84 0.411575484529
98.91 0.324833540616
98.98 0.332434224889
99.05 0.486278851754
99.12 0.351492865188
99.19 0.577305809181
99.26 0.339799960389
99.33 0.391677169638
99.4 0.312795951794
99.47 0.45074876178
99.54 0.367850211235
99.61 0.400422631149
99.68 0.363706846579
99.75 0.366374979553
99.82 0.314468542007
99.89 0.407893284769
99.96 0.791565757686
100.03 0.497183460221
100.1 0.478152454491
100.17 0.441089575793
100.24 0.749271330916
100.31 0.653741574599
100.38 0.610717630536
100.45 0.555921022298
100.52 0.519927597614
100.59 0.517168070628
100.66 0.515200373493
100.73 0.750820858934
100.8 0.653598702717
100.87 0.553060585133
100.94 0.551750907223
101.01 0.589264035004
101.08 0.465621690637
101.15 0.503377031393
101.22 0.447629745107
101.29 0.682595880391
101.36 0.458181240858
101.43 0.466154516876
101.5 0.511516013162
101.57 0.46118087262
101.64 0.419846429553
101.71 0.436656874295
101.78 0.587134551747
101.85 0.588739987626
101.92 0.556376893589
101.99 0.407906176315
102.06 0.768625397499
102.13 0.377510648998
102.2 0.425090778804
102.27 0.376470369883
102.34 0.621710357244
102.41 0.409521103714
102.48 0.462472565623
102.55 0.646438870479
102.62 0.657730422469
102.69 0.504376575936
102.76 0.486851938143
102.83 0.67253316254
102.9 0.473282259907
102.97 0.475763257016
103.04 0.418719526318
103.11 0.445160626006
103.18 0.365752411564
103.25 0.492732245996
103.32 0.429317751611
103.39 0.637166822097
103.46 0.419950925623
103.53 0.454504389129
103.6 0.486445869867
103.67 0.489822435054
103.74 0.454237627381
103.81 0.489996631111
103.88 0.539610473567
103.95 0.44051527973
104.02 0.41588141266
104.09 0.411494829706
104.16 0.79669222847
104.23 0.348718454494
104.3 0.405122654048
104.37 0.478330540398
104.44 0.529207228534
104.51 0.414182591634
104.58 0.478573263737
104.65 0.409391761076
104.72 0.431291728163
104.79 0.389718326326
104.86 0.409478005247
104.93 0.789174978804
105.0 0.440931501869
105.07 0.555775750581
105.14 0.434232577806
105.21 0.622971174821
105.28 0.35207511244
105.35 0.485754741736
105.42 0.597608426101
105.49 0.554032040195
105.56 0.414352923514
105.63 0.393024839303
105.7 0.508677130365
105.77 0.440616490787
105.84 0.468410435653
105.91 0.534863440786
105.98 0.552496379267
106.05 0.436244145627
106.12 0.472564235539
106.19 0.383525608497
106.26 0.792930812557
106.33 0.304917788149
106.4 0.419597441174
106.47 0.559263770026
106.54 0.420062203257
106.61 0.389363544919
106.68 0.420890384925
106.75 0.773447695998
106.82 0.496515887861
106.89 0.486548766046
106.96 0.477922171894
107.03 0.714923112437
107.1 0.492848350001
107.17 0.501471322321
107.24 0.453381489728
107.31 0.456440452995
107.38 0.392805112082
107.45 0.463374904997
107.52 0.657753939219
107.59 0.474486672609
107.66 0.512712545529
107.73 0.409089210246
107.8 0.481116869148
107.87 0.45354475046
107.94 0.412538869283
108.01 0.443674594549
108.08 0.497007519482
108.15 0.452202459631
108.22 0.403796738994
108.29 0.608334674483
108.36 0.674587348246
108.43 0.399154091379
108.5 0.428386624474
108.57 0.634327082876
108.64 0.484055387756
108.71 0.448066709346
108.78 0.388506953382
108.85 0.383867642124
108.92 0.370298634445
108.99 0.364504122015
109.06 0.380713953622
109.13 0.825220142186
109.2 0.507595091844
109.27 0.435613675739
109.34 0.422410021275
109.41 0.432066672904
109.48 0.417213351437
109.55 0.419022205509
109.62 0.424880999042
109.69 0.412583767884
109.76 0.433687622999
109.83 0.437959280815
109.9 0.447942923195
109.97 0.488575046085
110.04 0.472556329533
110.11 0.420041491963
110.18 0.515908716366
110.25 0.386810162512
110.32 0.412056299944
110.39 0.389792758211
110.46 0.430210097316
110.53 0.379496985167
110.6 0.319937249741
110.67 0.778609513275
110.74 0.655533898864
110.81 0.610708253
110.88 0.569768131642
110.95 0.730444938678
111.02 0.60749574541
111.09 0.610560406875
111.16 0.547847967732
111.23 0.708393737764
111.3 0.483630690714
111.37 0.469763573494
111.44 0.61342798707
111.51 0.508265397778
111.58 0.406764851472
111.65 0.368568247925
111.72 0.600521330028
111.79 0.405236025506
111.86 0.309430957576
111.93 0.33636842797
112.0 0.232482887239
112.07 0.172446820814
112.14 0.371948177195
112.21 0.457155976892
112.28 0.281203251333
112.35 0.278111009724
112.42 0.161785997488
112.49 0.829337858273
112.56 0.550761428232
112.63 0.429777009577
112.7 0.338332132566
112.77 0.531253271022
112.84 0.340876733031
112.91 0.318951956342
112.98 0.466811370584
113.05 0.728650099565
113.12 0.392320576254
113.19 0.378085437966
113.26 0.656444131922
113.33 0.578754151814
113.4 0.348438209714
113.47 0.243840407507
113.54 0.328013733084
113.61 0.383746518692
113.68 0.420683199081
113.75 0.40437098782
113.82 0.616633562142
113.89 0.399110140595
113.96 0.458180909174
114.03 0.313295464777
114.1 0.191407318396
114.17 0.197129014236
114.24 0.383231809829
114.31 0.499213801599
114.38 0.384617374723
114.45 0.416893665962
114.52 0.207196711464
114.59 0.828670302344
114.66 0.401834445341
114.73 0.404096923875
114.8 0.302372196737
114.87 0.510995467471
114.94 0.267466826082
115.01 0.317053629564
115.08 0.387989765612
115.15 0.44208599449
115.22 0.371317728872
115.29 0.337919248839
115.36 0.795619222451
115.43 0.557448405487
115.5 0.459243512822
115.57 0.354301388057
115.64 0.738317025203
115.71 0.419102964048
115.78 0.449410518942
115.85 0.38208440992
115.92 0.573323804488
115.99 0.367954681632
116.06 0.315256002452
116.13 0.316189435979
116.2 0.358346192053
116.27 0.197459139049
116.34 0.325925938378
116.41 0.519829954992
116.48 0.398165947341
116.55 0.360446788965
116.62 0.189367136355
116.69 0.896171797585
116.76 0.392367497824
116.83 0.430373649685
116.9 0.399617453814
116.97 0.531420973042
117.04 0.338307749123
117.11 0.319265962102
117.18 0.823227976376
117.25 0.519485287399
117.32 0.311927616772
117.39 0.22771303291
117.46 0.708273503617
117.53 0.368401129177
117.6 0.432949551733
117.67 0.267404407753
117.74 0.477693116428
117.81 0.304965938902
117.88 0.437232669613
117.95 0.498745070596
118.02 0.587321739985
118.09 0.417251753947
118.16 0.321696708472
118.23 0.397461580576
118.3 0.249835602503
118.37 0.326355718512
118.44 0.420200725243
118.51 0.468017129535
118.58 0.332165093086
118.65 0.391215073354
118.72 0.440974077651
118.79 0.840252737669
118.86 0.436707440288
118.93 0.494933146196
119.0 0.592640665911
119.07 0.471170363125
119.14 0.340563632986
119.21 0.296601113771
119.28 0.439355632135
119.35 0.38292627281
119.42 0.411780069267
119.49 0.20730201364
119.56 0.875711551383
119.63 0.376861111863
119.7 0.585295887131
119.77 0.378826410189
119.84 0.670548574133
119.91 0.362929867574
119.98 0.422261656572
120.05 0.572678719938
120.12 0.544285207308
120.19 0.355900242614
120.26 0.410809591801
120.33 0.346608396868
120.4 0.244232894169
120.47 0.289492534514
120.54 0.371557607732
120.61 0.440697090158
120.68 0.224649035841
120.75 0.321968698104
120.82 0.611718792426
120.89 0.634447708267
120.96 0.425681519443
121.03 0.315053044304
121.1 0.517906523895
121.17 0.406710624625
121.24 0.270019169278
121.31 0.323757376918
121.38 0.812238921818
121.45 0.354896277321
121.52 0.408945390547
121.59 0.333975262601
121.66 0.764448137342
121.73 0.42785671973
121.8 0.32129227192
121.87 0.282642648749
121.94 0.375463481041
122.01 0.379956184601
122.08 0.365498210704
122.15 0.576397086674
122.22 0.383672195657
122.29 0.347169679186
122.36 0.311603126491
122.43 0.410084474721
122.5 0.245456677049
122.57 0.365697439197
122.64 0.343774177167
122.71 0.517547096849
122.78 0.276115077291
122.85 0.38797918251
122.92 0.717324542196
122.99 0.57796992093
123.06 0.380061995086
123.13 0.289949309466
123.2 0.544210937672
123.27 0.340536740857
123.34 0.343111440421
123.41 0.218668374383
123.48 0.581373415213
123.55 0.406848574635
123.62 0.444985694698
123.69 0.607983627865
123.76 0.673284495031
123.83 0.368633981046
123.9 0.50729325162
123.97 0.677403115806
124.04 0.513027354315
124.11 0.371776461072
124.18 0.376811815103
124.25 0.577046088801
124.32 0.397597368988
124.39 0.390623762793
124.46 0.341649559303
124.53 0.285981772591
124.6 0.205674009855
124.67 0.330734876043
124.74 0.432847371295
124.81 0.460748760425
124.88 0.29826486659
124.95 0.223338030166
125.02 0.895641398908
125.09 0.543957214314
125.16 0.402460523231
125.23 0.272591786314
125.3 0.574987154767
125.37 0.302915469502
125.44 0.259363719654
125.51 0.475331874937
125.58 0.782143374005
125.65 0.325092390196
125.72 0.425463445511
125.79 0.710144671276
125.86 0.484483999292
125.93 0.277548594749
126.0 0.173595324627
126.07 0.20663420407
126.14 0.17932024284
126.21 0.15087336903
126.28 0.184605670671
126.35 0.169954720999
126.42 0.165666311568
126.49 0.145196333553
126.56 0.137269365027
126.63 0.145013517803
126.7 0.10236256597
126.77 0.0162715136572
126.84 0.0535734897546
126.91 0.181463519249
126.98 0.158376639677
127.05 0.121744781593
127.12 0.134941449115
127.19 0.100494421469
127.26 0.146659177891
127.33 0.17899731959
127.4 0.10789786325
127.47 0.0719895921833
127.54 0.088975657275
127.61 0.525414998808
127.68 0.528616754886
127.75 0.66242804964
127.82 0.489306930353
127.89 0.797144219154
127.96 0.522443560241
128.03 0.56003127086
128.1 0.524894460305
128.17 0.404071603911
128.24 0.335269153143
128.31 0.255091292699
128.38 0.517423432898
128.45 0.335155695426
128.52 0.119847244491
128.59 0.0980450566021
128.66 0.257335653858
128.73 0.345849467464
128.8 0.352139308311
128.87 0.157555044465
128.94 0.232989880069
129.01 0.0788010261465
129.08 0.219762539418
129.15 0.414227338256
129.22 0.58788036061
129.29 0.142100731968
129.36 0.145245850067
129.43 0.472390536496
129.5 0.271157524362
129.57 0.125000206918
129.64 0.0427838074534
129.71 0.364846983312
129.78 0.247495712057
129.85 0.22573910873
129.92 0.176992007566
129.99 0.719143032581
130.06 0.438665818419
130.13 0.397157131031
130.2 0.416191763727
130.27 0.490237030603
130.34 0.186854060309
130.41 0.117737082122
130.48 0.528806449755
130.55 0.274495350219
130.62 0.103251762212
130.69 0.0857885600159
130.76 0.306267992172
130.83 0.101639365063
130.9 0.152512236258
130.97 0.220785628437
131.04 0.578736579715
131.11 0.56034351448
131.18 0.394358482713
131.25 0.451541645218
131.32 0.547006674764
131.39 0.396211360478
131.46 0.534933507372
131.53 0.691402832952
131.6 0.457185906554
131.67 0.496432089736
131.74 0.264359387565
131.81 0.813697519976
131.88 0.702324279292
131.95 0.771018568003
132.02 0.774124989901
132.09 0.790039331557
132.16 0.554271935486
132.23 0.596372660472
132.3 0.471709072403
132.37 0.686294184827
132.44 0.463069566168
132.51 0.468125217657
132.58 0.738920515677
132.65 0.556486679156
132.72 0.522856805434
132.79 0.305861385808
132.86 0.420393378575
132.93 0.481578812425
133.0 0.46887560541
133.07 0.308602047844
133.14 0.239806470034
133.21 0.225893218868
133.28 0.414141639362
133.35 0.726304466764
133.42 0.571524343355
133.49 0.408694635921
133.56 0.393771980039
133.63 0.673098014319
133.7 0.49475914114
133.77 0.462285420515
133.84 0.487822923918
133.91 0.638469940249
133.98 0.133886471133
134.05 0.114391374904
134.12 0.481048984697
134.19 0.519062731418
134.26 0.251448651726
134.33 0.255156333698
134.4 0.391386304787
134.47 0.253452524053
134.54 0.253406993916
134.61 0.239281810632
134.68 0.651686113499
134.75 0.381686125452
134.82 0.293457149894
134.89 0.280666806343
134.96 0.334052185715
135.03 0.29915404332
135.1 0.257985431285
135.17 0.298700338762
135.24 0.226339425094
135.31 0.29751863773
135.38 0.351701927155
135.45 0.639907992443
135.52 0.260063670802
135.59 0.244399938982
135.66 0.159200283529
135.73 0.690365750537
135.8 0.323256281503
135.87 0.249839543698
135.94 0.262457598122
136.01 0.344901033165
136.08 0.288584421978
136.15 0.28143970655
136.22 0.690613265333
136.29 0.638670156608
136.36 0.511516886016
136.43 0.412567514309
136.5 0.519166985142
136.57 0.229778947725
136.64 0.142858838835
136.71 0.305282390708
136.78 0.649825860627
136.85 0.349391957129
136.92 0.25438332156
136.99 0.32347555792
137.06 0.338081199262
137.13 0.315971371289
137.2 0.239518237096
137.27 0.305962848452
137.34 0.277631347503
137.41 0.25229081036
137.48 0.105514537517
137.55 0.700905895075
137.62 0.227322530195
137.69 0.178185151205
137.76 0.358551828323
137.83 0.566478960741
137.9 0.3358772184
137.97 0.171432880336
138.04 0.372921565887
138.11 0.504520413092
138.18 0.414584979545
138.25 0.43902551143
138.32 0.805138418003
138.39 0.672307402356
138.46 0.604965323181
138.53 0.571748202771
138.6 0.472422610299
138.67 0.246347316067
138.74 0.140671581862
138.81 0.0943505906716
138.88 0.126473928048
138.95 0.224768878744
139.02 0.0884843450162
139.09 0.153317033644
139.16 0.262294218271
139.23 0.11492480906
139.3 0.109265124901
139.37 0.480865289931
139.44 0.472940344373
139.51 0.288728152337
139.58 0.196313559811
139.65 0.480836858498
139.72 0.461007096561
139.79 0.494082727279
139.86 0.45023935371
139.93 0.454251139166
140.0 0.341697980128
140.07 0.325029675097
140.14 0.476262712492
140.21 0.544752575632
140.28 0.595399673293
140.35 0.528697479537
140.42 1.0
140.49 0.572377776187
140.56 0.732977768958
140.63 0.582037202466
140.7 0.719836815216
140.77 0.379191670983
140.84 0.357304534855
140.91 0.623317600445
140.98 0.514376209009
141.05 0.455893422849
141.12 0.416737572905
141.19 0.321931413873
141.26 0.170383565639
141.33 0.230731127083
141.4 0.186346939117
141.47 0.320070975135
141.54 0.199624779013
141.61 0.325842842643
141.68 0.467642589785
141.75 0.680396253532
141.82 0.420288618596
141.89 0.439076468667
141.96 0.615707992519
142.03 0.492208930789
142.1 0.424253480429
142.17 0.40368033411
142.24 0.691188763881
142.31 0.139986754712
142.38 0.121637889795
142.45 0.182480536282
142.52 0.687833589788
142.59 0.234624838963
142.66 0.244053054339
142.73 0.276964567901
142.8 0.238863396088
142.87 0.208427548034
142.94 0.205121917154
143.01 0.602766627708
143.08 0.421610071824
143.15 0.300490007496
143.22 0.195834631815
143.29 0.314081778189
143.36 0.27658841183
143.43 0.30005972624
143.5 0.236793294653
143.57 0.305473466741
143.64 0.174993910455
143.71 0.339404671351
143.78 0.495815501313
143.85 0.651129758187
143.92 0.402088624636
143.99 0.382507151768
144.06 0.645888200017
144.13 0.386349989589
144.2 0.283051188743
144.27 0.177339313233
144.34 0.401720317067
144.41 0.343506352591
144.48 0.421238358069
144.55 0.483125181736
144.62 0.806508148293
144.69 0.597285504905
144.76 0.626143433556
144.83 0.596222044832
144.9 0.44816327579
144.97 0.152405480009
145.04 0.112851415425
145.11 0.636481567762
145.18 0.409158145202
145.25 0.250265853979
145.32 0.216734717541
145.39 0.35868159404
145.46 0.320284642693
145.53 0.308111187416
145.6 0.213441706081
145.67 0.260062474479
145.74 0.230407674985
145.81 0.261309660124
145.88 0.597640761761
145.95 0.345157322714
146.02 0.215448528656
146.09 0.129986302184
146.16 0.605048431238
146.23 0.345801901009
146.3 0.207525201472
146.37 0.195078638283
146.44 0.527155253717
146.51 0.40274367513
146.58 0.413820125001
146.65 0.663885776998
146.72 0.682527827531
146.79 0.531774498566
146.86 0.546369659496
146.93 0.517341636176
147.0 0.308320464003
147.07 0.178399395873
147.14 0.0905977061396
147.21 0.198268719677
147.28 0.225523889545
147.35 0.161927169871
147.42 0.127025425155
147.49 0.284517899312
147.56 0.121552470214
147.63 0.106383778254
147.7 0.309781756714
147.77 0.649981757549
147.84 0.573295463421
147.91 0.158997623179
147.98 0.449080945568
148.05 0.625119107138
148.12 0.659623064399
148.19 0.652334548783
148.26 0.641328147015
148.33 0.4148271268
148.4 0.338701561497
148.47 0.535020748652
148.54 0.56660723131
148.61 0.584379910691
148.68 0.632504065971
148.75 0.80215924492
148.82 0.644686667735
148.89 0.593332106216
148.96 0.637666901921
149.03 0.740347899536
149.1 0.508952687404
149.17 0.399036524059
149.24 0.456808932055
149.31 0.641312110113
149.38 0.492787026335
149.45 0.400441511502
149.52 0.402665069974
149.59 0.219557174246
149.66 0.232599645371
149.73 0.227693966691
149.8 0.319465736899
149.87 0.207753498069
149.94 0.273001512363
150.01 0.260433388288
150.08 0.716067233494
150.15 0.369166059711
150.22 0.389433506762
150.29 0.530592336463
150.36 0.561013542128
150.43 0.438216881699
150.5 0.374703408711
150.57 0.584178767053
150.64 0.456870556599
150.71 0.154415225105
150.78 0.104488645095
150.85 0.679282742963
150.92 0.260569958161
150.99 0.257256937799
151.06 0.241313993219
151.13 0.284679562207
151.2 0.224603016906
151.27 0.232985959413
151.34 0.497643135103
151.41 0.446327305727
151.48 0.29413072133
151.55 0.224172613451
151.62 0.300437308657
151.69 0.289657172302
151.76 0.286185114795
151.83 0.172390631586
151.9 0.305783626807
151.97 0.201429407444
152.04 0.344730156008
152.11 0.348252042203
152.18 0.705091015029
152.25 0.383800918056
152.32 0.398628969877
152.39 0.546854417132
152.46 0.472191597585
152.53 0.280989993503
152.6 0.235775290781
152.67 0.382755693451
152.74 0.375640862503
152.81 0.431122206498
152.88 0.409597493874
152.95 0.928631779482
153.02 0.574876506615
153.09 0.554443083741
153.16 0.570571115546
153.23 0.473820036771
153.3 0.151713279807
153.37 0.0684792861989
153.44 0.306242164926
153.51 0.286455422385
153.58 0.185977328428
153.65 0.140787801906
153.72 0.423667180052
153.79 0.467866373211
153.86 0.399233016923
153.93 0.0769120419903
154.0 0.358198187788
154.07 0.329635542684
154.14 0.203842265434
154.21 0.197783004982
154.28 0.285249909888
154.35 0.255968805015
154.42 0.133039165739
154.49 0.1870689704
154.56 0.28526604537
154.63 0.135298091243
154.7 0.196741648662
154.77 0.568279383041
154.84 0.281114402975
154.91 0.201201085175
154.98 0.383905944
155.05 0.90160429932
155.12 0.635238465021
155.19 0.596387836842
155.26 0.537944948341
155.33 0.324713638154
155.4 0.11741673944
155.47 0.0984169500626
155.54 0.288311172355
155.61 0.261643690189
155.68 0.182404571254
155.75 0.0808319446357
155.82 0.307106144918
155.89 0.199897957781
155.96 0.0765742062798
156.03 0.361426469396
156.1 0.588650526216
156.17 0.380768299588
156.24 0.14860277295
156.31 0.472430710388
156.38 0.676129397442
156.45 0.653780141412
156.52 0.58866403184
156.59 0.668981356952
156.66 0.539961649573
156.73 0.470765797186
156.8 0.409638289032
156.87 0.777221212753
156.94 0.554569750311
157.01 0.663707115007
157.08 0.539087718014
157.15 0.683500591875
157.22 0.367862268947
157.29 0.431802355148
157.36 0.601806068949
157.43 0.612181465821
157.5 0.47773141625
157.57 0.419009476212
157.64 0.644931415069
157.71 0.48264561707
157.78 0.475955878514
157.85 0.443222323525
157.92 0.367683386176
157.99 0.174585823318
158.06 0.198488027928
158.13 0.283526005081
158.2 0.218641715358
158.27 0.198652275499
158.34 0.336779889459
158.41 0.777622801746
158.48 0.468573421179
158.55 0.366455195895
158.62 0.350295413757
158.69 0.699692602877
158.76 0.441096254669
158.83 0.42176218672
158.9 0.499424752013
158.97 0.622204451341
159.04 0.118799780244
159.11 0.137037671486
159.18 0.546624373799
159.25 0.456206753943
159.32 0.223705083906
159.39 0.213457036484
159.46 0.243149813357
159.53 0.226115147735
159.6 0.238701419992
159.67 0.202346560697
159.74 0.665315350181
159.81 0.342224483821
159.88 0.251511753961
159.95 0.212272954101
160.02 0.250140946467
160.09 0.203891781948
160.16 0.239957391687
160.23 0.329490518446
160.3 0.250863956374
160.37 0.262683704367
160.44 0.177186309053
160.51 0.759068068481
160.58 0.30564203032
160.65 0.302719310376
160.72 0.300672767794
160.79 0.719771749572
160.86 0.366471663063
160.93 0.307895634493
161.0 0.426452989196
161.07 0.57139531289
161.14 0.547026422838
161.21 0.556681921272
161.28 0.84686660875
161.35 0.606276797116
161.42 0.437113570177
161.49 0.513029158556
161.56 0.739780512373
161.63 0.393439833285
161.7 0.430652178536
161.77 0.500113331409
161.84 0.617120506022
161.91 0.454837973525
161.98 0.416178857806
162.05 0.484910779888
162.12 0.393288184596
162.19 0.353402472325
162.26 0.244264637315
162.33 0.315593895668
162.4 0.203377034063
162.47 0.355997055511
162.54 0.322419448307
162.61 0.843773352576
162.68 0.418098770786
162.75 0.421665104778
162.82 0.61004390404
162.89 0.535237447581
162.96 0.459782835151
163.03 0.469336514612
163.1 0.739552655284
163.17 0.45614439004
163.24 0.176096820464
163.31 0.103696111826
163.38 0.695365460277
163.45 0.296671342606
163.52 0.261263506666
163.59 0.230764322247
163.66 0.376353841773
163.73 0.257545401786
163.8 0.24883750998
163.87 0.611050895571
163.94 0.463900459846
164.01 0.292579923053
164.08 0.220064233824
164.15 0.337752397081
164.22 0.288660029649
164.29 0.279294665948
164.36 0.212769539427
164.43 0.341740098945
164.5 0.196634144839
164.57 0.320703373518
164.64 0.343517981065
164.71 0.872818886381
164.78 0.519675209211
164.85 0.688055178755
164.92 0.697153131715
164.99 0.554184887262
165.06 0.36716438287
165.13 0.255355500578
165.2 0.705151582906
165.27 0.611503944975
165.34 0.816826289
165.41 0.749574073774
165.48 0.766274260581
165.55 0.611994264234
165.62 0.744044862857
165.69 0.677897173962
165.76 0.680547098167
165.83 0.348926483413
165.9 0.362107541218
165.97 0.695212182945
166.04 0.48246204245
166.11 0.389320231832
166.18 0.34439660858
166.25 0.27628803184
166.32 0.214820561292
166.39 0.239554126814
166.46 0.205587082804
166.53 0.312900532069
166.6 0.174548692094
166.67 0.360772574151
166.74 0.538431655009
166.81 0.601534569142
166.88 0.470990413418
166.95 0.432495418963
167.02 0.734675920454
167.09 0.429497448704
167.16 0.374792240639
167.23 0.309699231929
167.3 0.694023444654
167.37 0.278622192255
167.44 0.212393640078
167.51 0.259004491824
167.58 0.693952123212
167.65 0.301105637833
167.72 0.356517382475
167.79 0.313000934965
167.86 0.310268466463
167.93 0.342125749617
168.0 0.226148989839
168.07 0.665167685816
168.14 0.363746414607
168.21 0.262186180466
168.28 0.201528102626
168.35 0.250074485283
168.42 0.199621263977
168.49 0.269925259392
168.56 0.406465273481
168.63 0.554106482349
168.7 0.497535303703
168.77 0.436718028525
168.84 0.714911803325
168.91 0.648575633341
168.98 0.612485279722
169.05 0.570167307449
169.12 0.746507363668
169.19 0.531278737831
169.26 0.494227688876
169.33 0.367761706884
169.4 0.772933013834
169.47 0.695861404826
169.54 0.717325912064
169.61 0.804001794252
169.68 0.754872946642
169.75 0.528858403073
169.82 0.676191061008
169.89 0.637452636715
169.96 0.628854570524
170.03 0.447920490838
170.1 0.40414179167
170.17 0.721199209422
170.24 0.50651235504
170.31 0.493184222303
170.38 0.422823518055
170.45 0.324918791787
170.52 0.286662300163
170.59 0.309925429567
170.66 0.340941425915
170.73 0.251187564559
170.8 0.311205577274
170.87 0.392894865128
170.94 0.827030984313
171.01 0.416726030689
171.08 0.407461332768
171.15 0.30733563065
171.22 0.704826160211
171.29 0.378199476901
171.36 0.303272199942
171.43 0.446392734889
171.5 0.610609513661
171.57 0.261777665118
171.64 0.171345650353
171.71 0.601117953705
171.78 0.496608803721
171.85 0.432159232433
171.92 0.379489778471
171.99 0.46304187512
172.06 0.340220647435
172.13 0.311231266918
172.2 0.218705653479
172.27 0.649573556428
172.34 0.340511470183
172.41 0.255759093028
172.48 0.27648553927
172.55 0.326586699393
172.62 0.260669658666
172.69 0.203883431299
172.76 0.32361890525
172.83 0.360147340362
172.9 0.421002775706
172.97 0.406992769147
173.04 0.951225575415
173.11 0.681110988779
173.18 0.654748766372
173.25 0.670444606911
173.32 0.735397403379
173.39 0.568222522228
173.46 0.529671264607
173.53 0.57979145809
173.6 0.672870196252
173.67 0.635177569567
173.74 0.515970079054
173.81 0.830758117588
173.88 0.537695787444
173.95 0.460834299124
174.02 0.577760992458
174.09 0.766418636853
174.16 0.436331064464
174.23 0.404254778045
174.3 0.559129459306
174.37 0.61776991993
174.44 0.412990654589
174.51 0.371411510397
174.58 0.377223975902
174.65 0.388657409854
174.72 0.358475688724
174.79 0.222995677178
174.86 0.320415987762
174.93 0.270579252191
175.0 0.474578767985
175.07 0.324212818971
175.14 0.693626256902
175.21 0.365745234648
175.28 0.394193394121
175.35 0.559064081488
175.42 0.566236067966
175.49 0.331169444554
175.56 0.284016136419
175.63 0.621253059606
175.7 0.491541972508
175.77 0.261514844564
175.84 0.0925264780779
175.91 0.701814434795
175.98 0.275932782172
176.05 0.287213831157
176.12 0.357147509383
176.19 0.4651941943
176.26 0.323145094234
176.33 0.225688124794
176.4 0.584448092939
176.47 0.42033593449
176.54 0.296292136679
176.61 0.242129252536
176.68 0.290092844717
176.75 0.231524709831
176.82 0.248372073232
176.89 0.217194978777
176.96 0.646421348698
177.03 0.566652364041
177.1 0.562988156377
177.17 0.48993568842
177.24 0.848785757726
177.31 0.600008025947
177.38 0.625811001327
177.45 0.727098198411
177.52 0.617175572862
177.59 0.529712248713
177.66 0.3373123224
177.73 0.786395657534
177.8 0.651180381686
177.87 0.669223457997
177.94 0.66885790454
178.01 0.862496346488
178.08 0.505475602256
178.15 0.691151713781
178.22 0.693785178007
178.29 0.585458994857
178.36 0.46894260263
178.43 0.431444996253
178.5 0.641308961676
178.57 0.495775698127
178.64 0.444040802133
178.71 0.308887669408
178.78 0.299078766307
178.85 0.185793086331
178.92 0.240182190704
178.99 0.203033939662
179.06 0.306923121736
179.13 0.20740689582
179.2 0.363030745919
179.27 0.599686907965
179.34 0.57124478659
179.41 0.374957442189
179.48 0.353253503813
179.55 0.659692979006
179.62 0.454058005251
179.69 0.404728264564
179.76 0.242765376466
179.83 0.647966407701
179.9 0.269904792497
179.97 0.210733250316
180.04 0.376984276747
180.11 0.654833657106
180.18 0.307544567337
180.25 0.353251217961
180.32 0.34008082849
180.39 0.382459297785
180.46 0.328341263978
180.53 0.326868608758
180.6 0.651838100033
180.67 0.38388518855
180.74 0.2735106442
180.81 0.203136175552
180.88 0.399069280742
180.95 0.211654539872
181.02 0.35157887831
181.09 0.283875437432
181.16 0.283701754819
181.23 0.249189169649
181.3 0.36617381435
181.37 0.678922363992
181.44 0.633751196165
181.51 0.442277807828
181.58 0.405828976007
181.65 0.768595393901
181.72 0.449549738184
181.79 0.422168794111
181.86 0.318624854687
181.93 0.51669908701
182.0 0.403505697519
182.07 0.463448184714
182.14 0.681962231259
182.21 0.781295964895
182.28 0.539952708464
182.35 0.619651515631
182.42 0.658916148899
182.49 0.454768768497
182.56 0.351363178542
182.63 0.328709667048
182.7 0.708204126072
182.77 0.479456878845
182.84 0.435741848753
182.91 0.347149825343
182.98 0.313352599769
183.05 0.265033689118
183.12 0.311711579158
183.19 0.324584209256
183.26 0.382177514727
183.33 0.391632682818
183.4 0.284096947329
183.47 0.817561632852
183.54 0.414711960343
183.61 0.403153600395
183.68 0.371718960507
183.75 0.702959744988
183.82 0.419758051509
183.89 0.388661817255
183.96 0.521699766132
184.03 0.567884166912
184.1 0.234647880264
184.17 0.138589957723
184.24 0.605289891505
184.31 0.555893988458
184.38 0.413262914292
184.45 0.198369614452
184.52 0.271199156434
184.59 0.221018662066
184.66 0.329223776209
184.73 0.486515725942
184.8 0.619237498219
184.87 0.319460297476
184.94 0.228116396364
185.01 0.250049550401
185.08 0.314247737581
185.15 0.266935176656
185.22 0.255361204938
185.29 0.534279427287
185.36 0.605358554336
185.43 0.591815567986
185.5 0.38249951686
185.57 0.883799254499
185.64 0.531451583531
185.71 0.556333382313
185.78 0.637583874988
185.85 0.707947886841
185.92 0.513100256137
185.99 0.353572487923
186.06 0.547144687414
186.13 0.710805729061
186.2 0.650896643435
186.27 0.66176818099
186.34 0.945017660678
186.41 0.510174359003
186.48 0.572881043469
186.55 0.59476096366
186.62 0.716744645489
186.69 0.456584924767
186.76 0.468562311283
186.83 0.673470896672
186.9 0.620803793255
186.97 0.543700034454
187.04 0.565633854941
187.11 0.325239596569
187.18 0.264650052172
187.25 0.349557107334
187.32 0.233589130524
187.39 0.37380939226
187.46 0.342016107814
187.53 0.442998876918
187.6 0.296266388503
187.67 0.749698831361
187.74 0.478416721929
187.81 0.484943083714
187.88 0.697452983885
187.95 0.611848482153
188.02 0.614206224012
188.09 0.587034440487
188.16 0.733992148944
188.23 0.54962320767
188.3 0.482321069283
188.37 0.453908014985
188.44 0.795401349789
188.51 0.433112610169
188.58 0.423561524626
188.65 0.422141559002
188.72 0.469359450143
188.79 0.389777476072
188.86 0.265266618004
188.93 0.619463537717
189.0 0.461004598143
189.07 0.299116063887
189.14 0.220621464044
189.21 0.37682579823
189.28 0.341472711823
189.35 0.267856678777
189.42 0.189722192968
189.49 0.346092056281
189.56 0.151379417124
189.63 0.241532540546
189.7 0.417618862112
189.77 0.739820203627
189.84 0.431937206012
189.91 0.360394056239
189.98 0.708974271141
190.05 0.542883304635
190.12 0.391244094221
190.19 0.2417655064
190.26 0.512313729133
190.33 0.351528614222
190.4 0.380934224066
190.47 0.449504773862
190.54 0.830067633315
190.61 0.399680763481
190.68 0.601965527116
190.75 0.429848592876
190.82 0.622259901211
190.89 0.423903063293
190.96 0.42828685106
191.03 0.669519281687
191.1 0.552018184468
191.17 0.504169898401
191.24 0.477162844058
191.31 0.43026057397
191.38 0.254793871172
191.45 0.370883611165
191.52 0.225569632248
191.59 0.43944932124
191.66 0.357291396856
191.73 0.332489453979
191.8 0.691582732342
191.87 0.7428801219
191.94 0.560477457575
192.01 0.556648710704
192.08 0.701830458348
192.15 0.551773421731
192.22 0.514384207435
192.29 0.40865926889
192.36 0.755748140246
192.43 0.283925838096
192.5 0.197612063131
192.57 0.411668763906
192.64 0.734694702225
192.71 0.5371619107
192.78 0.414114746206
192.85 0.293489741248
192.92 0.256008307323
192.99 0.286954679673
193.06 0.264597651131
193.13 0.639900716945
193.2 0.348798091672
193.27 0.275398296483
193.34 0.209047456385
193.41 0.430190929435
193.48 0.250321176515
193.55 0.246268536341
193.62 0.454685037119
193.69 0.636548457158
193.76 0.602665102424
193.83 0.501403387553
193.9 0.788077572912
193.97 0.688704759019
194.04 0.60410522585
194.11 0.534701886741
194.18 0.778423748304
194.25 0.511496501273
194.32 0.467066660971
194.39 0.342255260665
194.46 0.703782989381
194.53 0.662738437675
194.6 0.667489066616
194.67 0.812395916483
194.74 0.70437210035
194.81 0.588143498472
194.88 0.654008315809
194.95 0.778754533405
195.02 0.475564748371
195.09 0.457541786732
195.16 0.439560983957
195.23 0.777508101495
195.3 0.594389129759
195.37 0.506557610998
195.44 0.256953791374
195.51 0.374459752959
195.58 0.309359728553
195.65 0.299795196946
195.72 0.400800838941
195.79 0.42569302777
195.86 0.397063881433
195.93 0.374323911149
196.0 0.775852571991
196.07 0.437747414417
196.14 0.448844769663
196.21 0.500150016964
196.28 0.6801914819
196.35 0.539450194916
196.42 0.515082167449
196.49 0.580410562387
196.56 0.591997056998
196.63 0.323831660931
196.7 0.313742737939
196.77 0.653336389446
196.84 0.412571295308
196.91 0.198501954576
196.98 0.112347444724
197.05 0.556426640126
197.12 0.226796919895
197.19 0.104616596302
197.26 0.495943042791
197.33 0.739111902857
197.4 0.529101782593
197.47 0.482117183856
197.54 0.500086857223
197.61 0.68372921913
197.68 0.665903576999
197.75 0.542512683488
197.82 0.541398480797
197.89 0.496399885518
197.96 0.501492252341
198.03 0.536364982352
198.1 0.44065107533
198.17 0.461998749473
198.24 0.466421188257
198.31 0.423150502645
198.38 0.395940967657
198.45 0.381979961088
198.52 0.403210497149
198.59 0.351416646519
198.66 0.339860360884
198.73 0.30790054815
198.8 0.308603413605
198.87 0.304607154687
198.94 0.267852179983
199.01 0.244613469963
199.08 0.191774674041
199.15 0.178724021703
199.22 0.198063311375
199.29 0.176453509828
199.36 0.162461156492
199.43 0.159554370761
199.5 0.15665717924
199.57 0.156200683601
199.64 0.130742362464
199.71 0.0833396644369
199.78 0.0941678211312
199.85 0.0989876017015
199.92 0.113916663308
199.99 0.102180146599
200.06 0.101325524632
200.13 0.099003804959
200.2 0.0895731496988
200.27 0.106450567015
200.34 0.116587848192
200.41 0.0983104628583
200.48 0.0692209012529
200.55 0.0680233604824
200.62 0.081159188002
200.69 0.0786754860719
200.76 0.0561776445586
200.83 0.0597772876996
200.9 0.0717577836315
200.97 0.0667619411497
201.04 0.0450661870669
201.11 0.0407897655202
201.18 0.0424762536276
201.25 0.0435793525838
201.32 0.0377770234856
201.39 0.03075241179
201.46 0.0315028878561
201.53 0.0300226049151
201.6 0.0229038194229
201.67 0.0201908494607
201.74 0.0223115066196
201.81 0.0215981309711
201.88 0.0199775947119
201.95 0.0164576678187
202.02 0.0189606279964
202.09 0.0246803368091
202.16 0.0237291874195
202.23 0.0169269985242
202.3 0.0136031588751
202.37 0.0196793814546
202.44 0.0208409000393
202.51 0.0148125550614
202.58 0.00951055840157
202.65 0.0104834778057
202.72 0.0096055650039
202.79 0.0
202.86 0.0
202.93 0.0
203.0 0.0
203.07 0.0
203.14 0.0
203.21 0.0
203.28 0.0
203.35 0.0
203.42 0.0
203.49 0.0
203.56 0.0
203.63 0.0
203.7 0.0
203.77 0.0
203.84 0.0
203.91 0.0
203.98 0.0
204.05 0.0
204.12 0.0
204.19 0.0
204.26 0.0
204.33 0.0
204.4 0.0
204.47 0.0
204.54 0.0
204.61 0.0
204.68 0.0
204.75 0.0
204.82 0.0
204.89 0.0
204.96 0.0
205.03 0.0
205.1 0.0
205.17 0.0
205.24 0.0
205.31 0.0
205.38 0.0
205.45 0.0
205.52 0.0
205.59 0.0
205.66 0.0
205.73 0.0
205.8 0.0
205.87 0.0
205.94 0.0
206.01 0.0
206.08 0.0
206.15 0.0
206.22 0.0
206.29 0.0
206.36 0.0
206.43 0.0
206.5 0.0
206.57 0.0
206.64 0.0
206.71 0.0
