0.0 0.0
0.07 0.0
0.14 0.0
0.21 0.0
0.28 0.0
0.35 0.0
0.42 0.0
0.49 0.0
0.56 0.0
0.63 0.0
0.7 0.0
0.77 0.0
0.84 0.0
0.91 0.0
0.98 0.0
1.05 0.0
1.12 0.0
1.19 0.0
1.26 0.0
1.33 0.0
1.4 0.0
1.47 0.0
1.54 0.0
1.61 0.0
1.68 0.0
1.75 0.0
1.82 0.0
1.89 0.0
1.96 0.0
2.03 0.0
2.1 0.0
2.17 0.0
2.24 0.0
2.31 0.0
2.38 0.0
2.45 0.0
2.52 0.0
2.59 0.0
2.66 0.0
2.73 0.0
2.8 0.0
2.87 0.0
2.94 0.0
3.01 0.0
3.08 0.0
3.15 0.0
3.22 0.0
3.29 0.0
3.36 0.0
3.43 0.0
3.5 0.0
3.57 0.0
3.64 0.0
3.71 0.0
3.78 0.0
3.85 0.0
3.92 0.0
3.99 0.0878507367251
4.06 0.350729725078
4.13 0.239160518976
4.2 0.138620277328
4.27 0.067471119756
4.34 0.0743122533604
4.41 0.607413930608
4.48 0.639248012088
4.55 0.43930500145
4.62 0.254288312818
4.69 0.0949538925876
4.76 0.605046109688
4.83 0.417301815833
4.9 0.190015407617
4.97 0.10864299206
5.04 0.257239777645
5.11 0.789288137516
5.18 0.679808325059
5.25 0.610956686109
5.32 0.499035281209
5.39 0.499753908701
5.46 0.844706669823
5.53 0.763380979128
5.6 0.610784134994
5.67 0.477844912632
5.74 0.465385722081
5.81 0.752471800996
5.88 0.304440380767
5.95 0.187553013236
6.02 0.199427828227
6.09 0.278161184345
6.16 0.693599245092
6.23 0.598424100946
6.3 0.36074990906
6.37 0.248837792187
6.44 0.659273930778
6.51 0.511733753842
6.58 0.245605701624
6.65 0.154954051999
6.72 0.532095782546
6.79 0.685336831513
6.86 0.856926510028
6.93 0.839500763473
7.0 0.603214072991
7.07 0.535303699966
7.14 0.865552697579
7.21 0.829404491065
7.28 0.398130695553
7.35 0.36135032206
7.42 0.473967616611
7.49 0.559576341165
7.56 0.544982548506
7.63 0.394896402447
7.7 0.59814805767
7.77 0.709094458919
7.84 0.86968668891
7.91 0.565082874686
7.98 0.378325386037
8.05 0.289538382434
8.12 0.570356950804
8.19 0.665440754416
8.26 0.543868355138
8.33 0.334386326892
8.4 0.245062307975
8.47 0.650940617443
8.54 0.588985885188
8.61 0.229117059789
8.68 0.156120773862
8.75 0.234040372992
8.82 0.456284935529
8.89 0.269961281015
8.96 0.188771555278
9.03 0.213085312582
9.1 0.141462962721
9.17 0.774136685722
9.24 0.628182390879
9.31 0.188488120788
9.38 0.288676217899
9.45 0.450413258083
9.52 0.634893697477
9.59 0.810280240345
9.66 0.652115110348
9.73 0.469698145174
9.8 0.427595153236
9.87 0.979526105965
9.94 0.415209097659
10.01 0.138414465751
10.08 0.308784472655
10.15 0.395153741308
10.22 0.567045957811
10.29 0.466394765107
10.36 0.322752236869
10.43 0.197033913429
10.5 0.616154337148
10.57 0.651656150871
10.64 0.130929772033
10.71 0.0619965794306
10.78 0.359607398848
10.85 0.650068188176
10.92 0.657515035473
10.99 0.481136658597
11.06 0.235774138287
11.13 0.222545249804
11.2 0.816633465163
11.27 0.703027189118
11.34 0.234346576248
11.41 0.205631922416
11.48 0.25503111287
11.55 0.45014923924
11.62 0.451567883163
11.69 0.285417702639
11.76 0.11853497921
11.83 0.24728966958
11.9 1.0
11.97 0.468147272159
12.04 0.158054900092
12.11 0.348651040758
12.18 0.523125534233
12.25 0.731816053816
12.32 0.72096383027
12.39 0.49435581971
12.46 0.3742900261
12.53 0.793642398449
12.6 0.73866078734
12.67 0.294389054267
12.74 0.244154901137
12.81 0.359541514475
12.88 0.54009733436
12.95 0.356699510558
13.02 0.261009311195
13.09 0.258381265059
13.16 0.24318543331
13.23 0.460333261013
13.3 0.0917816721395
13.37 0.0518520430048
13.44 0.260364559081
13.51 0.502566083458
13.58 0.680464339613
13.65 0.568556765524
13.72 0.259304173725
13.79 0.216358323793
13.86 0.574337132193
13.93 0.556058745429
14.0 0.172244814969
14.07 0.147666618734
14.14 0.236896833768
14.21 0.435736240172
14.28 0.540967761792
14.35 0.383708213
14.42 0.271877459573
14.49 0.180816987965
14.56 0.753884301133
14.63 0.802735640338
14.7 0.239583080752
14.77 0.284730543233
14.84 0.395047560001
14.91 0.663996056873
14.98 0.756611183455
15.05 0.624945849135
15.12 0.438078296283
15.19 0.321299334775
15.26 0.918369337724
15.33 0.448916887975
15.4 0.137232086279
15.47 0.325950478846
15.54 0.416557144056
15.61 0.494479925936
15.68 0.312315484949
15.75 0.310560041366
15.82 0.230290070134
15.89 0.435009527737
15.96 0.915967322231
16.03 0.201010124987
16.1 0.0889282400807
16.17 0.266583083873
16.24 0.591725626284
16.31 0.758318454038
16.38 0.63995389633
16.45 0.545596263124
16.52 0.489295740465
16.59 0.644678984628
16.66 0.583111815574
16.73 0.338371766965
16.8 0.348549628615
16.87 0.361419818606
16.94 0.51785232688
17.01 0.492728850101
17.08 0.350721680394
17.15 0.255622886645
17.22 0.268643578386
17.29 0.970552768839
17.36 0.459156648998
17.43 0.1801845771
17.5 0.27927224514
17.57 0.4854426771
17.64 0.716851469384
17.71 0.562727848361
17.78 0.337340943546
17.85 0.213860144339
17.92 0.2607493427
17.99 0.766163156107
18.06 0.196173824245
18.13 0.173199942044
18.2 0.638280415986
18.27 0.595053966575
18.34 0.464840624741
18.41 0.285709816029
18.48 0.27889509837
18.55 0.422039815417
18.62 0.621054970855
18.69 0.619257336442
18.76 0.225775344949
18.83 0.192899509595
18.9 0.488919893634
18.97 0.630653709211
19.04 0.648444265955
19.11 0.423525645402
19.18 0.23498112956
19.25 0.258268549634
19.32 0.805995997567
19.39 0.409815719487
19.46 0.14938702465
19.53 0.29220632642
19.6 0.48855317788
19.67 0.62354887008
19.74 0.619214622252
19.81 0.510071951942
19.88 0.411341166098
19.95 0.377084329033
20.02 0.800678494859
20.09 0.258894361034
20.16 0.223622215214
20.23 0.34303431934
20.3 0.558488606918
20.37 0.678556670753
20.44 0.46768534581
20.51 0.325868013253
20.58 0.258570977349
20.65 0.792572286891
20.72 0.434400475512
20.79 0.211653427138
20.86 0.547557384671
20.93 0.527126725269
21.0 0.639050030484
21.07 0.615817307024
21.14 0.380371841445
21.21 0.422126572908
21.28 0.483085753377
21.35 0.772190512303
21.42 0.630411310894
21.49 0.56930442401
21.56 0.535758640019
21.63 0.559513323892
21.7 0.759958065376
21.77 0.764158846603
21.84 0.55870220179
21.91 0.313226052948
21.98 0.501491453621
22.05 0.921386311763
22.12 0.279491157626
22.19 0.158569231826
22.26 0.482097818018
22.33 0.579868537837
22.4 0.593321098051
22.47 0.429666958617
22.54 0.337132870496
22.61 0.303513076348
22.68 0.638253658136
22.75 0.907523691473
22.82 0.393268363363
22.89 0.226762118065
22.96 0.248364802356
23.03 0.552718755283
23.1 0.80962926918
23.17 0.636951122431
23.24 0.463035968442
23.31 0.432973145687
23.38 0.916736355607
23.45 0.507841932114
23.52 0.182004795907
23.59 0.445677963982
23.66 0.577136498352
23.73 0.510542051918
23.8 0.366122930471
23.87 0.313105047205
23.94 0.596152770722
24.01 0.493626894813
24.08 0.864367190785
24.15 0.320749022511
24.22 0.183228771086
24.29 0.21778769046
24.36 0.594367444302
24.43 0.733136883183
24.5 0.575462914153
24.57 0.385348051303
24.64 0.361196686571
24.71 0.621585429297
24.78 0.839865300021
24.85 0.329059733366
24.92 0.379152238681
24.99 0.622917700809
25.06 0.81244297084
25.13 0.575183808903
25.2 0.319150502189
25.27 0.182275387959
25.34 0.298071962185
25.41 0.711997897777
25.48 0.783450489525
25.55 0.340539402569
25.62 0.269670212594
25.69 0.510803432375
25.76 0.69225791135
25.83 0.800989636482
25.9 0.603867311465
25.97 0.405001979801
26.04 0.406187328479
26.11 0.954203441579
26.18 0.606724097809
26.25 0.342744182114
26.32 0.32934572339
26.39 0.456599647899
26.46 0.439251413984
26.53 0.419874531138
26.6 0.324835623256
26.67 0.595336228903
26.74 0.791121487571
26.81 0.800278637669
26.88 0.33871286494
26.95 0.201299970485
27.02 0.269521354438
27.09 0.460693056986
27.16 0.71042701399
27.23 0.641332773097
27.3 0.509698145454
27.37 0.431551550063
27.44 0.79825369368
27.51 0.589999157683
27.58 0.302533930162
27.65 0.269084457745
27.72 0.299093533751
27.79 0.48743228936
27.86 0.271037972201
27.93 0.216903744366
28.0 0.22012609239
28.07 0.204947662199
28.14 0.728393025707
28.21 0.209484461838
28.28 0.1182654613
28.35 0.234731610169
28.42 0.433299828812
28.49 0.747343676842
28.56 0.604667792506
28.63 0.404551770406
28.7 0.244005695242
28.77 0.515560856941
28.84 0.746057516398
28.91 0.213199320944
28.98 0.193162980573
29.05 0.479795139316
29.12 0.557531468671
29.19 0.383872142394
29.26 0.24657396695
29.33 0.262825449314
29.4 0.559097925782
29.47 0.782567460623
29.54 0.558382053366
29.61 0.347976381884
29.68 0.107420015757
29.75 0.407950490594
29.82 0.712021611741
29.89 0.671754279174
29.96 0.494284732665
30.03 0.263743270831
30.1 0.231954407732
30.17 0.842239473604
30.24 0.436915711703
30.31 0.180387446895
30.38 0.343023353879
30.45 0.558639747551
30.52 0.534489233497
30.59 0.450232617941
30.66 0.435370944549
30.73 0.354443961054
30.8 0.331099441695
30.87 0.887072802503
30.94 0.241587467271
31.01 0.222148525186
31.08 0.397701708766
31.15 0.688893127265
31.22 0.693047419345
31.29 0.533094774386
31.36 0.34419843024
31.43 0.273948217651
31.5 0.743854588157
31.57 0.612942162254
31.64 0.167648306833
31.71 0.173603400322
31.78 0.566043733045
31.85 0.713232539689
31.92 0.619187042896
31.99 0.320171613409
32.06 0.426887723421
32.13 0.599124810522
32.2 0.773453221923
32.27 0.682269927107
32.34 0.580325531069
32.41 0.61156735684
32.48 0.572479814955
32.55 0.724103254688
32.62 0.802376252201
32.69 0.66053112616
32.76 0.39992414659
32.83 0.619283201022
32.9 0.836095308458
32.97 0.280181522536
33.04 0.25360695821
33.11 0.599987920838
33.18 0.616613892917
33.25 0.577937461911
33.32 0.478252471434
33.39 0.362324777264
33.46 0.307451614187
33.53 0.816775678929
33.6 0.625853131113
33.67 0.263824102166
33.74 0.263304636024
33.81 0.350229122635
33.88 0.70265445152
33.95 0.782954111883
34.02 0.543116757745
34.09 0.390302537364
34.16 0.510787209979
34.23 0.735789426862
34.3 0.204318319144
34.37 0.184924658453
34.44 0.651606365784
34.51 0.595994306555
34.58 0.401653550556
34.65 0.268067471556
34.72 0.271222221598
34.79 0.204577710018
34.86 0.702311486488
34.93 0.531470518428
35.0 0.27757062649
35.07 0.363188032278
35.14 0.454840160387
35.21 0.684000069144
35.28 0.632246074077
35.35 0.438611602571
35.42 0.328617239585
35.49 0.45933976124
35.56 0.852118253073
35.63 0.251685704757
35.7 0.270207181816
35.77 0.492019171648
35.84 0.783203369303
35.91 0.672535373158
35.98 0.393908438498
36.05 0.208464042014
36.12 0.340637145943
36.19 0.498791260302
36.26 0.78312224624
36.33 0.313372720229
36.4 0.280389289855
36.47 0.456356103091
36.54 0.689962682207
36.61 0.795883864506
36.68 0.742323842604
36.75 0.691358465179
36.82 0.860590536745
36.89 0.746237954664
36.96 0.390678505554
37.03 0.167684926831
37.1 0.0852177265507
37.17 0.0613006378528
37.24 0.614281833732
37.31 0.620557117653
37.38 0.29758549045
37.45 0.0858444749797
37.52 0.07361346452
37.59 0.419328475764
37.66 0.292724196227
37.73 0.129435856522
37.8 0.0848132460593
37.87 0.403656805172
37.94 0.82024598735
38.01 0.786818290075
38.08 0.75943214155
38.15 0.702245354146
38.22 0.626358845209
38.29 0.68879512542
38.36 0.356513093041
38.43 0.296414442265
38.5 0.341067008497
38.57 0.445413603235
38.64 0.833551576887
38.71 0.568847471036
38.78 0.476760518667
38.85 0.416749670935
38.92 0.608802864396
38.99 0.736602170387
39.06 0.581411254145
39.13 0.508105688985
39.2 0.662141354099
39.27 0.812220220385
39.34 0.815915411791
39.41 0.770985546686
39.48 0.666003777257
39.55 0.660461058995
39.62 0.692688340439
39.69 0.704173455616
39.76 0.479857418518
39.83 0.27183248566
39.9 0.444842035105
39.97 0.789837537256
40.04 0.523394641391
40.11 0.359356918506
40.18 0.301601686209
40.25 0.492196490761
40.32 0.718179942601
40.39 0.412473395241
40.46 0.288933055572
40.53 0.271599577829
40.6 0.598279275051
40.67 0.736207447021
40.74 0.613540190089
40.81 0.508106497071
40.88 0.463394854807
40.95 0.689728399755
41.02 0.418622168517
41.09 0.245341656526
41.16 0.217879940018
41.23 0.404971415488
41.3 0.779593833241
41.37 0.563975500745
41.44 0.373930768074
41.51 0.325059973546
41.58 0.441594677847
41.65 0.929181169232
41.72 0.683017841146
41.79 0.283844713745
41.86 0.144620513932
41.93 0.528150824364
42.0 0.79247540528
42.07 0.735923581358
42.14 0.700866360688
42.21 0.640127663367
42.28 0.741387599647
42.35 0.599096486094
42.42 0.419090202477
42.49 0.353380399949
42.56 0.32673088902
42.63 0.576831992952
42.7 0.675115808162
42.77 0.417825940283
42.84 0.336659904004
42.91 0.436278913837
42.98 0.760154217848
43.05 0.199112664263
43.12 0.159532116525
43.19 0.572465874454
43.26 0.642674463331
43.33 0.700225544565
43.4 0.768716078268
43.47 0.686178775232
43.54 0.570025614622
43.61 0.622578714942
43.68 0.690307259327
43.75 0.457401659927
43.82 0.309365151442
43.89 0.444320522785
43.96 0.46568699397
44.03 0.661801094549
44.1 0.370234218383
44.17 0.325563457092
44.24 0.276393869778
44.31 0.720056144541
44.38 0.324699130271
44.45 0.0923191588859
44.52 0.0516302149927
44.59 0.0516499888814
44.66 0.728371327582
44.73 0.785784047024
44.8 0.653628287474
44.87 0.575164449851
44.94 0.488670472263
45.01 0.705171537848
45.08 0.428198365072
45.15 0.258641319906
45.22 0.193508092139
45.29 0.258264596724
45.36 0.71352007237
45.43 0.574328676756
45.5 0.357589197271
45.57 0.250799465683
45.64 0.372952570003
45.71 0.838356037881
45.78 0.569825918826
45.85 0.485188974333
45.92 0.587009106029
45.99 0.736504985379
46.06 0.777723472856
46.13 0.738455906959
46.2 0.660306896062
46.27 0.653514428477
46.34 0.790096145132
46.41 0.742747396254
46.48 0.503177817828
46.55 0.220727126186
46.62 0.180007916709
46.69 0.706044693517
46.76 0.615906667311
46.83 0.380723847704
46.9 0.280729277515
46.97 0.3701556246
47.04 0.835102817479
47.11 0.302631136174
47.18 0.184225608225
47.25 0.139875208903
47.32 0.441017964807
47.39 0.75016609766
47.46 0.518801754763
47.53 0.34332708795
47.6 0.34779341959
47.67 0.674469017455
47.74 0.785387493942
47.81 0.22206209443
47.88 0.279490740455
47.95 0.59990919111
48.02 0.638549904724
48.09 0.558396808954
48.16 0.330357744374
48.23 0.268098936142
48.3 0.24080948719
48.37 0.930484585372
48.44 0.884889272405
48.51 0.457802242936
48.58 0.153914806401
48.65 0.265736130021
48.72 0.749081249767
48.79 0.73631919566
48.86 0.647747963218
48.93 0.621372483227
49.0 0.661482052356
49.07 0.638589182361
49.14 0.323396702506
49.21 0.308190405316
49.28 0.434925048639
49.35 0.606625272124
49.42 0.656980999866
49.49 0.385775881681
49.56 0.443650843121
49.63 0.577303339189
49.7 0.748210677639
49.77 0.500246597155
49.84 0.387844445967
49.91 0.377313228525
49.98 0.608612574485
50.05 0.488076788838
50.12 0.16109494921
50.19 0.132565145734
50.26 0.81304585244
50.33 0.747954784581
50.4 0.696110970048
50.47 0.656837252196
50.54 0.50447548168
50.61 0.274557030659
50.68 0.586152840229
50.75 0.808376005704
50.82 0.635179750515
50.89 0.264641772972
50.96 0.116039905489
51.03 0.632265829879
51.1 0.794356275448
51.17 0.546671305464
51.24 0.402724924129
51.31 0.335813755904
51.38 0.612963192323
51.45 0.73525642047
51.52 0.628418848453
51.59 0.519961780891
51.66 0.435916047139
51.73 0.785437071902
51.8 0.383701946105
51.87 0.3058667193
51.94 0.278129231407
52.01 0.325705865149
52.08 0.495040885095
52.15 0.351695227158
52.22 0.231352573434
52.29 0.227182323847
52.36 0.304635434008
52.43 0.971247032399
52.5 0.375367540541
52.57 0.15221670132
52.64 0.374403760238
52.71 0.501198270757
52.78 0.717488610904
52.85 0.528237470415
52.92 0.304385590799
52.99 0.224240161634
53.06 0.742895685541
53.13 0.729631114673
53.2 0.213333366917
53.27 0.26210264428
53.34 0.690105069842
53.41 0.621786279168
53.48 0.32487496449
53.55 0.271509826627
53.62 0.421508962559
53.69 0.645945888709
53.76 0.872236313381
53.83 0.514290474299
53.9 0.387709255255
53.97 0.223534113441
54.04 0.330467886176
54.11 0.723525165276
54.18 0.650021775462
54.25 0.385319867487
54.32 0.212118210084
54.39 0.620436220433
54.46 0.466509907707
54.53 0.200523220911
54.6 0.117559103292
54.67 0.577480378243
54.74 0.686595618561
54.81 0.572152536705
54.88 0.515820268819
54.95 0.455393969883
55.02 0.404543443329
55.09 0.436231802143
55.16 0.335091816135
55.23 0.287213338717
55.3 0.334276279609
55.37 0.549365831681
55.44 0.709181117807
55.51 0.564450399642
55.58 0.358313506452
55.65 0.251334557928
55.72 0.636685272122
55.79 0.76748313713
55.86 0.261495829607
55.93 0.196230944534
56.0 0.662155169157
56.07 0.706248244787
56.14 0.666663004317
56.21 0.436822637722
56.28 0.326241575273
56.35 0.636949307885
56.42 0.816753212393
56.49 0.673531224841
56.56 0.589238299685
56.63 0.601476029217
56.7 0.58438075533
56.77 0.737241326579
56.84 0.748788498661
56.91 0.666591114437
56.98 0.501633057092
57.05 0.387259290327
57.12 0.895974976151
57.19 0.417423755105
57.26 0.190077107448
57.33 0.385129379201
57.4 0.620823183258
57.47 0.608545415845
57.54 0.447757936572
57.61 0.340137523122
57.68 0.296173035238
57.75 0.582631892542
57.82 0.819611438122
57.89 0.296399495303
57.96 0.197822865974
58.03 0.263599106574
58.1 0.590260111051
58.17 0.742355350948
58.24 0.696342465917
58.31 0.462033377849
58.38 0.348030048117
58.45 0.929944319627
58.52 0.264773163055
58.59 0.11960904718
58.66 0.578075571651
58.73 0.666568447193
58.8 0.587708642276
58.87 0.382497506765
58.94 0.361281098572
59.01 0.679215209336
59.08 0.803313425186
59.15 0.586953254173
59.22 0.246906711593
59.29 0.186662276888
59.36 0.455062523427
59.43 0.632019999093
59.5 0.664781302725
59.57 0.317565760752
59.64 0.0865134889214
59.71 0.276417656673
59.78 0.104395281177
59.85 0.0605912855515
59.92 0.0496660653114
59.99 0.0864672220711
60.06 0.0673867287595
60.13 0.038596074604
60.2 0.0439790929405
60.27 0.139306871949
60.34 0.264209735296
60.41 0.0822288715645
60.48 0.0523325780812
60.55 0.0521179574943
60.62 0.0836453281132
60.69 0.0540176866923
60.76 0.048431395394
60.83 0.0354278951684
60.9 0.26568611622
60.97 0.137191341834
61.04 0.0556706381563
61.11 0.0505665902919
61.18 0.0654803108282
61.25 0.0795754853754
61.32 0.0534255768466
61.39 0.0336872229277
61.46 0.0395613660569
61.53 0.397421057359
61.6 0.143030540649
61.67 0.072798598968
61.74 0.063193358584
61.81 0.395001639139
61.88 0.835562666143
61.95 0.755363537488
62.02 0.598613068748
62.09 0.660754846318
62.16 0.715047798541
62.23 0.501708282003
62.3 0.376923622063
62.37 0.355239307687
62.44 0.656311023806
62.51 0.775474775452
62.58 0.571801936574
62.65 0.490173874176
62.72 0.551235254452
62.79 0.628557947733
62.86 0.36758973164
62.93 0.309861865154
63.0 0.358729033506
63.07 0.750409154699
63.14 0.699933579373
63.21 0.612858139418
63.28 0.418444872742
63.35 0.803303778917
63.42 0.552797599952
63.49 0.358253223252
63.56 0.590099608291
63.63 0.805308832909
63.7 0.762455712719
63.77 0.621185342808
63.84 0.536048913773
63.91 0.494581058603
63.98 0.860890390254
64.05 0.560215118695
64.12 0.315391546687
64.19 0.482910668315
64.26 0.624680213537
64.33 0.742506721464
64.4 0.570668146104
64.47 0.485846581721
64.54 0.672042560429
64.61 0.67721848242
64.68 0.334827652012
64.75 0.338204158884
64.82 0.425592576012
64.89 0.738252698177
64.96 0.661840619571
65.03 0.586396869888
65.1 0.435208378107
65.17 0.717337788254
65.24 0.467933228026
65.31 0.207878891041
65.38 0.220857940399
65.45 0.283997023623
65.52 0.805064324234
65.59 0.494935528794
65.66 0.433760302357
65.73 0.299030543317
65.8 0.790523444567
65.87 0.385565335947
65.94 0.186447676138
66.01 0.552915025613
66.08 0.706191021811
66.15 0.71485628629
66.22 0.422459282545
66.29 0.578141957212
66.36 0.668865361939
66.43 0.933790329016
66.5 0.697454769473
66.57 0.5404155673
66.64 0.64968134846
66.71 0.579272189187
66.78 0.734269423308
66.85 0.604925825096
66.92 0.549829248757
66.99 0.592476452349
67.06 0.565625229785
67.13 0.384443484143
67.2 0.307154343051
67.27 0.502743360562
67.34 0.716739695656
67.41 0.842658574905
67.48 0.795264971138
67.55 0.647048223929
67.62 0.825939714385
67.69 0.84709204575
67.76 0.374142285844
67.83 0.297053027255
67.9 0.272488716676
67.97 0.529650095412
68.04 0.526818693464
68.11 0.529115402834
68.18 0.347102429799
68.25 0.822081220216
68.32 0.613579528989
68.39 0.249586827627
68.46 0.410725133995
68.53 0.599266883091
68.6 0.664197338501
68.67 0.574268025979
68.74 0.435689552067
68.81 0.617333306907
68.88 0.843761066491
68.95 0.56060939455
69.02 0.34315370016
69.09 0.38125658804
69.16 0.560431156495
69.23 0.842513519128
69.3 0.457008997326
69.37 0.300727662942
69.44 0.264208855445
69.51 0.220186097282
69.58 0.0967166095256
69.65 0.0618436236668
69.72 0.0455378886976
69.79 0.171985598548
69.86 0.215394093062
69.93 0.0930372268447
70.0 0.0822882154019
70.07 0.134634984287
70.14 0.0926759903209
70.21 0.0436756179229
70.28 0.0390974361227
70.35 0.0501032169742
70.42 0.148038776377
70.49 0.111752968897
70.56 0.0651306553117
70.63 0.0423474615221
70.7 0.133531039313
70.77 0.0792057951657
70.84 0.0402699721187
70.91 0.0350015811905
70.98 0.111440110165
71.05 0.192974253156
71.12 0.0924677778252
71.19 0.0962674871073
71.26 0.0431082489222
71.33 0.162175693078
71.4 0.0640198780752
71.47 0.0427220230015
71.54 0.0475188518147
71.61 0.507291553336
71.68 0.708650982599
71.75 0.617442816245
71.82 0.534811777589
71.89 0.483039667398
71.96 0.751694757943
72.03 0.445726170238
72.1 0.401187774569
72.17 0.484241327156
72.24 0.565100665993
72.31 0.733218461924
72.38 0.572496263731
72.45 0.460881347978
72.52 0.434110714031
72.59 0.709606059497
72.66 0.369399199113
72.73 0.391894228339
72.8 0.341250585754
72.87 0.505244506888
72.94 0.70391937477
73.01 0.4777487265
73.08 0.450297707648
73.15 0.557863317711
73.22 0.689773953622
73.29 0.439010701269
73.36 0.321739183169
73.43 0.486972209649
73.5 0.748909496236
73.57 0.621396966768
73.64 0.523746608558
73.71 0.451177718918
73.78 0.711348406255
73.85 0.662257591844
73.92 0.407994014036
73.99 0.340042966581
74.06 0.534569093379
74.13 0.702298477181
74.2 0.680400725465
74.27 0.573356636474
74.34 0.471555602441
74.41 0.812945302061
74.48 0.476756253025
74.55 0.381852025332
74.62 0.378588411255
74.69 0.437228148013
74.76 0.748065384396
74.83 0.589028206129
74.9 0.480505200516
74.97 0.377811286519
75.04 0.812638660631
75.11 0.313650565215
75.18 0.245025745156
75.25 0.225192576809
75.32 0.39020662954
75.39 0.691771173559
75.46 0.467690444044
75.53 0.332720998588
75.6 0.277368829087
75.67 0.769770808191
75.74 0.245637179046
75.81 0.190946416395
75.88 0.463035600865
75.95 0.710690755108
76.02 0.470643380346
76.09 0.456670023712
76.16 0.477349241554
76.23 0.667289294733
76.3 0.783201901912
76.37 0.61879987061
76.44 0.493883602959
76.51 0.584872341636
76.58 0.595191059935
76.65 0.588694150461
76.72 0.552756188618
76.79 0.438822910298
76.86 0.707102033236
76.93 0.610680155648
77.0 0.283034697875
77.07 0.269374265903
77.14 0.454921814977
77.21 0.76213823302
77.28 0.831377083931
77.35 0.703365752563
77.42 0.583135355667
77.49 0.734090550453
77.56 0.679277229484
77.63 0.269412250603
77.7 0.236912207819
77.77 0.219771278543
77.84 0.543572339015
77.91 0.487387330617
77.98 0.44221672946
78.05 0.322669374525
78.12 0.901752123896
78.19 0.333039562347
78.26 0.142810030663
78.33 0.354076653092
78.4 0.563810024611
78.47 0.767722610001
78.54 0.506002829772
78.61 0.372061800397
78.68 0.486379015159
78.75 0.736907747594
78.82 0.336771628138
78.89 0.208845546029
78.96 0.320320606343
79.03 0.610074850957
79.1 0.716494592439
79.17 0.552424166876
79.24 0.245568624197
79.31 0.236486035621
79.38 0.268821880621
79.45 0.0908240455408
79.52 0.0639386709951
79.59 0.0519197460084
79.66 0.0639161752868
79.73 0.045116908086
79.8 0.0405336665601
79.87 0.0306903092547
79.94 0.285940059802
80.01 0.182984382602
80.08 0.0658461443974
80.15 0.0427465736399
80.22 0.0686974532618
80.29 0.0589643719539
80.36 0.050316018347
80.43 0.538502457718
80.5 0.90658553945
80.57 0.872190363931
80.64 0.800399979483
80.71 0.693878874285
80.78 0.591455958426
80.85 0.366252933097
80.92 0.753665900338
80.99 0.669335457247
81.06 0.338047175527
81.13 0.0953651732523
81.2 0.612752580658
81.27 0.949366733586
81.34 0.828195625632
81.41 0.371178417921
81.48 0.204132296043
81.55 0.776629550481
81.62 0.756615400671
81.69 0.557316247125
81.76 0.398113635316
81.83 0.708119735325
81.9 0.894074567227
81.97 0.540733645624
82.04 0.186926216381
82.11 0.317977890928
82.18 0.730344251266
82.25 0.690813917454
82.32 0.573888684832
82.39 0.539037680658
82.46 0.657714459963
82.53 0.716539704047
82.6 0.597029507057
82.67 0.606167232173
82.74 0.826831660237
82.81 0.735419006166
82.88 0.60365188921
82.95 0.521729818942
83.02 0.647861570746
83.09 0.815068829601
83.16 0.671896452098
83.23 0.374586868979
83.3 0.174125628541
83.37 0.642051333492
83.44 0.740824917544
83.51 0.688410130007
83.58 0.478378228839
83.65 0.4143540647
83.72 0.63172822119
83.79 0.445412151014
83.86 0.219611690642
83.93 0.103546011008
84.0 0.759514981722
84.07 0.807502434032
84.14 0.733894471497
84.21 0.70723401786
84.28 0.756317274773
84.35 0.496131991715
84.42 0.173500512037
84.49 0.175085635638
84.56 0.420917285637
84.63 0.710437738485
84.7 0.747717954762
84.77 0.619066013814
84.84 0.421762875953
84.91 0.474603796597
84.98 0.768775751175
85.05 0.493940912287
85.12 0.215432102267
85.19 0.125394351632
85.26 0.718945499166
85.33 0.709232936235
85.4 0.583735534118
85.47 0.470714272517
85.54 0.438898681323
85.61 0.522342040497
85.68 0.415995239116
85.75 0.23317874932
85.82 0.211644294893
85.89 0.623203208316
85.96 0.695902908667
86.03 0.620988764414
86.1 0.508597813237
86.17 0.440946584284
86.24 0.239558823008
86.31 0.160467915472
86.38 0.327381103444
86.45 0.472963041686
86.52 0.640473071911
86.59 0.567978848816
86.66 0.401506969627
86.73 0.35731982114
86.8 0.499666648271
86.87 0.484338550672
86.94 0.427829482948
87.01 0.437261602765
87.08 0.542952368005
87.15 0.654903341261
87.22 0.563983792814
87.29 0.535092225371
87.36 0.52737981074
87.43 0.522154891327
87.5 0.446678217253
87.57 0.159657546611
87.64 0.101098940501
87.71 0.653296729579
87.78 0.689766185497
87.85 0.555133372831
87.92 0.38076145024
87.99 0.409207171368
88.06 0.83739848188
88.13 0.666896049843
88.2 0.291220838073
88.27 0.131085450783
88.34 0.504204765352
88.41 0.657860246226
88.48 0.55959961812
88.55 0.433881087554
88.62 0.667524703838
88.69 0.78805274353
88.76 0.59461768251
88.83 0.418309937
88.9 0.848696468891
88.97 0.726035372081
89.04 0.597725812127
89.11 0.445765807284
89.18 0.500191831109
89.25 0.70885396675
89.32 0.618731277254
89.39 0.363163859135
89.46 0.146421424447
89.53 0.350339375877
89.6 0.709827980279
89.67 0.577905760442
89.74 0.366369990597
89.81 0.302687516057
89.88 0.41270377496
89.95 0.429340832108
90.02 0.235006854111
90.09 0.108865692921
90.16 0.633842108879
90.23 0.817657742212
90.3 0.715800566929
90.37 0.645940971346
90.44 0.621198628089
90.51 0.498092853041
90.58 0.171986579337
90.65 0.109873562036
90.72 0.409996861401
90.79 0.647775243844
90.86 0.708862505621
90.93 0.607141221196
91.0 0.419260344505
91.07 0.52042729549
91.14 0.740069722565
91.21 0.458936502504
91.28 0.124307281941
91.35 0.131368398088
91.42 0.653592649432
91.49 0.677167392727
91.56 0.5302830979
91.63 0.472397197838
91.7 0.52302386362
91.77 0.564940474798
91.84 0.430008099768
91.91 0.217037913448
91.98 0.202107227778
92.05 0.567510731422
92.12 0.663133276792
92.19 0.593986086733
92.26 0.462329791889
92.33 0.42909933873
92.4 0.3416478454
92.47 0.238829948287
92.54 0.218072455228
92.61 0.331453186651
92.68 0.3757119823
92.75 0.227404590035
92.82 0.294770703563
92.89 0.630077587212
92.96 0.728396556196
93.03 0.720914971127
93.1 0.696142399626
93.17 0.611712557314
93.24 0.49481558669
93.31 0.657275341472
93.38 0.596113292959
93.45 0.357635740679
93.52 0.163474676706
93.59 0.60315485343
93.66 0.670738379379
93.73 0.532431347614
93.8 0.459463394866
93.87 0.346437952807
93.94 0.677364000293
94.01 0.587622499747
94.08 0.517574822632
94.15 0.536675266619
94.22 0.656494976224
94.29 0.469249602127
94.36 0.434071284695
94.43 0.424113214797
94.5 0.52422008499
94.57 0.660240357635
94.64 0.543854543581
94.71 0.425980967719
94.78 0.464165102938
94.85 0.708859660109
94.92 0.400426321446
94.99 0.397272755236
95.06 0.345653855194
95.13 0.516526172315
95.2 0.672702232082
95.27 0.497704037162
95.34 0.412007441883
95.41 0.394041361903
95.48 0.69363449397
95.55 0.462062438015
95.62 0.604346751978
95.69 0.736248804094
95.76 0.632822792952
95.83 0.582959666145
95.9 0.37319398053
95.97 0.731669874303
96.04 0.681678763043
96.11 0.807342859549
96.18 0.664555630325
96.25 0.740221052238
96.32 0.54530385684
96.39 0.640366016004
96.46 0.634645098195
96.53 0.545893611276
96.6 0.53366183824
96.67 0.702934835705
96.74 0.445421065046
96.81 0.426023321917
96.88 0.398001758317
96.95 0.480318148782
97.02 0.675986976581
97.09 0.526427910757
97.16 0.47883676181
97.23 0.408627591811
97.3 0.724940501007
97.37 0.395576227234
97.44 0.425646997236
97.51 0.403985520472
97.58 0.482878912585
97.65 0.582443362916
97.72 0.391673786617
97.79 0.206186894738
97.86 0.517841851521
97.93 0.446803699849
98.0 0.181344375681
98.07 0.331979800705
98.14 0.810358762363
98.21 0.681432887915
98.28 0.388427066493
98.35 0.3108566672
98.42 0.696155180218
98.49 0.793063729083
98.56 0.809085904703
98.63 0.757893371734
98.7 0.694200420085
98.77 0.697951358326
98.84 0.692818036168
98.91 0.644519645278
98.98 0.545670431397
99.05 0.496323285753
99.12 0.696618541283
99.19 0.38024092046
99.26 0.359813815468
99.33 0.72329559306
99.4 0.741891456021
99.47 0.677326650976
99.54 0.663602838822
99.61 0.612284869349
99.68 0.524954632065
99.75 0.791672368704
99.82 0.519329486718
99.89 0.557116904903
99.96 0.490872926738
100.03 0.546094236517
100.1 0.608485057962
100.17 0.494404135073
100.24 0.557051366519
100.31 0.47095459315
100.38 0.740706593946
100.45 0.407273123904
100.52 0.261907551947
100.59 0.442121068438
100.66 0.596786556791
100.73 0.567528762529
100.8 0.328738604153
100.87 0.428886202454
100.94 0.560244980528
101.01 0.700126512337
101.08 0.487376701809
101.15 0.39434039449
101.22 0.323800265222
101.29 0.768769506451
101.36 0.511520552219
101.43 0.396118926572
101.5 0.341314870292
101.57 0.274726613736
101.64 0.155503714294
101.71 0.0733894643033
101.78 0.05743174184
101.85 0.0652109154435
101.92 0.0610980487007
101.99 0.0422994238845
102.06 0.0410409793244
102.13 0.0874347405734
102.2 0.144256092908
102.27 0.0478183587517
102.34 0.0326026043329
102.41 0.0387926389951
102.48 0.0475778152391
102.55 0.0395038933612
102.62 0.0377027605494
102.69 0.0316762392773
102.76 0.110294646502
102.83 0.0938908204191
102.9 0.0362665417811
102.97 0.0412405047519
103.04 0.0356783883468
103.11 0.0465089721127
103.18 0.0369262396897
103.25 0.0347417859819
103.32 0.0393998346649
103.39 0.142396144286
103.46 0.0593790436617
103.53 0.0374491476347
103.6 0.0370151349622
103.67 0.475484307305
103.74 0.730326991487
103.81 0.394440697484
103.88 0.125262933543
103.95 0.15327595944
104.02 0.115037873263
104.09 0.0499171804533
104.16 0.0403405830643
104.23 0.0446689304073
104.3 0.0567276155491
104.37 0.0377100910837
104.44 0.0296740354645
104.51 0.0292143227463
104.58 0.136420988682
104.65 0.0570808890729
104.72 0.0384294222236
104.79 0.0358779452809
104.86 0.0476120314005
104.93 0.0385013494446
105.0 0.0308638516606
105.07 0.0307889820737
105.14 0.107721324987
105.21 0.0656207643085
105.28 0.0427699089407
105.35 0.383047209318
105.42 0.747502733216
105.49 0.736561108542
105.56 0.614797699953
105.63 0.475246909785
105.7 0.367161152688
105.77 0.514645815005
105.84 0.709838836634
105.91 0.614453500912
105.98 0.225020671579
106.05 0.260204928003
106.12 0.724855665418
106.19 0.419435944758
106.26 0.152124615129
106.33 0.131207148505
106.4 0.0975536708898
106.47 0.0524925563147
106.54 0.0424805757164
106.61 0.0457708892981
106.68 0.103737671456
106.75 0.0348880886031
106.82 0.0289125187452
106.89 0.0683581604976
106.96 0.111474623306
107.03 0.0585445039919
107.1 0.0277789068127
107.17 0.0279356865435
107.24 0.0522731408909
107.31 0.0411296301291
107.38 0.034627572827
107.45 0.0392262251617
107.52 0.123107264609
107.59 0.0650351920811
107.66 0.038415723273
107.73 0.671213975505
107.8 0.670140229603
107.87 0.566069543947
107.94 0.461710760825
108.01 0.353982653168
108.08 0.27606429038
108.15 0.638019061785
108.22 0.733318353581
108.29 0.33941916927
108.36 0.127305388197
108.43 0.491191608355
108.5 0.630399626031
108.57 0.202670476416
108.64 0.0954959705449
108.71 0.145625969875
108.78 0.0619878486032
108.85 0.0421561103055
108.92 0.0418282229284
108.99 0.0454909357036
109.06 0.0693738059063
109.13 0.0334617220635
109.2 0.0366167031534
109.27 0.110384311936
109.34 0.0854128165499
109.41 0.0567886140662
109.48 0.0329112540168
109.55 0.0428936475893
109.62 0.0501187001315
109.69 0.0419487304007
109.76 0.0331512805879
109.83 0.0806102640387
109.9 0.102694104203
109.97 0.0527229208635
110.04 0.0390540737136
110.11 0.807858603245
110.18 0.811595535054
110.25 0.714211898836
110.32 0.337626748615
110.39 0.198783556881
110.46 0.17936401644
110.53 0.0766503285546
110.6 0.0456612358476
110.67 0.55542092885
110.74 0.700153765542
110.81 0.429109683395
110.88 0.128235868947
110.95 0.0462389839374
111.02 0.117741259251
111.09 0.116172960754
111.16 0.0529802859803
111.23 0.0335128216754
111.3 0.0335940976032
111.37 0.0525307294711
111.44 0.0490189046935
111.51 0.0358109307547
111.58 0.0374525013366
111.65 0.0890557466846
111.72 0.0496780051437
111.79 0.0310025215177
111.86 0.0370163701374
111.93 0.0522019272359
112.0 0.0387347677993
112.07 0.0326279881457
112.14 0.040711773338
112.21 0.100286824191
112.28 0.0523843008235
112.35 0.0330975653452
112.42 0.0360750552028
112.49 0.0457408057516
112.56 0.045115211981
112.63 0.0360613860085
112.7 0.0483594734241
112.77 0.0936663516877
112.84 0.125704004276
112.91 0.04754141287
112.98 0.0368422921194
113.05 0.0424987223478
113.12 0.668277422632
113.19 0.576559551347
113.26 0.314384513081
113.33 0.109656810669
113.4 0.124437283984
113.47 0.0621810995508
113.54 0.0505934747522
113.61 0.0415931930698
113.68 0.0528544579777
113.75 0.0420176032325
113.82 0.0350195201118
113.89 0.0642467098012
113.96 0.099816976268
114.03 0.0821487666318
114.1 0.0434158157128
114.17 0.0396250513863
114.24 0.0408804759809
114.31 0.056539015325
114.38 0.0369242641095
114.45 0.0374636949294
114.52 0.0698616732673
114.59 0.148585162569
114.66 0.0578433941658
114.73 0.0453180245965
114.8 0.721795010404
114.87 0.697506619409
114.94 0.734807393739
115.01 0.704450532775
115.08 0.545385300802
115.15 0.471319283146
115.22 0.606842437161
115.29 0.682087184776
115.36 0.59298803134
115.43 0.201314486856
115.5 0.525479394231
115.57 0.599419131707
115.64 0.300613981899
115.71 0.125537630203
115.78 0.136200268652
115.85 0.0471635986266
115.92 0.0372588373026
115.99 0.0361311106852
116.06 0.0548401704221
116.13 0.041537384389
116.2 0.0323769686905
116.27 0.0439607741897
116.34 0.111286278051
116.41 0.0594548736163
116.48 0.0387404004782
116.55 0.035486135108
116.62 0.0469940027133
116.69 0.0436514179412
116.76 0.0310605963394
116.83 0.0321812310558
116.9 0.120524155046
116.97 0.0885223441264
117.04 0.0462661665434
117.11 0.457584768085
117.18 0.785924847077
117.25 0.648583774237
117.32 0.579039996672
117.39 0.451399610527
117.46 0.247380148351
117.53 0.671246827548
117.6 0.767302589758
117.67 0.563103042889
117.74 0.212953093992
117.81 0.271697262858
117.88 0.620086108071
117.95 0.390469349028
118.02 0.144014091341
118.09 0.115647380583
118.16 0.131383624524
118.23 0.0517318651848
118.3 0.0453844457485
118.37 0.0391202906562
118.44 0.0463100050521
118.51 0.0401528842788
118.58 0.0409616533048
118.65 0.0537511852467
118.72 0.14213038558
118.79 0.059596416408
118.86 0.0340566260774
118.93 0.036504690209
119.0 0.0444577242017
119.07 0.0484760653268
119.14 0.0296497567163
119.21 0.0326843178522
119.28 0.116184395898
119.35 0.070873742094
119.42 0.0423955452528
119.49 0.0781690811807
119.56 0.875270925278
119.63 0.763736770262
119.7 0.551224737084
119.77 0.153579196408
119.84 0.15270787979
119.91 0.118813754225
119.98 0.0636114960172
120.05 0.059456783266
120.12 0.638455062874
120.19 0.675967595358
120.26 0.359984909695
120.33 0.0964910135582
120.4 0.0611754049748
120.47 0.122495683688
120.54 0.0645235389918
120.61 0.0460544031378
120.68 0.0432352444191
120.75 0.0484182110512
120.82 0.0466626501943
120.89 0.0368771489149
120.96 0.0298950419714
121.03 0.115489984724
121.1 0.12081393403
121.17 0.0463497529547
121.24 0.0468082112437
121.31 0.0431817433046
121.38 0.061325591659
121.45 0.036059630391
121.52 0.0944271974332
121.59 0.655830610089
121.66 0.587001284809
121.73 0.587770623332
121.8 0.527463935097
121.87 0.500107286664
121.94 0.433004773057
122.01 0.701093873307
122.08 0.60561522322
122.15 0.360068335073
122.22 0.278141398787
122.29 0.66308715989
122.36 0.562409153908
122.43 0.350918776313
122.5 0.148206869309
122.57 0.533437789013
122.64 0.694562892951
122.71 0.642598268716
122.78 0.489142654591
122.85 0.437586449172
122.92 0.646687269214
122.99 0.586592075411
123.06 0.28436236534
123.13 0.113223520518
123.2 0.576830656839
123.27 0.700913073299
123.34 0.542938140443
123.41 0.312283788148
123.48 0.459032490845
123.55 0.661884277792
123.62 0.56531092175
123.69 0.498411329865
123.76 0.586005761612
123.83 0.696843143626
123.9 0.450393785257
123.97 0.440820321024
124.04 0.664041442705
124.11 0.61021620646
124.18 0.598523870662
124.25 0.337597298118
124.32 0.148510374083
124.39 0.702775590291
124.46 0.715915243931
124.53 0.69763710922
124.6 0.471295885416
124.67 0.46251718261
124.74 0.626493257009
124.81 0.534099062251
124.88 0.276214433888
124.95 0.131401490514
125.02 0.704438640786
125.09 0.72199887674
125.16 0.620843995697
125.23 0.687140061847
125.3 0.625733730456
125.37 0.371867919318
125.44 0.275125280678
125.51 0.372178898739
125.58 0.459803557563
125.65 0.732812233984
125.72 0.56584748897
125.79 0.228820831872
125.86 0.398566189036
125.93 0.645560620822
126.0 0.489143649383
126.07 0.206266710277
126.14 0.126402381197
126.21 0.685088320333
126.28 0.697758698419
126.35 0.480343866915
126.42 0.322538798362
126.49 0.357069616772
126.56 0.363866549542
126.63 0.27970719776
126.7 0.266241240825
126.77 0.322377283307
126.84 0.563538790758
126.91 0.469424474228
126.98 0.349573829815
127.05 0.367618032147
127.12 0.673419598144
127.19 0.43683226357
127.26 0.335371029908
127.33 0.286854282566
127.4 0.419900122661
127.47 0.622302414362
127.54 0.26533044061
127.61 0.371238718042
127.68 0.536157755054
127.75 0.634281536601
127.82 0.2735327822
127.89 0.27147400713
127.96 0.260062348995
128.03 0.568218984493
128.1 0.60749276069
128.17 0.486493330419
128.24 0.367738046599
128.31 0.557963482425
128.38 0.669676557556
128.45 0.3794538869
128.52 0.142523482272
128.59 0.206809128972
128.66 0.701986116137
128.73 0.661315780389
128.8 0.309904787054
128.87 0.239837813901
128.94 0.620613948548
129.01 0.627366537537
129.08 0.402657420667
129.15 0.285046207802
129.22 0.527366009101
129.29 0.683145733414
129.36 0.602222272823
129.43 0.444934298666
129.5 0.489583843766
129.57 0.608822931179
129.64 0.54991927535
129.71 0.602878526594
129.78 0.747509566063
129.85 0.582804401065
129.92 0.334013226969
129.99 0.38852899266
130.06 0.580943269779
130.13 0.603036952837
130.2 0.532052538579
130.27 0.324226556445
130.34 0.132860259252
130.41 0.502066922733
130.48 0.67506154097
130.55 0.63557709593
130.62 0.623314392753
130.69 0.408206991029
130.76 0.689962619777
130.83 0.517907327475
130.9 0.243943437044
130.97 0.0999193242728
131.04 0.593841986073
131.11 0.72306281884
131.18 0.611604632642
131.25 0.644955410651
131.32 0.661044708737
131.39 0.587355820931
131.46 0.222934784501
131.53 0.333769135464
131.6 0.490285850946
131.67 0.66095412086
131.74 0.650095726106
131.81 0.406511697036
131.88 0.280249456005
131.95 0.559974004562
132.02 0.535545533498
132.09 0.270931870827
132.16 0.131168281036
132.23 0.432163703354
132.3 0.706344905268
132.37 0.543977290355
132.44 0.229093254223
132.51 0.148889381493
132.58 0.543461544325
132.65 0.243365615439
132.72 0.10295177155
132.79 0.0628026313045
132.86 0.39751472413
132.93 0.501087929413
133.0 0.383575874802
133.07 0.262313269947
133.14 0.398950208328
133.21 0.815792106066
133.28 0.596242618194
133.35 0.236085894288
133.42 0.195621488558
133.49 0.468136898904
133.56 0.57340583052
133.63 0.301493734698
133.7 0.539349632116
133.77 0.684639100477
133.84 0.659794694524
133.91 0.620584060459
133.98 0.525669274557
134.05 0.421158708417
134.12 0.472123642416
134.19 0.688908682771
134.26 0.563323689987
134.33 0.426765956268
134.4 0.299718812456
134.47 0.709511363511
134.54 0.618673751464
134.61 0.377682712192
134.68 0.233286340256
134.75 0.554206750472
134.82 0.678398568329
134.89 0.572000419367
134.96 0.540275065977
135.03 0.610360996764
135.1 0.582705573047
135.17 0.577913780621
135.24 0.439983434113
135.31 0.443648102047
135.38 0.631955893092
135.45 0.650499844272
135.52 0.589120692569
135.59 0.462223997413
135.66 0.575063459547
135.73 0.629535456743
135.8 0.678640774106
135.87 0.639150554607
135.94 0.362201938887
136.01 0.536617747247
136.08 0.426683855334
136.15 0.399481355831
136.22 0.366156976847
136.29 0.76081813589
136.36 0.491060107415
136.43 0.691590776718
136.5 0.621360028787
136.57 0.505689648973
136.64 0.628279523375
136.71 0.618789210879
136.78 0.536793995719
136.85 0.556011272576
136.92 0.847120389433
136.99 0.518171667802
137.06 0.367366168431
137.13 0.389703881148
137.2 0.53680097618
137.27 0.649601605853
137.34 0.582295000114
137.41 0.501971203366
137.48 0.555088330654
137.55 0.722121376129
137.62 0.419397120465
137.69 0.38830942262
137.76 0.331991561416
137.83 0.610405577428
137.9 0.675943387208
137.97 0.584291697274
138.04 0.550453138838
138.11 0.732739335893
138.18 0.530766256192
138.25 0.567438550981
138.32 0.348637911843
138.39 0.394357135578
138.46 0.562097831998
138.53 0.564625106625
138.6 0.463133477267
138.67 0.40418937689
138.74 0.865785942647
138.81 0.575160113026
138.88 0.653455719439
138.95 0.494299631784
139.02 0.607589043092
139.09 0.612513910621
139.16 0.432524246149
139.23 0.411598312419
139.3 0.617706474512
139.37 0.825062361338
139.44 0.494044434204
139.51 0.408344275763
139.58 0.423380816006
139.65 0.651185704323
139.72 0.644830316636
139.79 0.50138108427
139.86 0.454256271428
139.93 0.63841120161
140.0 0.547514100445
140.07 0.704815848819
140.14 0.563943444536
140.21 0.586161648073
140.28 0.662230412155
140.35 0.630823784141
140.42 0.560048409135
140.49 0.622254440321
140.56 0.676587113024
140.63 0.442206038222
140.7 0.392704540021
140.77 0.339283461616
140.84 0.602811926905
140.91 0.650381003732
140.98 0.450083687437
141.05 0.369273389781
141.12 0.546951047848
141.19 0.625288904603
141.26 0.32366654015
141.33 0.268612571813
141.4 0.54077444608
141.47 0.604737364317
141.54 0.634971068337
141.61 0.546043528403
141.68 0.611990868481
141.75 0.678050398874
141.82 0.552226460662
141.89 0.406757622342
141.96 0.486227341247
142.03 0.59269674704
142.1 0.682498027266
142.17 0.654048768064
142.24 0.618746650721
142.31 0.591709625018
142.38 0.676338149082
142.45 0.610486566296
142.52 0.583473208463
142.59 0.59495200015
142.66 0.572433111096
142.73 0.643702856074
142.8 0.634194329265
142.87 0.572436908808
142.94 0.525327201044
143.01 0.667185128681
143.08 0.564932051452
143.15 0.587259824422
143.22 0.51102120012
143.29 0.567673619348
143.36 0.639925140729
143.43 0.605778118731
143.5 0.589375990504
143.57 0.558557431323
143.64 0.633189341837
143.71 0.695898464487
143.78 0.630646074113
143.85 0.542181798974
143.92 0.698508364575
143.99 0.545511585067
144.06 0.295081702822
144.13 0.259110415754
144.2 0.140757160163
144.27 0.10697792456
144.34 0.0680403593149
144.41 0.0592381636754
144.48 0.0433321388658
144.55 0.0383067746367
144.62 0.0389325609475
144.69 0.0343970746669
144.76 0.0262800471002
144.83 0.0263961074751
144.9 0.0319662014666
144.97 0.0267996806933
145.04 0.0286838730561
145.11 0.0177006240872
145.18 0.0368298826054
145.25 0.0203020313971
145.32 0.022425871085
145.39 0.0192669983472
145.46 0.12552355084
145.53 0.672347080415
145.6 0.728947437329
145.67 0.720229345626
145.74 0.667107600871
145.81 0.601694551371
145.88 0.47732910534
145.95 0.590792717776
146.02 0.734407274577
146.09 0.55498396331
146.16 0.335032269839
146.23 0.429933846893
146.3 0.765398225589
146.37 0.668503851774
146.44 0.39296082983
146.51 0.22185147518
146.58 0.632100557371
146.65 0.686635143
146.72 0.620294125109
146.79 0.57019994936
146.86 0.691973713117
146.93 0.626849632181
147.0 0.667298742044
147.07 0.543686959422
147.14 0.547101078749
147.21 0.688239875956
147.28 0.578548256917
147.35 0.501445651201
147.42 0.441874230024
147.49 0.728662222133
147.56 0.677992861998
147.63 0.769713556625
147.7 0.613453177627
147.77 0.45743548634
147.84 0.547567586973
147.91 0.414209794837
147.98 0.390805141643
148.05 0.38539658021
148.12 0.82807970587
148.19 0.582362374048
148.26 0.773295785221
148.33 0.648429124702
148.4 0.612159569957
148.47 0.586110039104
148.54 0.460577388109
148.61 0.512834516649
148.68 0.75721993345
148.75 0.7436980033
148.82 0.562698636497
148.89 0.40656914406
148.96 0.480695463004
149.03 0.603720449893
149.1 0.665242680042
149.17 0.566453476304
149.24 0.53255469243
149.31 0.789492565719
149.38 0.559321793554
149.45 0.519716954232
149.52 0.383948937384
149.59 0.544039749844
149.66 0.611891492598
149.73 0.567843996508
149.8 0.468612374838
149.87 0.509600874095
149.94 0.858159420244
150.01 0.618637506044
150.08 0.609494798218
150.15 0.347610226248
150.22 0.521159901992
150.29 0.479184196695
150.36 0.485936051697
150.43 0.361177326935
150.5 0.758470741745
150.57 0.759672910277
150.64 0.750785299093
150.71 0.627154549501
150.78 0.608800246432
150.85 0.652638814127
150.92 0.534073127656
150.99 0.418862674689
151.06 0.496587775444
151.13 0.891555277772
151.2 0.678116845698
151.27 0.444166764187
151.34 0.513671248944
151.41 0.536985800281
151.48 0.729337679173
151.55 0.630243137445
151.62 0.564434355784
151.69 0.612190699639
151.76 0.63892469025
151.83 0.721337588332
151.9 0.694572679833
151.97 0.638920439194
152.04 0.690151950488
152.11 0.629317323755
152.18 0.557855816808
152.25 0.587622773971
152.32 0.748070991403
152.39 0.566915180939
152.46 0.469270750637
152.53 0.42980970391
152.6 0.505720751233
152.67 0.697576289241
152.74 0.558407640221
152.81 0.405559844313
152.88 0.449335200444
152.95 0.765929636814
153.02 0.45405032274
153.09 0.226940807131
153.16 0.528060888207
153.23 0.603260562722
153.3 0.559591505172
153.37 0.457940939632
153.44 0.547279013408
153.51 0.700548693117
153.58 0.655962165873
153.65 0.533268773054
153.72 0.482722104265
153.79 0.539174334676
153.86 0.708641794342
153.93 0.671930520062
154.0 0.655669932292
154.07 0.612664969571
154.14 0.695059337107
154.21 0.658595684237
154.28 0.618420451281
154.35 0.587452517002
154.42 0.629490863243
154.49 0.654121298578
154.56 0.646952056467
154.63 0.605420393442
154.7 0.588937448466
154.77 0.672823714508
154.84 0.638390638306
154.91 0.609231316155
154.98 0.596712454448
155.05 0.592930898798
155.12 0.62315085019
155.19 0.625765625631
155.26 0.57008767036
155.33 0.560949772541
155.4 0.610241023154
155.47 0.598750718724
155.54 0.597180480239
155.61 0.514618016854
155.68 0.649935960834
155.75 0.576317551529
155.82 0.29505838094
155.89 0.214536174916
155.96 0.149467074154
156.03 0.11169857918
156.1 0.0685119896942
156.17 0.0510471107819
156.24 0.0517196114535
156.31 0.0434332137709
156.38 0.0454044442676
156.45 0.0465698918633
156.52 0.0296554821647
156.59 0.0313366676214
156.66 0.0326923835404
156.73 0.0224745849475
156.8 0.0239037164825
156.87 0.0334192447563
156.94 0.0216078729607
157.01 0.0186547032767
157.08 0.0
157.15 0.0
157.22 0.0
157.29 0.0
157.36 0.0
157.43 0.0
157.5 0.0
157.57 0.0
157.64 0.0
157.71 0.0
157.78 0.0
157.85 0.0
157.92 0.0
157.99 0.0
158.06 0.0
158.13 0.0
158.2 0.0
158.27 0.0
158.34 0.0
158.41 0.0
158.48 0.0
158.55 0.0
158.62 0.0
158.69 0.0
158.76 0.0
158.83 0.0
158.9 0.0
158.97 0.0
159.04 0.0
159.11 0.0
159.18 0.0
159.25 0.0
159.32 0.0
159.39 0.0
159.46 0.0
159.53 0.0
159.6 0.0
159.67 0.0
159.74 0.0
159.81 0.0
159.88 0.0
159.95 0.0
160.02 0.0
160.09 0.0
160.16 0.0
160.23 0.0
160.3 0.0
160.37 0.0
160.44 0.0
160.51 0.0
160.58 0.0
160.65 0.0
160.72 0.0
160.79 0.0
160.86 0.0
160.93 0.0
161.0 0.0
