0.0 0.0
0.07 0.0
0.14 0.0
0.21 0.0
0.28 0.0
0.35 0.0
0.42 0.0
0.49 0.0
0.56 0.0
0.63 0.0
0.7 0.0
0.77 0.0
0.84 0.0
0.91 0.0
0.98 0.0
1.05 0.0
1.12 0.0
1.19 0.0
1.26 0.0
1.33 0.0
1.4 0.0
1.47 0.0
1.54 0.0
1.61 0.0
1.68 0.0
1.75 0.0
1.82 0.0
1.89 0.0
1.96 0.0
2.03 0.0
2.1 0.0
2.17 0.0
2.24 0.0
2.31 0.0
2.38 0.0
2.45 0.0
2.52 0.0
2.59 0.0
2.66 0.0
2.73 0.0
2.8 0.0
2.87 0.0
2.94 0.0
3.01 0.0
3.08 0.0
3.15 0.0
3.22 0.0
3.29 0.0
3.36 0.0
3.43 0.0
3.5 0.0
3.57 0.0
3.64 0.0
3.71 0.0
3.78 0.0
3.85 0.0
3.92 0.0
3.99 7.68976480777e-05
4.06 8.46641170075e-05
4.13 8.65612373736e-05
4.2 8.8181488349e-05
4.27 8.30255022461e-05
4.34 8.53181503132e-05
4.41 8.58690638968e-05
4.48 8.2420909903e-05
4.55 8.61755978651e-05
4.62 8.54961377787e-05
4.69 0.0597995449507
4.76 0.192868227592
4.83 0.129300264217
4.9 0.193828084328
4.97 0.22687623329
5.04 0.226030845095
5.11 0.124039966159
5.18 0.072159822336
5.25 0.051373041995
5.32 0.0851134562523
5.39 0.0582780925573
5.46 0.17128608766
5.53 0.130264063517
5.6 0.0700645609554
5.67 0.0604354984027
5.74 0.0473302686067
5.81 0.269778031083
5.88 0.198718272991
5.95 0.128308471444
6.02 0.0757581765616
6.09 0.050868776666
6.16 0.147855693396
6.23 0.19319100221
6.3 0.17333940474
6.37 0.113670118362
6.44 0.0745290911818
6.51 0.0543500659929
6.58 0.0441848783547
6.65 0.0331197804408
6.72 0.293214642194
6.79 0.377910330788
6.86 0.116835527966
6.93 0.337943057541
7.0 0.227014564865
7.07 0.118657702896
7.14 0.0631268553436
7.21 0.0562503971963
7.28 0.0528476780346
7.35 0.032886032045
7.42 0.0253090180588
7.49 0.0211736106704
7.56 0.0321060556564
7.63 0.230513296964
7.7 0.377348547256
7.77 0.278423259445
7.84 0.171526550138
7.91 0.141081733428
7.98 0.151198282459
8.05 0.276846188794
8.12 0.113028836587
8.19 0.16773700771
8.26 0.173311561002
8.33 0.286758556538
8.4 0.290196487553
8.47 0.154799850348
8.54 0.122340666147
8.61 0.121188570234
8.68 0.234510933579
8.75 0.444138880461
8.82 0.178096741298
8.89 0.184261123862
8.96 0.149512342808
9.03 0.162442964076
9.1 0.33894453933
9.17 0.219753309119
9.24 0.119754662247
9.31 0.108531933831
9.38 0.170278151706
9.45 0.587353121265
9.52 0.324644886507
9.59 0.146025013209
9.66 0.170726259164
9.73 0.177408130396
9.8 0.253268666701
9.87 0.153820455955
9.94 0.0839401897193
10.01 0.497648914834
10.08 0.420394122193
10.15 0.388137172719
10.22 0.293704747632
10.29 0.135741332534
10.36 0.0863917678797
10.43 0.0806419393116
10.5 0.378311073804
10.57 0.368479587237
10.64 0.201767787328
10.71 0.178412426082
10.78 0.139828183247
10.85 0.148532517573
10.92 0.27720302541
10.99 0.11291008222
11.06 0.185708413399
11.13 0.198179637717
11.2 0.18360249396
11.27 0.314530668264
11.34 0.152901043338
11.41 0.154582263496
11.48 0.162482345921
11.55 0.410943790133
11.62 0.355009792496
11.69 0.19864023255
11.76 0.16968518929
11.83 0.159604116268
11.9 0.165747739278
11.97 0.325135734972
12.04 0.191890645563
12.11 0.114394696858
12.18 0.081573134416
12.25 0.422871922428
12.32 0.491466354947
12.39 0.291541146127
12.46 0.204176333487
12.53 0.142337902567
12.6 0.140243498634
12.67 0.249156458425
12.74 0.121828515691
12.81 0.284231826702
12.88 0.565441756788
12.95 0.384717573
13.02 0.313179960941
13.09 0.232121598765
13.16 0.11084478065
13.23 0.0788264276111
13.3 0.0714468045493
13.37 0.410600257374
13.44 0.330732781077
13.51 0.159188237254
13.58 0.177543187567
13.65 0.128287983109
13.72 0.175732121316
13.79 0.337586401737
13.86 0.117404616048
13.93 0.169134713612
14.0 0.258643964439
14.07 0.230522067791
14.14 0.287297184749
14.21 0.111559643291
14.28 0.139657707983
14.35 0.167314249339
14.42 0.389540916069
14.49 0.231769440676
14.56 0.199492029706
14.63 0.144815731053
14.7 0.182974298501
14.77 0.138483373525
14.84 0.327679339715
14.91 0.15004980845
14.98 0.0859987701433
15.05 0.0915067010324
15.12 0.496459671807
15.19 0.445656941204
15.26 0.275723134502
15.33 0.14336306234
15.4 0.139387271567
15.47 0.264311722422
15.54 0.179432596556
15.61 0.106537941668
15.68 0.200398606037
15.75 0.521765873144
15.82 0.397764631972
15.89 0.306147615439
15.96 0.26355283331
16.03 0.117829853529
16.1 0.0784297020261
16.17 0.160689293131
16.24 0.454002191469
16.31 0.370370646141
16.38 0.12087973373
16.45 0.121620502022
16.52 0.120963106731
16.59 0.220665612125
16.66 0.257493974711
16.73 0.0947721353543
16.8 0.179425615492
16.87 0.212207077076
16.94 0.282386841124
17.01 0.226483381051
17.08 0.113336849546
17.15 0.165826151232
17.22 0.192972305056
17.29 0.485625071899
17.36 0.233534665267
17.43 0.146758078599
17.5 0.167474005803
17.57 0.150919377514
17.64 0.207874552807
17.71 0.312458367266
17.78 0.139148450529
17.85 0.092239763598
17.92 0.0803206436845
17.99 0.560225254947
18.06 0.480530189175
18.13 0.246167314328
18.2 0.147570046116
18.27 0.101720692551
18.34 0.222870356986
18.41 0.109129670831
18.48 0.0965746596203
18.55 0.0708122425073
18.62 0.0406383763981
18.69 0.0362804578384
18.76 0.386150530308
18.83 0.339127908798
18.9 0.101023096107
18.97 0.0579616534453
19.04 0.0355918158589
19.11 0.0852828070879
19.18 0.192303147053
19.25 0.129000438681
19.32 0.0841819164738
19.39 0.0959288758924
19.46 0.0666681010196
19.53 0.434723552602
19.6 0.293226524976
19.67 0.100300382241
19.74 0.105618047355
19.81 0.284975514836
19.88 0.194927827912
19.95 0.358744153159
20.02 0.167355399759
20.09 0.100373114135
20.16 0.0978888512605
20.23 0.141279466201
20.3 0.375091585675
20.37 0.186553324136
20.44 0.0887359263669
20.51 0.087995412342
20.58 0.0807396078144
20.65 0.412678577455
20.72 0.328345820842
20.79 0.233474255474
20.86 0.169674847653
20.93 0.122857174471
21.0 0.360011620265
21.07 0.368899555725
21.14 0.216391392877
21.21 0.199991345289
21.28 0.172956211853
21.35 0.489520662366
21.42 0.530102958587
21.49 0.28809326759
21.56 0.177734949285
21.63 0.140169700228
21.7 0.389489486167
21.77 0.420197729976
21.84 0.14938382597
21.91 0.136467512918
21.98 0.125341636522
22.05 0.238009357731
22.12 0.414862993605
22.19 0.246009312313
22.26 0.153487439995
22.33 0.122344974574
22.4 0.170619083871
22.47 0.450701665365
22.54 0.193290834814
22.61 0.105472236068
22.68 0.146426057108
22.75 0.432993688187
22.82 0.527215805546
22.89 0.208964864468
22.96 0.16165592328
23.03 0.168788806273
23.1 0.132094995148
23.17 0.242687608525
23.24 0.21668628138
23.31 0.10322976634
23.38 0.205615014646
23.45 0.193660870755
23.52 0.363156956838
23.59 0.229497607254
23.66 0.127048037668
23.73 0.17516004135
23.8 0.206148582928
23.87 0.535988208777
23.94 0.227399048868
24.01 0.287916355113
24.08 0.222975926154
24.15 0.185288700592
24.22 0.360230016535
24.29 0.296275835899
24.36 0.181670473924
24.43 0.136236876477
24.5 0.0983094299911
24.57 0.663416157865
24.64 0.38038341718
24.71 0.189238546159
24.78 0.160016387504
24.85 0.127965355401
24.92 0.264442794651
24.99 0.40330789196
25.06 0.248559073162
25.13 0.168974714181
25.2 0.153420813353
25.27 0.0950285248857
25.34 0.0810646199894
25.41 0.0966958281189
25.48 0.0598963263414
25.55 0.0857727613772
25.62 0.109095824961
25.69 0.410454526605
25.76 0.432834479812
25.83 0.304383156476
25.9 0.358219008206
25.97 0.291119417541
26.04 0.238921468623
26.11 0.347872360934
26.18 0.198561810708
26.25 0.0975976157387
26.32 0.0645361770464
26.39 0.056353553646
26.46 0.385412642305
26.53 0.306131872023
26.6 0.13268129151
26.67 0.0733773696077
26.74 0.0533387355637
26.81 0.311154261582
26.88 0.440157077668
26.95 0.325532868798
27.02 0.192898157738
27.09 0.155710937106
27.16 0.316207895004
27.23 0.434569515751
27.3 0.250819345874
27.37 0.223284206095
27.44 0.173533255692
27.51 0.362319438232
27.58 0.470286687052
27.65 0.262783595498
27.72 0.150538656675
27.79 0.177399029021
27.86 0.375346127527
27.93 0.443121430653
28.0 0.305876154889
28.07 0.201104238756
28.14 0.155429520559
28.21 0.168404079304
28.28 0.497835483838
28.35 0.320785300361
28.42 0.128788370854
28.49 0.144354787308
28.56 0.151771428938
28.63 0.604266190883
28.7 0.237704309816
28.77 0.140709040388
28.84 0.117316217019
28.91 0.17071934873
28.98 0.353643354472
29.05 0.212260624463
29.12 0.135782670829
29.19 0.157595096877
29.26 0.149942894487
29.33 0.466989918461
29.4 0.211295038225
29.47 0.142572419416
29.54 0.140613603792
29.61 0.147381657685
29.68 0.589743542367
29.75 0.381532338983
29.82 0.332973605127
29.89 0.125061189018
29.96 0.108154531187
30.03 0.465539228798
30.1 0.502887042152
30.17 0.433151327165
30.24 0.168673454857
30.31 0.114301664505
30.38 0.422787135415
30.45 0.365952029618
30.52 0.318070834714
30.59 0.151241800395
30.66 0.125881533247
30.73 0.106370528918
30.8 0.466178085141
30.87 0.240561411228
30.94 0.129028468882
31.01 0.101864812957
31.08 0.0850920553785
31.15 0.0904156717715
31.22 0.0751175615332
31.29 0.0946381249188
31.36 0.0930679675268
31.43 0.119224729995
31.5 0.114952746892
31.57 0.16412317705
31.64 0.174996797179
31.71 0.245525848915
31.78 0.369454229647
31.85 0.238695475396
31.92 0.150622004249
31.99 0.457432348953
32.06 0.198962791041
32.13 0.253396673591
32.2 0.274580874516
32.27 0.118176554748
32.34 0.146989198148
32.41 0.145797254232
32.48 0.198727483136
32.55 0.1698315077
32.62 0.119775886546
32.69 0.125300690929
32.76 0.333739013383
32.83 0.157740727351
32.9 0.407780701429
32.97 0.164828648734
33.04 0.16468678001
33.11 0.167095961839
33.18 0.2631611055
33.25 0.170900419899
33.32 0.393827580313
33.39 0.290287677877
33.46 0.168213258377
33.53 0.104709079495
33.6 0.135667096222
33.67 0.146647847854
33.74 0.0955408674554
33.81 0.164965288016
33.88 0.286648397835
33.95 0.590299541307
34.02 0.19714559411
34.09 0.400287155089
34.16 0.196990376327
34.23 0.570437151581
34.3 0.384338884891
34.37 0.224551904866
34.44 0.148200716448
34.51 0.197096016125
34.58 0.182006966291
34.65 0.171343279553
34.72 0.290992269511
34.79 0.197623802639
34.86 0.172915531829
34.93 0.378384800168
35.0 0.120508477304
35.07 0.483446842932
35.14 0.639113078345
35.21 0.405751798296
35.28 0.218834352771
35.35 0.0913716593997
35.42 0.143938892756
35.49 0.328562170257
35.56 0.407659039933
35.63 0.153197244145
35.7 0.0913343286477
35.77 0.121627511338
35.84 0.284538764673
35.91 0.586564614191
35.98 0.374105310513
36.05 0.197833141325
36.12 0.431072675123
36.19 0.328969815231
36.26 0.455583957599
36.33 0.337796453786
36.4 0.257015907442
36.47 0.104647529734
36.54 0.0527223451944
36.61 0.60408231288
36.68 0.75625274875
36.75 0.561842566304
36.82 0.477746045673
36.89 0.360914838847
36.96 0.3794479306
37.03 0.486666685624
37.1 0.387718814594
37.17 0.451811411562
37.24 0.418098602313
37.31 0.435234630896
37.38 0.374759853767
37.45 0.373511932793
37.52 0.474683436544
37.59 0.413163200596
37.66 0.363957767648
37.73 0.394689918282
37.8 0.384267114977
37.87 0.376592391523
37.94 0.415483716415
38.01 0.421236906968
38.08 0.486356733166
38.15 0.400294766172
38.22 0.396367119596
38.29 0.358078166442
38.36 0.380894118309
38.43 0.537054473766
38.5 0.430052749029
38.57 0.351791154752
38.64 0.334889322358
38.71 0.36305049632
38.78 0.545146186537
38.85 0.493004186425
38.92 0.404920797421
38.99 0.482972923054
39.06 0.343669518897
39.13 0.471493807931
39.2 0.459201444065
39.27 0.397668823862
39.34 0.508286858369
39.41 0.332525912973
39.48 0.313788810857
39.55 0.254323863978
39.62 0.284925052565
39.69 0.533094376968
39.76 0.48364406152
39.83 0.427775759621
39.9 0.357532449809
39.97 0.389163321311
40.04 0.367046799441
40.11 0.372881506841
40.18 0.360964251558
40.25 0.426850332158
40.32 0.428927464244
40.39 0.341726241861
40.46 0.331876936771
40.53 0.320022300586
40.6 0.470037127437
40.67 0.382327521999
40.74 0.374265945613
40.81 0.458332800254
40.88 0.349666278234
40.95 0.501746237143
41.02 0.455025941468
41.09 0.401417584559
41.16 0.435955704734
41.23 0.351337973238
41.3 0.387952382177
41.37 0.430146097804
41.44 0.371653355189
41.51 0.457430299272
41.58 0.322295572034
41.65 0.427720854726
41.72 0.397177363742
41.79 0.349838416128
41.86 0.533313764883
41.93 0.475813243058
42.0 0.525367093532
42.07 0.50444453277
42.14 0.496889199352
42.21 0.510774090527
42.28 0.489676868969
42.35 0.51059305326
42.42 0.526156460879
42.49 0.567731716679
42.56 0.494259958624
42.63 0.41142710662
42.7 0.400818533842
42.77 0.550428485824
42.84 0.41935349305
42.91 0.414748831597
42.98 0.3670617518
43.05 0.477219454218
43.12 0.666987442457
43.19 0.616905696699
43.26 0.472226070966
43.33 0.486544649789
43.4 0.421718805206
43.47 0.536947702476
43.54 0.475579734804
43.61 0.471072829435
43.68 0.501475061938
43.75 0.382412340089
43.82 0.516527507096
43.89 0.412103521143
43.96 0.448867344909
44.03 0.600898868625
44.1 0.475820479803
44.17 0.50357962952
44.24 0.483663059563
44.31 0.515679709008
44.38 0.506822315349
44.45 0.505363062512
44.52 0.552163319761
44.59 0.514181164731
44.66 0.474899065533
44.73 0.528148208422
44.8 0.454099895287
44.87 0.464747927604
44.94 0.414985504072
45.01 0.348891556714
45.08 0.458931040139
45.15 0.427528220022
45.22 0.480809010778
45.29 0.630652979549
45.36 0.655516497807
45.43 0.500105367873
45.5 0.423120596344
45.57 0.466931038512
45.64 0.510559061892
45.71 0.517492937948
45.78 0.484099699543
45.85 0.543383737703
45.92 0.495825739784
45.99 0.484502640563
46.06 0.583730347442
46.13 0.552444821064
46.2 0.576505418089
46.27 0.516181485337
46.34 0.562299334406
46.41 0.494537046967
46.48 0.507788195408
46.55 0.572803143198
46.62 0.559338713507
46.69 0.569745855328
46.76 0.649707341497
46.83 0.555670421509
46.9 0.543385086735
46.97 0.44712444927
47.04 0.468849224966
47.11 0.537360307085
47.18 0.380779783964
47.25 0.423717577604
47.32 0.373375172028
47.39 0.520297994977
47.46 0.637095984539
47.53 0.604645064043
47.6 0.497287305046
47.67 0.463344335402
47.74 0.458892504441
47.81 0.448342983948
47.88 0.424459296576
47.95 0.435704454238
48.02 0.487449694862
48.09 0.469534634919
48.16 0.490046827217
48.23 0.50994619737
48.3 0.496100851902
48.37 0.547758046648
48.44 0.531413433679
48.51 0.572428634969
48.58 0.547618004415
48.65 0.533355357446
48.72 0.606129122117
48.79 0.563011746188
48.86 0.599455386043
48.93 0.541968590442
49.0 0.557757803412
49.07 0.525044912206
49.14 0.434677787222
49.21 0.494019229164
49.28 0.525993154554
49.35 0.471433303494
49.42 0.502363726514
49.49 0.49749008786
49.56 0.455395090297
49.63 0.757726157241
49.7 0.706357621436
49.77 0.545977623905
49.84 0.525262524484
49.91 0.529529038004
49.98 0.607113615992
50.05 0.539984504835
50.12 0.575319149995
50.19 0.601500089095
50.26 0.582090595538
50.33 0.568235347752
50.4 0.525070224566
50.47 0.565102861591
50.54 0.675667980142
50.61 0.655807381592
50.68 0.646043535912
50.75 0.648546022725
50.82 0.692409231114
50.89 0.714385233293
50.96 0.584046392439
51.03 0.68169994427
51.1 0.692126803147
51.17 0.648998386344
51.24 0.612043353187
51.31 0.589169066633
51.38 0.721587953765
51.45 0.61560305023
51.52 0.577525683206
51.59 0.514138874344
51.66 0.484682810494
51.73 0.51951636161
51.8 0.814372972076
51.87 0.780484715214
51.94 0.766847047216
52.01 0.680561564693
52.08 0.411337850144
52.15 0.606473875362
52.22 0.324841295675
52.29 0.422513683101
52.36 0.825773837693
52.43 0.779974553697
52.5 0.691212303549
52.57 0.579975764012
52.64 0.393750982136
52.71 0.519439585445
52.78 0.559531610955
52.85 0.564621909795
52.92 0.623661675696
52.99 0.504875619824
53.06 0.519635594848
53.13 0.370964717447
53.2 0.739108741808
53.27 0.810493591181
53.34 0.631534752055
53.41 0.339232660072
53.48 0.292271766309
53.55 0.579712447095
53.62 0.764284366737
53.69 0.656477731828
53.76 0.521317952148
53.83 0.304634922571
53.9 0.435779692082
53.97 0.765052667995
54.04 0.730891376949
54.11 0.558638701519
54.18 0.628282637128
54.25 0.409384063372
54.32 0.683333366318
54.39 0.265975374087
54.46 0.543132843181
54.53 0.846878592641
54.6 0.731279872733
54.67 0.691907803696
54.74 0.419364069178
54.81 0.413117120206
54.88 0.627577019947
54.95 0.260970924534
55.02 0.609618971794
55.09 0.667793251043
55.16 0.516611032658
55.23 0.673377757507
55.3 0.276308076182
55.37 0.560233320887
55.44 0.691673310861
55.51 0.446015975824
55.58 0.314325674732
55.65 0.289113049599
55.72 0.550157817742
55.79 0.762733434816
55.86 0.589062582101
55.93 0.336111271288
56.0 0.271969969322
56.07 0.355342052716
56.14 0.496782350369
56.21 0.493121056385
56.28 0.602486529531
56.35 0.593530252534
56.42 0.501596385823
56.49 0.477679710027
56.56 0.556468633137
56.63 0.665576099326
56.7 0.505316604958
56.77 0.538981164065
56.84 0.48264193276
56.91 0.354772913781
56.98 0.461386525548
57.05 0.465310707019
57.12 0.512170970058
57.19 0.52192692496
57.26 0.318587439095
57.33 0.30004109999
57.4 0.331467014687
57.47 0.496220311156
57.54 0.671937788058
57.61 0.400740274448
57.68 0.366038815458
57.75 0.23472081329
57.82 0.257923466941
57.89 0.654961253195
57.96 0.437177575971
58.03 0.205684291323
58.1 0.157890111101
58.17 0.114024749911
58.24 0.593618374694
58.31 0.52055375449
58.38 0.216096772768
58.45 0.15946351182
58.52 0.118083348646
58.59 0.492737210877
58.66 0.588460138321
58.73 0.270510062451
58.8 0.193725871495
58.87 0.150960838705
58.94 0.155238719409
59.01 0.683781455412
59.08 0.609758939159
59.15 0.440622709828
59.22 0.435602101557
59.29 0.278888449462
59.36 0.386627935069
59.43 0.351710495353
59.5 0.158373615464
59.57 0.415465334265
59.64 0.170574191477
59.71 0.344757222901
59.78 0.606045538638
59.85 0.490345476058
59.92 0.40062475352
59.99 0.28149844353
60.06 0.094804036076
60.13 0.246385062216
60.2 0.153580970995
60.27 0.298717720806
60.34 0.305560060451
60.41 0.3294005788
60.48 0.398749758691
60.55 0.292744957287
60.62 0.290828454651
60.69 0.335313473551
60.76 0.787570011988
60.83 0.468104947778
60.9 0.566362574941
60.97 0.522536420434
61.04 0.128301868956
61.11 0.457094835277
61.18 0.206373119766
61.25 0.433615534014
61.32 0.698998591242
61.39 0.520535515012
61.46 0.370276817082
61.53 0.261437354813
61.6 0.150259319473
61.67 0.273067490888
61.74 0.153147596943
61.81 0.338537195239
61.88 0.318916714493
61.95 0.306867513995
62.02 0.42369079049
62.09 0.234743089975
62.16 0.27352425334
62.23 0.245246657212
62.3 0.583070689167
62.37 0.404893483408
62.44 0.392161296976
62.51 0.472890464272
62.58 0.262989402687
62.65 0.251343814193
62.72 0.105313245233
62.79 0.480661888599
62.86 0.507995014017
62.93 0.152468167934
63.0 0.526921491971
63.07 0.299469145745
63.14 0.446283659084
63.21 0.58740745547
63.28 0.325515277703
63.35 0.442346515606
63.42 0.478018663141
63.49 0.457770457332
63.56 0.511731730896
63.63 0.530035309224
63.7 0.545068434266
63.77 0.61464039231
63.84 0.544510819313
63.91 0.496917403302
63.98 0.665706075379
64.05 0.569802980829
64.12 0.448605528173
64.19 0.49968046659
64.26 0.444961901564
64.33 0.512893580804
64.4 0.454596077725
64.47 0.451481140281
64.54 0.513826866555
64.61 0.363321051393
64.68 0.502489750115
64.75 0.526622125529
64.82 0.426949982537
64.89 0.400123899617
64.96 0.391634037362
65.03 0.54727357183
65.1 0.646484422165
65.17 0.504514145645
65.24 0.442857244988
65.31 0.463718316732
65.38 0.449471849671
65.45 0.488344225961
65.52 0.471844910808
65.59 0.559030333272
65.66 0.499652612964
65.73 0.481054746488
65.8 0.556997717829
65.87 0.542975335575
65.94 0.505619320672
66.01 0.546258708491
66.08 0.50907274931
66.15 0.477627763114
66.22 0.5238584633
66.29 0.550081106557
66.36 0.564275589977
66.43 0.487686132846
66.5 0.488110611763
66.57 0.463632237191
66.64 0.335230808262
66.71 0.283329057326
66.78 0.234529814376
66.85 0.610460602475
66.92 0.538865267386
66.99 0.518021983088
67.06 0.421717853114
67.13 0.213051208058
67.2 0.554027094317
67.27 0.246054214595
67.34 0.432436218732
67.41 0.760470197059
67.48 0.456841588778
67.55 0.306483723578
67.62 0.196085565745
67.69 0.115389723071
67.76 0.245806505484
67.83 0.174842432606
67.9 0.285924312336
67.97 0.303187620321
68.04 0.330490542962
68.11 0.422349524979
68.18 0.33932416823
68.25 0.256045998651
68.32 0.259002455209
68.39 0.585644301749
68.46 0.431613793745
68.53 0.351331252092
68.6 0.531075819709
68.67 0.264993462443
68.74 0.264032605586
68.81 0.126304456891
68.88 0.522885836668
68.95 0.676716543854
69.02 0.370531956464
69.09 0.253818841496
69.16 0.623856362906
69.23 0.376910022868
69.3 0.414646887157
69.37 0.491433695659
69.44 0.406937564917
69.51 0.487057377999
69.58 0.350689158073
69.65 0.510254967482
69.72 0.569821095998
69.79 0.53641210429
69.86 0.62619754081
69.93 0.718330017519
70.0 0.449986178355
70.07 0.569833995851
70.14 0.572154672707
70.21 0.478247336069
70.28 0.55986170566
70.35 0.465306948093
70.42 0.557445257423
70.49 0.678344254764
70.56 0.408774337644
70.63 0.40188682591
70.7 0.51629275858
70.77 0.481681890973
70.84 0.451551761752
70.91 0.458532683003
70.98 0.324868652066
71.05 0.462574137024
71.12 0.444315646028
71.19 0.371010862817
71.26 0.823229068968
71.33 0.453541706819
71.4 0.316735102353
71.47 0.676945904717
71.54 0.498365853995
71.61 0.537841063943
71.68 0.715196234592
71.75 0.453758078835
71.82 0.416764046646
71.89 0.284508039234
71.96 0.159840147423
72.03 0.419013799734
72.1 0.275524058347
72.17 0.404648453998
72.24 0.702326072559
72.31 0.546054805485
72.38 0.367952636982
72.45 0.15109933838
72.52 0.0994973974411
72.59 0.525473544163
72.66 0.670487540539
72.73 0.535526926008
72.8 0.708137080787
72.87 0.510929140211
72.94 0.338993905425
73.01 0.398104970845
73.08 0.762852467465
73.15 0.604226917807
73.22 0.529949714204
73.29 0.649146230361
73.36 0.477730521211
73.43 0.393388273346
73.5 0.339406789729
73.57 0.219037912515
73.64 0.532473050978
73.71 0.298772432175
73.78 0.276233199963
73.85 0.780722551671
73.92 0.4688384652
73.99 0.358828839878
74.06 0.151853214178
74.13 0.0670953585179
74.2 0.124297559224
74.27 0.179423014897
74.34 0.121303650432
74.41 0.163523572594
74.48 0.145315046636
74.55 0.118113093741
74.62 0.156882628591
74.69 0.503407324941
74.76 0.298240732762
74.83 0.293813642058
74.9 0.363983794784
74.97 0.232438790792
75.04 0.24001289765
75.11 0.196845327843
75.18 0.201976483282
75.25 0.34062996762
75.32 0.284419893061
75.39 0.464493570802
75.46 0.414974372793
75.53 0.150665999643
75.6 0.420780363469
75.67 0.303286260692
75.74 0.173160729339
75.81 0.323425521221
75.88 0.265094533896
75.95 0.263358017553
76.02 0.352302956296
76.09 0.342555320189
76.16 0.405606488482
76.23 0.670887386555
76.3 0.423950591448
76.37 0.417296832348
76.44 0.5052036931
76.51 0.349291943755
76.58 0.336291821208
76.65 0.242112375638
76.72 0.563888323155
76.79 0.620871696748
76.86 0.535015272787
76.93 0.271428850699
77.0 0.650523364585
77.07 0.392364735237
77.14 0.380044472541
77.21 0.468887952778
77.28 0.30469305243
77.35 0.376478723924
77.42 0.18638832128
77.49 0.543159681148
77.56 0.614202771986
77.63 0.454055017019
77.7 0.594124839439
77.77 0.689591861873
77.84 0.446430476142
77.91 0.595895046267
77.98 0.546341485375
78.05 0.425278762167
78.12 0.406330140313
78.19 0.225193544029
78.26 0.545422475349
78.33 0.454268996093
78.4 0.361397347328
78.47 0.533909806765
78.54 0.353384545158
78.61 0.507620226094
78.68 0.598540103865
78.75 0.335853100469
78.82 0.421423160963
78.89 0.618848305576
78.96 0.426166563645
79.03 0.222755456188
79.1 0.108999165054
79.17 0.129511182189
79.24 0.161561488216
79.31 0.160137550352
79.38 0.148270700837
79.45 0.134572795382
79.52 0.152101525056
79.59 0.202706279919
79.66 0.182153615249
79.73 0.221945315162
79.8 0.214030091089
79.87 0.183870507768
79.94 0.204350916589
80.01 0.299734909283
80.08 0.354247027213
80.15 0.354245926798
80.22 0.310762529535
80.29 0.325614025431
80.36 0.315144140204
80.43 0.349905747656
80.5 0.411027955603
80.57 0.292998806966
80.64 0.242790887871
80.71 0.213130895588
80.78 0.302074130737
80.85 0.367561087159
80.92 0.377599174796
80.99 0.343536600401
81.06 0.364954914172
81.13 0.370844074435
81.2 0.347136067754
81.27 0.33129383147
81.34 0.253234364561
81.41 0.212409357005
81.48 0.225492711294
81.55 0.208821311926
81.62 0.227564791926
81.69 0.211663879108
81.76 0.187912543779
81.83 0.172906989843
81.9 0.20532257559
81.97 0.219284686486
82.04 0.217693419215
82.11 0.207095546874
82.18 0.215370243473
82.25 0.218591897116
82.32 0.206166205099
82.39 0.209407147781
82.46 0.195956109528
82.53 0.229588619591
82.6 0.15690152634
82.67 0.159471758573
82.74 0.170835306151
82.81 0.191264636808
82.88 0.193805373975
82.95 0.182595628756
83.02 0.177124878883
83.09 0.148672535792
83.16 0.193817628271
83.23 0.227546279817
83.3 0.224021783327
83.37 0.433984259063
83.44 0.454799203801
83.51 0.407050351054
83.58 0.427094559213
83.65 0.381104467004
83.72 0.299451806093
83.79 0.484371579634
83.86 0.437486929487
83.93 0.424590019893
84.0 0.237891977822
84.07 0.292877810804
84.14 0.306648428376
84.21 0.289776366505
84.28 0.350231939351
84.35 0.367669512603
84.42 0.295261784805
84.49 0.340387996486
84.56 0.328117872578
84.63 0.25733422531
84.7 0.225590408049
84.77 0.153846816464
84.84 0.187843076402
84.91 0.208023312188
84.98 0.192812136113
85.05 0.211987535187
85.12 0.151825597869
85.19 0.142602670222
85.26 0.187957003918
85.33 0.252283840866
85.4 0.221966182074
85.47 0.205601066644
85.54 0.2068087455
85.61 0.227723077874
85.68 0.176840566509
85.75 0.255114540803
85.82 0.262659327758
85.89 0.223668609579
85.96 0.185582230174
86.03 0.249419734376
86.1 0.168012496992
86.17 0.274037918102
86.24 0.24749890495
86.31 0.3120474493
86.38 0.311447810941
86.45 0.26295753163
86.52 0.144416659141
86.59 0.23849945893
86.66 0.353577557026
86.73 0.484128280657
86.8 0.382302483683
86.87 0.264108849201
86.94 0.145463724086
87.01 0.248845418266
87.08 0.350182330289
87.15 0.359133106625
87.22 0.415470460586
87.29 0.327412618435
87.36 0.271281994089
87.43 0.578508757419
87.5 0.494718654924
87.57 0.505683948485
87.64 0.588303886515
87.71 0.542339420263
87.78 0.484235460189
87.85 0.487090893321
87.92 0.230216279675
87.99 0.246872422974
88.06 0.406488590123
88.13 0.446543503833
88.2 0.394182255653
88.27 0.342740944164
88.34 0.331135846406
88.41 0.331210829982
88.48 0.357469843425
88.55 0.50651458491
88.62 0.509113572006
88.69 0.465593803145
88.76 0.61694700533
88.83 0.685003154312
88.9 0.718375193845
88.97 0.648211711412
89.04 0.674024893092
89.11 0.489125004706
89.18 0.621331876277
89.25 0.65246988071
89.32 0.604975615018
89.39 0.65262686283
89.46 0.560693695354
89.53 0.681355832345
89.6 0.566099080037
89.67 0.655626381053
89.74 0.665007135553
89.81 0.652351660306
89.88 0.687411198999
89.95 0.609522978633
90.02 0.675037709576
90.09 0.609763278663
90.16 0.624045812199
90.23 0.611999369094
90.3 0.58015990052
90.37 0.56299135391
90.44 0.463809394048
90.51 0.376524760524
90.58 0.379885435091
90.65 0.291881763283
90.72 0.180232867753
90.79 0.145849787374
90.86 0.0984911467177
90.93 0.0806961025925
91.0 0.0540476554009
91.07 0.0367090064521
91.14 0.0252233411084
91.21 0.0223100662878
91.28 0.0404441087299
91.35 0.0381161456895
91.42 0.0223773582631
91.49 0.0213018704156
91.56 0.0660741497844
91.63 0.144456103141
91.7 0.0750490208204
91.77 0.0680095925469
91.84 0.108832047537
91.91 0.178847112439
91.98 0.26469204632
92.05 0.193608625783
92.12 0.093305486149
92.19 0.0856086089056
92.26 0.133350644451
92.33 0.0942552244396
92.4 0.0798811389535
92.47 0.0836912855496
92.54 0.0545008962439
92.61 0.037486474065
92.68 0.0289485566063
92.75 0.0462205224099
92.82 0.116359438335
92.89 0.0343393717431
92.96 0.0609708084185
93.03 0.0779833744423
93.1 0.092196286628
93.17 0.12018708562
93.24 0.217099436903
93.31 0.219628667039
93.38 0.219579552387
93.45 0.0638292560367
93.52 0.0458219901109
93.59 0.0564502728823
93.66 0.0262639815528
93.73 0.0408457219072
93.8 0.187712261265
93.87 0.0957199708741
93.94 0.0795360057194
94.01 0.116569063779
94.08 0.103797102799
94.15 0.0368164317757
94.22 0.146183758251
94.29 0.255022652655
94.36 0.171652928302
94.43 0.0620371737021
94.5 0.035002896301
94.57 0.0975012327009
94.64 0.0907952060274
94.71 0.0711920988358
94.78 0.0576190657144
94.85 0.0606732741179
94.92 0.0306072627624
94.99 0.0302864347055
95.06 0.0787135779076
95.13 0.0458950511403
95.2 0.0247567625063
95.27 0.120143042198
95.34 0.219593859189
95.41 0.311214109161
95.48 0.20886498666
95.55 0.0889152261368
95.62 0.0669868327797
95.69 0.1600937951
95.76 0.124344738616
95.83 0.0529615942503
95.9 0.0752695331641
95.97 0.193191791853
96.04 0.125582858979
96.11 0.0540222808862
96.18 0.229838764023
96.25 0.503376208211
96.32 0.297712228648
96.39 0.102510884855
96.46 0.21638832895
96.53 0.253000206512
96.6 0.113261244426
96.67 0.106332949549
96.74 0.147591930099
96.81 0.143687178927
96.88 0.0693508820725
96.95 0.0448051900987
97.02 0.0375217819754
97.09 0.0394076538161
97.16 0.173559422674
97.23 0.194442176399
97.3 0.157574888237
97.37 0.178963100937
97.44 0.177791834644
97.51 0.163490755096
97.58 0.163944867512
97.65 0.146799803947
97.72 0.143064763823
97.79 0.132233069631
97.86 0.130572166883
97.93 0.114482399476
98.0 0.146931922912
98.07 0.12724431264
98.14 0.137914955015
98.21 0.143968947211
98.28 0.153979024423
98.35 0.134107448567
98.42 0.12126833122
98.49 0.11858676359
98.56 0.137945905058
98.63 0.128329791799
98.7 0.113372574173
98.77 0.142823490513
98.84 0.216382064074
98.91 0.218154514108
98.98 0.15013525656
99.05 0.143356889282
99.12 0.156912387813
99.19 0.146390292929
99.26 0.141624373419
99.33 0.114324110702
99.4 0.116651607585
99.47 0.11501546911
99.54 0.101083549691
99.61 0.11853200843
99.68 0.136084678831
99.75 0.160397188861
99.82 0.157353218974
99.89 0.180245571255
99.96 0.184190944535
100.03 0.146083085151
100.1 0.149005103959
100.17 0.135668938251
100.24 0.136138127336
100.31 0.10883398421
100.38 0.0827600268783
100.45 0.0703093219724
100.52 0.180238609968
100.59 0.148038884876
100.66 0.110052315474
100.73 0.105730656917
100.8 0.180943618319
100.87 0.100056995683
100.94 0.065528765113
101.01 0.0555330342553
101.08 0.166943535351
101.15 0.0896548516369
101.22 0.0595735178208
101.29 0.0619216669
101.36 0.251604130749
101.43 0.195158837278
101.5 0.105430143445
101.57 0.102943360494
101.64 0.175379653868
101.71 0.0996377490333
101.78 0.0766550511623
101.85 0.0773467570689
101.92 0.206216658895
101.99 0.0850518259735
102.06 0.114699932648
102.13 0.122060794984
102.2 0.214356594969
102.27 0.204669913918
102.34 0.161021430455
102.41 0.148913513869
102.48 0.192119462576
102.55 0.138708161806
102.62 0.124049124038
102.69 0.0916325367579
102.76 0.120545833482
102.83 0.0616779822834
102.9 0.0904351910635
102.97 0.122062459025
103.04 0.201132157361
103.11 0.137119516319
103.18 0.168612707453
103.25 0.155032078787
103.32 0.140282497665
103.39 0.117251380141
103.46 0.105302783525
103.53 0.139928794193
103.6 0.216056455782
103.67 0.12546837066
103.74 0.0724179889168
103.81 0.131846175734
103.88 0.331563016323
103.95 0.238670824132
104.02 0.194042324733
104.09 0.156408503886
104.16 0.157359627936
104.23 0.12704266273
104.3 0.109257703148
104.37 0.131274561926
104.44 0.169493003792
104.51 0.147231871344
104.58 0.0955066105187
104.65 0.0661581104271
104.72 0.251823392943
104.79 0.260243718604
104.86 0.195667532518
104.93 0.157700670283
105.0 0.17702634587
105.07 0.105972369545
105.14 0.133450494006
105.21 0.143063630919
105.28 0.206769697028
105.35 0.146045127205
105.42 0.11990234664
105.49 0.0938184926403
105.56 0.193146518057
105.63 0.266432878153
105.7 0.237167732699
105.77 0.168226758585
105.84 0.169410989711
105.91 0.169749010509
105.98 0.149676416174
106.05 0.130875023857
106.12 0.213656122473
106.19 0.183188367981
106.26 0.0929960987309
106.33 0.0684381072582
106.4 0.195830025186
106.47 0.153991561239
106.54 0.152687865208
106.61 0.135729257638
106.68 0.202167969543
106.75 0.125183587891
106.82 0.118269759438
106.89 0.127709234263
106.96 0.263017247837
107.03 0.110982550011
107.1 0.0901248741553
107.17 0.0614040299094
107.24 0.279642175525
107.31 0.156945891835
107.38 0.121537644619
107.45 0.108940460267
107.52 0.39376317569
107.59 0.472661637371
107.66 0.186173558213
107.73 0.0992936554719
107.8 0.0695459845866
107.87 0.0517155294314
107.94 0.0551597691135
108.01 0.0426173144944
108.08 0.265309528629
108.15 0.152180191278
108.22 0.141957320162
108.29 0.113234430473
108.36 0.269060577736
108.43 0.346822007459
108.5 0.135984306614
108.57 0.0983710616825
108.64 0.0769312283795
108.71 0.0593104947248
108.78 0.0491595545595
108.85 0.0968884430463
108.92 0.617801230743
108.99 0.550655506011
109.06 0.499217598885
109.13 0.607499193346
109.2 0.545544224426
109.27 0.410226415891
109.34 0.325856636473
109.41 0.553498166423
109.48 0.587507598846
109.55 0.424559951312
109.62 0.325319221685
109.69 0.594360934162
109.76 0.678583544786
109.83 0.374171011902
109.9 0.317137102582
109.97 0.220555596095
110.04 0.284900623079
110.11 0.247213855199
110.18 0.178138852285
110.25 0.144307983668
110.32 0.091133870971
110.39 0.0725064981281
110.46 0.0874459353715
110.53 0.313678150682
110.6 0.245864494083
110.67 0.246809614587
110.74 0.239720595616
110.81 0.437861754138
110.88 0.457688003933
110.95 0.42164236524
111.02 0.410133512085
111.09 0.445569998565
111.16 0.341884188786
111.23 0.273243675877
111.3 0.260175286661
111.37 0.332363650558
111.44 0.208275880639
111.51 0.200071631762
111.58 0.196600434042
111.65 0.437642607777
111.72 0.438512354828
111.79 0.377520346125
111.86 0.361193885053
111.93 0.438200149275
112.0 0.321061274164
112.07 0.285755416357
112.14 0.253574993018
112.21 0.345421789956
112.28 0.233978529279
112.35 0.220730715984
112.42 0.233244167122
112.49 0.372385745357
112.56 0.408990667282
112.63 0.408328986166
112.7 0.330990088798
112.77 0.373450722056
112.84 0.304704994541
112.91 0.257097872082
112.98 0.195621640004
113.05 0.30450203939
113.12 0.205033265441
113.19 0.20656084145
113.26 0.149291323342
113.33 0.335176890773
113.4 0.378805133106
113.47 0.416927382635
113.54 0.374840143065
113.61 0.451025021974
113.68 0.263428297175
113.75 0.176919931967
113.82 0.154538857156
113.89 0.334033024662
113.96 0.230740506439
114.03 0.149451899113
114.1 0.234484621098
114.17 0.279410594056
114.24 0.194934101264
114.31 0.130438991294
114.38 0.262087880636
114.45 0.308574717497
114.52 0.179177451524
114.59 0.175237595856
114.66 0.256292611585
114.73 0.309455268105
114.8 0.197017427596
114.87 0.184822889031
114.94 0.267018940023
115.01 0.269559414447
115.08 0.184989588418
115.15 0.14390700051
115.22 0.268105502646
115.29 0.249248922913
115.36 0.155223151156
115.43 0.13507807072
115.5 0.312974809198
115.57 0.387873415072
115.64 0.386677449486
115.71 0.353236294313
115.78 0.349110203014
115.85 0.234581564938
115.92 0.221843558598
115.99 0.211237156984
116.06 0.269053891905
116.13 0.163237069279
116.2 0.159165177989
116.27 0.172049853063
116.34 0.368062744831
116.41 0.347897095541
116.48 0.232730619606
116.55 0.296392219925
116.62 0.287915356405
116.69 0.180253512887
116.76 0.168942646773
116.83 0.271960651819
116.9 0.308566278631
116.97 0.188190688747
117.04 0.151508811257
117.11 0.271078269071
117.18 0.346335145349
117.25 0.315995126528
117.32 0.268165792369
117.39 0.280465732003
117.46 0.300771152307
117.53 0.317348640685
117.6 0.295473089829
117.67 0.340653614527
117.74 0.245307555765
117.81 0.214550128085
117.88 0.20736763603
117.95 0.257198639827
118.02 0.307928938007
118.09 0.319931898492
118.16 0.319212286694
118.23 0.329325141779
118.3 0.383463415402
118.37 0.352550765701
118.44 0.317324027561
118.51 0.356331962495
118.58 0.266896528438
118.65 0.20252025759
118.72 0.167651399977
118.79 0.282389506699
118.86 0.39192336305
118.93 0.408835816775
119.0 0.373160051574
119.07 0.382329427595
119.14 0.277047383847
119.21 0.195504883052
119.28 0.189493862116
119.35 0.293428105669
119.42 0.18404723237
119.49 0.147286033212
119.56 0.136381741323
119.63 0.313169178573
119.7 0.349923787957
119.77 0.341679037043
119.84 0.267030760651
119.91 0.267321765919
119.98 0.260836069364
120.05 0.43309956954
120.12 0.283537407193
120.19 0.398201435814
120.26 0.312208054735
120.33 0.274195164377
120.4 0.240917061261
120.47 0.379432127855
120.54 0.329672054888
120.61 0.330569162568
120.68 0.211011636977
120.75 0.362530594933
120.82 0.205005683034
120.89 0.118392210577
120.96 0.0804250968999
121.03 0.0599413458694
121.1 0.0461881894329
121.17 0.0326037933658
121.24 0.0451189071326
121.31 0.440144169338
121.38 0.248662478229
121.45 0.371002292579
121.52 0.242597267173
121.59 0.464600597773
121.66 0.172647019373
121.73 0.11201182751
121.8 0.0928274033412
121.87 0.0569785156656
121.94 0.0493011139237
122.01 0.039877198876
122.08 0.244940626129
122.15 0.609028746994
122.22 0.411228680261
122.29 0.516653477019
122.36 0.548414583079
122.43 0.548054106195
122.5 0.37055856559
122.57 0.302950299462
122.64 0.57421235613
122.71 0.559466892734
122.78 0.403691097561
122.85 0.337290346428
122.92 0.593263774221
122.99 0.793087533011
123.06 0.390951702636
123.13 0.415854954477
123.2 0.295405491319
123.27 0.228753844252
123.34 0.257265200076
123.41 0.223085016932
123.48 0.137678169532
123.55 0.0981423689783
123.62 0.0813436026281
123.69 0.110009505251
123.76 0.888497485035
123.83 0.755884721525
123.9 0.621489557633
123.97 0.398283647659
124.04 0.462187552486
124.11 0.180784034192
124.18 0.505929564125
124.25 0.515545971204
124.32 0.358691624256
124.39 0.316852341001
124.46 0.117304149186
124.53 0.234009302747
124.6 0.715611537266
124.67 0.624919750431
124.74 0.478954916762
124.81 0.296814205605
124.88 0.108555401337
124.95 0.213642004959
125.02 0.201482812445
125.09 0.23877938236
125.16 0.331653141547
125.23 0.291491551191
125.3 0.298498132302
125.37 0.410217632351
125.44 0.250023175451
125.51 0.234387390501
125.58 0.498881578327
125.65 0.648757179426
125.72 0.425561974127
125.79 0.382585390521
125.86 0.432611792066
125.93 0.259610053562
126.0 0.285095126651
126.07 0.126049364126
126.14 0.378795839618
126.21 0.774593707271
126.28 0.489153128138
126.35 0.354331252011
126.42 0.384697307856
126.49 0.315398379759
126.56 0.246906910164
126.63 0.153640708391
126.7 0.30337147431
126.77 0.289768283614
126.84 0.284330169014
126.91 0.41952372676
126.98 0.28849148488
127.05 0.197121827133
127.12 0.22777513497
127.19 0.442039176457
127.26 0.333063748715
127.33 0.199615353831
127.4 0.454166108037
127.47 0.353749529645
127.54 0.422526621094
127.61 0.333725571091
127.68 0.147168122167
127.75 0.475649049621
127.82 0.419072792691
127.89 0.447601047436
127.96 0.392018004353
128.03 0.154416109372
128.1 0.348660949938
128.17 0.301898986833
128.24 0.253966846549
128.31 0.613755461233
128.38 0.318947355177
128.45 0.333790378305
128.52 0.61771825327
128.59 0.464257535409
128.66 0.544422773435
128.73 0.568374666734
128.8 0.5351241545
128.87 0.460254980125
128.94 0.546293770609
129.01 0.559348491517
129.08 0.496054084989
129.15 0.563958306131
129.22 0.470195147816
129.29 0.403692278494
129.36 0.524328265452
129.43 0.442433136173
129.5 0.503030709114
129.57 0.41967125718
129.64 0.386091739353
129.71 0.378501729457
129.78 0.234152613733
129.85 0.527733169905
129.92 0.415397117037
129.99 0.265467960074
130.06 0.589302791724
130.13 0.659417190582
130.2 0.502132056051
130.27 0.445463425039
130.34 0.491298817888
130.41 0.248039262182
130.48 0.400486474211
130.55 0.473956116193
130.62 0.206242361133
130.69 0.436225803538
130.76 0.215632818775
130.83 0.4254052378
130.9 0.549237371103
130.97 0.197309230983
131.04 0.32199866634
131.11 0.449789147643
131.18 0.232480640448
131.25 0.0968676580656
131.32 0.0865556434818
131.39 0.0543840389972
131.46 0.562386597705
131.53 0.674095380367
131.6 0.500575564141
131.67 0.547157208993
131.74 0.274793267241
131.81 0.190410654361
131.88 0.522464262056
131.95 0.574867471487
132.02 0.229997939908
132.09 0.47532494151
132.16 0.502953177209
132.23 0.164304246807
132.3 0.426944258687
132.37 0.191005140972
132.44 0.428294121275
132.51 0.496002030718
132.58 0.186710474354
132.65 0.389298225922
132.72 0.457430505511
132.79 0.191201026066
132.86 0.0981153699749
132.93 0.0745060319168
133.0 0.0548868790139
133.07 0.0875831552318
133.14 0.113117691885
133.21 0.102461794217
133.28 0.151351347442
133.35 0.123512141505
133.42 0.119829531403
133.49 0.198704565131
133.56 0.258866714339
133.63 0.174142590129
133.7 0.482106157999
133.77 0.302577011719
133.84 0.181634620751
133.91 0.258962732927
133.98 0.131656730679
134.05 0.441528078386
134.12 0.398589697106
134.19 0.160809611245
134.26 0.444333759784
134.33 0.255511524894
134.4 0.295098294842
134.47 0.392259749471
134.54 0.401006891196
134.61 0.463639101009
134.68 0.521973012413
134.75 0.228986294469
134.82 0.355946676136
134.89 0.32174086986
134.96 0.262819500938
135.03 0.367980267417
135.1 0.231867887521
135.17 0.562629064662
135.24 0.510326093251
135.31 0.192576829621
135.38 0.437089434036
135.45 0.25845999603
135.52 0.445361364766
135.59 0.584801769829
135.66 0.32634652437
135.73 0.385374341097
135.8 0.440785884781
135.87 0.327845149165
135.94 0.540973468173
136.01 0.468804852408
136.08 0.504614139286
136.15 0.513143620703
136.22 0.223543208934
136.29 0.402502579197
136.36 0.495300630145
136.43 0.43969416476
136.5 0.408559905126
136.57 0.455877352985
136.64 0.398790697221
136.71 0.582261768626
136.78 0.455156262195
136.85 0.397976767604
136.92 0.440584414271
136.99 0.273316944558
137.06 0.630718583469
137.13 0.49278220074
137.2 0.302262000744
137.27 0.453578214026
137.34 0.364328327663
137.41 0.467252311538
137.48 0.588757864735
137.55 0.522419910687
137.62 0.576018763631
137.69 0.51752012059
137.76 0.437994229079
137.83 0.277451079195
137.9 0.345612314237
137.97 0.348754277524
138.04 0.326497719072
138.11 0.294486269403
138.18 0.429265413
138.25 0.555700810749
138.32 0.411056056433
138.39 0.391079523063
138.46 0.345199937056
138.53 0.309051250684
138.6 0.365289982638
138.67 0.344002202897
138.74 0.403757903602
138.81 0.395650520871
138.88 0.375040693973
138.95 0.338336402777
139.02 0.275563969918
139.09 0.310975978884
139.16 0.473724355324
139.23 0.324251576586
139.3 0.533011029393
139.37 0.476316994201
139.44 0.359692524054
139.51 0.317126541992
139.58 0.222858835829
139.65 0.433542639671
139.72 0.517193633661
139.79 0.419780000458
139.86 0.281978705978
139.93 0.161271802315
140.0 0.310834880027
140.07 0.389500890078
140.14 0.337646469682
140.21 0.386204046619
140.28 0.308688399222
140.35 0.340460159103
140.42 0.754311623102
140.49 0.712432296905
140.56 0.474249409872
140.63 0.402264893888
140.7 0.317369904537
140.77 0.287612863882
140.84 0.32265790931
140.91 0.410836514545
140.98 0.419622892617
141.05 0.344695589796
141.12 0.391822528913
141.19 0.338360628848
141.26 0.28424861544
141.33 0.426879409095
141.4 0.338314373296
141.47 0.411164891531
141.54 0.48509967974
141.61 0.344982704767
141.68 0.319119072116
141.75 0.210425432435
141.82 0.376342336085
141.89 0.578169417253
141.96 0.459650969773
142.03 0.381967279606
142.1 0.220783086677
142.17 0.170664431121
142.24 0.46273453622
142.31 0.369960909107
142.38 0.333539461182
142.45 0.389542803301
142.52 0.2823290178
142.59 0.751377961653
142.66 0.715279645734
142.73 0.455787507455
142.8 0.435972730789
142.87 0.35922580843
142.94 0.308929237451
143.01 0.300513968895
143.08 0.281933776856
143.15 0.431668547493
143.22 0.343052338885
143.29 0.304451804546
143.36 0.322797961432
143.43 0.254154333742
143.5 0.301300330231
143.57 0.448154250842
143.64 0.35424052502
143.71 0.604307479737
143.78 0.394512933762
143.85 0.317743731893
143.92 0.34088687275
143.99 0.379325507713
144.06 0.583767093378
144.13 0.429686350531
144.2 0.367859406865
144.27 0.291761518624
144.34 0.18075740529
144.41 0.303039965592
144.48 0.3458512949
144.55 0.407238116529
144.62 0.34308414355
144.69 0.304517045428
144.76 0.501995901291
144.83 0.767721597103
144.9 0.652545402487
144.97 0.466419940442
145.04 0.318038501737
145.11 0.279270690258
145.18 0.335176880885
145.25 0.348616909341
145.32 0.373085796898
145.39 0.458261225279
145.46 0.363938656597
145.53 0.377152708777
145.6 0.329580429484
145.67 0.266874983479
145.74 0.474237809609
145.81 0.433756925279
145.88 0.502039311868
145.95 0.429962630868
146.02 0.313451545799
146.09 0.317622085936
146.16 0.343034794407
146.23 0.502272561617
146.3 0.502730964096
146.37 0.389979183363
146.44 0.370400460454
146.51 0.201632655289
146.58 0.244488049207
146.65 0.43186251569
146.72 0.521763090324
146.79 0.52008717165
146.86 0.451172252923
146.93 0.528427311132
147.0 0.485275192332
147.07 0.314969722376
147.14 0.354007635484
147.21 0.429355882899
147.28 0.703951999357
147.35 0.425316470083
147.42 0.243964292838
147.49 0.286368508308
147.56 0.491646198567
147.63 0.690724979519
147.7 0.501867286983
147.77 0.327858403581
147.84 0.298079854695
147.91 0.395414889481
147.98 0.690062874623
148.05 0.596473159443
148.12 0.42914069464
148.19 0.393778749593
148.26 0.416384112625
148.33 0.510320911838
148.4 0.513686109547
148.47 0.533046371206
148.54 0.493203369937
148.61 0.312018989669
148.68 0.237966774936
148.75 0.279692935855
148.82 0.451217659503
148.89 0.469619133762
148.96 0.427392114702
149.03 0.412091971734
149.1 0.483378412402
149.17 0.484739123751
149.24 0.333361879133
149.31 0.264057344431
149.38 0.48618323494
149.45 0.588345302503
149.52 0.436738663119
149.59 0.312343801255
149.66 0.236731303196
149.73 0.444226669247
149.8 0.706172216414
149.87 0.458236829695
149.94 0.371749628044
150.01 0.299339316602
150.08 0.378612138189
150.15 0.562139738979
150.22 0.468245211789
150.29 0.546355947563
150.36 0.436323311005
150.43 0.41523223284
150.5 0.486108423701
150.57 0.456239104033
150.64 0.552941117923
150.71 0.459932204094
150.78 0.385629217735
150.85 0.299286667628
150.92 0.203495087876
150.99 0.33456950996
151.06 0.478213843348
151.13 0.530443413293
151.2 0.384257469751
151.27 0.378428394383
151.34 0.519964106031
151.41 0.34945400558
151.48 0.297684250714
151.55 0.353163512978
151.62 0.543877007362
151.69 0.538425768305
151.76 0.341036010708
151.83 0.262071118737
151.9 0.374027667013
151.97 0.564204734015
152.04 0.487969592011
152.11 0.337025123915
152.18 0.286030049604
152.25 0.409115452034
152.32 0.637861805274
152.39 0.500293196915
152.46 0.450153000639
152.53 0.501381665135
152.6 0.442551800134
152.67 0.429988115565
152.74 0.42970797742
152.81 0.548070180158
152.88 0.511658467865
152.95 0.423408109667
153.02 0.35651218893
153.09 0.278290165786
153.16 0.356388309654
153.23 0.571585985803
153.3 0.599156358625
153.37 0.395727839474
153.44 0.345950469233
153.51 0.259185365581
153.58 0.463116514272
153.65 0.218239911364
153.72 0.343140131909
153.79 0.710637371009
153.86 0.581820659183
153.93 0.533506242788
154.0 0.457428519397
154.07 0.228804857437
154.14 0.456744506504
154.21 0.448667354803
154.28 0.440830398599
154.35 0.57707114136
154.42 0.374546102122
154.49 0.336389557516
154.56 0.210189997396
154.63 0.529626312392
154.7 0.74419999839
154.77 0.584559038717
154.84 0.266156484808
154.91 0.169927064367
154.98 0.203278039225
155.05 0.590546938234
155.12 0.478222416411
155.19 0.350926597589
155.26 0.224452442363
155.33 0.113186574447
155.4 0.587883244217
155.47 0.624045066347
155.54 0.370336643472
155.61 0.485131201885
155.68 0.241859544443
155.75 0.413421293722
155.82 0.422661901456
155.89 0.165797928918
155.96 0.568280022605
156.03 0.561245117474
156.1 0.521283284145
156.17 0.408386204898
156.24 0.237115566833
156.31 0.39218540439
156.38 0.27747495353
156.45 0.324437622929
156.52 0.660373973504
156.59 0.459041607083
156.66 0.452129845263
156.73 0.33205105089
156.8 0.156173872616
156.87 0.582629866481
156.94 0.416843655072
157.01 0.294954305808
157.08 0.189983442066
157.15 0.120623438842
157.22 0.595952078536
157.29 0.529523109327
157.36 0.371453191333
157.43 0.247304493197
157.5 0.136095328414
157.57 0.332589249671
157.64 0.418821545019
157.71 0.43393574194
157.78 0.364753877329
157.85 0.104653037457
157.92 0.0192415016413
157.99 0.0121119057653
158.06 0.0177993115866
158.13 0.0786394546038
158.2 0.0437934161134
158.27 0.0280025814793
158.34 0.0243478984587
158.41 0.0203548358394
158.48 0.0894863935639
158.55 0.064965395232
158.62 0.0645165772362
158.69 0.559631720428
158.76 0.487954666491
158.83 0.519112078621
158.9 0.39360968834
158.97 0.161376412329
159.04 0.101980788742
159.11 0.101530510119
159.18 0.0560752773067
159.25 0.0986198161167
159.32 0.046437099253
159.39 0.0394522241377
159.46 0.0390367561901
159.53 0.035871638994
159.6 0.13324583526
159.67 0.0732417798866
159.74 0.0407033149836
159.81 0.0359465971437
159.88 0.0303686253618
159.95 0.176625944703
160.02 0.148244389769
160.09 0.0748049689281
160.16 0.407191736668
160.23 0.0414549136723
160.3 0.286075590381
160.37 0.679052753647
160.44 0.456863056044
160.51 0.377145908526
160.58 0.2440508456
160.65 0.146239058674
160.72 0.357189435474
160.79 0.602488936599
160.86 0.465468283842
160.93 0.330827942217
161.0 0.244828796322
161.07 0.370932693829
161.14 0.526854824364
161.21 0.358243868534
161.28 0.335309002676
161.35 0.427609599847
161.42 0.306867632653
161.49 0.488218552685
161.56 0.425101934446
161.63 0.425325348268
161.7 0.353045757319
161.77 0.333037632586
161.84 0.518435065156
161.91 0.670301645345
161.98 0.672856755706
162.05 0.554518684396
162.12 0.426630058544
162.19 0.502571069198
162.26 0.547070952877
162.33 0.326209400566
162.4 0.639392743269
162.47 0.790119527045
162.54 0.668343199821
162.61 0.703778142331
162.68 0.434623989804
162.75 0.411517306712
162.82 0.628273814035
162.89 0.466445200536
162.96 0.710440259779
163.03 0.60022710014
163.1 0.42040927373
163.17 0.470076314344
163.24 0.399403078634
163.31 0.896541410997
163.38 0.700510939435
163.45 0.354778161586
163.52 0.247977824016
163.59 0.344299608651
163.66 0.631447247201
163.73 0.662641220217
163.8 0.430675575199
163.87 0.224658667681
163.94 0.235519796197
164.01 0.658447827055
164.08 0.808625828858
164.15 0.561569567434
164.22 0.609115373211
164.29 0.329424294924
164.36 0.558466453443
164.43 0.511153761805
164.5 0.336613187465
164.57 0.696296976008
164.64 0.73068780873
164.71 0.672684489266
164.78 0.531598648001
164.85 0.338120252538
164.92 0.574172221369
164.99 0.452107401891
165.06 0.356543223728
165.13 0.712977500764
165.2 0.603788586946
165.27 0.448141201253
165.34 0.456682703888
165.41 0.469601083573
165.48 0.654363007659
165.55 0.553570111499
165.62 0.336607908583
165.69 0.244892464981
165.76 0.361970369497
165.83 0.653105827099
165.9 0.520459360391
165.97 0.327637605892
166.04 0.250752806814
166.11 0.321499342282
166.18 0.567968780445
166.25 0.740425593372
166.32 0.545041952274
166.39 0.54842355732
166.46 0.314936880863
166.53 0.603978885211
166.6 0.465273121999
166.67 0.323366305073
166.74 0.740959952709
166.81 0.830047955233
166.88 0.587882227146
166.95 0.544201263796
167.02 0.354460232182
167.09 0.492580358717
167.16 0.513083335219
167.23 0.479424778244
167.3 0.663468722084
167.37 0.585805220782
167.44 0.443703138893
167.51 0.38720587732
167.58 0.519493574977
167.65 0.996121000507
167.72 0.650350177131
167.79 0.299487496818
167.86 0.188879440909
167.93 0.45200496728
168.0 0.714146217316
168.07 0.62735496222
168.14 0.354882291316
168.21 0.265949407693
168.28 0.340087930809
168.35 0.612147998516
168.42 0.741919021215
168.49 0.565679768407
168.56 0.580637200749
168.63 0.462335338587
168.7 0.595411276336
168.77 0.365708556891
168.84 0.454537566465
168.91 0.74606354693
168.98 0.707507075789
169.05 0.642454232208
169.12 0.402365364987
169.19 0.374817966675
169.26 0.588507056382
169.33 0.3660558288
169.4 0.616200809832
169.47 0.647171638832
169.54 0.443261666412
169.61 0.631929110124
169.68 0.32204729082
169.75 0.598138900342
169.82 0.628145846698
169.89 0.380969130138
169.96 0.2902335711
170.03 0.256087123644
170.1 0.559399999112
170.17 0.653011602513
170.24 0.431552267999
170.31 0.36213529466
170.38 0.263234666589
170.45 0.367609681975
170.52 0.575001510174
170.59 0.479585585682
170.66 0.592046642254
170.73 0.515527810832
170.8 0.589168565161
170.87 0.445085138108
170.94 0.323574678955
171.01 0.418568445431
171.08 0.707693051502
171.15 0.586253671502
171.22 0.414811878712
171.29 0.318991311018
171.36 0.460705404246
171.43 0.630029486632
171.5 0.640714505027
171.57 0.444232330943
171.64 0.34026482351
171.71 0.407483480726
171.78 0.658589805961
171.85 0.631631584299
171.92 0.51265643087
171.99 0.453540008875
172.06 0.435513709591
172.13 0.491351788936
172.2 0.464510553067
172.27 0.637256512282
172.34 0.538655318457
172.41 0.390533223028
172.48 0.364766895841
172.55 0.333896262483
172.62 0.502086772367
172.69 0.703652055163
172.76 0.581260981835
172.83 0.57583741418
172.9 0.593088716486
172.97 0.58765871303
173.04 0.367987211753
173.11 0.256852041728
173.18 0.502075554919
173.25 0.792706460435
173.32 0.582055687393
173.39 0.340357449034
173.46 0.266931912628
173.53 0.525718285403
173.6 0.843022165066
173.67 0.608547487251
173.74 0.412167338125
173.81 0.344826074385
173.88 0.424905046406
173.95 0.746065004732
174.02 0.537551142138
174.09 0.576006269193
174.16 0.459715878694
174.23 0.446669941325
174.3 0.620178996372
174.37 0.426837296695
174.44 0.626437815412
174.51 0.652883666253
174.58 0.542112031388
174.65 0.383133004274
174.72 0.266616152976
174.79 0.473066930368
174.86 0.71067697322
174.93 0.57050638588
175.0 0.607131575775
175.07 0.54822804939
175.14 0.594746851952
175.21 0.281508135371
175.28 0.283486689241
175.35 0.635775893886
175.42 0.7138645239
175.49 0.436497799463
175.56 0.386243636116
175.63 0.279835385157
175.7 0.643850125745
175.77 0.707180982976
175.84 0.500469684201
175.91 0.338134101658
175.98 0.307964344799
176.05 0.624408660837
176.12 0.790914646494
176.19 0.668414205519
176.26 0.53867595229
176.33 0.538779942173
176.4 0.486214757085
176.47 0.442898797998
176.54 0.448408890164
176.61 0.679749317481
176.68 0.635459522579
176.75 0.521475281767
176.82 0.322477704065
176.89 0.224518450286
176.96 0.627655075927
177.03 0.698372321156
177.1 0.493812123797
177.17 0.626808405092
177.24 0.300969523575
177.31 0.451651015191
177.38 0.436539550237
177.45 0.262858981665
177.52 0.692652696778
177.59 0.748071327471
177.66 0.694770660036
177.73 0.573114289301
177.8 0.381940403499
177.87 0.444258884978
177.94 0.572717193616
178.01 0.433495125493
178.08 0.835465065899
178.15 0.689158551388
178.22 0.346956469926
178.29 0.426417482181
178.36 0.275163094117
178.43 0.810130636598
178.5 0.745694824706
178.57 0.477503998259
178.64 0.318298968029
178.71 0.172892021945
178.78 0.53847230779
178.85 0.818399398869
178.92 0.561946008098
178.99 0.462235193798
179.06 0.208855794879
179.13 0.159047880011
179.2 0.647743309144
179.27 0.374428501848
179.34 0.171760253331
179.41 0.121333203414
179.48 0.0903540725698
179.55 0.417115797906
179.62 0.542347726345
179.69 0.206164329168
179.76 0.148150057825
179.83 0.11324402202
179.9 0.200085000598
179.97 0.592729197345
180.04 0.243278981767
180.11 0.165903325749
180.18 0.122499224727
180.25 0.0890288428815
180.32 0.510742510465
180.39 0.472146086789
180.46 0.22629770481
180.53 0.188230314972
180.6 0.126284081564
180.67 0.148069614554
180.74 0.638024505594
180.81 0.515618512397
180.88 0.347992138022
180.95 0.323360191345
181.02 0.121022688742
181.09 0.229634245124
181.16 0.180254686756
181.23 0.251020889839
181.3 0.349441422149
181.37 0.0781926085961
181.44 0.353105092124
181.51 0.55645250267
181.58 0.420794526186
181.65 0.298767384959
181.72 0.194382903748
181.79 0.0929033418346
181.86 0.11189641959
181.93 0.0901482738566
182.0 0.0742522274414
182.07 0.112443979664
182.14 0.0896229452648
182.21 0.0782357606683
182.28 0.146928733264
182.35 0.118578580404
182.42 0.0637504768069
182.49 0.558116446743
182.56 0.439520571889
182.63 0.165541203188
182.7 0.36631762011
182.77 0.134967149214
182.84 0.381723380275
182.91 0.276752639429
182.98 0.179942745359
183.05 0.734063538776
183.12 0.629753765685
183.19 0.329985951322
183.26 0.299695281645
183.33 0.119873450517
183.4 0.114238599026
183.47 0.115582702449
183.54 0.0834228423115
183.61 0.111382242054
183.68 0.0936625614945
183.75 0.0659916667201
183.82 0.200941295469
183.89 0.14175734842
183.96 0.156458454797
184.03 0.404788405824
184.1 0.476037887254
184.17 0.210164425117
184.24 0.263997417747
184.31 0.210837488956
184.38 0.182969775359
184.45 0.204667920741
184.52 0.258011560848
184.59 0.639064198184
184.66 0.407646452264
184.73 0.115051104743
184.8 0.235405997227
184.87 0.35287251336
184.94 0.423409968648
185.01 0.571277262307
185.08 0.489463947932
185.15 0.262950752568
185.22 0.226536626143
185.29 0.226754903755
185.36 0.702984020177
185.43 0.581159072711
185.5 0.512096233686
185.57 0.453493595112
185.64 0.281005426726
185.71 0.162422210172
185.78 0.127003571879
185.85 0.0837432310502
185.92 0.0617334832954
185.99 0.0520089375304
186.06 0.0398044443806
186.13 0.0702835759443
186.2 0.0843357894629
186.27 0.0643579762785
186.34 0.0494764103882
186.41 0.0559393951776
186.48 0.0583293600104
186.55 0.138850632296
186.62 0.101187500021
186.69 0.0529580571026
186.76 0.127585948279
186.83 0.147650788858
186.9 0.133577707016
186.97 0.0556027008095
187.04 0.117120501437
187.11 0.205167846566
187.18 0.202125679156
187.25 0.195008186428
187.32 0.185521063228
187.39 0.230967954644
187.46 0.403869161307
187.53 0.533297895746
187.6 0.488386677385
187.67 0.361147142154
187.74 0.221719230116
187.81 0.253577400086
187.88 0.444775157398
187.95 0.47322030471
188.02 0.470280191922
188.09 0.46864791408
188.16 0.470981548705
188.23 0.388296266674
188.3 0.58432772988
188.37 0.405405595724
188.44 0.440159716402
188.51 0.392437746825
188.58 0.304744365086
188.65 0.347828909391
188.72 0.460321207001
188.79 0.368832200182
188.86 0.516731657306
188.93 0.57993828635
189.0 0.543447760924
189.07 0.492680968251
189.14 0.482226483176
189.21 0.32407674628
189.28 0.330588267968
189.35 0.273615300991
189.42 0.19943796107
189.49 0.365614580922
189.56 0.491705216951
189.63 0.374284925293
189.7 0.406288587303
189.77 0.394231544055
189.84 0.423128474408
189.91 0.393355338602
189.98 0.344785212136
190.05 0.438457811558
190.12 0.644191327716
190.19 0.524392446885
190.26 0.559752463735
190.33 0.551372289786
190.4 0.549340311425
190.47 0.455265368512
190.54 0.372957648749
190.61 0.2927717331
190.68 0.228908054852
190.75 0.23595207831
190.82 0.248129230608
190.89 0.212738916336
190.96 0.193896044463
191.03 0.300831694885
191.1 0.64116434857
191.17 0.680363197662
191.24 0.609041139725
191.31 0.587446403648
191.38 0.505203235418
191.45 0.361232107155
191.52 0.518267949052
191.59 0.597658212701
191.66 0.533940645212
191.73 0.412493234587
191.8 0.243110104152
191.87 0.339806853286
191.94 0.375739653576
192.01 0.414351426552
192.08 0.446351610743
192.15 0.532359701214
192.22 0.393504372027
192.29 0.341973466451
192.36 0.314464356632
192.43 0.312837818179
192.5 0.56043343954
192.57 0.471512298851
192.64 0.388216580555
192.71 0.569348595781
192.78 0.502852143896
192.85 0.347882352246
192.92 0.366665660472
192.99 0.351088484252
193.06 0.355915031095
193.13 0.420230002212
193.2 0.305779720998
193.27 0.334010206951
193.34 0.300353232088
193.41 0.172029093509
193.48 0.365562707464
193.55 0.586101592513
193.62 0.522882923889
193.69 0.544347183853
193.76 0.303881005808
193.83 0.105428887644
193.9 0.35171392373
193.97 0.55408443312
194.04 0.580460196452
194.11 0.491290380435
194.18 0.408770978484
194.25 0.28828370429
194.32 0.294201074155
194.39 0.70771762366
194.46 0.593794798412
194.53 0.578936103911
194.6 0.545961661537
194.67 0.323297854767
194.74 0.249993046129
194.81 0.402624387603
194.88 0.395343051763
194.95 0.410064414808
195.02 0.393415234209
195.09 0.368715416391
195.16 0.332413075983
195.23 0.634806940012
195.3 0.697849999987
195.37 0.601346872964
195.44 0.575293132748
195.51 0.55193406343
195.58 0.567084422883
195.65 0.555760988877
195.72 0.576535526223
195.79 0.457482551306
195.86 0.397794398257
195.93 0.370530103134
196.0 0.341072505201
196.07 0.307911512187
196.14 0.396973431072
196.21 0.680866705838
196.28 0.565964498911
196.35 0.626584306159
196.42 0.582167818084
196.49 0.608237821551
196.56 0.62417246582
196.63 0.678037301254
196.7 0.605593601624
196.77 0.629188218989
196.84 0.606944842909
196.91 0.574603227905
196.98 0.553685188872
197.05 0.534451076535
197.12 0.53901142476
197.19 0.533354864449
197.26 0.504693329582
197.33 0.491226417955
197.4 0.626161279395
197.47 0.697120341785
197.54 0.633629544452
197.61 0.616908862333
197.68 0.549867205177
197.75 0.634830339713
197.82 0.589569866154
197.89 0.632147245064
197.96 0.653120810536
198.03 0.585035652422
198.1 0.583934216545
198.17 0.624234940833
198.24 0.616123136667
198.31 0.619277426292
198.38 0.632805941358
198.45 0.58793286458
198.52 0.546783977753
198.59 0.514040348394
198.66 0.635317910948
198.73 0.676363840502
198.8 0.650975021904
198.87 0.553829911045
198.94 0.612172733123
199.01 0.520305155441
199.08 0.564132531846
199.15 0.630018086959
199.22 0.567764962195
199.29 0.570155123379
199.36 0.572114648128
199.43 0.538567269753
199.5 0.617260588167
199.57 0.612761741675
199.64 0.655065285456
199.71 0.577073845074
199.78 0.601397405866
199.85 0.551082375044
199.92 0.566576052542
199.99 0.601305141966
200.06 0.641318166468
200.13 0.572623299577
200.2 0.599080853799
200.27 0.574395092753
200.34 0.563499979932
200.41 0.661027825997
200.48 0.664964035747
200.55 0.622496309829
200.62 0.604597658635
200.69 0.634813138496
200.76 0.60401363232
200.83 0.628000914048
200.9 0.822819528286
200.97 1.0
201.04 0.77831372158
201.11 0.435670986944
201.18 0.277349014684
201.25 0.245981181818
201.32 0.177178331627
201.39 0.176799382187
201.46 0.140463154943
201.53 0.0752826138302
201.6 0.0587060959078
201.67 0.080186840901
201.74 0.0517532882008
201.81 0.0299299060358
201.88 0.0237690351926
201.95 0.0225615032473
202.02 0.0184198592345
202.09 0.0128614533604
202.16 0.0163209250968
202.23 0.0118144039546
202.3 0.00991565768716
202.37 0.00701599043204
202.44 0.542284109952
202.51 0.896980051217
202.58 0.786376039579
202.65 0.482170568273
202.72 0.279241045457
202.79 0.20947146341
202.86 0.165042790256
202.93 0.138320094039
203.0 0.132326531414
203.07 0.0799175656422
203.14 0.0444297198899
203.21 0.0576883212023
203.28 0.0508808374357
203.35 0.0302472025954
203.42 0.0166964122568
203.49 0.0124559089203
203.56 0.00862364950051
203.63 0.00937378332413
203.7 0.00956071960383
203.77 0.00726203408887
203.84 0.00442340664621
203.91 0.00543765409221
203.98 0.00435429806865
204.05 0.00817668624714
204.12 0.770943338327
204.19 0.873522563306
204.26 0.603425900758
204.33 0.231982983257
204.4 0.196960107157
204.47 0.135049767887
204.54 0.102918840602
204.61 0.0728645269779
204.68 0.0659268806953
204.75 0.047417978287
204.82 0.0324845078615
204.89 0.0284871580045
204.96 0.0190491649959
205.03 0.0153158129281
205.1 0.0101573590149
205.17 0.0129633540096
205.24 0.00762974489174
205.31 0.00690441771797
205.38 0.0061993316743
205.45 0.00421629280336
205.52 0.00458912286476
205.59 0.00439667886182
205.66 0.00377591508621
205.73 0.00809609324025
205.8 0.602383750245
205.87 0.898029003394
205.94 0.741970742112
206.01 0.28296687261
206.08 0.203867073203
206.15 0.130244744814
206.22 0.109058078905
206.29 0.0825653227171
206.36 0.0657253028276
206.43 0.0591860560596
206.5 0.0465703242835
206.57 0.038787395751
206.64 0.0298843426572
206.71 0.020532460267
206.78 0.0132793679293
206.85 0.016192265586
206.92 0.00867003924944
206.99 0.00535187967244
207.06 0.00860125133184
207.13 0.00172568877226
207.2 0.0
207.27 0.0
207.34 0.0
207.41 0.0
207.48 0.0
207.55 0.0
207.62 0.0
207.69 0.0
207.76 0.0
207.83 0.0
207.9 0.0
207.97 0.0
208.04 0.0
208.11 0.0
208.18 0.0
208.25 0.0
208.32 0.0
208.39 0.0
208.46 0.0
208.53 0.0
208.6 0.0
208.67 0.0
208.74 0.0
208.81 0.0
208.88 0.0
208.95 0.0
209.02 0.0
209.09 0.0
209.16 0.0
209.23 0.0
209.3 0.0
209.37 0.0
209.44 0.0
209.51 0.0
209.58 0.0
209.65 0.0
209.72 0.0
209.79 0.0
209.86 0.0
209.93 0.0
210.0 0.0
210.07 0.0
210.14 0.0
210.21 0.0
210.28 0.0
210.35 0.0
210.42 0.0
210.49 0.0
210.56 0.0
210.63 0.0
210.7 0.0
210.77 0.0
210.84 0.0
210.91 0.0
210.98 0.0
211.05 0.0
211.12 0.0
