0.0 0.0
414.121742739 0.0
420.992633212 1.0
462.311782 1.0
462.515037 0.75
462.843332 1.0
463.284005 0.75
463.554852 1.0
463.776252 0.75
464.01349 1.0
464.23665 0.75
464.481526 1.0
464.751217 0.75
465.00239 1.0
465.256282 0.75
465.531099 1.0
465.752801 0.75
466.0364 1.0
466.27324 0.75
466.539358 1.0
466.767456 0.75
467.006939 1.0
467.266755 0.75
467.499474 1.0
467.75771 0.75
468.003683 1.0
468.276664 0.75
468.555318 1.0
468.748193 0.75
469.027463 1.0
469.298218 0.75
469.564263 1.0
469.801911 0.75
470.099447 1.0
470.301479 0.75
470.567912 1.0
470.806029 0.75
471.059447 1.0
471.28301 0.75
471.339842 1.0
471.775921 0.75
472.014251 1.0
472.272139 0.75
472.522117 1.0
472.809441 0.75
473.054836 1.0
473.295728 0.75
473.576132 1.0
473.809919 0.75
474.087159 1.0
474.321081 0.75
474.583839 1.0
474.847493 0.75
475.090835 1.0
475.340063 0.75
475.567028 1.0
475.83335 0.75
476.06824 1.0
476.325529 0.75
476.590672 1.0
476.858053 0.75
477.08722 1.0
477.333064 0.75
477.606108 1.0
477.879605 0.75
478.132311 1.0
478.425271323 0.867021276596
478.659013 1.0
478.934116108 0.920212765957
479.201579 1.0
479.615145892 0.952127659574
480.030835 1.0
486.573883817 1.0
539.23944787 0.0
655.359099188 0.0
655.476379372 1.0
656.46867978 1.0
656.654131869 0.712765957447
657.526984841 0.702127659574
657.558444074 0.5
658.244728211 0.5
664.303366904 0.351063829787
667.873922902 0.0
