0.0 0.0
25.7720631375 0.0106382978723
35.7041539147 0.212765957447
40.4989563589 0.18085106383
41.7547379514 0.18085106383
48.1192673863 0.159574468085
55.7247796407 0.0
56.3251870014 0.372340425532
66.642045876 0.361702127659
71.6355747002 0.255319148936
84.6796360232 0.244680851064
102.055743834 0.223404255319
102.897759821 1.0
111.058060333 1.0
111.185017884 0.0
121.614900484 0.0
132.671745449 0.436170212766
144.026084001 0.606382978723
145.166476082 0.13829787234
170.136776925 0.148936170213
174.480695176 0.13829787234
180.281514871 0.265957446809
183.145643509 0.723404255319
188.873900786 0.36170212766
244.00837707 0.351063829787
246.514489628 0.329787234043
247.409529828 0.13829787234
287.18809837 0.127659574468
287.76548074 0.0
344.968911565 0.0
