0.0 0.0
0.07 0.0
0.14 0.0
0.21 0.0
0.28 0.0
0.35 0.0
0.42 0.0
0.49 0.0
0.56 0.0
0.63 0.0
0.7 0.0
0.77 0.0
0.84 0.0
0.91 0.0
0.98 0.0
1.05 0.0
1.12 0.0
1.19 0.0
1.26 0.0
1.33 0.0
1.4 0.0
1.47 0.0
1.54 0.0
1.61 0.0
1.68 0.0
1.75 0.0
1.82 0.0
1.89 0.0
1.96 0.0
2.03 0.0
2.1 0.0
2.17 0.0
2.24 0.0
2.31 0.0
2.38 0.0
2.45 0.0
2.52 0.0
2.59 0.0
2.66 0.0
2.73 0.0
2.8 0.0
2.87 0.0
2.94 0.0
3.01 0.0
3.08 0.0
3.15 0.0
3.22 0.0
3.29 0.0
3.36 0.0
3.43 0.0
3.5 0.0
3.57 0.0
3.64 0.0
3.71 0.0
3.78 0.0
3.85 0.0
3.92 0.0
3.99 0.0352747837404
4.06 0.0413333381185
4.13 0.0890446158777
4.2 0.0474679012072
4.27 0.129036409392
4.34 0.17264640275
4.41 0.276916316573
4.48 0.150698592031
4.55 0.0737657109344
4.62 0.285032754977
4.69 0.154225996534
4.76 0.215090120228
4.83 0.0954785410586
4.9 0.0460803412617
4.97 0.161914637819
5.04 0.204769318335
5.11 0.397113826087
5.18 0.189772129294
5.25 0.219627065149
5.32 0.327713330271
5.39 0.260896337244
5.46 0.156530232242
5.53 0.22472685622
5.6 0.220939473784
5.67 0.329891129989
5.74 0.288151304802
5.81 0.218904933204
5.88 0.285359838095
5.95 0.301772754767
6.02 0.165458187672
6.09 0.184944493104
6.16 0.164182795587
6.23 0.0657838795853
6.3 0.394172756422
6.37 0.296119872226
6.44 0.159772050831
6.51 0.0632193473483
6.58 0.0546780650903
6.65 0.109607431042
6.72 0.278267326931
6.79 0.144660429395
6.86 0.100102914192
6.93 0.191462343496
7.0 0.272357813283
7.07 0.285497431212
7.14 0.431119759905
7.21 0.204220313958
7.28 0.109738666283
7.35 0.238234019033
7.42 0.263564514883
7.49 0.481146897462
7.56 0.191122858537
7.63 0.0827038317823
7.7 0.412392718536
7.77 0.324623572831
7.84 0.338921204994
7.91 0.296091804492
7.98 0.302087211153
8.05 0.493639372335
8.12 0.429138623296
8.19 0.417314512509
8.26 0.268472121937
8.33 0.106192878444
8.4 0.45611255275
8.47 0.349656151205
8.54 0.144105660607
8.61 0.0686917105693
8.68 0.0491224091664
8.75 0.473221805977
8.82 0.536302498219
8.89 0.440255999411
8.96 0.315698887701
9.03 0.189949390808
9.1 0.442111916632
9.17 0.450067772989
9.24 0.251890547419
9.31 0.11043797172
9.38 0.0640677481759
9.45 0.404931227243
9.52 0.499603128613
9.59 0.29813484098
9.66 0.249218184296
9.73 0.131795319901
9.8 0.0792516754182
9.87 0.0879767113771
9.94 0.316162275494
10.01 0.24597590499
10.08 0.118486792685
10.15 0.0880622061446
10.22 0.132603772778
10.29 0.316057296359
10.36 0.32158586845
10.43 0.175255541631
10.5 0.0987067521385
10.57 0.107323529292
10.64 0.190757962378
10.71 0.210956287437
10.78 0.110330603111
10.85 0.0584133569854
10.92 0.0387621325326
10.99 0.307402479711
11.06 0.387399057359
11.13 0.21326009835
11.2 0.127841534784
11.27 0.535617098586
11.34 0.477012663302
11.41 0.294534630911
11.48 0.150877925985
11.55 0.0761395521861
11.62 0.245980426251
11.69 0.32375199254
11.76 0.285042887597
11.83 0.188382795202
11.9 0.104963765636
11.97 0.144339824408
12.04 0.228414916172
12.11 0.305232143586
12.18 0.155395030461
12.25 0.0800245751034
12.32 0.0403499007553
12.39 0.19243275432
12.46 0.50263135787
12.53 0.323850507601
12.6 0.181102096535
12.67 0.728563618002
12.74 0.535242777278
12.81 0.282104529126
12.88 0.122612238889
12.95 0.0742864835938
13.02 0.22440604352
13.09 0.354879053304
13.16 0.539944998861
13.23 0.292827643536
13.3 0.182837064187
13.37 0.20472396986
13.44 0.271969667382
13.51 0.447672384301
13.58 0.262275248229
13.65 0.125760283885
13.72 0.0609046838495
13.79 0.379420479131
13.86 0.672228816338
13.93 0.317415754693
14.0 0.182041939267
14.07 0.0920607353404
14.14 0.192411867503
14.21 0.537115391146
14.28 0.296612347574
14.35 0.296104696721
14.42 0.234587901384
14.49 0.496606823047
14.56 0.713637882053
14.63 0.439871745386
14.7 0.234930033505
14.77 0.559362991876
14.84 0.548452619204
14.91 0.524919537497
14.98 0.405471303106
15.05 0.370510843004
15.12 0.425839273036
15.19 0.32950522832
15.26 0.597169089475
15.33 0.480972022298
15.4 0.243707586362
15.47 0.344634884821
15.54 0.2527997877
15.61 0.786963439318
15.68 0.56158204829
15.75 0.169503397514
15.82 0.309090206049
15.89 0.480280420963
15.96 0.742629210341
16.03 0.591572181541
16.1 0.303025690479
16.17 0.564111436513
16.24 0.729085697845
16.31 0.54238130066
16.38 0.563237722875
16.45 0.406050588214
16.52 0.688769615179
16.59 0.677083851834
16.66 0.572922168705
16.73 0.460640592585
16.8 0.463428615638
16.87 0.410837344089
16.94 0.462410357542
17.01 0.390984974311
17.08 0.37498364069
17.15 0.215041818487
17.22 0.464208780574
17.29 0.561916381042
17.36 0.439643414714
17.43 0.244723503397
17.5 0.11082219451
17.57 0.685057571464
17.64 0.536952792883
17.71 0.473145681697
17.78 0.258161732218
17.85 0.201124695278
17.92 0.736060276736
17.99 0.741900820472
18.06 0.700848642274
18.13 0.415722882084
18.2 0.192252947156
18.27 0.244069268444
18.34 0.273181822731
18.41 0.66429811974
18.48 0.577999301936
18.55 0.424049461482
18.62 0.480452500598
18.69 0.572807186574
18.76 0.630389050215
18.83 0.578369672022
18.9 0.383675348948
18.97 0.314341878668
19.04 0.744987768328
19.11 0.578953595521
19.18 0.455590452605
19.25 0.396576601975
19.32 0.513407135981
19.39 0.684549444278
19.46 0.687980688837
19.53 0.721345849968
19.6 0.421904602151
19.67 0.450925057039
19.74 0.692812585474
19.81 0.698895934163
19.88 0.661631669395
19.95 0.480593328095
20.02 0.460988753053
20.09 0.323411087953
20.16 0.538006807197
20.23 0.39361023824
20.3 0.180804969305
20.37 0.480687729511
20.44 0.663940972974
20.51 0.438086181787
20.58 0.241778103004
20.65 0.146734574341
20.72 0.660797458609
20.79 0.773094527268
20.86 0.563669185416
20.93 0.373609079173
21.0 0.13678548876
21.07 0.11279116354
21.14 0.183802147888
21.21 0.362066193899
21.28 0.25163229678
21.35 0.104603003424
21.42 0.412576561257
21.49 0.49508619593
21.56 0.55378303984
21.63 0.441461045683
21.7 0.137454233914
21.77 0.145995709828
21.84 0.216908029189
21.91 0.40677277482
21.98 0.385155187894
22.05 0.2087734667
22.12 0.22426132727
22.19 0.718247020335
22.26 0.504851529371
22.33 0.345765482569
22.4 0.141019596701
22.47 0.0774253439506
22.54 0.669591715922
22.61 0.519745404101
22.68 0.484014760192
22.75 0.289574071231
22.82 0.109214167293
22.89 0.637571944418
22.96 0.473143957527
23.03 0.403100744649
23.1 0.1800245295
23.17 0.105381681576
23.24 0.0778038257552
23.31 0.219867338508
23.38 0.370185134224
23.45 0.227285425703
23.52 0.137387195883
23.59 0.653554510513
23.66 0.643080732286
23.73 0.353856345789
23.8 0.190449674897
23.87 0.0966480310157
23.94 0.588877327685
24.01 0.590706343798
24.08 0.401827918516
24.15 0.42140838954
24.22 0.272892198137
24.29 0.674393266235
24.36 0.500143960363
24.43 0.528188503951
24.5 0.267800164268
24.57 0.100675146446
24.64 0.0902452861325
24.71 0.276639701339
24.78 0.490353487466
24.85 0.28939217601
24.92 0.147491111593
24.99 0.470255492218
25.06 0.505836131798
25.13 0.589630494685
25.2 0.341207544632
25.27 0.143039164803
25.34 0.29273644058
25.41 0.267362924821
25.48 0.61018082836
25.55 0.392779563251
25.62 0.221558208645
25.69 0.591086401406
25.76 0.513441611567
25.83 0.684852709178
25.9 0.378682576655
25.97 0.200332906251
26.04 0.408753494442
26.11 0.555161430763
26.18 0.560343290126
26.25 0.411552963545
26.32 0.316283235995
26.39 0.589649732296
26.46 0.553575152448
26.53 0.647482003479
26.6 0.45290197849
26.67 0.184343448163
26.74 0.158482217263
26.81 0.301754513551
26.88 0.76776212165
26.95 0.596203271752
27.02 0.255609909486
27.09 0.412885490617
27.16 0.599528918724
27.23 0.778457488484
27.3 0.627749946076
27.37 0.317301298872
27.44 0.449003173147
27.51 0.702219489955
27.58 0.747942578251
27.65 0.578567654808
27.72 0.395445332675
27.79 0.246349482907
27.86 0.415044625885
27.93 0.639734993426
28.0 0.704176549095
28.07 0.409432006767
28.14 0.213369278586
28.21 0.406452458756
28.28 0.473098454439
28.35 0.495359290983
28.42 0.337862927107
28.49 0.332263431357
28.56 0.481883513057
28.63 0.618648849022
28.7 0.716192956344
28.77 0.386260452529
28.84 0.139232788388
28.91 0.419687583819
28.98 0.355543434934
29.05 0.390183633634
29.12 0.179248317348
29.19 0.306140004843
29.26 0.771976437559
29.33 0.689160264562
29.4 0.534558280335
29.47 0.22714284124
29.54 0.110650597455
29.61 0.300779672049
29.68 0.41007838769
29.75 0.468177046218
29.82 0.332233283375
29.89 0.528187601261
29.96 0.699345158464
30.03 0.492427907279
30.1 0.619344656143
30.17 0.378561597413
30.24 0.174337766399
30.31 0.704629012462
30.38 0.501714792991
30.45 0.377182806682
30.52 0.346916795342
30.59 0.423636347917
30.66 0.593227754612
30.73 0.593261916287
30.8 0.704272768386
30.87 0.415345351384
30.94 0.195277589077
31.01 0.676373642273
31.08 0.558463089287
31.15 0.637598366069
31.22 0.485226709391
31.29 0.385975794294
31.36 0.350655173251
31.43 0.493032019494
31.5 0.548919956657
31.57 0.351437054549
31.64 0.123245424603
31.71 0.677604521418
31.78 0.53045000555
31.85 0.307273637068
31.92 0.21087397395
31.99 0.157591749193
32.06 0.810676036142
32.13 0.737303751379
32.2 0.477487568986
32.27 0.277681673015
32.34 0.13824716614
32.41 0.369505178844
32.48 0.272217790086
32.55 0.625651297305
32.62 0.411070459958
32.69 0.210253680465
32.76 0.458881802031
32.83 0.591090497871
32.9 0.680739981849
32.97 0.595432097798
33.04 0.292152053241
33.11 0.413300030058
33.18 0.511279165393
33.25 0.525578752864
33.32 0.279723561619
33.39 0.162827630979
33.46 0.320649950391
33.53 0.486300864006
33.6 0.628780370188
33.67 0.566742232153
33.74 0.29888640875
33.81 0.163607196205
33.88 0.172270524379
33.95 0.323655150112
34.02 0.477324970723
34.09 0.220375656228
34.16 0.0906894831669
34.23 0.659799715634
34.3 0.664307765096
34.37 0.420544547711
34.44 0.206003525565
34.51 0.139382133659
34.58 0.485133741659
34.65 0.310261506072
34.72 0.424236191874
34.79 0.328031375554
34.86 0.20846563681
34.93 0.672345574176
35.0 0.517671006152
35.07 0.560421847609
35.14 0.370307623676
35.21 0.191005280782
35.28 0.19376343072
35.35 0.206760942081
35.42 0.510392750059
35.49 0.419958562704
35.56 0.287993260595
35.63 0.374305965462
35.7 0.496789674057
35.77 0.570062653517
35.84 0.374180068276
35.91 0.151204012708
35.98 0.374796057583
36.05 0.237868677776
36.12 0.257952748479
36.19 0.292684537448
36.26 0.252358351836
36.33 0.301017471599
36.4 0.548947544935
36.47 0.556476324139
36.54 0.399004011181
36.61 0.170013250432
36.68 0.280645555133
36.75 0.198917047433
36.82 0.305392786541
36.89 0.251943943581
36.96 0.368586388475
37.03 0.369196197946
37.1 0.485991591062
37.17 0.535150392079
37.24 0.288332695578
37.31 0.136162084273
37.38 0.296588740192
37.45 0.456494131501
37.52 0.351330924406
37.59 0.235937982502
37.66 0.217788658247
37.73 0.386239790604
37.8 0.412675535471
37.87 0.484690634725
37.94 0.338464966883
38.01 0.193236150257
38.08 0.296545322038
38.15 0.510564831256
38.22 0.555016060141
38.29 0.38068932593
38.36 0.188001755255
38.43 0.120559250943
38.5 0.648619305811
38.57 0.590048184172
38.64 0.498007815586
38.71 0.203210659532
38.78 0.10833334614
38.85 0.519408333604
38.92 0.312346327126
38.99 0.386879254545
39.06 0.310740038135
39.13 0.230118714458
39.2 0.455527640665
39.27 0.313029327915
39.34 0.476084468087
39.41 0.234212336924
39.48 0.0730326061485
39.55 0.283760740953
39.62 0.148862955669
39.69 0.489194820422
39.76 0.448851928791
39.83 0.208162334428
39.9 0.405048035056
39.97 0.586403776636
40.04 0.379014363758
40.11 0.248085386045
40.18 0.133036258265
40.25 0.342520031354
40.32 0.346450699478
40.39 0.366979246769
40.46 0.334460107923
40.53 0.257633856729
40.6 0.446954258239
40.67 0.522815503819
40.74 0.46360675954
40.81 0.335416573899
40.88 0.153702123805
40.95 0.132020612974
41.02 0.209156729015
41.09 0.443017475872
41.16 0.409205264392
41.23 0.170115799487
41.3 0.17988393158
41.37 0.334061602948
41.44 0.566875636662
41.51 0.396300990945
41.58 0.141231158885
41.65 0.267907871777
41.72 0.391879573204
41.79 0.409365046824
41.86 0.304514517284
41.93 0.341599354393
42.0 0.223096836468
42.07 0.347915322314
42.14 0.43815641203
42.21 0.46695756471
42.28 0.236317193643
42.35 0.135670141481
42.42 0.207156017457
42.49 0.444416255415
42.56 0.444211547742
42.63 0.215219532909
42.7 0.0976811741306
42.77 0.391527580206
42.84 0.406108452537
42.91 0.662870391638
42.98 0.314640056956
43.05 0.194771813883
43.12 0.734826792596
43.19 0.503220802148
43.26 0.388130477019
43.33 0.201250447222
43.4 0.132752334051
43.47 0.667795015498
43.54 0.467787169901
43.61 0.440325298852
43.68 0.1991866879
43.75 0.092295341116
43.82 0.109218299678
43.89 0.139730009889
43.96 0.20846950526
44.03 0.142935077426
44.1 0.0987697030745
44.17 0.265794422321
44.24 0.459316160053
44.31 0.425886642412
44.38 0.369811087783
44.45 0.146080692343
44.52 0.0702960364437
44.59 0.212979497535
44.66 0.422954744893
44.73 0.450636257048
44.8 0.229231599461
44.87 0.121262935521
44.94 0.603549857441
45.01 0.45244685859
45.08 0.293191957163
45.15 0.15813991335
45.22 0.093472111942
45.29 0.537656855404
45.36 0.309994615843
45.43 0.27652262959
45.5 0.287826664257
45.57 0.229245709853
45.64 0.62017003993
45.71 0.453386254662
45.78 0.434161654455
45.85 0.230721424223
45.92 0.108519123866
45.99 0.178129509235
46.06 0.297039452839
46.13 0.506344704083
46.2 0.240283338433
46.27 0.112652527176
46.34 0.41512131708
46.41 0.675554032268
46.48 0.426397182499
46.55 0.233412533007
46.62 0.13954901892
46.69 0.533583237367
46.76 0.437849972096
46.83 0.400125499253
46.9 0.196851190684
46.97 0.114399325068
47.04 0.549135301396
47.11 0.511425857253
47.18 0.464793806667
47.25 0.370611614789
47.32 0.156764734942
47.39 0.142813824878
47.46 0.13260441778
47.53 0.487589610598
47.6 0.288236694932
47.67 0.146879645107
47.74 0.202718182622
47.81 0.436068698618
47.88 0.575770284694
47.95 0.485783928562
48.02 0.244995395905
48.09 0.130880285536
48.16 0.499190736576
48.23 0.305616074329
48.3 0.508938000593
48.37 0.264543356022
48.44 0.199244107125
48.51 0.606630531755
48.58 0.489877519793
48.65 0.665539008128
48.72 0.325322483146
48.79 0.15025120903
48.86 0.502371417419
48.93 0.416415534474
49.0 0.467054897527
49.07 0.338956125678
49.14 0.267222258184
49.21 0.428162580809
49.28 0.662861103923
49.35 0.657432022984
49.42 0.44930670823
49.49 0.15249705723
49.56 0.0952349193121
49.63 0.156753790212
49.7 0.539662942498
49.77 0.567835330771
49.84 0.354587095459
49.91 0.176668807948
49.98 0.531686539784
50.05 0.628903008006
50.12 0.570102435922
50.19 0.312980860629
50.26 0.300204038308
50.33 0.643391821543
50.4 0.568365339608
50.47 0.519943947555
50.54 0.312257118522
50.61 0.274329954223
50.68 0.646873257558
50.75 0.606814265153
50.82 0.451615193454
50.89 0.479350475029
50.96 0.321730116175
51.03 0.288541855794
51.1 0.317868827141
51.17 0.617840691315
51.24 0.518337970913
51.31 0.512621401851
51.38 0.725905018563
51.45 0.622485852875
51.52 0.4900062047
51.59 0.246955700357
51.66 0.117175007188
51.73 0.568771055173
51.8 0.452218880873
51.87 0.383569774787
51.94 0.264286151754
52.01 0.141293689711
52.08 0.678741416134
52.15 0.662606606164
52.22 0.595344254162
52.29 0.351789761265
52.36 0.132807021779
52.43 0.0849902385756
52.5 0.109371771086
52.57 0.664324140023
52.64 0.509636556391
52.71 0.340379571467
52.78 0.474414831475
52.85 0.582781183596
52.92 0.682631563146
52.99 0.546673427536
53.06 0.23250995202
53.13 0.353759495552
53.2 0.542013548063
53.27 0.526766718299
53.34 0.498306592023
53.41 0.345206198767
53.48 0.363912554784
53.55 0.556867685678
53.62 0.580918365011
53.69 0.675549867087
53.76 0.431504206025
53.83 0.243325028395
53.9 0.603247993429
53.97 0.557467123582
54.04 0.534053040821
54.11 0.381344229311
54.18 0.463815808872
54.25 0.468112539781
54.32 0.541975845906
54.39 0.519584928253
54.46 0.352786890473
54.53 0.174934455625
54.6 0.709393572775
54.67 0.537046233824
54.74 0.324870710072
54.81 0.176023523372
54.88 0.557713203519
54.95 0.629461653053
55.02 0.415094501868
55.09 0.470922346094
55.16 0.562677008512
55.23 0.490255448739
55.3 0.381140433699
55.37 0.433987477393
55.44 0.304203791914
55.51 0.221036656673
55.58 0.171809041918
55.65 0.723310199349
55.72 0.588039328099
55.79 0.448765012833
55.86 0.268064119973
55.93 0.157006416997
56.0 0.168264776784
56.07 0.145851062296
56.14 0.397018787478
56.21 0.207738040309
56.28 0.131612022231
56.35 0.109211048482
56.42 0.173226012701
56.49 0.455119410685
56.56 0.347243266255
56.63 0.174882882023
56.7 0.113315378292
56.77 0.176662023715
56.84 0.430379714711
56.91 0.44375443349
56.98 0.22530390959
57.05 0.187516573269
57.12 0.229359209885
57.19 0.226298991346
57.26 0.439813151727
57.33 0.194908886938
57.4 0.108062987268
57.47 0.612355977791
57.54 0.54129249841
57.61 0.363309328081
57.68 0.228804358324
57.75 0.158966969768
57.82 0.25776390348
57.89 0.297725380343
57.96 0.39198775236
58.03 0.331290973082
58.1 0.215600402626
58.17 0.331921486646
58.24 0.719199399217
58.31 0.34201915224
58.38 0.248721956067
58.45 0.18260646898
58.52 0.13995921514
58.59 0.659491715514
58.66 0.422857315247
58.73 0.288959762364
58.8 0.190815703323
58.87 0.130285748398
58.94 0.479479231776
59.01 0.495007343276
59.08 0.432033747899
59.15 0.194732164226
59.22 0.147034181627
59.29 0.337034774342
59.36 0.353370362627
59.43 0.600123502715
59.5 0.24113310579
59.57 0.145172195454
59.64 0.284092971592
59.71 0.364517144894
59.78 0.629821551619
59.85 0.346086467062
59.92 0.247728336107
59.99 0.330837329034
60.06 0.249738263539
60.13 0.657710078149
60.2 0.425758892993
60.27 0.180986222647
60.34 0.25513011553
60.41 0.385906279331
60.48 0.434705198961
60.55 0.416734762
60.62 0.324663666024
60.69 0.273270775208
60.76 0.556373373714
60.83 0.425509830116
60.9 0.347157037466
60.97 0.217269586331
61.04 0.178505589071
61.11 0.284422464487
61.18 0.306594959197
61.25 0.268267028512
61.32 0.221654947997
61.39 0.249008207285
61.46 0.408103305978
61.53 0.338840382976
61.6 0.386077612451
61.67 0.292249445405
61.74 0.158907720175
61.81 0.395533830684
61.88 0.445243721011
61.95 0.362046526808
62.02 0.234447231623
62.09 0.104205237156
62.16 0.347240361404
62.23 0.484561926392
62.3 0.461589565295
62.37 0.198172888595
62.44 0.153170281476
62.51 0.278647390786
62.58 0.557364705713
62.65 0.495001995851
62.72 0.3978129488
62.79 0.254796855699
62.86 0.449191432491
62.93 0.84370052851
63.0 0.544090875851
63.07 0.197337492443
63.14 0.126269868182
63.21 0.31840236709
63.28 0.555448194235
63.35 0.537742792146
63.42 0.567678229861
63.49 0.430351164397
63.56 0.261172485515
63.63 0.74301705014
63.7 0.596025185634
63.77 0.550328915673
63.84 0.279122966461
63.91 0.221795114875
63.98 0.310118240686
64.05 0.334919430486
64.12 0.353057842808
64.19 0.218491215243
64.26 0.197413662014
64.33 0.427864493103
64.4 0.723498708572
64.47 0.580038815121
64.54 0.311581581327
64.61 0.1864325609
64.68 0.585656662971
64.75 0.680361496921
64.82 0.412432718025
64.89 0.24841356551
64.96 0.155332824478
65.03 0.643023431754
65.1 0.818825897514
65.17 0.519890231234
65.24 0.267879095009
65.31 0.183974953736
65.38 0.555636667538
65.45 0.79447842985
65.52 0.491578349196
65.59 0.328559925718
65.66 0.235326278631
65.73 0.469146067086
65.8 0.837197845815
65.87 0.636716684393
65.94 0.252951847288
66.01 0.130466751861
66.08 0.558124013506
66.15 0.935946952557
66.22 0.663798678996
66.29 0.32876241727
66.36 0.213694525089
66.43 0.344603937224
66.5 0.521644592671
66.57 0.47514903417
66.64 0.34305637464
66.71 0.31400863914
66.78 0.343185712358
66.85 0.430490206816
66.92 0.452640391957
66.99 0.3106120607
67.06 0.218503168862
67.13 0.201501231145
67.2 0.450852754356
67.27 0.692476689413
67.34 0.517117021361
67.41 0.339342755121
67.48 0.198764845726
67.55 0.245067982825
67.62 0.289563320158
67.69 0.518625643321
67.76 0.268151412312
67.83 0.161786018505
67.9 0.223021350943
67.97 0.261590335861
68.04 0.675438706553
68.11 0.430998040394
68.18 0.297387792908
68.25 0.258122187198
68.32 0.284107825377
68.39 0.65260210352
68.46 0.435010526931
68.53 0.285615621173
68.6 0.231181785349
68.67 0.327733134796
68.74 0.650603013057
68.81 0.559777072163
68.88 0.292962800326
68.95 0.179813437402
69.02 0.318694264027
69.09 0.56621700695
69.16 0.577754207461
69.23 0.322537942791
69.3 0.213999019085
69.37 0.364932640125
69.44 0.382244366163
69.51 0.600779063592
69.58 0.33746601043
69.65 0.213575647959
69.72 0.656382159796
69.79 0.563273942933
69.86 0.418535120038
69.93 0.294287446817
70.0 0.256534615756
70.07 0.348412076852
70.14 0.348498895982
70.21 0.449462323918
70.28 0.380062993166
70.35 0.267669873885
70.42 0.3836127088
70.49 0.238788694117
70.56 0.393515947708
70.63 0.25641350845
70.7 0.354291661163
70.77 0.261111811607
70.84 0.3845951607
70.91 0.430334480244
70.98 0.412751172485
71.05 0.234072661997
71.12 0.178693518886
71.19 0.407741506765
71.26 0.303686709665
71.33 0.256573284635
71.4 0.232040549936
71.47 0.17682120175
71.54 0.486618020655
71.61 0.406686955209
71.68 0.308693675123
71.75 0.207259216199
71.82 0.117952281329
71.89 0.336434366593
71.96 0.456575832783
72.03 0.260075343531
72.1 0.171423640009
72.17 0.128742650851
72.24 0.244921089499
72.31 0.534622279204
72.38 0.362307348084
72.45 0.269222894778
72.52 0.173220473181
72.59 0.205944519604
72.66 0.588010317069
72.73 0.412937638942
72.8 0.351241364408
72.87 0.290967834439
72.94 0.286588788481
73.01 0.324183642492
73.08 0.383348857733
73.15 0.420742107263
73.22 0.284275012055
73.29 0.292752779586
73.36 0.300450705463
73.43 0.279927555573
73.5 0.337128154375
73.57 0.345618993736
73.64 0.337883793622
73.71 0.349658106514
73.78 0.375979720403
73.85 0.468108974311
73.92 0.380627694671
73.99 0.336807494726
74.06 0.341970567823
74.13 0.401491115079
74.2 0.3941819395
74.27 0.457754719777
74.34 0.388796412588
74.41 0.356685748915
74.48 0.315410211088
74.55 0.492472110992
74.62 0.479453419206
74.69 0.413021625061
74.76 0.406028601927
74.83 0.422111847665
74.9 0.46930953212
74.97 0.464889390327
75.04 0.372899228814
75.11 0.401778061275
75.18 0.485055457482
75.25 0.480760358599
75.32 0.512641738933
75.39 0.46377016835
75.46 0.396361043277
75.53 0.443892257746
75.6 0.438662588593
75.67 0.462684311557
75.74 0.416797851932
75.81 0.413380093066
75.88 0.378693807185
75.95 0.37216610841
76.02 0.51239098156
76.09 0.410581887417
76.16 0.358604273487
76.23 0.399802014402
76.3 0.35031155747
76.37 0.433769293397
76.44 0.517861706508
76.51 0.419914487054
76.58 0.411844990108
76.65 0.512984572279
76.72 0.427966889107
76.79 0.475625409459
76.86 0.369894033778
76.93 0.358505375799
77.0 0.414064268289
77.07 0.398166814333
77.14 0.446347808088
77.21 0.378893984227
77.28 0.378173632675
77.35 0.449405054621
77.42 0.485907183271
77.49 0.450795502238
77.56 0.351729003024
77.63 0.349657670786
77.7 0.493938390843
77.77 0.485418846554
77.84 0.411316468055
77.91 0.218683375833
77.98 0.160145839583
78.05 0.358251216939
78.12 0.542329566197
78.19 0.706638640038
78.26 0.688674570323
78.33 0.562422823102
78.4 0.574780651877
78.47 0.72571350766
78.54 0.408195319481
78.61 0.242243788129
78.68 0.177968716352
78.75 0.182123709265
78.82 0.64190060214
78.89 0.45594672323
78.96 0.392340880749
79.03 0.26645263817
79.1 0.218536810474
79.17 0.48695719014
79.24 0.415419662474
79.31 0.364521364737
79.38 0.276612633124
79.45 0.205902143135
79.52 0.322391389926
79.59 0.641040869269
79.66 0.426186132568
79.73 0.283042469649
79.8 0.1678235908
79.87 0.351216382688
79.94 0.718766879372
80.01 0.466392707029
80.08 0.28407242836
80.15 0.180128060895
80.22 0.146022876434
80.29 0.543985956063
80.36 0.528843739985
80.43 0.307026081278
80.5 0.19585755823
80.57 0.136295154568
80.64 0.527647770591
80.71 0.569253874234
80.78 0.348698912164
80.85 0.218493979537
80.92 0.173117808557
80.99 0.199628206537
81.06 0.285192040773
81.13 0.351086791968
81.2 0.246284229954
81.27 0.164899208411
81.34 0.330435264836
81.41 0.46875563791
81.48 0.356132371644
81.55 0.323717674691
81.62 0.22869824536
81.69 0.206450023054
81.76 0.607727216147
81.83 0.45726133393
81.9 0.293501593995
81.97 0.130990007699
82.04 0.120637761573
82.11 0.503323062279
82.18 0.314952044218
82.25 0.28958882194
82.32 0.238499242877
82.39 0.2167491963
82.46 0.425882869229
82.53 0.483199329425
82.6 0.404993856458
82.67 0.300624710733
82.74 0.23225850904
82.81 0.650159332961
82.88 0.724895234512
82.95 0.616134881498
83.02 0.62013309522
83.09 0.545488015559
83.16 0.411523260661
83.23 0.49980559674
83.3 0.606911309047
83.37 0.340299841112
83.44 0.25671786345
83.51 0.399892511449
83.58 0.397978016186
83.65 0.269005366716
83.72 0.212616256829
83.79 0.138732997812
83.86 0.137451938144
83.93 0.278267214485
84.0 0.331630701673
84.07 0.324554679444
84.14 0.205278177981
84.21 0.19973087897
84.28 0.647671396651
84.35 0.488518663213
84.42 0.301994933715
84.49 0.213702048029
84.56 0.170399292658
84.63 0.557948943124
84.7 0.748607678285
84.77 0.369160791558
84.84 0.217472716638
84.91 0.146192555662
84.98 0.382849010934
85.05 0.735824626151
85.12 0.497880045864
85.19 0.332837528338
85.26 0.182854098172
85.33 0.209105349069
85.4 0.639679075041
85.47 0.478845532246
85.54 0.276372862648
85.61 0.193572956818
85.68 0.170434107143
85.75 0.467722690014
85.82 0.407239061218
85.89 0.341659416096
85.96 0.210970717988
86.03 0.208332368173
86.1 0.532666613142
86.17 0.468549277908
86.24 0.337227945383
86.31 0.191160972996
86.38 0.128507679627
86.45 0.566629194399
86.52 0.599836823578
86.59 0.383219437242
86.66 0.27593467522
86.73 0.230410783187
86.8 0.342565828051
86.87 0.369125171211
86.94 0.433059233763
87.01 0.283244698828
87.08 0.259093258641
87.15 0.741940534161
87.22 0.496023275929
87.29 0.425404702615
87.36 0.288135459307
87.43 0.219788932515
87.5 0.680338918731
87.57 0.574188129394
87.64 0.431310591447
87.71 0.333027058945
87.78 0.289286451922
87.85 0.48796710694
87.92 0.834505639122
87.99 0.379484068822
88.06 0.282413895776
88.13 0.265955446342
88.2 0.258059979654
88.27 0.878568497215
88.34 0.532534525187
88.41 0.427556343056
88.48 0.310666359552
88.55 0.253769754987
88.62 1.0
88.69 0.598536730887
88.76 0.791721237263
88.83 0.589629746608
88.9 0.807421920349
88.97 0.615395365737
89.04 0.543455383435
89.11 0.548499221762
89.18 0.323386120289
89.25 0.265194156691
89.32 0.768057837061
89.39 0.62457766119
89.46 0.421197486413
89.53 0.309929495639
89.6 0.26684984377
89.67 0.522196395701
89.74 0.585956150003
89.81 0.622564947599
89.88 0.394144787078
89.95 0.379955677656
90.02 0.354462881837
90.09 0.472559688882
90.16 0.606359468535
90.23 0.428842127011
90.3 0.296556569746
90.37 0.249551829879
90.44 0.355504692653
90.51 0.559953234208
90.58 0.508357890883
90.65 0.365745490884
90.72 0.266973382718
90.79 0.281257474526
90.86 0.53950609459
90.93 0.719778542206
91.0 0.349042696614
91.07 0.245321838706
91.14 0.260147013706
91.21 0.295336882087
91.28 0.618127573479
91.35 0.463915888804
91.42 0.288211335269
91.49 0.509607420422
91.56 0.494034708524
91.63 0.57191224722
91.7 0.377334354017
91.77 0.241939750163
91.84 0.257422906749
91.91 0.217771252566
91.98 0.643879948986
92.05 0.2619221011
92.12 0.174269040119
92.19 0.159286091095
92.26 0.264325250113
92.33 0.578608614772
92.4 0.536694393877
92.47 0.383534451173
92.54 0.262343824581
92.61 0.274298199202
92.68 0.333698192011
92.75 0.499331820199
92.82 0.480155720075
92.89 0.304684266791
92.96 0.343465944599
93.03 0.416009647117
93.1 0.483413513785
93.17 0.322827490859
93.24 0.236148204707
93.31 0.276549640021
93.38 0.319025556056
93.45 0.373920383952
93.52 0.27697086062
93.59 0.23187579646
93.66 0.415824300433
93.73 0.426075381213
93.8 0.336665271026
93.87 0.246311871331
93.94 0.167714529256
94.01 0.181252478806
94.08 0.24068763437
94.15 0.495157919204
94.22 0.371590696438
94.29 0.29043427575
94.36 0.217331019248
94.43 0.254739347455
94.5 0.300313807324
94.57 0.299326351583
94.64 0.233475880627
94.71 0.211830266573
94.78 0.487678666151
94.85 0.34855538909
94.92 0.303571441735
94.99 0.17944632356
95.06 0.152530083513
95.13 0.205878606032
95.2 0.416589129005
95.27 0.532397356865
95.34 0.370583648569
95.41 0.268884126661
95.48 0.288226860605
95.55 0.328992889099
95.62 0.49931718506
95.69 0.423468658355
95.76 0.320276163201
95.83 0.222185956353
95.9 0.33649326167
95.97 0.460063308076
96.04 0.500177609785
96.11 0.333311795267
96.18 0.226938752019
96.25 0.24826019093
96.32 0.35129718128
96.39 0.38600804595
96.46 0.265982383371
96.53 0.205020712901
96.6 0.597476641373
96.67 0.423205455413
96.74 0.466402158728
96.81 0.413468439585
96.88 0.398778511958
96.95 0.437429715096
97.02 0.3957016405
97.09 0.496656168035
97.16 0.443527955051
97.23 0.372723605573
97.3 0.409348934271
97.37 0.435708607957
97.44 0.567507446477
97.51 0.51533427984
97.58 0.486126059121
97.65 0.443768963993
97.72 0.45696196559
97.79 0.452551408244
97.86 0.423372820131
97.93 0.407956283027
98.0 0.419751862241
98.07 0.43765744918
98.14 0.453949577144
98.21 0.50826945222
98.28 0.38779024086
98.35 0.507149649274
98.42 0.467329245102
98.49 0.500632087806
98.56 0.493780924483
98.63 0.375520644596
98.7 0.389477558019
98.77 0.478520493456
98.84 0.525345510494
98.91 0.379348646534
98.98 0.396153269893
99.05 0.365205886668
99.12 0.477326246671
99.19 0.401314570406
99.26 0.472848131232
99.33 0.475891471962
99.4 0.379667247799
99.47 0.519136972091
99.54 0.421570720744
99.61 0.430566423239
99.68 0.390206511679
99.75 0.447189491838
99.82 0.430837239702
99.89 0.360341312016
99.96 0.507136927275
100.03 0.433485934536
100.1 0.413214930413
100.17 0.436371715201
100.24 0.492190059314
100.31 0.488632391259
100.38 0.542424005095
100.45 0.432987860321
100.52 0.548037441008
100.59 0.461203021747
100.66 0.490343211164
100.73 0.416500763745
100.8 0.329435479095
100.87 0.268754542188
100.94 0.223550119752
101.01 0.30826426628
101.08 0.232951297303
101.15 0.2022377218
101.22 0.238800769552
101.29 0.467589266764
101.36 0.47821410506
101.43 0.598609210047
101.5 0.651218813393
101.57 0.418628746827
101.64 0.484494686896
101.71 0.686904241575
101.78 0.652372278254
101.85 0.375602673845
101.92 0.25633165724
101.99 0.150390456038
102.06 0.139715593394
102.13 0.847879764437
102.2 0.548360504187
102.27 0.379396709327
102.34 0.236637439429
102.41 0.134073882035
102.48 0.663507562933
102.55 0.805187760272
102.62 0.507521834111
102.69 0.309197146739
102.76 0.194598230285
102.83 0.134753156492
102.9 0.547865625308
102.97 0.448676713166
103.04 0.295843391302
103.11 0.419879063487
103.18 0.325047409358
103.25 0.523137812674
103.32 0.46726293797
103.39 0.222283660866
103.46 0.120899391835
103.53 0.062566327435
103.6 0.342487620399
103.67 0.765904200707
103.74 0.468193364923
103.81 0.292842361448
103.88 0.161070258492
103.95 0.0815428767777
104.02 0.703745097486
104.09 0.661673213452
104.16 0.354593468953
104.23 0.263473038621
104.3 0.458574398498
104.37 0.389295578464
104.44 0.547801687347
104.51 0.460889667955
104.58 0.262546273967
104.65 0.392167039462
104.72 0.455373608589
104.79 0.572894421129
104.86 0.289212140831
104.93 0.16639607978
105.0 0.10188708315
105.07 0.079684983946
105.14 0.67198767621
105.21 0.695927822832
105.28 0.770632745551
105.35 0.752726932158
105.42 0.68140181783
105.49 0.726023442786
105.56 0.590247641248
105.63 0.702534094707
105.7 0.573550862832
105.77 0.667557337764
105.84 0.542282009411
105.91 0.552576947196
105.98 0.492029319531
106.05 0.451943697762
106.12 0.39893481013
106.19 0.463935176391
106.26 0.73131299404
106.33 0.473397652548
106.4 0.306551217761
106.47 0.181227631397
106.54 0.0960227539928
106.61 0.603794950354
106.68 0.559423868811
106.75 0.494327622159
106.82 0.384818396951
106.89 0.459119607828
106.96 0.52797547997
107.03 0.399530570116
107.1 0.309536814422
107.17 0.257356971313
107.24 0.294224366256
107.31 0.375461801057
107.38 0.253042473959
107.45 0.200479588742
107.52 0.162231607057
107.59 0.223710519075
107.66 0.253481195505
107.73 0.263213583874
107.8 0.17109522472
107.87 0.119225661883
107.94 0.101937402669
108.01 0.0565560935382
108.08 0.476273438026
108.15 0.685825218991
108.22 0.367983478806
108.29 0.130340058182
108.36 0.782645092256
108.43 0.503096071587
108.5 0.458285253361
108.57 0.226257804929
108.64 0.115491745887
108.71 0.704136440285
108.78 0.676202933852
108.85 0.51808126328
108.92 0.233576828891
108.99 0.128312826583
109.06 0.574780113074
109.13 0.550884785494
109.2 0.427207773409
109.27 0.310340780397
109.34 0.194490683636
109.41 0.641617463485
109.48 0.704508917168
109.55 0.567801892186
109.62 0.288869368393
109.69 0.162276879006
109.76 0.522567891807
109.83 0.463601560481
109.9 0.451991941718
109.97 0.200769822417
110.04 0.10832707416
110.11 0.414145040331
110.18 0.726491002008
110.25 0.645099505458
110.32 0.466849316836
110.39 0.206595339014
110.46 0.132158526249
110.53 0.241970355738
110.6 0.578114724479
110.67 0.608974857532
110.74 0.393074635222
110.81 0.264385560134
110.88 0.596809001938
110.95 0.57786405925
111.02 0.611989010754
111.09 0.375127894662
111.16 0.297712709882
111.23 0.601627050556
111.3 0.497944735025
111.37 0.420338365747
111.44 0.266851650713
111.51 0.27633892118
111.58 0.478883898146
111.65 0.595807379581
111.72 0.709237907111
111.79 0.499725655548
111.86 0.197616376896
111.93 0.710036499111
112.0 0.55690072758
112.07 0.561096731994
112.14 0.455216962147
112.21 0.431075613976
112.28 0.436566491718
112.35 0.389375419704
112.42 0.588508197627
112.49 0.34889183801
112.56 0.131087170286
112.63 0.597211709576
112.7 0.512408746443
112.77 0.347909679719
112.84 0.182459257057
112.91 0.18279120502
112.98 0.648271424895
113.05 0.233873031567
113.12 0.386805347947
113.19 0.167316661474
113.26 0.0666034927131
113.33 0.253580672602
113.4 0.304180635877
113.47 0.569362656225
113.54 0.250097474936
113.61 0.114190188277
113.68 0.538942141162
113.75 0.606551554162
113.82 0.720039552454
113.89 0.361508918505
113.96 0.181912184563
114.03 0.150698826293
114.1 0.455511421912
114.17 0.387774028354
114.24 0.339327924763
114.31 0.185332771754
114.38 0.190938495755
114.45 0.634599294647
114.52 0.572291920638
114.59 0.536214531205
114.66 0.244463508285
114.73 0.126079915904
114.8 0.275322527812
114.87 0.271807914024
114.94 0.337960804974
115.01 0.180067739942
115.08 0.103774577352
115.15 0.576976950499
115.22 0.543411040726
115.29 0.635631956744
115.36 0.292972078671
115.43 0.152095077365
115.5 0.192487913695
115.57 0.316454024065
115.64 0.416809219895
115.71 0.327260293743
115.78 0.208943837782
115.85 0.257683715532
115.92 0.601753816075
115.99 0.574939982964
116.06 0.45270824522
116.13 0.22810659277
116.2 0.149753896948
116.27 0.288600407286
116.34 0.331732413631
116.41 0.365658754527
116.48 0.150337109852
116.55 0.0770922262385
116.62 0.590685185237
116.69 0.495998092743
116.76 0.488266064539
116.83 0.289697528967
116.9 0.125501360133
116.97 0.181691522073
117.04 0.27473558233
117.11 0.42872649207
117.18 0.26586489932
117.25 0.121384567574
117.32 0.364125848947
117.39 0.598378041679
117.46 0.551422856074
117.53 0.519551233541
117.6 0.222552559502
117.67 0.158364925308
117.74 0.396722230285
117.81 0.270557130401
117.88 0.608347618954
117.95 0.473747262318
118.02 0.292551877893
118.09 0.642439391124
118.16 0.467488737049
118.23 0.456623641011
118.3 0.252634311135
118.37 0.111478089601
118.44 0.417049911802
118.51 0.365745973464
118.58 0.547719423836
118.65 0.49009770595
118.72 0.258607361375
118.79 0.445137147332
118.86 0.507943334262
118.93 0.625114813462
119.0 0.547737379253
119.07 0.212606102344
119.14 0.333494816509
119.21 0.296951768501
119.28 0.553799723993
119.35 0.598437747303
119.42 0.381564510735
119.49 0.204320097157
119.56 0.529268185593
119.63 0.570019279091
119.7 0.662640015076
119.77 0.394796941783
119.84 0.157103770117
119.91 0.295920227739
119.98 0.217340352253
120.05 0.366362421926
120.12 0.218600451702
120.19 0.0756043130555
120.26 0.416543894538
120.33 0.651365891005
120.4 0.58412022628
120.47 0.351395443337
120.54 0.144741796463
120.61 0.188541161129
120.68 0.646744329018
120.75 0.347106758553
120.82 0.514731142156
120.89 0.361762593223
120.96 0.518668382116
121.03 0.601299626977
121.1 0.488599238474
121.17 0.457954910875
121.24 0.296241132583
121.31 0.190017312788
121.38 0.447919766736
121.45 0.260468799375
121.52 0.238775819067
121.59 0.0993802200176
121.66 0.0574902827418
121.73 0.440131193886
121.8 0.433085322763
121.87 0.383873400452
121.94 0.142775507392
122.01 0.0682214635792
122.08 0.0407670561241
122.15 0.0626643521062
122.22 0.234040931964
122.29 0.196218781158
122.36 0.0989440316266
122.43 0.0591778841399
122.5 0.298683089471
122.57 0.3411535144
122.64 0.244992509794
122.71 0.143097303993
122.78 0.0666083060202
122.85 0.0993228210955
122.92 0.157621809718
122.99 0.232685757986
123.06 0.121797186065
123.13 0.0563690992103
123.2 0.422231257351
123.27 0.389811525322
123.34 0.381221499349
123.41 0.140085897886
123.48 0.0630776890014
123.55 0.210647634507
123.62 0.165505480523
123.69 0.221904277932
123.76 0.282030603788
123.83 0.173212775326
123.9 0.314173978271
123.97 0.434012399766
124.04 0.355686106855
124.11 0.232571438037
124.18 0.151168528233
124.25 0.312231560517
124.32 0.649068100631
124.39 0.470326144133
124.46 0.329945916107
124.53 0.128933702601
124.6 0.213639829553
124.67 0.690300401467
124.74 0.626368161474
124.81 0.497979471423
124.88 0.267357344696
124.95 0.10203975182
125.02 0.316975943047
125.09 0.251893499123
125.16 0.542038429832
125.23 0.390175173645
125.3 0.189744692506
125.37 0.402987991133
125.44 0.587526307956
125.51 0.600154420639
125.58 0.565495860468
125.65 0.310953183932
125.72 0.117193715366
125.79 0.249269165996
125.86 0.509504020214
125.93 0.534607083396
126.0 0.410346641325
126.07 0.26901967545
126.14 0.471115381263
126.21 0.505645264335
126.28 0.604227496749
126.35 0.536321578094
126.42 0.292251428824
126.49 0.225503710251
126.56 0.309091405471
126.63 0.558015578223
126.7 0.483730461159
126.77 0.258422800251
126.84 0.389554553755
126.91 0.530083561698
126.98 0.517401226689
127.05 0.602572078291
127.12 0.323703509637
127.19 0.162591393177
127.26 0.44029182747
127.33 0.405776779442
127.4 0.540725743206
127.47 0.408669347463
127.54 0.242146937892
127.61 0.495026740186
127.68 0.501365367507
127.75 0.550882488163
127.82 0.412419604027
127.89 0.262694476038
127.96 0.570662320997
128.03 0.47785338033
128.1 0.396434364219
128.17 0.211190274761
128.24 0.131754784733
128.31 0.439053437879
128.38 0.283905094877
128.45 0.493299821783
128.52 0.479937703187
128.59 0.316044932
128.66 0.387023485091
128.73 0.386920587766
128.8 0.235774514345
128.87 0.435819766929
128.94 0.190291652555
129.01 0.243747920064
129.08 0.447588885447
129.15 0.303368956429
129.22 0.452535253524
129.29 0.399831562673
129.36 0.234375856619
129.43 0.327162027001
129.5 0.285716188369
129.57 0.519369603817
129.64 0.429294515414
129.71 0.261273791418
129.78 0.151702222795
129.85 0.109450091184
129.92 0.066009866074
129.99 0.277447679445
130.06 0.385451487399
130.13 0.244691896742
130.2 0.181231785646
130.27 0.232326777728
130.34 0.267849963725
130.41 0.340559844032
130.48 0.24144449178
130.55 0.185813766693
130.62 0.146453162979
130.69 0.124432040688
130.76 0.112680251325
130.83 0.109962180524
130.9 0.0934491230123
130.97 0.0723136586077
131.04 0.0663313253378
131.11 0.0703080384766
131.18 0.0702241569947
131.25 0.0626348553729
131.32 0.0576468448494
131.39 0.0612994781113
131.46 0.0628021841707
131.53 0.0510033580829
131.6 0.049571400767
131.67 0.0566244809187
131.74 0.055454672365
131.81 0.0556795453274
131.88 0.0530040040469
131.95 0.0488383178455
132.02 0.0503326685535
132.09 0.0642534790497
132.16 0.0391126153201
132.23 0.028972835631
132.3 0.0358459774321
132.37 0.0330460460515
132.44 0.0297872543852
132.51 0.0222231343871
132.58 0.0
132.65 0.0
132.72 0.0
132.79 0.0
132.86 0.0
132.93 0.0
133.0 0.0
133.07 0.0
133.14 0.0
133.21 0.0
133.28 0.0
133.35 0.0
133.42 0.0
133.49 0.0
133.56 0.0
133.63 0.0
133.7 0.0
133.77 0.0
133.84 0.0
133.91 0.0
133.98 0.0
134.05 0.0
134.12 0.0
134.19 0.0
134.26 0.0
134.33 0.0
134.4 0.0
134.47 0.0
134.54 0.0
134.61 0.0
134.68 0.0
134.75 0.0
134.82 0.0
134.89 0.0
134.96 0.0
135.03 0.0
135.1 0.0
135.17 0.0
135.24 0.0
135.31 0.0
135.38 0.0
135.45 0.0
135.52 0.0
135.59 0.0
135.66 0.0
135.73 0.0
135.8 0.0
135.87 0.0
135.94 0.0
136.01 0.0
136.08 0.0
136.15 0.0
136.22 0.0
136.29 0.0
136.36 0.0
136.43 0.0
136.5 0.0
136.57 0.0
136.64 0.0
136.71 0.0
136.78 0.0
136.85 0.0
136.92 0.0
136.99 0.0
137.06 0.0
137.13 0.0
137.2 0.0
137.27 0.0
137.34 0.0
137.41 0.0
137.48 0.0
137.55 0.0
137.62 0.0
137.69 0.0
137.76 0.0
137.83 0.0
137.9 0.0
137.97 0.0
138.04 0.0
138.11 0.0
138.18 0.0
138.25 0.0
138.32 0.0
138.39 0.0
138.46 0.0
138.53 0.0
