0.0 0.0
0.07 0.0
0.14 0.0
0.21 0.0
0.28 0.0
0.35 0.0
0.42 0.0
0.49 0.0
0.56 0.0
0.63 0.0
0.7 0.0
0.77 0.0
0.84 0.0
0.91 0.0
0.98 0.0
1.05 0.0
1.12 0.0
1.19 0.0
1.26 0.0
1.33 0.0
1.4 0.0
1.47 0.0
1.54 0.0
1.61 0.0
1.68 0.0
1.75 0.0
1.82 0.0
1.89 0.0
1.96 0.0
2.03 0.0
2.1 0.0
2.17 0.0
2.24 0.0
2.31 0.0
2.38 0.0
2.45 0.0
2.52 0.0
2.59 0.0
2.66 0.0
2.73 0.0
2.8 0.0
2.87 0.0
2.94 0.0
3.01 0.0
3.08 0.0
3.15 0.0
3.22 0.0
3.29 0.0
3.36 0.0
3.43 0.0
3.5 0.0
3.57 0.0
3.64 0.0
3.71 0.0
3.78 0.0
3.85 0.0
3.92 0.0
3.99 0.0
4.06 0.0
4.13 0.0
4.2 0.0
4.27 0.0
4.34 0.00106388505386
4.41 0.196459441448
4.48 0.296188312438
4.55 0.259411921514
4.62 0.221939943292
4.69 0.186845722826
4.76 0.147890883378
4.83 0.106099709488
4.9 0.587948382833
4.97 0.416605080379
5.04 0.248605271992
5.11 0.120762448314
5.18 0.244885726326
5.25 0.37372250006
5.32 0.231647471582
5.39 0.285439670338
5.46 0.276377225457
5.53 0.602844431598
5.6 0.396579045587
5.67 0.163117123203
5.74 0.28943980911
5.81 0.433420268876
5.88 0.38259485122
5.95 0.242929575287
6.02 0.178724504629
6.09 0.221809365738
6.16 0.121676397042
6.23 0.612725870777
6.3 0.466294691585
6.37 0.316759688185
6.44 0.355343117087
6.51 0.414453184144
6.58 0.493475046277
6.65 0.432474930463
6.72 0.36891237697
6.79 0.302850972359
6.86 0.557147046868
6.93 0.461892020114
7.0 0.345516423274
7.07 0.325836030965
7.14 0.351952278998
7.21 0.273282527198
7.28 0.20918570606
7.35 0.1918160231
7.42 0.129612033973
7.49 0.186587693136
7.56 0.616464195369
7.63 0.424623379034
7.7 0.234621918112
7.77 0.112469350406
7.84 0.223525803288
7.91 0.314780655675
7.98 0.240216374573
8.05 0.121967468687
8.12 0.0766416954398
8.19 0.557480322013
8.26 0.428510556045
8.33 0.174283998585
8.4 0.220771833185
8.47 0.307896554832
8.54 0.252795773165
8.61 0.196443923429
8.68 0.161329150055
8.75 0.118769693581
8.82 0.418664013175
8.89 0.514121319572
8.96 0.306978217656
9.03 0.193049995514
9.1 0.114417581113
9.17 0.236541110662
9.24 0.34681057437
9.31 0.265175112747
9.38 0.302550471638
9.45 0.261318889103
9.52 0.937000775275
9.59 0.646746672626
9.66 0.447604255869
9.73 0.453523798461
9.8 0.567731596398
9.87 0.510279294657
9.94 0.54973201392
10.01 0.53197244117
10.08 0.461309869936
10.15 0.490686478398
10.22 0.49851191845
10.29 0.44603990294
10.36 0.421241184647
10.43 0.335925398965
10.5 0.892210681969
10.57 0.575977295169
10.64 0.405640362928
10.71 0.32155598801
10.78 0.388610730683
10.85 0.442854783374
10.92 0.347952467465
10.99 0.617191484664
11.06 0.541613138066
11.13 0.499063821409
11.2 0.247439919878
11.27 0.573148387331
11.34 0.476597776519
11.41 0.652143248226
11.48 0.595651513569
11.55 0.485460082015
11.62 0.425643724075
11.69 0.362040432195
11.76 0.852789056154
11.83 0.532900638
11.9 0.315144237745
11.97 0.38162849258
12.04 0.369933621058
12.11 0.455264690525
12.18 0.477143247222
12.25 0.446188572794
12.32 0.444241227355
12.39 0.584148028649
12.46 0.444364934038
12.53 0.324613569326
12.6 0.334508432195
12.67 0.337050748692
12.74 0.563488739278
12.81 0.444174317883
12.88 0.281552394581
12.95 0.391348016188
13.02 0.717923362769
13.09 0.682563201466
13.16 0.390094387617
13.23 0.271735133289
13.3 0.214924933063
13.37 0.287280602241
13.44 0.137713474303
13.51 0.68258579244
13.58 0.482938964865
13.65 0.39827097236
13.72 0.322908717186
13.79 0.241151222967
13.86 0.608435309097
13.93 0.223570876157
14.0 0.646423800239
14.07 0.373313786562
14.14 0.200818120513
14.21 0.129198448632
14.28 0.32200959296
14.35 0.949636190298
14.42 0.370613274685
14.49 0.270798933456
14.56 0.397719264596
14.63 0.436214797097
14.7 0.541142583282
14.77 0.429145682201
14.84 0.405652298541
14.91 0.452405424091
14.98 0.686957588623
15.05 0.456977872907
15.12 0.323263204308
15.19 0.458304707717
15.26 0.675012087607
15.33 0.478614120018
15.4 0.319466882628
15.47 0.269025627506
15.54 0.292813116374
15.61 0.864885322502
15.68 0.539616422018
15.75 0.340819491587
15.82 0.329008996759
15.89 0.333037437688
15.96 0.228226880002
16.03 0.0844585847933
16.1 0.692088631001
16.17 0.37883872138
16.24 0.355130504729
16.31 0.189582144879
16.38 0.466469416554
16.45 0.422014602014
16.52 0.514315241415
16.59 0.42529828138
16.66 0.282289162325
16.73 0.223293700114
16.8 0.11807948219
16.87 0.665498083881
16.94 0.467851242446
17.01 0.250368236041
17.08 0.378286893055
17.15 0.344235672903
17.22 0.426785573538
17.29 0.474966774762
17.36 0.449944649816
17.43 0.441018479894
17.5 0.574131739437
17.57 0.429427735827
17.64 0.399195078128
17.71 0.406489163534
17.78 0.37760714183
17.85 0.619898172747
17.92 0.435538074843
17.99 0.233215938536
18.06 0.339871512297
18.13 0.411886965419
18.2 0.829371759584
18.27 0.487207327109
18.34 0.444645911794
18.41 0.360618693476
18.48 0.211776964884
18.55 0.0931077313852
18.62 0.413474687806
18.69 0.48806462904
18.76 0.367561761643
18.83 0.282048093951
18.9 0.149152163601
18.97 0.564212202746
19.04 0.33697049361
19.11 0.641157066192
19.18 0.359844282911
19.25 0.262909295998
19.32 0.39204076971
19.39 0.458568179908
19.46 0.692803926124
19.53 0.319996428846
19.6 0.411964810415
19.67 0.52182422526
19.74 0.413255057607
19.81 0.395737572838
19.88 0.37409448471
19.95 0.51239793537
20.02 0.425108730762
20.09 0.727435319241
20.16 0.559997966985
20.23 0.421676023301
20.3 0.338355587299
20.37 0.503637234718
20.44 0.532181102547
20.51 0.369785955885
20.58 0.312206314534
20.65 0.331942044684
20.72 0.856928858243
20.79 0.693787466535
20.86 0.441642512073
20.93 0.353063766421
21.0 0.204240600893
21.07 0.303698971517
21.14 0.149562133237
21.21 0.6964242334
21.28 0.610511924283
21.35 0.614292382334
21.42 0.524813522701
21.49 0.398538536761
21.56 0.709996547514
21.63 0.511648911663
21.7 0.778384452766
21.77 0.603268789417
21.84 0.553554142703
21.91 0.445145508179
21.98 0.613055023858
22.05 0.718342817744
22.12 0.352979466205
22.19 0.288949159555
22.26 0.326777029155
22.33 0.49046721218
22.4 0.484847520424
22.47 0.453481994537
22.54 0.516977391693
22.61 0.660356852314
22.68 0.496470260429
22.75 0.423761368305
22.82 0.354575890854
22.89 0.297986839905
22.96 0.607212871571
23.03 0.496993202161
23.1 0.355629577532
23.17 0.284930797588
23.24 0.438160908214
23.31 0.91189136133
23.38 0.57360695024
23.45 0.466368065463
23.52 0.25873235515
23.59 0.313234213629
23.66 0.397815108886
23.73 0.452489406254
23.8 0.836097103575
23.87 0.62771348102
23.94 0.568906191579
24.01 0.384094293705
24.08 0.65429255181
24.15 0.416416775565
24.22 0.662527734153
24.29 0.543206500446
24.36 0.470458748401
24.43 0.427841903389
24.5 0.195906927643
24.57 0.843110322602
24.64 0.420512369385
24.71 0.270284933961
24.78 0.309584114973
24.85 0.290014334045
24.92 0.556182957085
24.99 0.45517140444
25.06 0.402038944808
25.13 0.380601141179
25.2 0.667165188713
25.27 0.4331899925
25.34 0.252607871372
25.41 0.34170606591
25.48 0.470142924857
25.55 0.589870986706
25.62 0.388578485583
25.69 0.327349429907
25.76 0.336953660894
25.83 0.681804866948
25.9 0.698964774769
25.97 0.369586421606
26.04 0.315972606006
26.11 0.226257084818
26.18 0.285478037678
26.25 0.121626468405
26.32 0.697093322374
26.39 0.653519777439
26.46 0.555409677504
26.53 0.505148725341
26.6 0.453325247047
26.67 0.694391568137
26.74 0.430279604443
26.81 0.764338004908
26.88 0.581055037774
26.95 0.477060389154
27.02 0.473892600625
27.09 0.561319952916
27.16 0.777060635444
27.23 0.348082473212
27.3 0.279208853398
27.37 0.292979569659
27.44 0.395099836807
27.51 0.40163611013
27.58 0.376003003526
27.65 0.373079448978
27.72 0.390704009798
27.79 0.637910574957
27.86 0.427412228223
27.93 0.251040432063
28.0 0.375867611539
28.07 0.570970332643
28.14 0.442977455522
28.21 0.303912796382
28.28 0.354680665898
28.35 0.326903261894
28.42 0.860315321663
28.49 0.570354434362
28.56 0.422450819664
28.63 0.358633187375
28.7 0.195452230747
28.77 0.239250747341
28.84 0.101151757916
28.91 0.668245469016
28.98 0.518566859355
29.05 0.512481000115
29.12 0.400825847946
29.19 0.442735236645
29.26 0.584810960936
29.33 0.559545448238
29.4 0.752809701491
29.47 0.516853407144
29.54 0.483392185166
29.61 0.461447454998
29.68 0.671982662624
29.75 0.524913677361
29.82 0.278686232016
29.89 0.13678742462
29.96 0.071046135552
30.03 0.285657312991
30.1 0.0892973154626
30.17 0.218539849506
30.24 0.526476859118
30.31 0.666109119504
30.38 0.442281976156
30.45 0.307914046618
30.52 0.297643228601
30.59 0.164007781698
30.66 0.689169229518
30.73 0.625146776604
30.8 0.536272255102
30.87 0.279816302023
30.94 0.479221351632
31.01 0.817496161415
31.08 0.5026052193
31.15 0.357488078151
31.22 0.265030778523
31.29 0.244391172866
31.36 0.127152900486
31.43 0.61222097312
31.5 0.510247257383
31.57 0.404548080417
31.64 0.303620878509
31.71 0.173931760801
31.78 0.593414078203
31.85 0.238562108993
31.92 0.70534401355
31.99 0.359396466072
32.06 0.268207069526
32.13 0.387269749961
32.2 0.514606911275
32.27 0.841515936021
32.34 0.368604890557
32.41 0.316105783102
32.48 0.322484103317
32.55 0.368554128322
32.62 0.187518878749
32.69 0.176476927149
32.76 0.475584863822
32.83 0.600131785468
32.9 0.520890910871
32.97 0.38477682474
33.04 0.313887872997
33.11 0.192943361522
33.18 0.554411371149
33.25 0.585275046721
33.32 0.578616072544
33.39 0.315710678154
33.46 0.222756215192
33.53 0.916082777625
33.6 0.433521252541
33.67 0.260366396211
33.74 0.281786567972
33.81 0.230228643568
33.88 0.188148200719
33.95 0.0534392077481
34.02 0.695691801285
34.09 0.395530950677
34.16 0.364430390798
34.23 0.197190244256
34.3 0.620494785742
34.37 0.444908924702
34.44 0.697845264823
34.51 0.462785730544
34.58 0.275449043554
34.65 0.334482284075
34.72 0.423119412613
34.79 0.900283011805
34.86 0.507608178029
34.93 0.270142458685
35.0 0.344099443873
35.07 0.349816574779
35.14 0.28213767592
35.21 0.103015067227
35.28 0.40045480942
35.35 0.565779832658
35.42 0.77191131361
35.49 0.576527126763
35.56 0.444768845734
35.63 0.316810603132
35.7 0.516866156836
35.77 0.597922153936
35.84 0.523017003449
35.91 0.469235619655
35.98 0.359131514991
36.05 0.701770347594
36.12 0.710592843603
36.19 0.411017060767
36.26 0.304757216578
36.33 0.281887836392
36.4 0.333271891241
36.47 0.252427738348
36.54 0.678579155964
36.61 0.690953415878
36.68 0.619257048357
36.75 0.51151953054
36.82 0.438438778921
36.89 0.593954362454
36.96 0.300434467209
37.03 0.707564293554
37.1 0.513428632646
37.17 0.33112334203
37.24 0.320731562692
37.31 0.625079451481
37.38 0.81335731693
37.45 0.553469557732
37.52 0.410065970984
37.59 0.375511368809
37.66 0.379876574283
37.73 0.301075918838
37.8 0.26634350072
37.87 0.631887567424
37.94 0.738990402292
38.01 0.695724099202
38.08 0.546874614472
38.15 0.503285800679
38.22 0.449683772574
38.29 0.661078579693
38.36 0.597824355398
38.43 0.529494014359
38.5 0.441008902698
38.57 0.339352923419
38.64 0.914047226917
38.71 0.728788560518
38.78 0.620419202714
38.85 0.41555934159
38.92 0.437080399418
38.99 0.407562008048
39.06 0.204034084367
39.13 0.571913014105
39.2 0.53023118168
39.27 0.574571805877
39.34 0.456602098026
39.41 0.63445432351
39.48 0.412359002538
39.55 0.650990734216
39.62 0.567040868313
39.69 0.414256554829
39.76 0.342549916595
39.83 0.438165871913
39.9 0.737295844977
39.97 0.653639987832
40.04 0.489530516322
40.11 0.468992932309
40.18 0.759281469688
40.25 0.665774969427
40.32 0.271541473237
40.39 0.222338374596
40.46 0.217323847681
40.53 0.689658827315
40.6 0.670242274623
40.67 0.629303728314
40.74 0.589100496119
40.81 0.597603334719
40.88 0.588614116746
40.95 0.57734654475
41.02 0.518586893272
41.09 0.457781860139
41.16 0.73717098779
41.23 0.685588208147
41.3 0.5419281039
41.37 0.453465448873
41.44 0.374348302775
41.51 0.469844585061
41.58 0.417873448484
41.65 0.771689637305
41.72 0.553141266955
41.79 0.477280999922
41.86 0.320211398473
41.93 0.434248325973
42.0 0.537456608895
42.07 0.484926701933
42.14 0.714846149407
42.21 0.473804968312
42.28 0.443709806114
42.35 0.431347017937
42.42 0.760056368242
42.49 0.737008424631
42.56 0.593184587201
42.63 0.535422642714
42.7 0.428606976735
42.77 0.469300160375
42.84 0.434593074002
42.91 0.454230793195
42.98 0.548026818466
43.05 0.611855126785
43.12 0.521591583578
43.19 0.432620309555
43.26 0.345183361696
43.33 0.464893738859
43.4 0.618411191754
43.47 0.6036753994
43.54 0.530257395247
43.61 0.44905816735
43.68 0.715705404439
43.75 0.689815714887
43.82 0.486591428828
43.89 0.420439176925
43.96 0.359596629569
44.03 0.414840948603
44.1 0.386347233312
44.17 0.640666026247
44.24 0.582348108407
44.31 0.499953517707
44.38 0.365895837168
44.45 0.324364225824
44.52 0.685508706289
44.59 0.46131983867
44.66 0.744530432589
44.73 0.446806738784
44.8 0.339263344895
44.87 0.388708285802
44.94 0.64633997538
45.01 0.751003683121
45.08 0.538986621246
45.15 0.445271332156
45.22 0.378125431026
45.29 0.470185469374
45.36 0.534770915779
45.43 0.469778959285
45.5 0.586032645238
45.57 0.520448450419
45.64 0.607490195732
45.71 0.497300984811
45.78 0.458990466362
45.85 0.295441587442
45.92 0.639313856247
45.99 0.569295212177
46.06 0.547776187824
46.13 0.50870663445
46.2 0.443103140566
46.27 0.821958312309
46.34 0.521906149836
46.41 0.452708565689
46.48 0.419089924519
46.55 0.409443020416
46.62 0.440163828024
46.69 0.447207747812
46.76 0.596290884647
46.83 0.476747058367
46.9 0.486978942979
46.97 0.399213876574
47.04 0.531612349649
47.11 0.229731884402
47.18 0.552700283097
47.25 0.565637978561
47.32 0.455322190439
47.39 0.308171777774
47.46 0.187552579775
47.53 0.840954099922
47.6 0.663831881539
47.67 0.512396533409
47.74 0.353125464181
47.81 0.224435363568
47.88 0.367377754568
47.95 0.212269874111
48.02 0.501873976729
48.09 0.586185742578
48.16 0.767396178699
48.23 0.559273344975
48.3 0.539547100164
48.37 0.454812391086
48.44 0.551849832517
48.51 0.595948132202
48.58 0.498975458836
48.65 0.48940568784
48.72 0.448489113622
48.79 0.719798589321
48.86 0.808317058694
48.93 0.625069483895
49.0 0.463911664709
49.07 0.268646513638
49.14 0.497112271235
49.21 0.484785996044
49.28 0.537588517222
49.35 0.606950220349
49.42 0.699307271164
49.49 0.48835606237
49.56 0.332814324976
49.63 0.367096988082
49.7 0.383565496118
49.77 0.573229225703
49.84 0.433506870099
49.91 0.361518071456
49.98 0.351740030622
50.05 0.265233518597
50.12 0.525617289477
50.19 0.403956939777
50.26 0.370355993627
50.33 0.511120670956
50.4 0.503589088099
50.47 0.357162554553
50.54 0.226043125613
50.61 0.397587032475
50.68 0.377247956244
50.75 0.399540637939
50.82 0.500449019585
50.89 0.283693079722
50.96 0.484787787247
51.03 0.472631540857
51.1 0.415175441995
51.17 0.162059313312
51.24 0.360901656482
51.31 0.449763202095
51.38 0.323598452072
51.45 0.399739453441
51.52 0.317978534119
51.59 0.473739695035
51.66 0.650557093142
51.73 0.627224647928
51.8 0.242340750581
51.87 0.355012231362
51.94 0.466103899755
52.01 0.610954621266
52.08 0.517158496101
52.15 0.503358202025
52.22 0.346986546291
52.29 0.405034625132
52.36 0.957847091506
52.43 0.321787752462
52.5 0.107698685453
52.57 0.0890210981732
52.64 0.345449975382
52.71 0.461075060439
52.78 0.297923965233
52.85 0.450181654685
52.92 0.439630357234
52.99 0.361262390999
53.06 0.132807072901
53.13 0.264579540028
53.2 0.439303808287
53.27 0.313723106428
53.34 0.51000761623
53.41 0.425145975155
53.48 0.494808169817
53.55 0.50746512176
53.62 0.490935267317
53.69 0.188875895331
53.76 0.285995678137
53.83 0.521570438196
53.9 0.339432165783
53.97 0.486063864415
54.04 0.359703609171
54.11 0.454215538116
54.18 0.55936821903
54.25 0.791543542077
54.32 0.518820323773
54.39 0.336555112473
54.46 0.504851533752
54.53 0.364588504655
54.6 0.788530505454
54.67 0.529949768753
54.74 0.396646112363
54.81 0.178687054706
54.88 0.605603549113
54.95 0.698881099178
55.02 0.223622737226
55.09 0.0986852506433
55.16 0.0772312389234
55.23 0.320725797544
55.3 0.462393993288
55.37 0.285069114058
55.44 0.441989975612
55.51 0.369147400034
55.58 0.287052408713
55.65 0.124443740313
55.72 0.332797548523
55.79 0.425239084416
55.86 0.284639079503
55.93 0.470851466226
56.0 0.336855740645
56.07 0.480537342774
56.14 0.479364099033
56.21 0.415729890529
56.28 0.101414199017
56.35 0.314176271615
56.42 0.454268740291
56.49 0.286645636833
56.56 0.551872761064
56.63 0.383044264066
56.7 0.352157070917
56.77 0.464536408777
56.84 0.780117957266
56.91 0.566881540801
56.98 0.29508323201
57.05 0.422244940392
57.12 0.53069818391
57.19 0.804204606897
57.26 0.563490560334
57.33 0.449948663948
57.4 0.167463471672
57.47 0.711440905912
57.54 0.566465795683
57.61 0.142525310517
57.68 0.061511305646
57.75 0.067699983386
57.82 0.504575067302
57.89 0.560497772343
57.96 0.378414396859
58.03 0.544942597597
58.1 0.519536122959
58.17 0.436315358222
58.24 0.191829844069
58.31 0.378814990236
58.38 0.355284428778
58.45 0.367200156785
58.52 0.538638286218
58.59 0.365096767707
58.66 0.635450038361
58.73 0.610210142163
58.8 0.439247574845
58.87 0.245372744102
58.94 0.463395758042
59.01 0.436024548369
59.08 0.548033676707
59.15 0.668359399864
59.22 0.507226314206
59.29 0.600694860482
59.36 0.59945199176
59.43 0.666059706413
59.5 0.376570346426
59.57 0.485973576299
59.64 0.344437829687
59.71 0.696707489199
59.78 0.559526564824
59.85 0.47385369822
59.92 0.369447912237
59.99 0.469637256753
60.06 0.762742379411
60.13 0.406548593585
60.2 0.294765195871
60.27 0.15320121255
60.34 0.545297751827
60.41 0.66456225377
60.48 0.641672943006
60.55 0.699651191336
60.62 0.593945311138
60.69 0.595429356166
60.76 0.49077846012
60.83 0.488716034477
60.9 0.567095541341
60.97 0.727964354508
61.04 0.771473927085
61.11 0.598829830009
61.18 0.527862174411
61.25 0.392804051853
61.32 0.414553004675
61.39 0.234159703905
61.46 0.50101590435
61.53 0.692866894949
61.6 0.496178890251
61.67 0.327728191275
61.74 0.250179235413
61.81 0.698771508552
61.88 0.285843002189
61.95 0.782115026961
62.02 0.605877219679
62.09 0.461786374728
62.16 0.156557914443
62.23 0.365701222956
62.3 0.810219092437
62.37 0.39697179671
62.44 0.364744045379
62.51 0.396284394981
62.58 0.501619168909
62.65 0.63263647631
62.72 0.513872576582
62.79 0.466266193086
62.86 0.568734900897
62.93 0.637497314559
63.0 0.440454842258
63.07 0.385914060707
63.14 0.465221190297
63.21 0.580148280267
63.28 0.590870358596
63.35 0.351644732878
63.42 0.402500604431
63.49 0.406038625445
63.56 0.890503433521
63.63 0.626028820101
63.7 0.436768782904
63.77 0.309479056321
63.84 0.260128760976
63.91 0.287304867301
63.98 0.0997104744164
64.05 0.671558706677
64.12 0.50799820216
64.19 0.414480518362
64.26 0.2999175306
64.33 0.467877890037
64.4 0.56258577315
64.47 0.52832547597
64.54 0.671059052882
64.61 0.334544930253
64.68 0.156370184881
64.75 0.0826136766494
64.82 0.653496951082
64.89 0.636701863099
64.96 0.257508317024
65.03 0.341482786708
65.1 0.266859996417
65.17 0.394213610391
65.24 0.414450439929
65.31 0.440762852254
65.38 0.45225902654
65.45 0.582312363572
65.52 0.590008691181
65.59 0.483936911831
65.66 0.313288077172
65.73 0.369075045765
65.8 0.728483235031
65.87 0.481033623138
65.94 0.274421530256
66.01 0.351397306881
66.08 0.334414354995
66.15 0.927337888129
66.22 0.596059403803
66.29 0.39932199405
66.36 0.317964269943
66.43 0.244390620579
66.5 0.269408729096
66.57 0.101866989888
66.64 0.73495053211
66.71 0.402829770142
66.78 0.418571518205
66.85 0.23232690705
66.92 0.683372173065
66.99 0.319426284321
67.06 0.680621115963
67.13 0.533691566672
67.2 0.28409545971
67.27 0.174660183377
67.34 0.100676637862
67.41 0.855225962648
67.48 0.533825866714
67.55 0.291924075702
67.62 0.46020046536
67.69 0.34149383246
67.76 0.582565277998
67.83 0.572434968378
67.9 0.411849473013
67.97 0.412045026459
68.04 0.67779858986
68.11 0.632741703749
68.18 0.434411107291
68.25 0.428494359436
68.32 0.367810990325
68.39 0.687923244561
68.46 0.417576016921
68.53 0.295910990573
68.6 0.482383990452
68.67 0.488133952043
68.74 0.915981621728
68.81 0.588093544914
68.88 0.43507468602
68.95 0.232709602175
69.02 0.288599491458
69.09 0.218879032175
69.16 0.359520719302
69.23 0.719422105996
69.3 0.414198464736
69.37 0.391082440482
69.44 0.208838378009
69.51 0.692514709982
69.58 0.33973672886
69.65 0.714996672467
69.72 0.516353756793
69.79 0.215308977331
69.86 0.352079780506
69.93 0.359275469158
70.0 0.990718795261
70.07 0.501081902145
70.14 0.235014801279
70.21 0.505972981872
70.28 0.724370457144
70.35 0.860419011652
70.42 0.658374446371
70.49 0.639062418415
70.56 0.622806709895
70.63 0.693230555097
70.7 0.580763534403
70.77 0.41049374472
70.84 0.439185894308
70.91 0.356895366765
70.98 0.621399661337
71.05 0.50887047786
71.12 0.366117575476
71.19 0.483476165032
71.26 0.619728650305
71.33 0.844909467804
71.4 0.484549230002
71.47 0.379428214343
71.54 0.220965633318
71.61 0.297088112958
71.68 0.242994966828
71.75 0.606985241813
71.82 0.68426178784
71.89 0.574223625857
71.96 0.578859211136
72.03 0.472136068832
72.1 0.642086901514
72.17 0.510706415062
72.24 0.764806815564
72.31 0.622729514784
72.38 0.521816523087
72.45 0.455017914413
72.52 0.192762366195
72.59 0.828164500208
72.66 0.484422939853
72.73 0.209213942768
72.8 0.380044198739
72.87 0.349514169183
72.94 0.510112065184
73.01 0.33508031855
73.08 0.409998764127
73.15 0.37978005944
73.22 0.65468347958
73.29 0.610317564973
73.36 0.453321376441
73.43 0.469370238898
73.5 0.437160445527
73.57 0.773873930203
73.64 0.595039406668
73.71 0.479863618488
73.78 0.493334861674
73.85 0.478345155953
73.92 0.842416276198
73.99 0.60060035615
74.06 0.551155076522
74.13 0.410933873164
74.2 0.368085612755
74.27 0.358663152135
74.34 0.462391435082
74.41 0.735365006163
74.48 0.725230770822
74.55 0.649922234518
74.62 0.489143274296
74.69 0.671263873506
74.76 0.461646201607
74.83 0.71916098074
74.9 0.676545980897
74.97 0.590309260795
75.04 0.530158125856
75.11 0.330267316905
75.18 0.892505053561
75.25 0.443776628322
75.32 0.220726112727
75.39 0.362064765
75.46 0.322589628141
75.53 0.471370731399
75.6 0.419436956332
75.67 0.372128397086
75.74 0.415269606458
75.81 0.557792578078
75.88 0.464306376969
75.95 0.345780652133
76.02 0.323956228807
76.09 0.296632306895
76.16 0.517952793613
76.23 0.319922873552
76.3 0.268040662169
76.37 0.391310175876
76.44 0.505839289232
76.51 0.755108918436
76.58 0.392905459206
76.65 0.337588503443
76.72 0.154830132608
76.79 0.233747815615
76.86 0.185742875661
76.93 0.439707832507
77.0 0.629629481553
77.07 0.58282924277
77.14 0.53909840265
77.21 0.290155640446
77.28 0.614911903209
77.35 0.470113567498
77.42 0.690710302547
77.49 0.625556053871
77.56 0.490542224549
77.63 0.471263240844
77.7 0.402569720756
77.77 0.843333877373
77.84 0.49424818348
77.91 0.270489888926
77.98 0.326946078536
78.05 0.226814407314
78.12 0.437897942382
78.19 0.469377488678
78.26 0.446699685696
78.33 0.412319181568
78.4 0.564013223051
78.47 0.423498177425
78.54 0.32370440977
78.61 0.302876501596
78.68 0.408526689158
78.75 0.480825462379
78.82 0.318737784907
78.89 0.262932219952
78.96 0.334483012038
79.03 0.589627412944
79.1 0.76980849519
79.17 0.443774440987
79.24 0.33173204909
79.31 0.171929384093
79.38 0.249428738557
79.45 0.160689671045
79.52 0.581960687261
79.59 0.738038730368
79.66 0.519731925566
79.73 0.420277038602
79.8 0.23432068828
79.87 0.695860710585
79.94 0.471419085844
80.01 0.713794906114
80.08 0.674783252231
80.15 0.522859600332
80.22 0.487910360529
80.29 0.332007076837
80.36 0.807794166335
80.43 0.360706093851
80.5 0.372362670371
80.57 0.392881543201
80.64 0.378885167505
80.71 0.287206668038
80.78 0.312051537367
80.85 0.657214831848
80.92 0.624446148677
80.99 0.684978166871
81.06 0.64580780436
81.13 0.558967370751
81.2 0.370971336176
81.27 0.490866008613
81.34 0.724324744723
81.41 0.750664910361
81.48 0.550860889791
81.55 0.218570441187
81.62 0.604990409973
81.69 0.776836476716
81.76 0.539904247681
81.83 0.472049701843
81.9 0.281325720131
81.97 0.268560301657
82.04 0.142856739344
82.11 0.470701018948
82.18 0.574008985765
82.25 0.367337424942
82.32 0.330874376287
82.39 0.186641238626
82.46 0.674599950155
82.53 0.56818390617
82.6 0.717810353931
82.67 0.487689510934
82.74 0.200288908422
82.81 0.317130521183
82.88 0.424165878217
82.95 0.912575357477
83.02 0.446648984316
83.09 0.286804033149
83.16 0.369681061427
83.23 0.362986554834
83.3 0.217965016851
83.37 0.167243214551
83.44 0.600067112704
83.51 0.5461493598
83.58 0.66668040994
83.65 0.509050915159
83.72 0.405344177169
83.79 0.343268915835
83.86 0.537821254205
83.93 0.52063394557
84.0 0.626878166106
84.07 0.484100594492
84.14 0.16330849947
84.21 0.747783328523
84.28 0.663704812906
84.35 0.433590452686
84.42 0.38940373761
84.49 0.184301197178
84.56 0.266378174278
84.63 0.125383493847
84.7 0.683627352904
84.77 0.477317418754
84.84 0.332458952587
84.91 0.217264128282
84.98 0.257901667511
85.05 0.672183384149
85.12 0.433439848103
85.19 0.716362732328
85.26 0.414384848599
85.33 0.361962504528
85.4 0.375131815178
85.47 0.638279283772
85.54 0.762068408261
85.61 0.309691579119
85.68 0.326369110216
85.75 0.329632282605
85.82 0.380768234015
85.89 0.16880412171
85.96 0.184077119972
86.03 0.586563149062
86.1 0.619697008014
86.17 0.685380801761
86.24 0.463569108607
86.31 0.44456238547
86.38 0.253077602891
86.45 0.609219833071
86.52 0.688621895275
86.59 0.714343109549
86.66 0.474749879592
86.73 0.287612761327
86.8 0.934326200248
86.87 0.585499087184
86.94 0.419140966917
87.01 0.330658149374
87.08 0.315010976831
87.15 0.31517284877
87.22 0.286682418499
87.29 0.728924683913
87.36 0.570383737755
87.43 0.529531533174
87.5 0.441984394178
87.57 0.637086445876
87.64 0.306168919967
87.71 0.522299403873
87.78 0.609448505401
87.85 0.544538552709
87.92 0.377179664332
87.99 0.295993947387
88.06 0.776149721427
88.13 0.758405112112
88.2 0.594361055107
88.27 0.432900269999
88.34 0.364065260945
88.41 0.385441613678
88.48 0.247161073194
88.55 0.394229740404
88.62 0.575705305578
88.69 0.745971509411
88.76 0.584135990846
88.83 0.52044964111
88.9 0.425398113394
88.97 0.375983394445
89.04 0.671430284307
89.11 0.602080287152
89.18 0.506682533664
89.25 0.430799861666
89.32 0.363035855401
89.39 0.933234289756
89.46 0.667483478606
89.53 0.536367999498
89.6 0.388756882518
89.67 0.470109578627
89.74 0.452987902657
89.81 0.281536452874
89.88 0.649213786153
89.95 0.561558022174
90.02 0.588963198109
90.09 0.461850970563
90.16 0.608225926646
90.23 0.42221936408
90.3 0.525714995011
90.37 0.678524463416
90.44 0.475369631256
90.51 0.470142006291
90.58 0.384806276251
90.65 0.700819763023
90.72 0.636142388862
90.79 0.466459241143
90.86 0.474547051107
90.93 0.307142202296
91.0 1.0
91.07 0.548807326011
91.14 0.278051574328
91.21 0.331837222562
91.28 0.605564661635
91.35 0.719187591588
91.42 0.732786706003
91.49 0.717807384667
91.56 0.611028012366
91.63 0.699668136577
91.7 0.644677802098
91.77 0.657129219231
91.84 0.52079525948
91.91 0.465175730482
91.98 0.972273242262
92.05 0.666546178791
92.12 0.531029213161
92.19 0.481658674925
92.26 0.5030997475
92.33 0.497060120818
92.4 0.525944165663
92.47 0.749809390447
92.54 0.60571148632
92.61 0.568970834489
92.68 0.434372450604
92.75 0.690261311093
92.82 0.359441648021
92.89 0.605915399861
92.96 0.630457482388
93.03 0.529407736931
93.1 0.351328602762
93.17 0.256638888877
93.24 0.859577302373
93.31 0.730315577197
93.38 0.594404360886
93.45 0.568307810345
93.52 0.480699974826
93.59 0.529405017976
93.66 0.533265563472
93.73 0.565509107243
93.8 0.594302968459
93.87 0.687444198786
93.94 0.601560091932
94.01 0.567514014599
94.08 0.448037899239
94.15 0.278138728987
94.22 0.704847115451
94.29 0.63924766096
94.36 0.650961709837
94.43 0.529317610712
94.5 0.684769832733
94.57 0.91790933053
94.64 0.636310811322
94.71 0.476151694621
94.78 0.439891799394
94.85 0.388919968112
94.92 0.396704266755
94.99 0.327296218546
95.06 0.642375078528
95.13 0.470532691789
95.2 0.503897744535
95.27 0.391442577931
95.34 0.581084013928
95.41 0.260913681081
95.48 0.601930161372
95.55 0.533414074873
95.62 0.490849034668
95.69 0.376914219521
95.76 0.266479358879
95.83 0.899631849788
95.9 0.776888813143
95.97 0.674504919944
96.04 0.5862708718
96.11 0.550685714726
96.18 0.583491713478
96.25 0.557083468346
96.32 0.527509023803
96.39 0.616030649597
96.46 0.730799710677
96.53 0.675968371878
96.6 0.57715858325
96.67 0.434415377474
96.74 0.236258982403
96.81 0.727741335949
96.88 0.651232418029
96.95 0.57755711904
97.02 0.546482754357
97.09 0.483583130856
97.16 0.932252300572
97.23 0.681653853604
97.3 0.608444859884
97.37 0.508684545242
97.44 0.450667246389
97.51 0.433477755012
97.58 0.401099487511
97.65 0.720242173868
97.72 0.500477337817
97.79 0.551036922568
97.86 0.382482481934
97.93 0.682711398258
98.0 0.354514338916
98.07 0.681338706353
98.14 0.655099169584
98.21 0.507424088284
98.28 0.380873978147
98.35 0.23669491989
98.42 0.778382186205
98.49 0.635668123074
98.56 0.491119133162
98.63 0.390751733877
98.7 0.279243717558
98.77 0.420915385479
98.84 0.301066008663
98.91 0.362007919563
98.98 0.553078229238
99.05 0.655950046148
99.12 0.553150755738
99.19 0.480085197195
99.26 0.44990419274
99.33 0.423412853008
99.4 0.676918908225
99.47 0.594993377342
99.54 0.545102043374
99.61 0.482264063667
99.68 0.593219155123
99.75 0.842229747661
99.82 0.535822982337
99.89 0.344151786042
99.96 0.121516636657
100.03 0.328856130209
100.1 0.291758527204
100.17 0.535611667453
100.24 0.639222706975
100.31 0.470215559289
100.38 0.478172744621
100.45 0.373757887802
100.52 0.627877418583
100.59 0.264802928309
100.66 0.701740170416
100.73 0.604414463558
100.8 0.472372867024
100.87 0.405681077203
100.94 0.497636463364
101.01 0.664421459469
101.08 0.467514258593
101.15 0.364128327367
101.22 0.207007686965
101.29 0.652266639153
101.36 0.718941604295
101.43 0.244614912499
101.5 0.28472177108
101.57 0.516352403057
101.64 0.606025278686
101.71 0.645335375703
101.78 0.636344733952
101.85 0.634992753407
101.92 0.695330783162
101.99 0.655761376205
102.06 0.727545261218
102.13 0.660954819044
102.2 0.550906431129
102.27 0.548960999751
102.34 0.969490618652
102.41 0.642475268782
102.48 0.497537754298
102.55 0.227465542923
102.62 0.308901320999
102.69 0.234444654458
102.76 0.667338917038
102.83 0.612159463666
102.9 0.53005237139
102.97 0.45364780827
103.04 0.350202642189
103.11 0.62046169671
103.18 0.36048858439
103.25 0.725498443155
103.32 0.545135881037
103.39 0.464079499287
103.46 0.351075458694
103.53 0.513912829278
103.6 0.881229307478
103.67 0.590928087004
103.74 0.396164267259
103.81 0.188560899644
103.88 0.273360881998
103.95 0.157047080515
104.02 0.412994917513
104.09 0.613096063075
104.16 0.729611239413
104.23 0.723303517859
104.3 0.642162318051
104.37 0.592033375257
104.44 0.403754590094
104.51 0.677321989767
104.58 0.670276143287
104.65 0.536915801062
104.72 0.472428056746
104.79 0.367458095766
104.86 0.93665332207
104.93 0.669141591828
105.0 0.516330474598
105.07 0.405997231432
105.14 0.284837922561
105.21 0.328815232221
105.28 0.259311867897
105.35 0.791995941409
105.42 0.560406488732
105.49 0.527420269691
105.56 0.46866003148
105.63 0.673455576933
105.7 0.34620414076
105.77 0.657175292189
105.84 0.661016191861
105.91 0.547758410133
105.98 0.410809367328
106.05 0.338320824182
106.12 0.858698754018
106.19 0.692967613378
106.26 0.529704565685
106.33 0.360313168201
106.4 0.251887656181
106.47 0.206318848829
106.54 0.123061723818
106.61 0.531740874209
106.68 0.61177313791
106.75 0.700564049268
106.82 0.621003222173
106.89 0.533690669922
106.96 0.474472287899
107.03 0.39938303159
107.1 0.631421088776
107.17 0.596026895764
107.24 0.537377407867
107.31 0.4486743355
107.38 0.344231529024
107.45 0.908677180642
107.52 0.609078685122
107.59 0.450700498466
107.66 0.210229653646
107.73 0.304452674168
107.8 0.220172001766
107.87 0.174262565004
107.94 0.717779692209
108.01 0.551592316076
108.08 0.707712389304
108.15 0.481520793626
108.22 0.503526799013
108.29 0.360928343111
108.36 0.680052514629
108.43 0.673359222839
108.5 0.538164763319
108.57 0.254617930734
108.64 0.418402697318
108.71 0.885691713275
108.78 0.69975520512
108.85 0.556178492856
108.92 0.36816202364
108.99 0.746339111354
109.06 0.716012188149
109.13 0.324815107227
109.2 0.209729115731
109.27 0.162076584643
109.34 0.423969007778
109.41 0.192082802127
109.48 0.5215707241
109.55 0.442073265406
109.62 0.216675297835
109.69 0.148243554036
109.76 0.116093358353
109.83 0.751879153133
109.9 0.379381310083
109.97 0.279847518329
110.04 0.197799804434
110.11 0.62483661372
110.18 0.492088130382
110.25 0.248998793562
110.32 0.20811877596
110.39 0.365640531026
110.46 0.309473649414
110.53 0.429384577019
110.6 0.288151740067
110.67 0.117782842889
110.74 0.105088800413
110.81 0.320006489437
110.88 0.621986623652
110.95 0.277615981302
111.02 0.163735680731
111.09 0.136952230228
111.16 0.587461647515
111.23 0.519683032611
111.3 0.293040434968
111.37 0.218002794013
111.44 0.163356972181
111.51 0.586931002462
111.58 0.510102310016
111.65 0.292463425313
111.72 0.232204573622
111.79 0.396666693975
111.86 0.710993019033
111.93 0.340230793184
112.0 0.819802358311
112.07 0.520467026113
112.14 0.5032130365
112.21 0.247424973666
112.28 0.493348301437
112.35 0.477465042591
112.42 0.216534513868
112.49 0.132935690465
112.56 0.109874916789
112.63 0.75070362446
112.7 0.400940917816
112.77 0.308063897977
112.84 0.217260237008
112.91 0.33422314981
112.98 0.218516327335
113.05 0.437147578718
113.12 0.273878206701
113.19 0.376883724289
113.26 0.350086631938
113.33 0.379138222013
113.4 0.41740622465
113.47 0.212260797534
113.54 0.25489508496
113.61 0.193318729938
113.68 0.820414311352
113.75 0.578166380684
113.82 0.296576880643
113.89 0.209468364791
113.96 0.155260907756
114.03 0.78026618506
114.1 0.567830982907
114.17 0.362204284791
114.24 0.255861979813
114.31 0.656656706755
114.38 0.490652521322
114.45 0.332650245036
114.52 0.983431136369
114.59 0.599801100679
114.66 0.794612405676
114.73 0.548701944713
114.8 0.460634802247
114.87 0.402795212553
114.94 0.558738838501
115.01 0.290329438812
115.08 0.694532942282
115.15 0.677831504365
115.22 0.506502959817
115.29 0.386366546155
115.36 0.290993649054
115.43 0.30371994926
115.5 0.148591362037
115.57 0.533143016478
115.64 0.211341098585
115.71 0.569142736017
115.78 0.342038701502
115.85 0.50906388301
115.92 0.399649262923
115.99 0.432481299567
116.06 0.539163793044
116.13 0.558858901924
116.2 0.722708527281
116.27 0.448122764373
116.34 0.307687407763
116.41 0.230592593064
116.48 0.667112390706
116.55 0.710621619969
116.62 0.491429521094
116.69 0.35250713859
116.76 0.446257136832
116.83 0.777151567704
116.9 0.361201734663
116.97 0.834202766264
117.04 0.560808248688
117.11 0.37028459811
117.18 0.221933204465
117.25 0.344350918448
117.32 0.481723933275
117.39 0.484705362053
117.46 0.532981979286
117.53 0.404084581366
117.6 0.858533243411
117.67 0.419326646929
117.74 0.282244804789
117.81 0.32351051204
117.88 0.447169127867
117.95 0.437819044481
118.02 0.402543253435
118.09 0.264200104663
118.16 0.13026140249
118.23 0.937091234474
118.3 0.47843505253
118.37 0.442538368502
118.44 0.194889577125
118.51 0.312839938836
118.58 0.267161109133
118.65 0.728832937574
118.72 0.543510167922
118.79 0.279489480951
118.86 0.222344905598
118.93 0.388900995138
119.0 0.840178955652
119.07 0.554761553643
119.14 0.373961262834
119.21 0.25669093366
119.28 0.29353772805
119.35 0.51665038576
119.42 0.514932240827
119.49 0.473463375555
119.56 0.391652044202
119.63 0.370774246429
119.7 0.187408964329
119.77 0.802972294791
119.84 0.532226213307
119.91 0.326421452385
119.98 0.239687332417
120.05 0.312384879107
120.12 0.860792286887
120.19 0.539943569181
120.26 0.425590732021
120.33 0.338941970917
120.4 0.812029924091
120.47 0.615022158646
120.54 0.536732613807
120.61 0.422302583833
120.68 0.413742035196
120.75 0.34459014395
120.82 0.545596981483
120.89 0.559034176883
120.96 0.44428700063
121.03 0.696321259892
121.1 0.365952919135
121.17 0.718684105077
121.24 0.569329008504
121.31 0.3252699465
121.38 0.224826294783
121.45 0.542947308771
121.52 0.641433346633
121.59 0.448355871079
121.66 0.314908609577
121.73 0.211058473152
121.8 0.341121583723
121.87 0.256728492662
121.94 0.500036536524
122.01 0.819929405128
122.08 0.595349581034
122.15 0.410889339952
122.22 0.369394606723
122.29 0.575819303023
122.36 0.311113955092
122.43 0.653340018731
122.5 0.302584329969
122.57 0.710874538988
122.64 0.639671104807
122.71 0.58993398768
122.78 0.583410857884
122.85 0.340100867811
122.92 0.317121002546
122.99 0.347322827441
123.06 0.520466625389
123.13 0.293578177089
123.2 0.601381504394
123.27 0.53252591258
123.34 0.528753000545
123.41 0.409711563089
123.48 0.393744125737
123.55 0.662815215354
123.62 0.679195712168
123.69 0.66576020578
123.76 0.43683202615
123.83 0.364267291426
123.9 0.271748973777
123.97 0.65504505688
124.04 0.800364374333
124.11 0.700259138283
124.18 0.317578029154
124.25 0.316844788702
124.32 0.739307304003
124.39 0.462393515634
124.46 0.435706523711
124.53 0.33919966533
124.6 0.50886108323
124.67 0.326246567815
124.74 0.345592845641
124.81 0.809997899527
124.88 0.523043386951
124.95 0.4451504581
125.02 0.32603597745
125.09 0.353389732079
125.16 0.24001457603
125.23 0.422068380589
125.3 0.562109417625
125.37 0.461340962236
125.44 0.857508830272
125.51 0.51477174444
125.58 0.674055321088
125.65 0.642192704204
125.72 0.552360990199
125.79 0.358503535275
125.86 0.441633108257
125.93 0.518672051199
126.0 0.219755764067
126.07 0.914210738495
126.14 0.576568004083
126.21 0.815623109567
126.28 0.703018220204
126.35 0.441898082303
126.42 0.285672225905
126.49 0.414616080283
126.56 0.833505617405
126.63 0.716043801735
126.7 0.441394237552
126.77 0.295003635999
126.84 0.670283482627
126.91 0.627682789444
126.98 0.492876908463
127.05 0.364046956227
127.12 0.301057991881
127.19 0.259664623522
127.26 0.154125527292
127.33 0.724582139454
127.4 0.581552637427
127.47 0.462497550085
127.54 0.407183492397
127.61 0.646037064573
127.68 0.686279904171
127.75 0.385885551873
127.82 0.438552848703
127.89 0.358716519652
127.96 0.458581687416
128.03 0.401889838635
128.1 0.578746505425
128.17 0.598963841851
128.24 0.471646374585
128.31 0.422889894054
128.38 0.338203115732
128.45 0.697487637355
128.52 0.393578322337
128.59 0.395420053392
128.66 0.506703094608
128.73 0.72377888363
128.8 0.628739369605
128.87 0.425873856925
128.94 0.224017208363
129.01 0.20374319988
129.08 0.669123002356
129.15 0.599031369058
129.22 0.410549378798
129.29 0.250928042109
129.36 0.704140423844
129.43 0.761257903805
129.5 0.507353860494
129.57 0.858445069144
129.64 0.514458208124
129.71 0.568277001653
129.78 0.277384339708
129.85 0.498876282449
129.92 0.481995402728
129.99 0.62318049723
130.06 0.57755652312
130.13 0.469111989902
130.2 0.806240217312
130.27 0.493776886955
130.34 0.688690366308
130.41 0.482285624699
130.48 0.71068938141
130.55 0.492816075303
130.62 0.616200616395
130.69 0.618450834751
130.76 0.520691800281
130.83 0.865658092279
130.9 0.489147732784
130.97 0.700032606211
131.04 0.328314907872
131.11 0.417075020871
131.18 0.534365188768
131.25 0.711214752748
131.32 0.721672031559
131.39 0.578396078363
131.46 0.343133159866
131.53 0.467429686252
131.6 0.816536455486
131.67 0.722010136062
131.74 0.553196919404
131.81 0.278721578423
131.88 0.720336265994
131.95 0.550312123734
132.02 0.515448731931
132.09 0.497989927434
132.16 0.416475084965
132.23 0.45545176446
132.3 0.227838392172
132.37 0.754244189901
132.44 0.574083715675
132.51 0.575026400582
132.58 0.436937456821
132.65 0.407983356417
132.72 0.451263659595
132.79 0.332750133311
132.86 0.475297448069
132.93 0.361672840586
133.0 0.700036418258
133.07 0.367671289117
133.14 0.689576604206
133.21 0.698467186598
133.28 0.717576208097
133.35 0.64890737561
133.42 0.370214539107
133.49 0.60047314399
133.56 0.378404522278
133.63 0.457396024667
133.7 0.459929409262
133.77 0.789896742139
133.84 0.682743486053
133.91 0.537851006547
133.98 0.422803430615
134.05 0.395915682722
134.12 0.857324551072
134.19 0.678078271291
134.26 0.48424100644
134.33 0.388227141104
134.4 0.855575221983
134.47 0.626146001524
134.54 0.708597255095
134.61 0.682923736194
134.68 0.543932682869
134.75 0.489752083547
134.82 0.302358669386
134.89 0.628135638874
134.96 0.412271952366
135.03 0.451457106081
135.1 0.336314527494
135.17 0.69924970695
135.24 0.47679867372
135.31 0.705668352198
135.38 0.479686529361
135.45 0.408778013318
135.52 0.652340285155
135.59 0.477051712153
135.66 0.769238861618
135.73 0.5249163102
135.8 0.730462506368
135.87 0.558203313568
135.94 0.768361257089
136.01 0.524837222844
136.08 0.319284871137
136.15 0.463885918461
136.22 0.490020180716
136.29 0.555521372793
136.36 0.381623164899
136.43 0.338468840705
136.5 0.254447517283
136.57 0.55857030811
136.64 0.607156693243
136.71 0.51914414458
136.78 0.257645828601
136.85 0.357293109144
136.92 0.819864398236
136.99 0.490722062484
137.06 0.408487677674
137.13 0.338870946271
137.2 0.28036514501
137.27 0.205442777157
137.34 0.437864262024
137.41 0.850973244725
137.48 0.573969284209
137.55 0.508255463699
137.62 0.32920469373
137.69 0.31176527671
137.76 0.222660049404
137.83 0.527118988189
137.9 0.31108749466
137.97 0.444765411446
138.04 0.819122280995
138.11 0.690575203353
138.18 0.720213616809
138.25 0.662273375282
138.32 0.461797032386
138.39 0.249631797832
138.46 0.410904778744
138.53 0.217597737554
138.6 0.45335818796
138.67 0.563924122181
138.74 0.688659935375
138.81 0.570559813015
138.88 0.568589520657
138.95 0.5392659031
139.02 0.276348413497
139.09 0.707056579345
139.16 0.636669503178
139.23 0.60116313263
139.3 0.541345982427
139.37 0.412222417564
139.44 0.88825433926
139.51 0.662078290305
139.58 0.578759405531
139.65 0.269299037429
139.72 0.274969265223
139.79 0.194545949746
139.86 0.394276334648
139.93 0.848153167748
140.0 0.707412828965
140.07 0.53021113628
140.14 0.412152399896
140.21 0.347047952406
140.28 0.380348882379
140.35 0.577711594228
140.42 0.558363527496
140.49 0.461691869248
140.56 0.299639179942
140.63 0.509110380804
140.7 0.619886108535
140.77 0.463280402269
140.84 0.377373609139
140.91 0.190940232738
140.98 0.808416200635
141.05 0.322854947797
141.12 0.416691376179
141.19 0.481800275268
141.26 0.648506418251
141.33 0.832627630523
141.4 0.81501651406
141.47 0.759863426967
141.54 0.598752432814
141.61 0.663564496259
141.68 0.620378276021
141.75 0.521488749003
141.82 0.473339619499
141.89 0.542414090586
141.96 0.769818235431
142.03 0.499233950104
142.1 0.477449438457
142.17 0.451327667548
142.24 0.4456958025
142.31 0.378831431413
142.38 0.577811784482
142.45 0.50097165819
142.52 0.5075194354
142.59 0.472083550988
142.66 0.313394487264
142.73 0.594349732637
142.8 0.304402685824
142.87 0.717971167223
142.94 0.589586967349
143.01 0.437679925414
143.08 0.336477176769
143.15 0.434193531234
143.22 0.910571170046
143.29 0.632898755514
143.36 0.535367480549
143.43 0.467671337916
143.5 0.38022313648
143.57 0.452673532742
143.64 0.495679636031
143.71 0.609328001067
143.78 0.626666460831
143.85 0.618676795017
143.92 0.588896133629
143.99 0.562164026354
144.06 0.331629808138
144.13 0.5963214947
144.2 0.679603337165
144.27 0.621384723163
144.34 0.508046155881
144.41 0.448974105961
144.48 0.845721160653
144.55 0.560098162979
144.62 0.507708899903
144.69 0.480824377323
144.76 0.435941690301
144.83 0.538948805046
144.9 0.508526435978
144.97 0.6136557371
145.04 0.538016156617
145.11 0.484579701121
145.18 0.425168864663
145.25 0.571956828539
145.32 0.493834792187
145.39 0.539982610519
145.46 0.649808723913
145.53 0.489675165154
145.6 0.365345383246
145.67 0.274354716086
145.74 0.721671673318
145.81 0.706206447967
145.88 0.539763711727
145.95 0.492547592337
146.02 0.318168041106
146.09 0.50298680411
146.16 0.567835690556
146.23 0.563774555578
146.3 0.582427700974
146.37 0.655284828929
146.44 0.571804994227
146.51 0.49144071841
146.58 0.390725659243
146.65 0.263140315263
146.72 0.6638190021
146.79 0.571169736026
146.86 0.501403420797
146.93 0.487003165555
147.0 0.71586175465
147.07 0.872316216783
147.14 0.684683146542
147.21 0.59713624867
147.28 0.489774891532
147.35 0.494989767953
147.42 0.426033643719
147.49 0.737989465395
147.56 0.557395594664
147.63 0.449590667906
147.7 0.501879433009
147.77 0.384411345831
147.84 0.643877460423
147.91 0.296105467
147.98 0.643792632032
148.05 0.50579757372
148.12 0.345396289811
148.19 0.252200015585
148.26 0.323519066182
148.33 0.91781318541
148.4 0.537147777932
148.47 0.405179342857
148.54 0.254839156941
148.61 0.32826764078
148.68 0.376965640827
148.75 0.261784802833
148.82 0.47996981731
148.89 0.51762152209
148.96 0.727542768461
149.03 0.585954524673
149.1 0.475580707312
149.17 0.411723635258
149.24 0.534369810301
149.31 0.57877362378
149.38 0.561582939416
149.45 0.538335258293
149.52 0.338707108602
149.59 0.784050465493
149.66 0.765368101672
149.73 0.508246720102
149.8 0.407816573597
149.87 0.187298947719
149.94 0.27802593716
150.01 0.147918258931
150.08 0.429692268962
150.15 0.47772803598
150.22 0.568699771502
150.29 0.428082798384
150.36 0.269371932504
150.43 0.217326619453
150.5 0.286381915481
150.57 0.697350655101
150.64 0.532204721167
150.71 0.321761766239
150.78 0.0843127579006
150.85 0.322359093419
150.92 0.60443423224
150.99 0.514613836112
151.06 0.432053973633
151.13 0.493643550259
151.2 0.432808841714
151.27 0.195981410688
151.34 0.141758668721
151.41 0.534615727554
151.48 0.39702337532
151.55 0.452832005988
151.62 0.482263552715
151.69 0.366153467281
151.76 0.458638725751
151.83 0.435891745589
151.9 0.174477198206
151.97 0.147419322765
152.04 0.399133469928
152.11 0.356575812695
152.18 0.426510429822
152.25 0.435586416657
152.32 0.370049462522
152.39 0.444863468332
152.46 0.601248747543
152.53 0.384139188602
152.6 0.300840745359
152.67 0.400595826473
152.74 0.399474020112
152.81 0.626864292319
152.88 0.52172336675
152.95 0.400746036072
153.02 0.253846296533
153.09 0.836949554331
153.16 0.680704513689
153.23 0.176110209325
153.3 0.0683119708735
153.37 0.0831622084723
153.44 0.487258304059
153.51 0.569588177215
153.58 0.492203795023
153.65 0.546748702082
153.72 0.461703699225
153.79 0.307901464565
153.86 0.16493415173
153.93 0.446179172423
154.0 0.391458289997
154.07 0.364679354244
154.14 0.583722055302
154.21 0.381989264987
154.28 0.556579407731
154.35 0.434231526555
154.42 0.278823595474
154.49 0.179988734596
154.56 0.373902812204
154.63 0.394401128683
154.7 0.446127276907
154.77 0.474796980195
154.84 0.514534307845
154.91 0.615551945988
154.98 0.810076934066
155.05 0.458463456533
155.12 0.271854394114
155.19 0.543581804562
155.26 0.589168107145
155.33 0.769222861352
155.4 0.551728151271
155.47 0.530417975453
155.54 0.302431918109
155.61 0.734643717398
155.68 0.584740572397
155.75 0.379916093275
155.82 0.50271059945
155.89 0.510095758347
155.96 0.732393092577
156.03 0.781079332688
156.1 0.78005087097
156.17 0.671151149424
156.24 0.520116454378
156.31 0.723577315876
156.38 0.680298940537
156.45 0.601983388808
156.52 0.50606517716
156.59 0.78014505036
156.66 0.631759994728
156.73 0.568484808764
156.8 0.564721069756
156.87 0.539692625078
156.94 0.486135071625
157.01 0.447577601389
157.08 0.709701241281
157.15 0.637469402793
157.22 0.567798628727
157.29 0.465764679195
157.36 0.687281968607
157.43 0.391892419059
157.5 0.585459994177
157.57 0.611953363939
157.64 0.519570402682
157.71 0.397512611433
157.78 0.264966551264
157.85 0.755526307787
157.92 0.731182055599
157.99 0.479654109734
158.06 0.457735550651
158.13 0.397358155764
158.2 0.525787066822
158.27 0.407358654832
158.34 0.36961158112
158.41 0.551745112586
158.48 0.697379728853
158.55 0.580987376227
158.62 0.507914462269
158.69 0.438155472602
158.76 0.308257378908
158.83 0.681594794424
158.9 0.621923689273
158.97 0.591125582067
159.04 0.484477360276
159.11 0.620558928034
159.18 0.797863914577
159.25 0.566975179385
159.32 0.468288615193
159.39 0.429219009002
159.46 0.475310977393
159.53 0.444540725691
159.6 0.581671673204
159.67 0.740367467718
159.74 0.590526955117
159.81 0.506229685382
159.88 0.327474914015
159.95 0.653615421941
160.02 0.339439087175
160.09 0.674514998906
160.16 0.568912637613
160.23 0.362274823745
160.3 0.301992825348
160.37 0.266258008665
160.44 0.845103647993
160.51 0.652488122558
160.58 0.50995122778
160.65 0.552074138216
160.72 0.387962924875
160.79 0.42881667035
160.86 0.416797593372
160.93 0.402326614314
161.0 0.461528652759
161.07 0.71690549441
161.14 0.597675930112
161.21 0.541806762523
161.28 0.456988304368
161.35 0.509931507323
161.42 0.639442894056
161.49 0.56880056112
161.56 0.472040418589
161.63 0.491916816737
161.7 0.681236460809
161.77 0.735019688623
161.84 0.5187055444
161.91 0.367171907446
161.98 0.309540910237
162.05 0.461237292914
162.12 0.281171430952
162.19 0.642187466083
162.26 0.565113978183
162.33 0.51420075139
162.4 0.418252207556
162.47 0.339986652207
162.54 0.573735721665
162.61 0.274780203741
162.68 0.691237334192
162.75 0.480062971351
162.82 0.383754284327
162.89 0.268134222676
162.96 0.290313524662
163.03 0.914701948376
163.1 0.638146560218
163.17 0.511949790144
163.24 0.329428668746
163.31 0.353208700009
163.38 0.262837097884
163.45 0.304596180534
163.52 0.511739934632
163.59 0.609708458337
163.66 0.658668010773
163.73 0.426430368787
163.8 0.468802863849
163.87 0.364283274469
163.94 0.642587785039
164.01 0.676302931866
164.08 0.618531760387
164.15 0.547812669807
164.22 0.314735279679
164.29 0.85978280044
164.36 0.706030674685
164.43 0.57312528196
164.5 0.209622879018
164.57 0.319960502595
164.64 0.385401643441
164.71 0.261135577841
164.78 0.399342605515
164.85 0.419305025042
164.92 0.670003844829
164.99 0.431311153689
165.06 0.248621916402
165.13 0.198012099887
165.2 0.284999447741
165.27 0.638840444724
165.34 0.527954306548
165.41 0.37824667825
165.48 0.126018107903
165.55 0.281270634896
165.62 0.630150845648
165.69 0.574664927768
165.76 0.508405869642
165.83 0.47367509346
165.9 0.474284185169
165.97 0.189503505324
166.04 0.135798365926
166.11 0.493795049295
166.18 0.423138372956
166.25 0.446730896261
166.32 0.47904085233
166.39 0.504316548477
166.46 0.652532402016
166.53 0.513260501831
166.6 0.250569936986
166.67 0.129747075756
166.74 0.520827536729
166.81 0.550792320013
166.88 0.443797988418
166.95 0.510015254103
167.02 0.407420360629
167.09 0.650348721113
167.16 0.776809233206
167.23 0.503155678963
167.3 0.193458330104
167.37 0.547351131894
167.44 0.617099594799
167.51 0.834574572941
167.58 0.591788296195
167.65 0.522908683888
167.72 0.472552421351
167.79 0.667159656651
167.86 0.788709014913
167.93 0.263240670859
168.0 0.0874638767592
168.07 0.0792902991709
168.14 0.282293925088
168.21 0.539288383847
168.28 0.389146662081
168.35 0.548820242193
168.42 0.48704717174
168.49 0.527349880004
168.56 0.480501393559
168.63 0.441233961621
168.7 0.64758373626
168.77 0.487376692247
168.84 0.606035907639
168.91 0.542205000928
168.98 0.365131083024
169.05 0.421274352905
169.12 0.438671070401
169.19 0.355162279064
169.26 0.431244867694
169.33 0.635386802004
169.4 0.427452533736
169.47 0.467003753093
169.54 0.38173658135
169.61 0.50854861245
169.68 0.568227365809
169.75 0.764404866154
169.82 0.457219316745
169.89 0.419014877704
169.96 0.635524799272
170.03 0.645965290148
170.1 0.678665222123
170.17 0.548957604503
170.24 0.458156153833
170.31 0.216341779271
170.38 0.795046880348
170.45 0.606868350887
170.52 0.279980012241
170.59 0.273242716562
170.66 0.379130123708
170.73 0.62963520881
170.8 0.669261102963
170.87 0.609604706345
170.94 0.51098331209
171.01 0.637411893693
171.08 0.617272988996
171.15 0.542837765222
171.22 0.447279758768
171.29 0.345079114827
171.36 0.777093853075
171.43 0.595729776512
171.5 0.503835309626
171.57 0.446680694351
171.64 0.312603704413
171.71 0.337434849223
171.78 0.221172221033
171.85 0.406578909697
171.92 0.424426160688
171.99 0.362898437977
172.06 0.308610567408
172.13 0.248020188144
172.2 0.375941975171
172.27 0.199440475242
172.34 0.478830921035
172.41 0.330979981486
172.48 0.26603585241
172.55 0.162969850717
172.62 0.258429321484
172.69 0.688006157743
172.76 0.434106838155
172.83 0.363463448868
172.9 0.264758973794
172.97 0.361920230988
173.04 0.328162474196
173.11 0.301334431923
173.18 0.564027983253
173.25 0.510893664674
173.32 0.586381282245
173.39 0.342064076879
173.46 0.283940289856
173.53 0.128949223395
173.6 0.337484725042
173.67 0.334897850072
173.74 0.313732194487
173.81 0.277250387573
173.88 0.231211630543
173.95 0.475220569864
174.02 0.287930000611
174.09 0.238934930685
174.16 0.215387945273
174.23 0.149415269513
174.3 0.187911415157
174.37 0.117381295352
174.44 0.284178661091
174.51 0.186756588658
174.58 0.160294637287
174.65 0.119203789345
174.72 0.188051966039
174.79 0.122788505646
174.86 0.140888072848
174.93 0.20872427493
175.0 0.126891627111
175.07 0.0910944329311
175.14 0.0615662542443
175.21 0.2586296331
175.28 0.261807548815
175.35 0.155526754439
175.42 0.120925112516
175.49 0.0858891899673
175.56 0.154155017843
175.63 0.135374662584
175.7 0.12322287009
175.77 0.172196423763
175.84 0.203757847558
175.91 0.1392044235
175.98 0.079665929378
176.05 0.0554529505584
176.12 0.0211210029598
176.19 0.088862178275
176.26 0.0805384565354
176.33 0.0665859262753
176.4 0.0539209116222
176.47 0.0454157823487
176.54 0.107472670074
176.61 0.0543645271709
176.68 0.043615248964
176.75 0.0374180067473
176.82 0.0302686849935
176.89 0.0356339489861
176.96 0.0317519285731
177.03 0.0386088169088
177.1 0.0289817767881
177.17 0.0257142848449
177.24 0.0184562933279
177.31 0.0259273564856
177.38 0.0118737518523
177.45 0.0260183036725
177.52 0.0229798790429
177.59 0.0160998600755
177.66 0.0127941247989
177.73 0.0083530090578
177.8 0.0298401534413
177.87 0.0253567331584
177.94 0.0158706331611
178.01 0.0115346920408
178.08 0.00797968445053
178.15 0.0120434189687
178.22 0.00994805011674
178.29 0.0106556821063
178.36 0.00898446210003
178.43 0.0112630182069
178.5 0.00906318088142
178.57 0.00639363040846
178.64 0.00300365232618
178.71 0.00167701500742
178.78 0.00726435947351
178.85 0.0060072150922
178.92 0.00440598749349
178.99 0.00362973175925
179.06 0.00255048943561
179.13 0.00768473071791
179.2 0.00390403154281
179.27 0.00203872779642
179.34 0.00098625821741
179.41 0.00185914361537
179.48 0.0013589547554
179.55 0.000956950231544
179.62 0.00136470038366
179.69 0.00150750978816
179.76 0.00201987308787
179.83 0.00104133885952
179.9 0.000608573867839
179.97 0.000506974763849
180.04 0.000692666258391
180.11 0.00099237701297
180.18 0.00057607156986
180.25 0.000288582331503
180.32 0.000251698475285
180.39 0.000325102206075
180.46 0.000309019269424
180.53 0.000221523593069
180.6 0.000218876975736
180.67 0.000186103700886
180.74 0.00015106271704
180.81 0.000130538515381
180.88 0.000124511576387
180.95 0.000110126838016
181.02 0.000102600340569
181.09 8.80628906549e-05
181.16 7.75407209203e-05
181.23 6.50792294178e-05
181.3 5.519661103e-05
181.37 4.37593202481e-05
181.44 2.33396054337e-05
181.51 1.91520941917e-06
181.58 0.0
181.65 0.0
181.72 0.0
181.79 0.0
181.86 0.0
181.93 0.0
182.0 0.0
182.07 0.0
182.14 0.0
182.21 0.0
182.28 0.0
182.35 0.0
182.42 0.0
182.49 0.0
182.56 0.0
182.63 0.0
182.7 0.0
182.77 0.0
182.84 0.0
182.91 0.0
182.98 0.0
183.05 0.0
183.12 0.0
183.19 0.0
183.26 0.0
183.33 0.0
183.4 0.0
183.47 0.0
183.54 0.0
183.61 0.0
183.68 0.0
183.75 0.0
183.82 0.0
183.89 0.0
183.96 0.0
184.03 0.0
184.1 0.0
184.17 0.0
184.24 0.0
184.31 0.0
184.38 0.0
184.45 0.0
184.52 0.0
184.59 0.0
184.66 0.0
184.73 0.0
184.8 0.0
184.87 0.0
184.94 0.0
185.01 0.0
185.08 0.0
185.15 0.0
185.22 0.0
185.29 0.0
185.36 0.0
185.43 0.0
185.5 0.0
185.57 0.0
185.64 0.0
185.71 0.0
185.78 0.0
185.85 0.0
185.92 0.0
185.99 0.0
186.06 0.0
186.13 0.0
186.2 0.0
186.27 0.0
186.34 0.0
186.41 0.0
186.48 0.0
186.55 0.0
186.62 0.0
186.69 0.0
186.76 0.0
186.83 0.0
186.9 0.0
186.97 0.0
187.04 0.0
187.11 0.0
187.18 0.0
187.25 0.0
187.32 0.0
187.39 0.0
187.46 0.0
187.53 0.0
187.6 0.0
187.67 0.0
187.74 0.0
