0.0 0.0
3.46215353149 0.0
23.0788821499 1.0
25.1478703075 0.712765957447
25.7128626552 0.989361702128
26.3406319303 0.755319148936
27.658947408 0.936170212766
28.8517090307 0.734042553191
29.3539244508 0.670212765957
31.1116784212 0.925531914894
31.3627861312 0.765957446809
31.6138938413 0.712765957447
32.8694323915 0.989361702128
33.4344247391 0.691489361702
34.8155171444 0.989361702128
129.919093854 1.0
136.189198647 0.0
417.088600628 0.0
422.200531657 0.510638297872
436.483868358 0.5
452.747475225 0
477.612885861 0.0
490.309495081 0.670212765957
512.673632375 1.0
586.366750079 0.968085106383
587.088054742 0
594.338813894 0
595.263820908 1
597.106761659 1.0
610.737682451 1.0
615.510466155 0.0
630.884774233 0.0
639.214391682 0.393617021277
653.63622608 0.372340425532
655.032785303 0.0851063829785
655.654013312 0.0
664.344423984 0.0
667.873922902 0.0
