0.0 0.0
4.9373078443 0.0
25.3918689135 1.0
33.9724764011 0.989361702128
36.3174206981 0.457446808511
36.3216534495 1
36.5502220272 0.978723404255
36.5756185358 0.5
36.6602735646 0.489361702128
36.6941355761 1
37.1004797142 1
37.4779000508 0.542553191489
37.6920949101 0.372340425532
38.1837113532 0.36170212766
38.1895313865 1
38.5523134577 1
38.5664226291 0.404255319149
38.7935802897 0.0957446808511
38.796402124 1
39.0644763817 1
39.0983383933 0.404255319149
39.3043322966 0.127659574468
39.3142087166 1
39.7586476177 1
40.4528188536 0.478723404255
41.761156463 0.425380334422
52.1943972112 0.0
214.371806095 0.148936170213
226.401096133 1.0
247.99905292 1
248.006195688 0
339.968911565 0.0
