0.0 0.0
0.07 0.0
0.14 0.0
0.21 0.0
0.28 0.0
0.35 0.0
0.42 0.0
0.49 0.0
0.56 0.0
0.63 0.0
0.7 0.0
0.77 0.0
0.84 0.0
0.91 0.0
0.98 0.0
1.05 0.0
1.12 0.0
1.19 0.0
1.26 0.0
1.33 0.0
1.4 0.0
1.47 0.0
1.54 0.0
1.61 0.0
1.68 0.0
1.75 0.0
1.82 0.0
1.89 0.0
1.96 0.0
2.03 0.0
2.1 0.0
2.17 0.0
2.24 0.0
2.31 0.0
2.38 0.0
2.45 0.0
2.52 0.0
2.59 0.0
2.66 0.0
2.73 0.0
2.8 0.0
2.87 0.0
2.94 0.0
3.01 0.0
3.08 0.0
3.15 0.0
3.22 0.0
3.29 0.0
3.36 0.0
3.43 0.0
3.5 0.0
3.57 0.0
3.64 0.0
3.71 0.0
3.78 0.0
3.85 0.0
3.92 0.0
3.99 0.061931775173
4.06 0.0837543629013
4.13 0.065270949563
4.2 0.0626072640448
4.27 0.0564478224763
4.34 0.0469533030435
4.41 0.0510223374246
4.48 0.0552078326096
4.55 0.0495626684204
4.62 0.0486934768813
4.69 0.0491820718933
4.76 0.0412005011356
4.83 0.0477239649021
4.9 0.0396585552275
4.97 0.0380777132383
5.04 0.0398864614018
5.11 0.0625233558504
5.18 0.0763505290734
5.25 0.0672091513406
5.32 0.0722219421347
5.39 0.0854790094161
5.46 0.045699201469
5.53 0.0469199949163
5.6 0.0758640868941
5.67 0.0554636746325
5.74 0.0424166255369
5.81 0.0595562215554
5.88 0.0880302143222
5.95 0.0993588649544
6.02 0.118313700313
6.09 0.118426468492
6.16 0.108010347087
6.23 0.0895640207707
6.3 0.0890617362517
6.37 0.0915140690107
6.44 0.0929428389167
6.51 0.100137978675
6.58 0.0917925608738
6.65 0.086652622232
6.72 0.0875534906079
6.79 0.0796488336254
6.86 0.0583272651203
6.93 0.0580827362534
7.0 0.0723742481931
7.07 0.102377327384
7.14 0.161587817324
7.21 0.17924673622
7.28 0.193946689037
7.35 0.132891510259
7.42 0.084979902515
7.49 0.0921142950046
7.56 0.0728493850591
7.63 0.0418480188664
7.7 0.0466111333402
7.77 0.0446626837125
7.84 0.0485733417524
7.91 0.049015579621
7.98 0.0539010356485
8.05 0.0546930532948
8.12 0.0580593465811
8.19 0.0592273021655
8.26 0.0559477143183
8.33 0.055840345867
8.4 0.0526119423714
8.47 0.0444677039853
8.54 0.0397668608865
8.61 0.0405594968023
8.68 0.0547292253301
8.75 0.0483196107344
8.82 0.0531596795042
8.89 0.0571440723945
8.96 0.061303090481
9.03 0.0631989845844
9.1 0.0680341673258
9.17 0.0703326437776
9.24 0.0698519934637
9.31 0.0738529423833
9.38 0.0741532135422
9.45 0.0745699703404
9.52 0.0726805752563
9.59 0.0707734882522
9.66 0.0760527741277
9.73 0.0695501341495
9.8 0.0715542933911
9.87 0.0687621542084
9.94 0.0646863855259
10.01 0.0716111480453
10.08 0.0675775510961
10.15 0.0747525755272
10.22 0.0610130057374
10.29 0.0633256030471
10.36 0.0444509440446
10.43 0.0606497952632
10.5 0.0606516134724
10.57 0.0804530676502
10.64 0.0900824234325
10.71 0.0997425645933
10.78 0.0862936612171
10.85 0.111672547046
10.92 0.108346225604
10.99 0.11117340616
11.06 0.091794505874
11.13 0.0962896521379
11.2 0.0612793204358
11.27 0.0456620124914
11.34 0.0486167147324
11.41 0.0651153338673
11.48 0.0621274032336
11.55 0.0627572460372
11.62 0.0637546167447
11.69 0.067264602144
11.76 0.0667692649877
11.83 0.0728957918733
11.9 0.0719946398515
11.97 0.0639248866047
12.04 0.061031497617
12.11 0.0535455293617
12.18 0.0457751793436
12.25 0.0488876030567
12.32 0.0461706823098
12.39 0.0318213915794
12.46 0.0391440399517
12.53 0.0432166440876
12.6 0.0762557612949
12.67 0.104027156751
12.74 0.0901454150328
12.81 0.0766538915799
12.88 0.0702560097269
12.95 0.0796663007199
13.02 0.0692529804807
13.09 0.0547185997212
13.16 0.0469937859729
13.23 0.144847586823
13.3 0.0989666977679
13.37 0.0739726592325
13.44 0.047663679048
13.51 0.118503554808
13.58 0.128888676467
13.65 0.0699762198899
13.72 0.0616961269048
13.79 0.204180300675
13.86 0.238349086505
13.93 0.144754548369
14.0 0.146485033806
14.07 0.126001970803
14.14 0.0973362269044
14.21 0.140861497286
14.28 0.173795341361
14.35 0.218019790925
14.42 0.202474696339
14.49 0.19865515136
14.56 0.126384117579
14.63 0.097585294105
14.7 0.0859261241633
14.77 0.0720779912112
14.84 0.0431576366005
14.91 0.125313147962
14.98 0.154900136988
15.05 0.154533573741
15.12 0.147661913124
15.19 0.18585796681
15.26 0.109691050716
15.33 0.0403285947004
15.4 0.0457249178215
15.47 0.221574779288
15.54 0.284262860179
15.61 0.248481324162
15.68 0.163421821733
15.75 0.110702245564
15.82 0.0600998530126
15.89 0.0751488379324
15.96 0.128340667452
16.03 0.097124291168
16.1 0.127505300354
16.17 0.133754572695
16.24 0.112552607319
16.31 0.142442369339
16.38 0.148871790781
16.45 0.1112551759
16.52 0.0425115815412
16.59 0.0781445498737
16.66 0.0830220886528
16.73 0.0697225476924
16.8 0.0667276879957
16.87 0.140315218903
16.94 0.138581625126
17.01 0.0912032519775
17.08 0.106948820132
17.15 0.134906219296
17.22 0.148724164225
17.29 0.0923949200936
17.36 0.0735510268627
17.43 0.102066641064
17.5 0.107047089695
17.57 0.073658353486
17.64 0.0536836439776
17.71 0.0614234974916
17.78 0.276380497499
17.85 0.256455594634
17.92 0.12116289414
17.99 0.120656916996
18.06 0.557529854281
18.13 0.398471530538
18.2 0.12284910991
18.27 0.359652433706
18.34 0.441597617093
18.41 0.370664025789
18.48 0.259617208028
18.55 0.161750281041
18.62 0.18463667927
18.69 0.142374022453
18.76 0.0869282554155
18.83 0.175529003109
18.9 0.227182524446
18.97 0.185900143772
19.04 0.0717295185572
19.11 0.108758223164
19.18 0.289240512873
19.25 0.187581532334
19.32 0.233126248769
19.39 0.175731809893
19.46 0.31742842723
19.53 0.288085069077
19.6 0.153854568707
19.67 0.149257117789
19.74 0.107134889197
19.81 0.136127493765
19.88 0.112714464531
19.95 0.168867483547
20.02 0.618179032582
20.09 0.516493100458
20.16 0.281510154306
20.23 0.170270891331
20.3 0.136168862924
20.37 0.116641265549
20.44 0.112939084596
20.51 0.207305390418
20.58 0.272389286652
20.65 0.317555341103
20.72 0.172632318862
20.79 0.205358230921
20.86 0.186016233353
20.93 0.198715544398
21.0 0.14918912644
21.07 0.234177734399
21.14 0.312269319619
21.21 0.28085973476
21.28 0.0992187543605
21.35 0.162666938165
21.42 0.287349222459
21.49 0.198186364501
21.56 0.14525346443
21.63 0.227950062279
21.7 0.320472271389
21.77 0.235825178265
21.84 0.208482222679
21.91 0.186638344519
21.98 0.176385599203
22.05 0.12809111923
22.12 0.111291397606
22.19 0.133437910204
22.26 0.22169282694
22.33 0.171268290795
22.4 0.0638930529131
22.47 0.0750641389281
22.54 0.256902484556
22.61 0.298665350846
22.68 0.145912480929
22.75 0.217039091274
22.82 0.465256269256
22.89 0.49057925986
22.96 0.480653200059
23.03 0.463902801442
23.1 0.41428259082
23.17 0.322642911139
23.24 0.216317284472
23.31 0.257947834548
23.38 0.228977840606
23.45 0.212283669223
23.52 0.14085801903
23.59 0.118143504959
23.66 0.232471984972
23.73 0.153581924915
23.8 0.103297924179
23.87 0.0800079044387
23.94 0.224012341549
24.01 0.200315378895
24.08 0.13618770642
24.15 0.116886233609
24.22 0.22724156069
24.29 0.195383602323
24.36 0.106466189526
24.43 0.116296586168
24.5 0.354954101592
24.57 0.483008086743
24.64 0.383548643845
24.71 0.423729988442
24.78 0.38994165797
24.85 0.0967653196961
24.92 0.126804817969
24.99 0.0915384860822
25.06 0.188983759785
25.13 0.329831388488
25.2 0.238108997938
25.27 0.301956867505
25.34 0.241718254157
25.41 0.0973150894064
25.48 0.131631688711
25.55 0.228008548223
25.62 0.237857262898
25.69 0.145770672381
25.76 0.0623805447389
25.83 0.0605721782554
25.9 0.245672653786
25.97 0.251588139008
26.04 0.112062153577
26.11 0.148490758982
26.18 0.189230574811
26.25 0.202900830443
26.32 0.187380776427
26.39 0.165708288332
26.46 0.164891883678
26.53 0.151510766432
26.6 0.125879719441
26.67 0.0893688201395
26.74 0.144634409319
26.81 0.18489877588
26.88 0.119741768293
26.95 0.0821957132589
27.02 0.311992478653
27.09 0.343116034773
27.16 0.134405418363
27.23 0.101125428313
27.3 0.237634263666
27.37 0.417172765591
27.44 0.425608654655
27.51 0.274729172784
27.58 0.178633859882
27.65 0.169675610186
27.72 0.110674877007
27.79 0.0856385804683
27.86 0.134441281917
27.93 0.315660473092
28.0 0.2301197426
28.07 0.0987100400998
28.14 0.279998975476
28.21 0.309682926942
28.28 0.298307910016
28.35 0.225778602962
28.42 0.247716558739
28.49 0.267779518707
28.56 0.283572255729
28.63 0.21238020554
28.7 0.235956731119
28.77 0.156156401852
28.84 0.129718098766
28.91 0.104196348234
28.98 0.192400755094
29.05 0.186446529339
29.12 0.147931404133
29.19 0.0936229628493
29.26 0.0823660275611
29.33 0.0769680888352
29.4 0.0697649586293
29.47 0.0577431507337
29.54 0.267375916802
29.61 0.36465985745
29.68 0.359253676001
29.75 0.307592599489
29.82 0.220266012491
29.89 0.366414148224
29.96 0.302663303838
30.03 0.21809984964
30.1 0.200572347659
30.17 0.29607489955
30.24 0.217298776241
30.31 0.130437333148
30.38 0.0975772095447
30.45 0.265442275579
30.52 0.411586814107
30.59 0.26305363896
30.66 0.16582379755
30.73 0.329968751508
30.8 0.335489082765
30.87 0.290612688242
30.94 0.189489961754
31.01 0.157519551532
31.08 0.263966132894
31.15 0.249387589652
31.22 0.327134411835
31.29 0.277862514398
31.36 0.265980977873
31.43 0.211470644791
31.5 0.204051748977
31.57 0.228080675311
31.64 0.285429583146
31.71 0.25235694475
31.78 0.301912352098
31.85 0.233004779067
31.92 0.163565677236
31.99 0.119573442126
32.06 0.115848345987
32.13 0.158768126588
32.2 0.193379005195
32.27 0.220713689302
32.34 0.284064938117
32.41 0.289814153277
32.48 0.233377636114
32.55 0.206253495657
32.62 0.1810328633
32.69 0.185300793551
32.76 0.174134375275
32.83 0.123233179464
32.9 0.275150454844
32.97 0.345576137076
33.04 0.326846311305
33.11 0.265535615978
33.18 0.169395743229
33.25 0.152844475764
33.32 0.401223633827
33.39 0.318889677854
33.46 0.282758453558
33.53 0.176681645738
33.6 0.243294210118
33.67 0.272474541184
33.74 0.280866512197
33.81 0.195986020364
33.88 0.179459456231
33.95 0.158050894719
34.02 0.157988214214
34.09 0.277226777774
34.16 0.306658671339
34.23 0.348392673723
34.3 0.196018995175
34.37 0.219134551802
34.44 0.192441545198
34.51 0.139106236626
34.58 0.116626139513
34.65 0.108365750111
34.72 0.127868802317
34.79 0.0771430826404
34.86 0.0285153240194
34.93 0.087413760387
35.0 0.368270050876
35.07 0.122827883527
35.14 0.128401406878
35.21 0.120383955574
35.28 0.413942430166
35.35 0.555803048398
35.42 0.457739977037
35.49 0.363181261294
35.56 0.35085471449
35.63 0.390722216062
35.7 0.252780282917
35.77 0.258344368834
35.84 0.300187913416
35.91 0.4057890027
35.98 0.287468522336
36.05 0.105671149809
36.12 0.179934559111
36.19 0.27584669692
36.26 0.247716073796
36.33 0.132801589295
36.4 0.366385384966
36.47 0.503457304391
36.54 0.434861071242
36.61 0.240680775664
36.68 0.259256070652
36.75 0.166723041171
36.82 0.108051965907
36.89 0.339152240846
36.96 0.686760559282
37.03 0.403251595792
37.1 0.367447642603
37.17 0.335106719007
37.24 0.2487112786
37.31 0.114699807726
37.38 0.0934402543997
37.45 0.191590492615
37.52 0.369768392443
37.59 0.505686287609
37.66 0.347886775007
37.73 0.105172806268
37.8 0.149694074877
37.87 0.163669241958
37.94 0.0893152764297
38.01 0.074299544738
38.08 0.181829549992
38.15 0.166326351336
38.22 0.16701110118
38.29 0.062531665236
38.36 0.158323790785
38.43 0.20087940279
38.5 0.0798689284282
38.57 0.0496632241428
38.64 0.217195465101
38.71 0.204151889034
38.78 0.165114524758
38.85 0.0859950174273
38.92 0.260638897773
38.99 0.205239129727
39.06 0.187583860321
39.13 0.196125478703
39.2 0.423300149949
39.27 0.714682148484
39.34 0.574717072739
39.41 0.501598362676
39.48 0.51996725106
39.55 0.477440472899
39.62 0.206264472883
39.69 0.304289546156
39.76 0.342782220205
39.83 0.385130824329
39.9 0.296971734142
39.97 0.233466336224
40.04 0.282859753034
40.11 0.294081199912
40.18 0.255122464358
40.25 0.18327228913
40.32 0.111732821136
40.39 0.288694060643
40.46 0.280659797113
40.53 0.325749259341
40.6 0.170170463706
40.67 0.417895280853
40.74 0.36250509141
40.81 0.231407220272
40.88 0.271873895603
40.95 0.70405823231
41.02 0.754770606254
41.09 0.678383119563
41.16 0.647064923568
41.23 0.512035092194
41.3 0.395361528925
41.37 0.35508208992
41.44 0.331282064481
41.51 0.34834070379
41.58 0.379968230619
41.65 0.306294343274
41.72 0.147114139391
41.79 0.150489366869
41.86 0.181243268394
41.93 0.116731496301
42.0 0.146818733347
42.07 0.233869359073
42.14 0.436759292026
42.21 0.378015730215
42.28 0.268737056125
42.35 0.248562806335
42.42 0.197322708631
42.49 0.260410990291
42.56 0.127473405228
42.63 0.303266550595
42.7 0.494412921776
42.77 0.359494367153
42.84 0.262202196854
42.91 0.176906107642
42.98 0.198567201539
43.05 0.227657029971
43.12 0.237112981411
43.19 0.185970655255
43.26 0.320883255929
43.33 0.247655242871
43.4 0.114194451466
43.47 0.230268711571
43.54 0.345975778396
43.61 0.361665060495
43.68 0.120211651829
43.75 0.127290901997
43.82 0.208130337125
43.89 0.160588868919
43.96 0.188165191841
44.03 0.140604989937
44.1 0.236126744783
44.17 0.189016218282
44.24 0.193731847564
44.31 0.183962134141
44.38 0.285527838331
44.45 0.208908759377
44.52 0.187305697853
44.59 0.182341699374
44.66 0.193641627269
44.73 0.181960183939
44.8 0.120097858865
44.87 0.143225179606
44.94 0.21811307904
45.01 0.162531164608
45.08 0.138034380779
45.15 0.133311153186
45.22 0.344582732182
45.29 0.340085842215
45.36 0.177567858643
45.43 0.148075586417
45.5 0.410295106582
45.57 0.566980501413
45.64 0.546236224109
45.71 0.308969400769
45.78 0.232795095504
45.85 0.212930681097
45.92 0.186846041254
45.99 0.189843788387
46.06 0.231756445829
46.13 0.21260059706
46.2 0.235648244688
46.27 0.124829756609
46.34 0.331239854841
46.41 0.390715364119
46.48 0.272416184644
46.55 0.225554271771
46.62 0.354390605775
46.69 0.350396572847
46.76 0.265543968499
46.83 0.171391795689
46.9 0.198898490744
46.97 0.223840022119
47.04 0.210248723296
47.11 0.194886704461
47.18 0.467690405546
47.25 0.461175613238
47.32 0.32059729124
47.39 0.294166718483
47.46 0.250995642036
47.53 0.24008105422
47.6 0.250303710855
47.67 0.221080842061
47.74 0.349991083455
47.81 0.793359122536
47.88 0.619535986496
47.95 0.406959861406
48.02 0.300367035118
48.09 0.284887869239
48.16 0.201014499257
48.23 0.20315314846
48.3 0.245630479438
48.37 0.357100490275
48.44 0.447806137236
48.51 0.283480145333
48.58 0.136396325984
48.65 0.194237024748
48.72 0.174656426119
48.79 0.196689592789
48.86 0.182679994763
48.93 0.46585194646
49.0 0.502453744453
49.07 0.24905060923
49.14 0.186401189138
49.21 0.183508606645
49.28 0.157275305004
49.35 0.113885992484
49.42 0.0848576668382
49.49 0.238602271146
49.56 0.282853093238
49.63 0.269640898208
49.7 0.205168679679
49.77 0.197000117027
49.84 0.166933727297
49.91 0.241233414511
49.98 0.262555363389
50.05 0.594848250188
50.12 0.784342050964
50.19 0.684392926834
50.26 0.491041271896
50.33 0.493787446072
50.4 0.486238712349
50.47 0.380528487383
50.54 0.146752076572
50.61 0.223754993719
50.68 0.153335115117
50.75 0.121966483753
50.82 0.169060319591
50.89 0.2545632546
50.96 0.281573830839
51.03 0.200865029657
51.1 0.102860922648
51.17 0.150289924621
51.24 0.440515207529
51.31 0.250533184271
51.38 0.140542050622
51.45 0.125199556294
51.52 0.198966909522
51.59 0.141912437846
51.66 0.0593260919637
51.73 0.0782444559556
51.8 0.362473520451
51.87 0.511480222087
51.94 0.368339087924
52.01 0.346951744952
52.08 0.314580383672
52.15 0.0873008667237
52.22 0.157062494802
52.29 0.16541308097
52.36 0.404592138767
52.43 0.348107444944
52.5 0.175443779948
52.57 0.248917700888
52.64 0.271968289544
52.71 0.164819594506
52.78 0.0605906178501
52.85 0.0509007343957
52.92 0.175597228432
52.99 0.136555674825
53.06 0.0975004382459
53.13 0.0767649317418
53.2 0.364615685817
53.27 0.224842047494
53.34 0.200077164743
53.41 0.199098034947
53.48 0.346629319353
53.55 0.265319243864
53.62 0.145267283342
53.69 0.116433324383
53.76 0.16316867892
53.83 0.125420500727
53.9 0.106068614768
53.97 0.0716572816707
54.04 0.11962826551
54.11 0.210694839401
54.18 0.276750040988
54.25 0.148268717871
54.32 0.124533379372
54.39 0.124997889322
54.46 0.0797583457596
54.53 0.129343475794
54.6 0.225471560902
54.67 0.180874650349
54.74 0.11344950596
54.81 0.237694214896
54.88 0.292216301634
54.95 0.125382177166
55.02 0.128457283804
55.09 0.489298346563
55.16 0.58301125129
55.23 0.583830096344
55.3 0.301895862732
55.37 0.184090142077
55.44 0.065175572665
55.51 0.156287416172
55.58 0.15126101822
55.65 0.117402122672
55.72 0.184761691277
55.79 0.595982017951
55.86 0.444560882301
55.93 0.237014343239
56.0 0.111785227648
56.07 0.229353962848
56.14 0.0922990961592
56.21 0.163889855688
56.28 0.0679542144878
56.35 0.292604108256
56.42 0.242042656127
56.49 0.136716928145
56.56 0.123862741236
56.63 0.147266807523
56.7 0.0645908530801
56.77 0.13575503539
56.84 0.0458123591713
56.91 0.189820819608
56.98 0.160078246257
57.05 0.159478628076
57.12 0.136465647984
57.19 0.220472613856
57.26 0.143470745022
57.33 0.0699748238817
57.4 0.14069561544
57.47 0.216046081131
57.54 0.180194898947
57.61 0.116979039395
57.68 0.0903506360745
57.75 0.17313962535
57.82 0.154110376744
57.89 0.189434840345
57.96 0.189285673998
58.03 0.271724065237
58.1 0.514289787843
58.17 0.350440464755
58.24 0.187371239652
58.31 0.177338680637
58.38 0.150911488103
58.45 0.13848877882
58.52 0.087039502103
58.59 0.103158949476
58.66 0.413637106974
58.73 0.356111904746
58.8 0.144654993904
58.87 0.118185402196
58.94 0.222893204422
59.01 0.217881773036
59.08 0.214854790774
59.15 0.383308357902
59.22 0.784051074762
59.29 0.803362062127
59.36 0.802090092171
59.43 0.805184776908
59.5 0.641864184066
59.57 0.614929487667
59.64 0.534116602836
59.71 0.329717514482
59.78 0.236138138981
59.85 0.247199035771
59.92 0.241150957224
59.99 0.171108927575
60.06 0.214881134546
60.13 0.136288259528
60.2 0.093513376209
60.27 0.0892116267454
60.34 0.471093423781
60.41 0.454449389744
60.48 0.224238785051
60.55 0.160412424206
60.62 0.107559769769
60.69 0.0912770626409
60.76 0.04989561898
60.83 0.0337145119662
60.9 0.0920064154679
60.97 0.113243737234
61.04 0.0447309482499
61.11 0.0317051935072
61.18 0.179079126357
61.25 0.435557274104
61.32 0.323458556354
61.39 0.149827763572
61.46 0.15310675145
61.53 0.467611382073
61.6 0.433825078949
61.67 0.276556607588
61.74 0.257691673586
61.81 0.113423627524
61.88 0.0900635616369
61.95 0.181987433548
62.02 0.260544520824
62.09 0.381057902562
62.16 0.247928290564
62.23 0.103958309236
62.3 0.171891905154
62.37 0.185487403765
62.44 0.15465674009
62.51 0.15643944512
62.58 0.248658181926
62.65 0.359475651755
62.72 0.258191886314
62.79 0.211656606672
62.86 0.173026251973
62.93 0.164306663465
63.0 0.122710222783
63.07 0.114459549232
63.14 0.0775764660527
63.21 0.139467840645
63.28 0.259319683136
63.35 0.239847662048
63.42 0.215704253894
63.49 0.217432955107
63.56 0.21962476634
63.63 0.193826369603
63.7 0.233463018744
63.77 0.234466332943
63.84 0.133124912888
63.91 0.193142163523
63.98 0.32136276251
64.05 0.235606525219
64.12 0.115680953107
64.19 0.254189100886
64.26 0.646868724295
64.33 0.605962367829
64.4 0.402731244209
64.47 0.309845824624
64.54 0.227696451516
64.61 0.157625078246
64.68 0.164949904287
64.75 0.131244250698
64.82 0.116812347133
64.89 0.450925986719
64.96 0.567128969756
65.03 0.251108759218
65.1 0.168640966845
65.17 0.173410130687
65.24 0.161072141323
65.31 0.0621994558156
65.38 0.108460821142
65.45 0.134390156386
65.52 0.142055980947
65.59 0.0989339360185
65.66 0.177539205183
65.73 0.227713968281
65.8 0.0433652601357
65.87 0.085249911145
65.94 0.177280019538
66.01 0.280463667117
66.08 0.251501774728
66.15 0.115934535112
66.22 0.148628859219
66.29 0.174558783975
66.36 0.0580813951444
66.43 0.149485774252
66.5 0.074963332238
66.57 0.253628534334
66.64 0.0459083478033
66.71 0.157471143511
66.78 0.0635408000572
66.85 0.0255684658279
66.92 0.0234634005548
66.99 0.0387422196564
67.06 0.0942939957362
67.13 0.228809940561
67.2 0.306859197193
67.27 0.241093715661
67.34 0.185459568565
67.41 0.206355494444
67.48 0.258459964323
67.55 0.188015689563
67.62 0.182453399633
67.69 0.253269692267
67.76 0.43425135553
67.83 0.229458651696
67.9 0.202827826275
67.97 0.163959586819
68.04 0.195742419555
68.11 0.179505572863
68.18 0.336408265252
68.25 0.281763588607
68.32 0.224679177261
68.39 0.231254237123
68.46 0.191792194879
68.53 0.23057670391
68.6 0.284021063201
68.67 0.222549067497
68.74 0.202864549917
68.81 0.24866404699
68.88 0.512005117233
68.95 0.375321412252
69.02 0.355841400716
69.09 0.239770275094
69.16 0.252165181855
69.23 0.183141553227
69.3 0.207826339356
69.37 0.178327121075
69.44 0.359827820955
69.51 0.283367241212
69.58 0.177771511136
69.65 0.169103182793
69.72 0.246135881447
69.79 0.219783202809
69.86 0.185055892154
69.93 0.208350367879
70.0 0.457561655295
70.07 0.364233080241
70.14 0.211359532738
70.21 0.330217285402
70.28 0.267618473219
70.35 0.255476443924
70.42 0.300028951484
70.49 0.535729614448
70.56 0.526402852583
70.63 0.498835706976
70.7 0.4150738072
70.77 0.280270265088
70.84 0.355837915924
70.91 0.399379036488
70.98 0.242094522797
71.05 0.251997825574
71.12 0.385377920387
71.19 0.515780664427
71.26 0.531601577808
71.33 0.490860209115
71.4 0.204382740158
71.47 0.150489637443
71.54 0.10844612515
71.61 0.183802096446
71.68 0.297720313452
71.75 0.358633790866
71.82 0.292020651353
71.89 0.240278657345
71.96 0.304656330307
72.03 0.252956304121
72.1 0.458293432836
72.17 0.456675182273
72.24 0.505581568698
72.31 0.321500815691
72.38 0.228905501764
72.45 0.189112285341
72.52 0.191933496263
72.59 0.187380067965
72.66 0.253356653902
72.73 0.257116255494
72.8 0.442242632989
72.87 0.378009208974
72.94 0.167842688076
73.01 0.233623312636
73.08 0.2873645328
73.15 0.316131608852
73.22 0.402701071872
73.29 0.679068818379
73.36 0.466257956086
73.43 0.344225365858
73.5 0.214427226676
73.57 0.285188112949
73.64 0.489274291565
73.71 0.394936002633
73.78 0.359167634581
73.85 0.21972269213
73.92 0.624055224357
73.99 0.691956597061
74.06 0.544529704786
74.13 0.209881711706
74.2 0.167836670078
74.27 0.138764934853
74.34 0.116223408152
74.41 0.184619927172
74.48 0.456758111432
74.55 0.419371083686
74.62 0.202834980163
74.69 0.122968927407
74.76 0.208310627396
74.83 0.225435020258
74.9 0.198943190455
74.97 0.2280624344
75.04 0.424046071877
75.11 0.397479832747
75.18 0.377824041825
75.25 0.343083889986
75.32 0.599463534195
75.39 0.7487879035
75.46 0.298833274419
75.53 0.131889989433
75.6 0.354946390869
75.67 0.556780503768
75.74 0.545859286221
75.81 0.209243900676
75.88 0.291126291146
75.95 0.423697560009
76.02 0.197201946082
76.09 0.147270229573
76.16 0.279313534164
76.23 0.707759481284
76.3 0.708104325363
76.37 0.594655990585
76.44 0.328339934156
76.51 0.388594029077
76.58 0.409511436228
76.65 0.453256075959
76.72 0.305941645996
76.79 0.349005182759
76.86 0.383717720301
76.93 0.426589524232
77.0 0.387478595032
77.07 0.435508870004
77.14 0.18309756982
77.21 0.160023016358
77.28 0.233497994761
77.35 0.690224276422
77.42 0.622181135692
77.49 0.538400239486
77.56 0.489448924604
77.63 0.305306721096
77.7 0.158010440546
77.77 0.177685552065
77.84 0.208422910632
77.91 0.272244619424
77.98 0.393738281227
78.05 0.295382130502
78.12 0.179517973546
78.19 0.18468180641
78.26 0.176082781767
78.33 0.15846560979
78.4 0.176429966905
78.47 0.380796489578
78.54 0.346366158744
78.61 0.240732034522
78.68 0.206732258485
78.75 0.283513440389
78.82 0.238796694038
78.89 0.240953692645
78.96 0.18818931481
79.03 0.547486910169
79.1 0.727314538715
79.17 0.557752158123
79.24 0.50244160258
79.31 0.407271375136
79.38 0.179050714715
79.45 0.203324742437
79.52 0.185416864832
79.59 0.30764324792
79.66 0.473014276105
79.73 0.425304872561
79.8 0.300136965654
79.87 0.262469783384
79.94 0.184241608962
80.01 0.123191829912
80.08 0.106059704106
80.15 0.287108929981
80.22 0.225559000945
80.29 0.127845675377
80.36 0.128491990554
80.43 0.258520586107
80.5 0.270546823846
80.57 0.235078065547
80.64 0.180526610353
80.71 0.252575979476
80.78 0.289996396391
80.85 0.284284179368
80.92 0.202557018992
80.99 0.207119625913
81.06 0.238804599523
81.13 0.209844401166
81.2 0.0910473996923
81.27 0.152382404907
81.34 0.132431766082
81.41 0.147843936641
81.48 0.118947856625
81.55 0.4175931758
81.62 0.282848420271
81.69 0.104040720774
81.76 0.118118699672
81.83 0.352031983331
81.9 0.429013993034
81.97 0.316414197241
82.04 0.194172533877
82.11 0.20262378818
82.18 0.20093157402
82.25 0.130390847906
82.32 0.13775910444
82.39 0.122893489375
82.46 0.14616373364
82.53 0.102673345163
82.6 0.163357521702
82.67 0.411295854898
82.74 0.280161045749
82.81 0.224767775416
82.88 0.196464194985
82.95 0.387914097292
83.02 0.511770355194
83.09 0.391904037615
83.16 0.372649772885
83.23 0.252688798633
83.3 0.205955625685
83.37 0.131259095702
83.44 0.133128757139
83.51 0.17615809693
83.58 0.224713179471
83.65 0.18084034358
83.72 0.411977280725
83.79 0.378753351906
83.86 0.260854706517
83.93 0.167990751211
84.0 0.197277780173
84.07 0.372621367779
84.14 0.380490846141
84.21 0.36643385965
84.28 0.351304672231
84.35 0.293403436645
84.42 0.259764780991
84.49 0.186765191729
84.56 0.112428599183
84.63 0.204863702874
84.7 0.208816174496
84.77 0.2470627276
84.84 0.279045375115
84.91 0.302208304521
84.98 0.232755553704
85.05 0.14918784023
85.12 0.245439943932
85.19 0.476639668766
85.26 0.371897008165
85.33 0.431181287854
85.4 0.443990708389
85.47 0.27223153773
85.54 0.213068357827
85.61 0.147422867641
85.68 0.300424115905
85.75 0.38523753399
85.82 0.242432406442
85.89 0.332750280767
85.96 0.248246251029
86.03 0.297174163167
86.1 0.205583626111
86.17 0.117773335358
86.24 0.211961803073
86.31 0.35376945273
86.38 0.350101532797
86.45 0.528905797174
86.52 0.53559595451
86.59 0.364183123278
86.66 0.148192868095
86.73 0.24827675799
86.8 0.344190523167
86.87 0.181357146322
86.94 0.391815005496
87.01 0.386565373029
87.08 0.213180754783
87.15 0.201546548291
87.22 0.440436714748
87.29 0.707985740483
87.36 0.752851002233
87.43 0.330530278796
87.5 0.299055204424
87.57 0.271640631528
87.64 0.280190388063
87.71 0.412877844541
87.78 0.624874992241
87.85 0.366197645397
87.92 0.286764068909
87.99 0.39026205622
88.06 0.23842426442
88.13 0.244860796615
88.2 0.143371785297
88.27 0.448850717332
88.34 0.592160171127
88.41 0.676454139544
88.48 0.341760058588
88.55 0.234290807139
88.62 0.262655834149
88.69 0.539679612991
88.76 0.659653164388
88.83 0.441384504945
88.9 0.405086333497
88.97 0.484118982455
89.04 0.311506167186
89.11 0.191262645066
89.18 0.53934712646
89.25 0.954502251135
89.32 1.0
89.39 0.672199854358
89.46 0.264796108107
89.53 0.321097808527
89.6 0.367704579996
89.67 0.243031917439
89.74 0.416749203906
89.81 0.282854205601
89.88 0.29415180943
89.95 0.261312888681
90.02 0.233850847587
90.09 0.199308353772
90.16 0.154664697859
90.23 0.277008085515
90.3 0.443525551413
90.37 0.501308616477
90.44 0.463017791091
90.51 0.230847592234
90.58 0.301501845966
90.65 0.294588792661
90.72 0.240179023145
90.79 0.315985248899
90.86 0.15911689073
90.93 0.232873103342
91.0 0.271494051979
91.07 0.224571117342
91.14 0.248406435122
91.21 0.641812031136
91.28 0.725714433643
91.35 0.630745653575
91.42 0.560650570388
91.49 0.423979339288
91.56 0.347496252182
91.63 0.555001524041
91.7 0.454722019157
91.77 0.307619079202
91.84 0.220711697245
91.91 0.433595263067
91.98 0.481436445598
92.05 0.507170173695
92.12 0.426260953844
92.19 0.509257598026
92.26 0.435158820959
92.33 0.320224383214
92.4 0.334793588365
92.47 0.301886859264
92.54 0.287002320968
92.61 0.216112558831
92.68 0.231752666934
92.75 0.0972760299348
92.82 0.0656261238405
92.89 0.0442011004126
92.96 0.0279904615521
93.03 0.015697140527
93.1 0.00895035205483
93.17 0.0088342389457
93.24 0.00560098209958
93.31 0.00402499868928
93.38 0.00805745713376
93.45 0.0976354536715
93.52 0.389256404883
93.59 0.359659147093
93.66 0.313963587271
93.73 0.271981379081
93.8 0.306089539205
93.87 0.377519908115
93.94 0.42700958936
94.01 0.26290679145
94.08 0.208910065194
94.15 0.171119496978
94.22 0.136602672459
94.29 0.25258104458
94.36 0.340929678167
94.43 0.261876985774
94.5 0.181544300299
94.57 0.128829228479
94.64 0.0901492109201
94.71 0.171073152906
94.78 0.307081255295
94.85 0.292635475304
94.92 0.172869569664
94.99 0.115463403274
95.06 0.208527719735
95.13 0.223258748112
95.2 0.299339828004
95.27 0.300477753728
95.34 0.24631639785
95.41 0.210030351283
95.48 0.202680570943
95.55 0.207433288554
95.62 0.291521642486
95.69 0.302906883733
95.76 0.209941342691
95.83 0.128342252993
95.9 0.0885600412455
95.97 0.0694420990651
96.04 0.188446687475
96.11 0.203287728614
96.18 0.190088148635
96.25 0.192160100542
96.32 0.19092621625
96.39 0.169227643194
96.46 0.159343569515
96.53 0.197946613171
96.6 0.181871379259
96.67 0.152813815869
96.74 0.142646819178
96.81 0.131857823732
96.88 0.110326281484
96.95 0.119373589442
97.02 0.0998005185386
97.09 0.0760943132131
97.16 0.0575965411205
97.23 0.070274496378
97.3 0.0588059011565
97.37 0.0918448079169
97.44 0.0821604392176
97.51 0.0828018095455
97.58 0.0730452732373
97.65 0.116518002473
97.72 0.0921471822379
97.79 0.0879471701366
97.86 0.114812544535
97.93 0.120015354521
98.0 0.0657454263315
98.07 0.0475274963609
98.14 0.04926103916
98.21 0.10916790973
98.28 0.123264996163
98.35 0.0828905750117
98.42 0.0509750731372
98.49 0.0317512147199
98.56 0.0327614802031
98.63 0.0580740334235
98.7 0.074315549161
98.77 0.0747522422107
98.84 0.0586114285933
98.91 0.0387888709027
98.98 0.0404568640603
99.05 0.0500648196128
99.12 0.107884401793
99.19 0.0726048914845
99.26 0.0664018011329
99.33 0.0471037974284
99.4 0.0322231020763
99.47 0.0322943037207
99.54 0.0519386991382
99.61 0.0907968972699
99.68 0.0919302258392
99.75 0.0592453796868
99.82 0.0405518841137
99.89 0.029886487675
99.96 0.0562069012709
100.03 0.104080125326
100.1 0.0859938750011
100.17 0.0792885014377
100.24 0.0622289654412
100.31 0.0627970231198
100.38 0.0639115474069
100.45 0.0924071116368
100.52 0.0988180320491
100.59 0.0838327654905
100.66 0.0669927204057
100.73 0.0687781390247
100.8 0.0695556502116
100.87 0.108800485089
100.94 0.0873370818941
101.01 0.0798131181658
101.08 0.0691989871203
101.15 0.0547258895503
101.22 0.0473065506206
101.29 0.0924116512775
101.36 0.100856654915
101.43 0.0759373747081
101.5 0.0516942068707
101.57 0.0491939497268
101.64 0.0509814362155
101.71 0.0646505507285
101.78 0.104307289054
101.85 0.0977558214684
101.92 0.0832039788428
101.99 0.0702044005602
102.06 0.0619229716946
102.13 0.0635684169677
102.2 0.166941390963
102.27 0.111456778823
102.34 0.084634736884
102.41 0.0882162794655
102.48 0.0579500501223
102.55 0.0728414246755
102.62 0.0990156717732
102.69 0.112732761649
102.76 0.101725135379
102.83 0.0625411967824
102.9 0.068067475453
102.97 0.0743410655236
103.04 0.0576130030369
103.11 0.137337047255
103.18 0.11516123025
103.25 0.0651310010525
103.32 0.0491733938988
103.39 0.0297327764585
103.46 0.024693730777
103.53 0.0717737490104
103.6 0.0813832508902
103.67 0.0836644144881
103.74 0.0662280229527
103.81 0.0511058992311
103.88 0.0479451393891
103.95 0.109347920277
104.02 0.129338076066
104.09 0.131509402056
104.16 0.0609377010315
104.23 0.0401866083839
104.3 0.0431354965386
104.37 0.065318324956
104.44 0.109028668374
104.51 0.0704632332822
104.58 0.0675891975686
104.65 0.0661437317711
104.72 0.05055813857
104.79 0.0701938912853
104.86 0.127806328338
104.93 0.150036542605
105.0 0.0938829131621
105.07 0.0714429578192
105.14 0.0481691673273
105.21 0.0438039648488
105.28 0.115198935541
105.35 0.104998392826
105.42 0.066425168584
105.49 0.074359608381
105.56 0.0764923846775
105.63 0.0751124776712
105.7 0.089439346001
105.77 0.168491020145
105.84 0.0707777965321
105.91 0.0681087478851
105.98 0.0613156571687
106.05 0.0548927242891
106.12 0.0890209670622
106.19 0.118587157135
106.26 0.1185285261
106.33 0.0924050869021
106.4 0.0641003575101
106.47 0.0858428904448
106.54 0.067940145915
106.61 0.175735643687
106.68 0.167393704142
106.75 0.121626575373
106.82 0.0741354523447
106.89 0.0827435588831
106.96 0.0918416054638
107.03 0.111475837994
107.1 0.140250057477
107.17 0.0934821581727
107.24 0.0659240866189
107.31 0.0887194018508
107.38 0.0724620320093
107.45 0.0777994718201
107.52 0.144374419792
107.59 0.146211285495
107.66 0.111570231935
107.73 0.0606049909827
107.8 0.0800125800203
107.87 0.0732703913166
107.94 0.118894761258
108.01 0.1386971997
108.08 0.100984777877
108.15 0.0975462607758
108.22 0.0758478589529
108.29 0.0700169864652
108.36 0.12253585509
108.43 0.124258503013
108.5 0.0842831545826
108.57 0.0569783591678
108.64 0.0433593532435
108.71 0.040687077308
108.78 0.0741461629167
108.85 0.0865097078577
108.92 0.084803728377
108.99 0.067544529229
109.06 0.0627142312091
109.13 0.05320910316
109.2 0.0835227484169
109.27 0.208222467128
109.34 0.138003069937
109.41 0.0842143554316
109.48 0.0641014476513
109.55 0.0641437997677
109.62 0.0467723971176
109.69 0.0989027114465
109.76 0.090431186268
109.83 0.0503588727841
109.9 0.038170350405
109.97 0.0363416699115
110.04 0.0225139568464
110.11 0.104101006628
110.18 0.153560557363
110.25 0.0958716391937
110.32 0.0604965559185
110.39 0.0410962005037
110.46 0.0201563604948
110.53 0.0560168167221
110.6 0.105697884411
110.67 0.0834628520857
110.74 0.0645166751148
110.81 0.0451709078018
110.88 0.0477071343768
110.95 0.0524895027833
111.02 0.133449696539
111.09 0.203853557646
111.16 0.113267874581
111.23 0.0920258171056
111.3 0.0753895669906
111.37 0.10571719455
111.44 0.156750828138
111.51 0.192776428993
111.58 0.164422954343
111.65 0.140522648984
111.72 0.137170294865
111.79 0.125539024173
111.86 0.145498361906
111.93 0.109259664589
112.0 0.136891891887
112.07 0.0992737267566
112.14 0.11731495059
112.21 0.0888106678447
112.28 0.0994339369923
112.35 0.170910334958
112.42 0.112129275688
112.49 0.0785145142563
112.56 0.0735350995599
112.63 0.0715623531161
112.7 0.0601748858368
112.77 0.0824823315103
112.84 0.113120040192
112.91 0.172636829746
112.98 0.114145179437
113.05 0.0766136177903
113.12 0.0689067430083
113.19 0.0934559072066
113.26 0.123095463521
113.33 0.10416591055
113.4 0.0798334164904
113.47 0.0766282850258
113.54 0.0633911526885
113.61 0.0505366193919
113.68 0.104682621794
113.75 0.114337160622
113.82 0.0467380785838
113.89 0.0413536725099
113.96 0.0432470190291
114.03 0.0449034075422
114.1 0.11788156259
114.17 0.116270434543
114.24 0.0847400440012
114.31 0.0597007737558
114.38 0.0583868307492
114.45 0.0722275797594
114.52 0.0920919863237
114.59 0.103917089089
114.66 0.139707933134
114.73 0.157611190056
114.8 0.135313477226
114.87 0.142690371234
114.94 0.128214923455
115.01 0.154763305967
115.08 0.188524844325
115.15 0.219868227287
115.22 0.239684642803
115.29 0.204622024844
115.36 0.233663085797
115.43 0.311387795367
115.5 0.299409296403
115.57 0.158416580886
115.64 0.172013769607
115.71 0.108564627681
115.78 0.0454079246285
115.85 0.0337878651364
115.92 0.0208711179781
115.99 0.0192602605064
116.06 0.0137713276682
116.13 0.00932573577244
116.2 0.0092062803479
116.27 0.0834497507844
116.34 0.154205910497
116.41 0.148870726782
116.48 0.134325504738
116.55 0.108596575093
116.62 0.0603206432053
116.69 0.055343913341
116.76 0.133255379523
116.83 0.120711873707
116.9 0.0844544753701
116.97 0.0546215954541
117.04 0.0646048759036
117.11 0.0494103675905
117.18 0.10297545283
117.25 0.144604893158
117.32 0.102603598347
117.39 0.0728906836337
117.46 0.068991996233
117.53 0.0676004166117
117.6 0.103129426779
117.67 0.104498533022
117.74 0.0856389817553
117.81 0.0689536491438
117.88 0.0628207147376
117.95 0.0782253261996
118.02 0.110645111185
118.09 0.123425918782
118.16 0.118146372788
118.23 0.0991423529778
118.3 0.0961235572311
118.37 0.0899353327978
118.44 0.0804455046322
118.51 0.142224010397
118.58 0.15653255808
118.65 0.162485196987
118.72 0.117895165826
118.79 0.075851504521
118.86 0.116026057303
118.93 0.0920254341183
119.0 0.115635441672
119.07 0.0914585214802
119.14 0.098454515708
119.21 0.0859152332083
119.28 0.0770133153166
119.35 0.0873243505088
119.42 0.136039130893
119.49 0.0608488662878
119.56 0.0453837859744
119.63 0.0560326224624
119.7 0.0503443885459
119.77 0.107791860046
119.84 0.179614600055
119.91 0.139623604046
119.98 0.0790413060383
120.05 0.0623118645361
120.12 0.0558203926231
120.19 0.0582352972009
120.26 0.124708323506
120.33 0.157587149436
120.4 0.0975458856313
120.47 0.0682660183995
120.54 0.0459358000161
120.61 0.0505589359155
120.68 0.106583051617
120.75 0.156491569294
120.82 0.0949668768962
120.89 0.0620203785558
120.96 0.0604775019757
121.03 0.0632998945373
121.1 0.0823090513444
121.17 0.122115383447
121.24 0.0855003286044
121.31 0.0630499228072
121.38 0.0526167499725
121.45 0.0539548054908
121.52 0.0610346111858
121.59 0.0925208078741
121.66 0.140777760325
121.73 0.122692001478
121.8 0.104645392295
121.87 0.129701147985
121.94 0.160276434973
122.01 0.162938532336
122.08 0.164227058322
122.15 0.141772728539
122.22 0.194659089776
122.29 0.203592708032
122.36 0.197320320516
122.43 0.167465195968
122.5 0.183473604486
122.57 0.199399762242
122.64 0.186778621118
122.71 0.165197051322
122.78 0.202361976523
122.85 0.133618954685
122.92 0.152258300043
122.99 0.145844042544
123.06 0.121540064696
123.13 0.135316253557
123.2 0.141029564642
123.27 0.15966924201
123.34 0.216760416414
123.41 0.218100116293
123.48 0.191551783452
123.55 0.238846298077
123.62 0.235743812426
123.69 0.207646191562
123.76 0.203303151367
123.83 0.205227165623
123.9 0.248207954917
123.97 0.259195027973
124.04 0.220197294382
124.11 0.228478527179
124.18 0.280294369757
124.25 0.30515810374
124.32 0.313999662579
124.39 0.442000294861
124.46 0.364413624093
124.53 0.315904071287
124.6 0.306863478023
124.67 0.296325549677
124.74 0.308014233166
124.81 0.378764435009
124.88 0.359138236061
124.95 0.312928551793
125.02 0.213204200662
125.09 0.194289260027
125.16 0.243889123961
125.23 0.225104162404
125.3 0.223587854421
125.37 0.198753867959
125.44 0.192821237195
125.51 0.145665794
125.58 0.157480549574
125.65 0.116766128544
125.72 0.14561319142
125.79 0.132145873284
125.86 0.185844272075
125.93 0.139507944509
126.0 0.23285789365
126.07 0.253338287507
126.14 0.209647192793
126.21 0.183814299753
126.28 0.223829562514
126.35 0.150548899819
126.42 0.230561062867
126.49 0.188153498312
126.56 0.167405919213
126.63 0.175391229652
126.7 0.156927926412
126.77 0.115430957848
126.84 0.171346655478
126.91 0.201806855448
126.98 0.197180497489
127.05 0.191008234344
127.12 0.143238849506
127.19 0.171603280468
127.26 0.146522378331
127.33 0.168008100664
127.4 0.151668385948
127.47 0.139872477792
127.54 0.152863323181
127.61 0.144545047804
127.68 0.125519881346
127.75 0.216942160206
127.82 0.214624100426
127.89 0.160001272354
127.96 0.104495517487
128.03 0.134120515057
128.1 0.0959129351541
128.17 0.181392608589
128.24 0.155850072175
128.31 0.146054448945
128.38 0.116879626099
128.45 0.151361549107
128.52 0.186573273285
128.59 0.229897807367
128.66 0.259862081975
128.73 0.195224968479
128.8 0.145620711302
128.87 0.152023808579
128.94 0.163468625913
129.01 0.166710499319
129.08 0.164685598637
129.15 0.148544952332
129.22 0.13097869021
129.29 0.0987508171321
129.36 0.150693250723
129.43 0.123878420186
129.5 0.224687255286
129.57 0.249494084945
129.64 0.162358102731
129.71 0.144491364232
129.78 0.1365388077
129.85 0.13576326112
129.92 0.173054857069
129.99 0.198603395795
130.06 0.222290174648
130.13 0.17363307502
130.2 0.193503232929
130.27 0.136833157588
130.34 0.144230811335
130.41 0.186362761007
130.48 0.189310599541
130.55 0.168095037464
130.62 0.148278255953
130.69 0.17581619388
130.76 0.214460210637
130.83 0.219345294134
130.9 0.187910462181
130.97 0.239438175472
131.04 0.232396924699
131.11 0.24684609014
131.18 0.241096634469
131.25 0.239357310261
131.32 0.29193849209
131.39 0.303568298804
131.46 0.266147923717
131.53 0.257643977948
131.6 0.274801804422
131.67 0.305260860659
131.74 0.305191346511
131.81 0.284070531299
131.88 0.297813912662
131.95 0.320383844468
132.02 0.307591202174
132.09 0.385023475485
132.16 0.369387693961
132.23 0.300162265034
132.3 0.258701962598
132.37 0.177682616265
132.44 0.118753320013
132.51 0.08246916616
132.58 0.132226895349
132.65 0.109624932476
132.72 0.120373873728
132.79 0.114238527679
132.86 0.105251614066
132.93 0.108042099737
133.0 0.241107278377
133.07 0.274364009467
133.14 0.266640070184
133.21 0.19157129881
133.28 0.225795719747
133.35 0.186971042804
133.42 0.234885088334
133.49 0.264129031884
133.56 0.276844559106
133.63 0.228310208855
133.7 0.228044850971
133.77 0.221632610364
133.84 0.178772017633
133.91 0.34797096554
133.98 0.235421177687
134.05 0.158273610305
134.12 0.169750717516
134.19 0.161012573079
134.26 0.156573378247
134.33 0.161900868232
134.4 0.195044648145
134.47 0.196241926436
134.54 0.136871336059
134.61 0.165865335328
134.68 0.102843626787
134.75 0.227668520896
134.82 0.310626091228
134.89 0.297692512237
134.96 0.250116149055
135.03 0.229226826765
135.1 0.231214412984
135.17 0.197836511524
135.24 0.163699678334
135.31 0.168903047769
135.38 0.196208729414
135.45 0.215999201138
135.52 0.269630917011
135.59 0.150966802965
135.66 0.238722242884
135.73 0.165255457532
135.8 0.157101938568
135.87 0.155329762419
135.94 0.150579832903
136.01 0.185183157643
136.08 0.271838545749
136.15 0.171027842768
136.22 0.148112916564
136.29 0.148449030363
136.36 0.222541975044
136.43 0.169619705811
136.5 0.22694219406
136.57 0.190532203405
136.64 0.149817706562
136.71 0.135183389657
136.78 0.20352071035
136.85 0.148925040388
136.92 0.174043304042
136.99 0.145323260917
137.06 0.128918277591
137.13 0.155005499004
137.2 0.135031320188
137.27 0.0625841501757
137.34 0.136207688421
137.41 0.182362531005
137.48 0.175924974025
137.55 0.16141784026
137.62 0.163568488859
137.69 0.204490090309
137.76 0.197971294282
137.83 0.222100661312
137.9 0.228833786419
137.97 0.205781791298
138.04 0.181091743996
138.11 0.208492095385
138.18 0.21028209678
138.25 0.284869027051
138.32 0.292747085372
138.39 0.260888945316
138.46 0.249012420303
138.53 0.184883040724
138.6 0.171376048769
138.67 0.156682942667
138.74 0.277469517188
138.81 0.247627869086
138.88 0.147308117862
138.95 0.162440247616
139.02 0.183628894708
139.09 0.181325095648
139.16 0.322609876201
139.23 0.288426855793
139.3 0.200103318982
139.37 0.115479503117
139.44 0.195977805091
139.51 0.194805533384
139.58 0.172010909621
139.65 0.173756430902
139.72 0.165419919842
139.79 0.158016053336
139.86 0.0945166577301
139.93 0.145898893377
140.0 0.201774338131
140.07 0.184370573711
140.14 0.1365085321
140.21 0.11149958974
140.28 0.112399332682
140.35 0.131725698357
140.42 0.144354755423
140.49 0.167000327866
140.56 0.186627099334
140.63 0.144161546848
140.7 0.122336620675
140.77 0.113744302885
140.84 0.125176264656
140.91 0.177546415278
140.98 0.171530103759
141.05 0.114367100291
141.12 0.0816648367152
141.19 0.095533003953
141.26 0.0699466684363
141.33 0.114741677514
141.4 0.100726403956
141.47 0.0795855570722
141.54 0.0570563630843
141.61 0.036938480391
141.68 0.0463411129461
141.75 0.127920853291
141.82 0.157875273494
141.89 0.171122479834
141.96 0.104590712695
142.03 0.0602744167741
142.1 0.0586922101477
142.17 0.0614282998643
142.24 0.109866427508
142.31 0.113163560877
142.38 0.0699380819405
142.45 0.0601474950588
142.52 0.0499862261836
142.59 0.0558871173688
142.66 0.170981962725
142.73 0.192218104158
142.8 0.173528833209
142.87 0.14209804811
142.94 0.171185961606
143.01 0.185592377565
143.08 0.200697011971
143.15 0.165124868028
143.22 0.173919141665
143.29 0.206003250738
143.36 0.162973505739
143.43 0.138100572218
143.5 0.168435433401
143.57 0.211843388119
143.64 0.254486163056
143.71 0.215939928305
143.78 0.157658918373
143.85 0.126085893375
143.92 0.0961682909269
143.99 0.135084646915
144.06 0.139460578266
144.13 0.128855865047
144.2 0.0869203708451
144.27 0.0900481441124
144.34 0.117643313145
144.41 0.159648985513
144.48 0.197896470597
144.55 0.130701675397
144.62 0.112223053974
144.69 0.0860738709742
144.76 0.0587856917164
144.83 0.060095578718
144.9 0.146456831304
144.97 0.121264802735
145.04 0.118007075226
145.11 0.0863599036341
145.18 0.103313369153
145.25 0.123446240634
145.32 0.175495343365
145.39 0.134966346988
145.46 0.157844914238
145.53 0.136735205657
145.6 0.150147880791
145.67 0.192879483936
145.74 0.291330139708
145.81 0.347803577888
145.88 0.293358300355
145.95 0.178916050906
146.02 0.140618773557
146.09 0.0899187022625
146.16 0.226101854663
146.23 0.331092515853
146.3 0.171118348016
146.37 0.102749881179
146.44 0.104045444719
146.51 0.0963120536246
146.58 0.053847442268
146.65 0.0883700364312
146.72 0.105161121889
146.79 0.0992877391231
146.86 0.089390617735
146.93 0.0740518630886
147.0 0.0894145720847
147.07 0.15654151972
147.14 0.200000254889
147.21 0.155251137619
147.28 0.105774812565
147.35 0.0708816984912
147.42 0.0622800935864
147.49 0.0900845187519
147.56 0.16936563494
147.63 0.161986773712
147.7 0.103245277156
147.77 0.102334452419
147.84 0.0699117878393
147.91 0.0496908671957
147.98 0.193791470706
148.05 0.180646789924
148.12 0.14897580646
148.19 0.114154663927
148.26 0.117172419203
148.33 0.105630720472
148.4 0.20846538954
148.47 0.125442932278
148.54 0.0821809950456
148.61 0.0574031939908
148.68 0.031521295575
148.75 0.0448217920429
148.82 0.124092597639
148.89 0.185000998185
148.96 0.184988427576
149.03 0.13483598623
149.1 0.136615645662
149.17 0.150663924094
149.24 0.191457552901
149.31 0.261713063307
149.38 0.226037592539
149.45 0.139954706332
149.52 0.113142411615
149.59 0.10848051819
149.66 0.127655478415
149.73 0.389012802767
149.8 0.440998428955
149.87 0.180791841446
149.94 0.126497403379
150.01 0.180916811626
150.08 0.203496054074
150.15 0.283179258519
150.22 0.261580792841
150.29 0.230370122152
150.36 0.118044257667
150.43 0.0815675305025
150.5 0.066927675314
150.57 0.23536635561
150.64 0.268629095547
150.71 0.30033251398
150.78 0.194746493219
150.85 0.13188448775
150.92 0.0874947863736
150.99 0.175667364771
151.06 0.361602146015
151.13 0.299388241253
151.2 0.278850967907
151.27 0.177709163948
151.34 0.081212566672
151.41 0.103990597807
151.48 0.381064291783
151.55 0.430298738818
151.62 0.449987558143
151.69 0.410572854692
151.76 0.439632429745
151.83 0.420288224445
151.9 0.38106821054
151.97 0.369121600166
152.04 0.360780923303
152.11 0.397316371695
152.18 0.402215705455
152.25 0.392603518743
152.32 0.404210559283
152.39 0.437187376358
152.46 0.520278920338
152.53 0.55946048912
152.6 0.56666065869
152.67 0.539402887052
152.74 0.496875135083
152.81 0.478986634281
152.88 0.496570414475
152.95 0.46659677171
153.02 0.443815879282
153.09 0.391842435487
153.16 0.319587625726
153.23 0.307076047714
153.3 0.478441883926
153.37 0.525932084125
153.44 0.574615331456
153.51 0.605566498868
153.58 0.584553194584
153.65 0.569969050316
153.72 0.501724773306
153.79 0.521702183332
153.86 0.537960219806
153.93 0.480475394631
154.0 0.536131978507
154.07 0.44409784548
154.14 0.476643783592
154.21 0.464171807508
154.28 0.499409632333
154.35 0.394516937455
154.42 0.313564843945
154.49 0.34107259777
154.56 0.367334239161
154.63 0.374523181846
154.7 0.387217284003
154.77 0.371444450555
154.84 0.327023887987
154.91 0.282348821891
154.98 0.279428691766
155.05 0.266032746508
155.12 0.283700961668
155.19 0.32437483964
155.26 0.332079711909
155.33 0.311221534456
155.4 0.289627643712
155.47 0.282570012064
155.54 0.25711373536
155.61 0.247293789171
155.68 0.213415259318
155.75 0.213889989669
155.82 0.192695389935
155.89 0.166806608206
155.96 0.238719641708
156.03 0.264911129768
156.1 0.180897952444
156.17 0.20014928791
156.24 0.402893778511
156.31 0.339565272342
156.38 0.47233335352
156.45 0.430105599521
156.52 0.391260561511
156.59 0.25248208747
156.66 0.17731063499
156.73 0.166624853957
156.8 0.25603369169
156.87 0.45200052217
156.94 0.420500784987
157.01 0.423192720063
157.08 0.38866266353
157.15 0.370712418124
157.22 0.364660771129
157.29 0.393028458136
157.36 0.359593924233
157.43 0.314265128954
157.5 0.261545965836
157.57 0.25268266038
157.64 0.268202037307
157.71 0.319070726257
157.78 0.305406913438
157.85 0.306308990903
157.92 0.256034911236
157.99 0.202269617774
158.06 0.312050267901
158.13 0.305761973995
158.2 0.359630702773
158.27 0.350881073948
158.34 0.285432840498
158.41 0.271643394788
158.48 0.304987828652
158.55 0.308159151361
158.62 0.406925027866
158.69 0.527818666279
158.76 0.520226290308
158.83 0.49644881406
158.9 0.517420294306
158.97 0.45549830034
159.04 0.474858900894
159.11 0.430845506065
159.18 0.416970281666
159.25 0.377537952959
159.32 0.370926683155
159.39 0.334652616376
159.46 0.328008839712
159.53 0.30490715036
159.6 0.342625200658
159.67 0.229465669643
159.74 0.246125424457
159.81 0.305028891944
159.88 0.237483005921
159.95 0.280057426129
160.02 0.302615382067
160.09 0.293175484722
160.16 0.236956523927
160.23 0.250697734157
160.3 0.247755927999
160.37 0.305205858199
160.44 0.337396848167
160.51 0.329239734612
160.58 0.371088622715
160.65 0.327393674601
160.72 0.33235630975
160.79 0.357341778782
160.86 0.324678979886
160.93 0.310076139827
161.0 0.291463878073
161.07 0.303816977788
161.14 0.285241527253
161.21 0.31577705023
161.28 0.314948669708
161.35 0.255398237404
161.42 0.239111096512
161.49 0.162081476134
161.56 0.257506775705
161.63 0.28168495335
161.7 0.357682757695
161.77 0.4116737496
161.84 0.360994068129
161.91 0.247382497124
161.98 0.184502838949
162.05 0.174134848454
162.12 0.319954056953
162.19 0.399309403392
162.26 0.457129792068
162.33 0.411188217179
162.4 0.400711085773
162.47 0.451077524189
162.54 0.469395020389
162.61 0.411405116064
162.68 0.439467407987
162.75 0.381687463027
162.82 0.377246027785
162.89 0.288297942021
162.96 0.322770349168
163.03 0.341769179698
163.1 0.315466277639
163.17 0.3292425031
163.24 0.296994433653
163.31 0.281594393203
163.38 0.262866337278
163.45 0.277162963992
163.52 0.32272082225
163.59 0.291801912037
163.66 0.187003677763
163.73 0.110369046651
163.8 0.0751567904732
163.87 0.0841060406227
163.94 0.087479949212
164.01 0.0731030781705
164.08 0.0559908520161
164.15 0.042426270803
164.22 0.0597997073376
164.29 0.0788192492428
164.36 0.0809416103772
164.43 0.0685564730591
164.5 0.0706014237113
164.57 0.0721362222668
164.64 0.0629411282839
164.71 0.0868337006983
164.78 0.0974220931702
164.85 0.085177995811
164.92 0.072042348561
164.99 0.0503546599242
165.06 0.0424260407492
165.13 0.0531654060134
165.2 0.0790988103331
165.27 0.0906182931889
165.34 0.08312025626
165.41 0.0780044458154
165.48 0.0884179647375
165.55 0.0771388593236
165.62 0.0567253679818
165.69 0.0567271757339
165.76 0.0580618562587
165.83 0.0608433070905
165.9 0.0711960160019
165.97 0.0985697974864
166.04 0.0860483023266
166.11 0.113739756708
166.18 0.0883624315853
166.25 0.0666834706138
166.32 0.0663407558399
166.39 0.063214730197
166.46 0.0629741972074
166.53 0.0773601135451
166.6 0.103250419381
166.67 0.0724801814225
166.74 0.0564016143449
166.81 0.0416958709699
166.88 0.0499606666859
166.95 0.0433941279636
167.02 0.0466921449484
167.09 0.0407766989403
167.16 0.0428229397236
167.23 0.0507380340893
167.3 0.0575703437465
167.37 0.0484496068048
167.44 0.0673173184445
167.51 0.0649286478402
167.58 0.0481354017068
167.65 0.0615100120908
167.72 0.0535546517782
167.79 0.06177372692
167.86 0.0720533493144
167.93 0.0826913039972
168.0 0.0638942149461
168.07 0.0622772597421
168.14 0.0574218322683
168.21 0.0453794319452
168.28 0.0575316960188
168.35 0.0553023088995
168.42 0.0445125017301
168.49 0.0301096502972
168.56 0.020510760955
168.63 0.0206315601028
168.7 0.0396691546939
168.77 0.0531376989114
168.84 0.0405196125356
168.91 0.04443406777
168.98 0.0370342455048
169.05 0.0408184484726
169.12 0.0280258911411
169.19 0.0381028662204
169.26 0.0470572585947
169.33 0.0562778937756
169.4 0.0766446253797
169.47 0.0766636348803
169.54 0.121956899921
169.61 0.130738419952
169.68 0.128369428096
169.75 0.127687133031
169.82 0.140750491109
169.89 0.115034039267
169.96 0.0980827357305
170.03 0.12650553761
170.1 0.100302187402
170.17 0.0878370083618
170.24 0.0793752996826
170.31 0.0674165395935
170.38 0.0450445991274
170.45 0.0364655839351
170.52 0.0360276164399
170.59 0.0334385193237
170.66 0.0534327219685
170.73 0.045478228279
170.8 0.04347643101
170.87 0.0474389779411
170.94 0.0728329871917
171.01 0.0697764207974
171.08 0.0674042055739
171.15 0.0838779030875
171.22 0.069971658028
171.29 0.0849018711489
171.36 0.082820216462
171.43 0.086466929619
171.5 0.0619421432785
171.57 0.0580343216971
171.64 0.058231970571
171.71 0.0476019592791
171.78 0.0442113600268
171.85 0.0989944257839
171.92 0.111284611019
171.99 0.0805631640687
172.06 0.0638589696615
172.13 0.0703642434941
172.2 0.0651424109356
172.27 0.084753404113
172.34 0.0569440288699
172.41 0.048421087979
172.48 0.0425756044621
172.55 0.039830362265
172.62 0.0426615844476
172.69 0.0460147685899
172.76 0.0946523175676
172.83 0.0894488200339
172.9 0.0748586433904
172.97 0.0690561773158
173.04 0.0620383645785
173.11 0.0773178097923
173.18 0.0984627218308
173.25 0.0768126443726
173.32 0.0638516353902
173.39 0.0536702760231
173.46 0.0223849437331
173.53 0.0232959305539
173.6 0.12810645702
173.67 0.152001695967
173.74 0.126716636787
173.81 0.0910768897111
173.88 0.0730196902114
173.95 0.0681150246933
174.02 0.0946149730423
174.09 0.129725263111
174.16 0.114992960289
174.23 0.103053145651
174.3 0.0956675122145
174.37 0.119726291948
174.44 0.0992927754709
174.51 0.176054313919
174.58 0.211419103595
174.65 0.154620886993
174.72 0.111443039645
174.79 0.122299680051
174.86 0.151565127094
174.93 0.143154644594
175.0 0.146879054494
175.07 0.126535700798
175.14 0.100144645006
175.21 0.115949235026
175.28 0.0999404343711
175.35 0.0733548458887
175.42 0.143825697088
175.49 0.152480645713
175.56 0.108916940665
175.63 0.0802741184885
175.7 0.0868818250731
175.77 0.0910586396494
175.84 0.102127387025
175.91 0.118798810533
175.98 0.109968486423
176.05 0.111992636815
176.12 0.130838916854
176.19 0.114373288215
176.26 0.103918721686
176.33 0.129910027666
176.4 0.165385688885
176.47 0.111064789405
176.54 0.094623546467
176.61 0.115028829072
176.68 0.141454585077
176.75 0.20534373884
176.82 0.163186555145
176.89 0.164987877538
176.96 0.107720326392
177.03 0.104749896839
177.1 0.100306953175
177.17 0.180259554516
177.24 0.268521809445
177.31 0.207707929631
177.38 0.173100559343
177.45 0.175829867702
177.52 0.102819228015
177.59 0.0998828790985
177.66 0.126786213677
177.73 0.10644244693
177.8 0.0932812506393
177.87 0.096038531446
177.94 0.102660238633
178.01 0.123269112296
178.08 0.158257041204
178.15 0.199856046462
178.22 0.12405502306
178.29 0.0724053851877
178.36 0.0640478281283
178.43 0.0985918212143
178.5 0.153233883612
178.57 0.266992967452
178.64 0.222480891844
178.71 0.108152496794
178.78 0.0613355345994
178.85 0.036547237341
178.92 0.0578939862779
178.99 0.242328216916
179.06 0.256841972569
179.13 0.168613880627
179.2 0.0684525436504
179.27 0.0593457497976
179.34 0.119877158864
179.41 0.183867363749
179.48 0.27815104105
179.55 0.164545987365
179.62 0.117346742454
179.69 0.0573425565205
179.76 0.0295708682691
179.83 0.0695675947084
179.9 0.2195811254
179.97 0.203075404662
180.04 0.161364832471
180.11 0.143428264807
180.18 0.0976402586584
180.25 0.137442907286
180.32 0.338471005858
180.39 0.306135790472
180.46 0.202992257213
180.53 0.133515786022
180.6 0.0718604858205
180.67 0.0429036990569
180.74 0.179440206219
180.81 0.299322164841
180.88 0.313452311048
180.95 0.212807286002
181.02 0.0922889123582
181.09 0.0861094927104
181.16 0.0730470470042
181.23 0.322622406289
181.3 0.537488448784
181.37 0.512530214982
181.44 0.492249373172
181.51 0.347548965868
181.58 0.190276943052
181.65 0.198284892874
181.72 0.553392889987
181.79 0.695788554487
181.86 0.660738458774
181.93 0.63111723487
182.0 0.58617380712
182.07 0.626541601154
182.14 0.571170802892
182.21 0.571199657649
182.28 0.566265419763
182.35 0.544440887035
182.42 0.524741116627
182.49 0.414523986511
182.56 0.318158204873
182.63 0.48038389989
182.7 0.566509761711
182.77 0.513590459649
182.84 0.512610252783
182.91 0.494021430372
182.98 0.446275124111
183.05 0.41891057092
183.12 0.417095607383
183.19 0.334206016636
183.26 0.252667071622
183.33 0.27012058125
183.4 0.322882018057
183.47 0.285045026034
183.54 0.296621385765
183.61 0.334326024974
183.68 0.324540831284
183.75 0.329601159555
183.82 0.295321347941
183.89 0.269341570792
183.96 0.306257783023
184.03 0.259938902945
184.1 0.263143549467
184.17 0.241095841045
184.24 0.26312868747
184.31 0.202325710375
184.38 0.226233217985
184.45 0.20508801838
184.52 0.18606083895
184.59 0.134296425156
184.66 0.100842803325
184.73 0.0844147414226
184.8 0.266946645601
184.87 0.447876673555
184.94 0.437646893096
185.01 0.264032068137
185.08 0.235472096692
185.15 0.265309399915
185.22 0.235090764254
185.29 0.365633956126
185.36 0.44727540709
185.43 0.497561747578
185.5 0.471917995344
185.57 0.446120091393
185.64 0.468637682043
185.71 0.499872304467
185.78 0.440380388172
185.85 0.434237322249
185.92 0.422454920603
185.99 0.39723074594
186.06 0.413863985749
186.13 0.395364701314
186.2 0.423728605505
186.27 0.373362814115
186.34 0.239836720115
186.41 0.255199591194
186.48 0.309496306271
186.55 0.297409938227
186.62 0.365807665029
186.69 0.392131867976
186.76 0.345642030491
186.83 0.249726061502
186.9 0.208263355266
186.97 0.130017573887
187.04 0.268146619181
187.11 0.310979158422
187.18 0.253521259995
187.25 0.228725964396
187.32 0.201873419418
187.39 0.217472936101
187.46 0.234298151867
187.53 0.246951090083
187.6 0.198219292255
187.67 0.198428000703
187.74 0.199733057882
187.81 0.167382153089
187.88 0.166777476339
187.95 0.213260911532
188.02 0.194065289602
188.09 0.127534322423
188.16 0.104681242778
188.23 0.0724675925137
188.3 0.0762158482715
188.37 0.28466971813
188.44 0.29337271793
188.51 0.343666757377
188.58 0.267570594584
188.65 0.197593417879
188.72 0.189411138271
188.79 0.161917672615
188.86 0.3765802064
188.93 0.436324576654
189.0 0.417013323944
189.07 0.387921036812
189.14 0.358701154795
189.21 0.402986569918
189.28 0.392030155449
189.35 0.377458175275
189.42 0.391407690052
189.49 0.367700164532
189.56 0.355786402177
189.63 0.348885970459
189.7 0.353984988285
189.77 0.315491923407
189.84 0.261172302294
189.91 0.255843205854
189.98 0.209926900281
190.05 0.131553944912
190.12 0.182920939496
190.19 0.250507810385
190.26 0.299725952358
190.33 0.256739196044
190.4 0.255412326891
190.47 0.21738241386
190.54 0.126407720312
190.61 0.107225329088
190.68 0.261078305718
190.75 0.239721131162
190.82 0.228120453701
190.89 0.232425497116
190.96 0.214221340309
191.03 0.238234538023
191.1 0.253484005661
191.17 0.226934610128
191.24 0.197644641444
191.31 0.185172822215
191.38 0.157792071147
191.45 0.102035500148
191.52 0.0830094905941
191.59 0.189562209097
191.66 0.291708603009
191.73 0.269136615097
191.8 0.250558351631
191.87 0.255850312686
191.94 0.230042507272
192.01 0.233614986257
192.08 0.219379310723
192.15 0.180636467568
192.22 0.161652019321
192.29 0.144667782802
192.36 0.130852892621
192.43 0.120786577136
192.5 0.108812728917
192.57 0.114410307267
192.64 0.107377752788
192.71 0.093575932537
192.78 0.0876859950488
192.85 0.0768084288986
192.92 0.0608560920678
192.99 0.047570004025
193.06 0.0342120150265
193.13 0.0300573143697
193.2 0.0317986685402
193.27 0.0365641423724
193.34 0.0382625418425
193.41 0.0406718244811
193.48 0.039904589901
193.55 0.0399055258016
193.62 0.0337093161493
193.69 0.0331215692658
193.76 0.0347845744393
193.83 0.0369459179251
193.9 0.030169996279
193.97 0.0271330158269
194.04 0.0236306784086
194.11 0.0251493156861
194.18 0.0245578474213
194.25 0.0270833307463
194.32 0.0254796572267
194.39 0.0233387623847
194.46 0.0241965283552
194.53 0.0221038389296
194.6 0.0208859433756
194.67 0.0234988732789
194.74 0.0293891832975
194.81 0.0282170370744
194.88 0.0247594621086
194.95 0.0242064977879
195.02 0.019628112577
195.09 0.0246728037259
195.16 0.0269822534816
195.23 0.0319020881707
195.3 0.0376565501258
195.37 0.0390554718611
195.44 0.0382872321029
195.51 0.0364532825936
195.58 0.0311147474132
195.65 0.0248153887051
195.72 0.0226923086525
195.79 0.0219560777405
195.86 0.0217011964535
195.93 0.022077984022
196.0 0.0224959486026
196.07 0.0222031267419
196.14 0.0678471349109
196.21 0.148205955018
196.28 0.0884278113006
196.35 0.0369147038101
196.42 0.0467567011757
196.49 0.0316701351413
196.56 0.0264526187054
196.63 0.0289898164734
196.7 0.0303194188225
196.77 0.0556363613643
196.84 0.0374612749886
196.91 0.0380955881554
196.98 0.0315303774708
197.05 0.0258154455519
197.12 0.0194485098534
197.19 0.04531443391
197.26 0.049453523588
197.33 0.0472450282274
197.4 0.0509352097844
197.47 0.0447496178983
197.54 0.0370233793852
197.61 0.0342976826095
197.68 0.0398242972109
197.75 0.0505913721912
197.82 0.0555064411071
197.89 0.0369352753236
197.96 0.0254052217581
198.03 0.0226907427183
198.1 0.0268511071423
198.17 0.0326217081543
198.24 0.0355177100823
198.31 0.0498901460529
198.38 0.0286675098225
198.45 0.0317898297695
198.52 0.0229014144661
198.59 0.0212758518522
198.66 0.0255170540369
198.73 0.0423486537952
198.8 0.0788244515953
198.87 0.0540828042761
198.94 0.0410918582386
199.01 0.0396074832887
199.08 0.0355591537477
199.15 0.0317077593911
199.22 0.0399848773626
199.29 0.0450570834663
199.36 0.0424848835387
199.43 0.0446658613303
199.5 0.0562246193332
199.57 0.0493172912302
199.64 0.039674638078
199.71 0.0396925156094
199.78 0.0704735268817
199.85 0.0548967345448
199.92 0.0489339693501
199.99 0.0372037506975
200.06 0.0314044217199
200.13 0.0307913676136
200.2 0.0339764229646
200.27 0.0318472281872
200.34 0.0791455870633
200.41 0.0648286986233
200.48 0.0511052809616
200.55 0.0660789415686
200.62 0.0267225410653
200.69 0.0315311094601
200.76 0.032730549734
200.83 0.0550141992199
200.9 0.0521901479182
200.97 0.0483528430484
201.04 0.0348427950379
201.11 0.0297955576119
201.18 0.0232976990923
201.25 0.0217519337687
201.32 0.0325856158535
201.39 0.057261203753
201.46 0.0622446064839
201.53 0.0545463809397
201.6 0.0420828554108
201.67 0.0422775410352
201.74 0.0308137403436
201.81 0.0313980155064
201.88 0.0488686040131
201.95 0.0607895320198
202.02 0.0457090990099
202.09 0.0364094861055
202.16 0.0384074770301
202.23 0.0312645777792
202.3 0.0310173967582
202.37 0.0374479736974
202.44 0.0288766456998
202.51 0.068077405672
202.58 0.0986904672289
202.65 0.0737743371899
202.72 0.0509673754855
202.79 0.0388192314659
202.86 0.0328924827588
202.93 0.0281953819553
203.0 0.0356272679659
203.07 0.0255662123466
203.14 0.0310967626976
203.21 0.038501435699
203.28 0.0385670323968
203.35 0.0359919698683
203.42 0.0311771377365
203.49 0.0250771023278
203.56 0.0179165386067
203.63 0.0141058493905
203.7 0.011506375019
203.77 0.00977837181033
203.84 0.0151351583595
203.91 0.0233607116065
203.98 0.0275167167729
204.05 0.040658281372
204.12 0.0507225655869
204.19 0.0557514666811
204.26 0.0570287304884
204.33 0.0587152599678
204.4 0.0796257707341
204.47 0.0690917415386
204.54 0.0705287162603
204.61 0.0735830291733
204.68 0.0962323622114
204.75 0.098263912231
204.82 0.0972209490474
204.89 0.0885470053004
204.96 0.0853531046431
205.03 0.0740996097046
205.1 0.0840777466222
205.17 0.112148757061
205.24 0.10063069897
205.31 0.0995688439266
205.38 0.0950696233579
205.45 0.0625739938242
205.52 0.0893115838051
205.59 0.0770889481106
205.66 0.0813666687184
205.73 0.0580000188487
205.8 0.101119505736
205.87 0.134279415555
205.94 0.176684236458
206.01 0.168996172493
206.08 0.193515944707
206.15 0.102195479022
206.22 0.0869025024636
206.29 0.164101514315
206.36 0.141487886669
206.43 0.131695254138
206.5 0.17007830364
206.57 0.137351927552
206.64 0.127998278152
206.71 0.151979430421
206.78 0.111388073785
206.85 0.122023329257
206.92 0.127883690456
206.99 0.0905335693493
207.06 0.136669280871
207.13 0.104195958711
207.2 0.0829400888591
207.27 0.0647963865244
207.34 0.0662892512431
207.41 0.0657684121025
207.48 0.0399300173791
207.55 0.040775068957
207.62 0.0364675433136
207.69 0.0303148556535
207.76 0.0345153670761
207.83 0.0372516894607
207.9 0.0345008815308
207.97 0.0279059207098
208.04 0.0562761579152
208.11 0.0838709844816
208.18 0.0632682686784
208.25 0.0591411208829
208.32 0.0622268871145
208.39 0.0809548789903
208.46 0.119552891527
208.53 0.0932727412637
208.6 0.0885234260952
208.67 0.084577356766
208.74 0.0831661480675
208.81 0.0872645587475
208.88 0.0782986793697
208.95 0.0892542781931
209.02 0.0783140223882
209.09 0.0960790496677
209.16 0.0895129697458
209.23 0.0828172283772
209.3 0.0962774998085
209.37 0.0685242864441
209.44 0.0790385728426
209.51 0.0756172483396
209.58 0.07327660669
209.65 0.0590969361791
209.72 0.0479144964872
209.79 0.0479035676256
209.86 0.0600097725799
209.93 0.0933910281196
210.0 0.140698058455
210.07 0.13722321377
210.14 0.118720553035
210.21 0.104984228833
210.28 0.114856636433
210.35 0.115006336086
210.42 0.138590556703
210.49 0.134913757479
210.56 0.132050224504
210.63 0.130065937465
210.7 0.135643825302
210.77 0.143366779014
210.84 0.113706898232
210.91 0.121399897895
210.98 0.120489205177
211.05 0.120843288007
211.12 0.10881912206
211.19 0.10792340898
211.26 0.105007095656
211.33 0.0900732095173
211.4 0.0782667646365
211.47 0.0710112697464
211.54 0.0805772470199
211.61 0.0882001704725
211.68 0.0803825169533
211.75 0.0798851001631
211.82 0.0728925502064
211.89 0.0565045908604
211.96 0.0522182001008
212.03 0.0459351203118
212.1 0.0571357028812
212.17 0.0772136320301
212.24 0.0600423147326
212.31 0.0495302216878
212.38 0.0659623814231
212.45 0.0561892747072
212.52 0.059802288907
212.59 0.0667195393863
212.66 0.0602610723478
212.73 0.0776749787406
212.8 0.0741544487741
212.87 0.0707939029108
212.94 0.0692256328378
213.01 0.0676151492034
213.08 0.0740149564497
213.15 0.0661305768778
213.22 0.0767935146167
213.29 0.0739794183694
213.36 0.0722812424175
213.43 0.0716056372116
213.5 0.0743886003856
213.57 0.0679085919479
213.64 0.0727827282838
213.71 0.0610163728882
213.78 0.0718704173467
213.85 0.0705693272879
213.92 0.0549929532306
213.99 0.0534217656573
214.06 0.0528008831869
214.13 0.0511281164134
214.2 0.0492701275914
214.27 0.0630097928011
214.34 0.0711738406476
214.41 0.0409600936298
214.48 0.0401517447795
214.55 0.0347668367701
214.62 0.0285366314436
214.69 0.0418123356954
214.76 0.0498278746778
214.83 0.0799968553217
214.9 0.0671343616415
214.97 0.053395016677
215.04 0.0478593593936
215.11 0.0359138914458
215.18 0.0322094635471
215.25 0.0483737740209
215.32 0.059325990008
215.39 0.0933229047516
215.46 0.0890972769462
215.53 0.0885190733732
215.6 0.062248653339
215.67 0.0534253301837
215.74 0.0545373931568
215.81 0.0570392920482
215.88 0.0567423357551
215.95 0.0431130310028
216.02 0.0354026662004
216.09 0.0293042254827
216.16 0.026366068814
216.23 0.0330673550015
216.3 0.0614720048537
216.37 0.11583255724
216.44 0.0537476629771
216.51 0.0431594378171
216.58 0.038731821487
216.65 0.0265434285132
216.72 0.0421851809787
216.79 0.0434781158925
216.86 0.075652660936
216.93 0.053488406747
217.0 0.0379075414125
217.07 0.0321058779119
217.14 0.028174969911
217.21 0.0256367499722
217.28 0.0451390270537
217.35 0.0786193351234
217.42 0.0738363628257
217.49 0.0625823097454
217.56 0.0383749518701
217.63 0.0319348263919
217.7 0.0346730297276
217.77 0.0335351941956
217.84 0.0555935151552
217.91 0.0475256310954
217.98 0.0381349234302
218.05 0.029421375141
218.12 0.0285445042499
218.19 0.0309565331554
218.26 0.0376457598193
218.33 0.0487954639042
218.4 0.0885088908792
218.47 0.0556193975124
218.54 0.0454499133645
218.61 0.0364063738438
218.68 0.0309918712458
218.75 0.0345809350172
218.82 0.0440603127286
218.89 0.0518297542956
218.96 0.0476934853907
219.03 0.0389490105537
219.1 0.0341892017959
219.17 0.0245261575133
219.24 0.0231611111969
219.31 0.0244894756997
219.38 0.0301785213401
219.45 0.0497369420005
219.52 0.0403524353303
219.59 0.0404482030584
219.66 0.0509429348857
219.73 0.0491965574387
219.8 0.0484895943343
219.87 0.0448289158673
219.94 0.0509614699004
220.01 0.0409549317981
220.08 0.0331048890598
220.15 0.0260656891638
220.22 0.0228791018638
220.29 0.0171921306288
220.36 0.0240273041941
220.43 0.028282504367
220.5 0.0573751339655
220.57 0.0479272853859
220.64 0.0522432524344
220.71 0.0406537155888
220.78 0.0274156002944
220.85 0.0330775205029
220.92 0.0373921281427
220.99 0.0465303413288
221.06 0.0536959714616
221.13 0.0303697731504
221.2 0.0236493428285
221.27 0.0189376074676
221.34 0.0202312037861
221.41 0.0188435076294
221.48 0.024780497651
221.55 0.0455260820792
221.62 0.0612890924929
221.69 0.0621125516936
221.76 0.0469212366839
221.83 0.039449143547
221.9 0.0241420905727
221.97 0.0187832949743
222.04 0.0389705022823
222.11 0.0540867844679
222.18 0.0633230463131
222.25 0.0586765952475
222.32 0.0496633130272
222.39 0.0463685141811
222.46 0.0478833895564
222.53 0.0416039278859
222.6 0.0488013838676
222.67 0.0518590011894
222.74 0.0476115692529
222.81 0.0401845927991
222.88 0.0311542761423
222.95 0.030323914021
223.02 0.0297964163922
223.09 0.0301098463658
223.16 0.0342597002078
223.23 0.0432439825807
223.3 0.0287232011366
223.37 0.021653656363
223.44 0.0165629975934
223.51 0.0160868137213
223.58 0.0149697601497
223.65 0.0146892775372
223.72 0.0291839661771
223.79 0.0462905089575
223.86 0.0472358953538
223.93 0.0363291189093
224.0 0.0281744810467
224.07 0.0292027730735
224.14 0.0335463230472
224.21 0.0323029529585
224.28 0.023354430877
224.35 0.0353703083522
224.42 0.0532790957151
224.49 0.0747111501616
224.56 0.0592571346506
224.63 0.0402155990814
224.7 0.0246854017845
224.77 0.0150712190946
224.84 0.0222688397738
224.91 0.0189265884145
224.98 0.0128962776005
225.05 0.0131423318808
225.12 0.0231168898936
225.19 0.0227644344335
225.26 0.0209423575292
225.33 0.0246334344659
225.4 0.0248627196558
225.47 0.0250754801873
225.54 0.0269542993332
225.61 0.0185734088079
225.68 0.0185864473672
225.75 0.0168764524024
225.82 0.02143885149
225.89 0.0229685156633
225.96 0.0220353116603
226.03 0.0209580613138
226.1 0.0220296413575
226.17 0.0199069181498
226.24 0.0195959821683
226.31 0.020633231914
226.38 0.0167574649281
226.45 0.0206057548659
226.52 0.0209388047668
226.59 0.0232055089619
226.66 0.0220360201214
226.73 0.017982256867
226.8 0.0170125344409
226.87 0.0184997667634
226.94 0.020179401165
227.01 0.0209777479045
227.08 0.0212847141512
227.15 0.0197059060465
227.22 0.0221009933212
227.29 0.0184084811626
227.36 0.0175142542824
227.43 0.0197257442635
227.5 0.0204444388035
227.57 0.020220069706
227.64 0.019880469808
227.71 0.020428937623
227.78 0.0198949004541
227.85 0.0196714711786
227.92 0.0183044014346
227.99 0.0166748141868
228.06 0.0178766399616
228.13 0.0203650859353
228.2 0.0190034956541
228.27 0.0192863650746
228.34 0.0143575622095
228.41 0.0141613825427
228.48 0.0120578766682
228.55 0.014497425757
228.62 0.0783901832602
228.69 0.209324516226
228.76 0.135917052071
228.83 0.0796712547189
228.9 0.0680232110146
228.97 0.0495718522719
229.04 0.0321164499288
229.11 0.0224788331244
229.18 0.0245023011979
229.25 0.0144914914152
229.32 0.0115830691974
229.39 0.00928032498652
229.46 0.00428167335001
229.53 0.00326632969104
229.6 0.00300111689802
229.67 0.0027122791505
229.74 0.00222303057659
229.81 0.00207145389322
229.88 0.00153234246992
229.95 0.00128779791752
230.02 0.00100308545252
230.09 0.000516529553525
230.16 0.000347951111638
230.23 0.000209801203341
230.3 9.43913267843e-05
230.37 6.20360927975e-05
230.44 5.75435084961e-05
230.51 5.99316235728e-05
230.58 5.96728130719e-05
230.65 5.8628421202e-05
230.72 5.70664083302e-05
230.79 5.88101114021e-05
230.86 6.75573834839e-05
230.93 0.000188424501663
231.0 0.000431837084907
231.07 0.000833657380202
231.14 0.00543459701133
231.21 0.0102423589108
231.28 0.0160919624817
231.35 0.0526590001332
231.42 0.133846458265
231.49 0.296330150753
231.56 0.619541090814
231.63 0.413660497953
231.7 0.370967218369
231.77 0.318687135109
231.84 0.234468283172
231.91 0.516185837495
231.98 0.562486164259
232.05 0.445395893862
232.12 0.411493265875
232.19 0.374143990477
232.26 0.387000087094
232.33 0.457680820538
232.4 0.408082254578
232.47 0.396343692555
232.54 0.403363597997
232.61 0.382248492301
232.68 0.513945424787
232.75 0.49907286628
232.82 0.394841247926
232.89 0.346689654878
232.96 0.384560941906
233.03 0.325751856596
233.1 0.300207346425
233.17 0.251691044938
233.24 0.232899381758
233.31 0.319396044521
233.38 0.227718744511
233.45 0.35657423572
233.52 0.577070939867
233.59 0.453743671021
233.66 0.355650756718
233.73 0.358719174803
233.8 0.307219437882
233.87 0.329439429134
233.94 0.37134030547
234.01 0.353274072439
234.08 0.315679014642
234.15 0.312916786372
234.22 0.429788688677
234.29 0.562473855074
234.36 0.558513694951
234.43 0.417066678121
234.5 0.34273440039
234.57 0.322200579158
234.64 0.318857312163
234.71 0.293200866451
234.78 0.236314024244
234.85 0.24923458559
234.92 0.246512706922
234.99 0.197904891088
235.06 0.397798567029
235.13 0.635239660027
235.2 0.445332906183
235.27 0.348992770312
235.34 0.301611809058
235.41 0.361348158801
235.48 0.359436883772
235.55 0.336439227092
235.62 0.276594731159
235.69 0.29886477218
235.76 0.301587900457
235.83 0.495716785551
235.9 0.586476717362
235.97 0.394011198208
236.04 0.287322451258
236.11 0.211328704224
236.18 0.207079471071
236.25 0.515066114776
236.32 0.344736099625
236.39 0.309303610089
236.46 0.286348455844
236.53 0.212687526017
236.6 0.34896786699
236.67 0.391993188683
236.74 0.351925114201
236.81 0.408964602318
236.88 0.366910264426
236.95 0.38288813069
237.02 0.380002470725
237.09 0.395021216644
237.16 0.406030155266
237.23 0.337884716418
237.3 0.389525519441
237.37 0.382136087502
237.44 0.507250467692
237.51 0.357533058042
237.58 0.241067204578
237.65 0.175801409004
237.72 0.27845456564
237.79 0.495332353923
237.86 0.408418488633
237.93 0.3192406994
238.0 0.289133939153
238.07 0.379986580022
238.14 0.520142350743
238.21 0.422765116752
238.28 0.35658119354
238.35 0.31697683297
238.42 0.26117069061
238.49 0.275041899525
238.56 0.362147466276
238.63 0.216417165719
238.7 0.27822516673
238.77 0.294097086694
238.84 0.290909709892
238.91 0.482299894943
238.98 0.445377017688
239.05 0.332376276065
239.12 0.289834488201
239.19 0.247281575407
239.26 0.313308456851
239.33 0.33359963801
239.4 0.235586654324
239.47 0.224781417866
239.54 0.212901228985
239.61 0.387429962186
239.68 0.510354346737
239.75 0.411178484335
239.82 0.383418506606
239.89 0.256132752062
239.96 0.326101509583
240.03 0.360286001812
240.1 0.215894550197
240.17 0.368036457407
240.24 0.535710918657
240.31 0.488616145611
240.38 0.592665562679
240.45 0.55774293898
240.52 0.393765099485
240.59 0.265585753324
240.66 0.199101245243
240.73 0.552331991758
240.8 0.653377204502
240.87 0.329453725146
240.94 0.45167599733
241.01 0.42507912837
241.08 0.4166870737
241.15 0.468871607522
241.22 0.592206141361
241.29 0.360366084055
241.36 0.267835828291
241.43 0.543720114168
241.5 0.545192011315
241.57 0.304930475983
241.64 0.239837731829
241.71 0.361083732896
241.78 0.699446978166
241.85 0.610912661116
241.92 0.531849740479
241.99 0.287056879006
242.06 0.362131174286
242.13 0.536771471805
242.2 0.532058180967
242.27 0.454616104227
242.34 0.203692503009
242.41 0.228992914357
242.48 0.505117358079
242.55 0.475425571714
242.62 0.614816967841
242.69 0.527132049862
242.76 0.428699089932
242.83 0.48849073493
242.9 0.344160958642
242.97 0.419615200809
243.04 0.426762098551
243.11 0.416027543502
243.18 0.642730902527
243.25 0.676550022299
243.32 0.297798950016
243.39 0.391150713446
243.46 0.563915779874
243.53 0.814324625305
243.6 0.563325510241
243.67 0.376666564145
243.74 0.472062512252
243.81 0.474477755375
243.88 0.417504035189
243.95 0.392280651336
244.02 0.475846227662
244.09 0.521038807576
244.16 0.474157669527
244.23 0.367269511701
244.3 0.264087175167
244.37 0.256425969982
244.44 0.447469375104
244.51 0.488475323942
244.58 0.385467515877
244.65 0.384061670307
244.72 0.525251471328
244.79 0.545287504547
244.86 0.493746351409
244.93 0.542342869773
245.0 0.577170832877
245.07 0.19031574502
245.14 0.381553735119
245.21 0.46617585303
245.28 0.552767552839
245.35 0.506793510303
245.42 0.423682807811
245.49 0.425531482069
245.56 0.297021931615
245.63 0.427787618168
245.7 0.427621966377
245.77 0.383603476379
245.84 0.286624984408
245.91 0.16463469401
245.98 0.111575647349
246.05 0.065943820266
246.12 0.0470374517487
246.19 0.0327536309251
246.26 0.02027440684
246.33 0.0191232386459
246.4 0.0139839052024
246.47 0.0125502741032
246.54 0.0163998358723
246.61 0.114990531653
246.68 0.315418116664
246.75 0.500673275911
246.82 0.467453140365
246.89 0.312371833413
246.96 0.194740798081
247.03 0.146308454459
247.1 0.119544803045
247.17 0.28365844224
247.24 0.14964692431
247.31 0.292159767225
247.38 0.278806398909
247.45 0.30881225051
247.52 0.49377668583
247.59 0.512220007069
247.66 0.515257192739
247.73 0.500010768085
247.8 0.468604454957
247.87 0.350076866065
247.94 0.315103059322
248.01 0.250542463542
248.08 0.200019583328
248.15 0.234730339261
248.22 0.327170310681
248.29 0.284235545215
248.36 0.19451267231
248.43 0.16003015456
248.5 0.107308300075
248.57 0.0561636263252
248.64 0.0430568116107
248.71 0.175658350846
248.78 0.306559929905
248.85 0.405285940442
248.92 0.292853872153
248.99 0.182861724176
249.06 0.148931410002
249.13 0.0899569356319
249.2 0.0464142883474
249.27 0.109663169766
249.34 0.327970870381
249.41 0.370822454415
249.48 0.2885021239
249.55 0.226932135743
249.62 0.131370399903
249.69 0.0889268306245
249.76 0.0588849690717
249.83 0.0505050432036
249.9 0.275335824598
249.97 0.426040460368
250.04 0.31887160164
250.11 0.264393146693
250.18 0.289390939287
250.25 0.190489555879
250.32 0.212873248694
250.39 0.222949958428
250.46 0.24135843959
250.53 0.338225399921
250.6 0.331480093728
250.67 0.25692418281
250.74 0.228833928896
250.81 0.182969955329
250.88 0.279979715008
250.95 0.282989092928
251.02 0.240002673852
251.09 0.280377565569
251.16 0.286415468157
251.23 0.441158537235
251.3 0.306321079183
251.37 0.162043594381
251.44 0.11416597839
251.51 0.130667819585
251.58 0.158951637611
251.65 0.32373472023
251.72 0.562059153075
251.79 0.589233713215
251.86 0.454599399186
251.93 0.355978682694
252.0 0.257412973891
252.07 0.293720054694
252.14 0.283412607556
252.21 0.378411167825
252.28 0.353063441212
252.35 0.480444821006
252.42 0.496202070926
252.49 0.451545839176
252.56 0.420434129519
252.63 0.299399725643
252.7 0.280415894358
252.77 0.277685256655
252.84 0.270348696564
252.91 0.313872339577
252.98 0.332610581917
253.05 0.309473830278
253.12 0.249085523812
253.19 0.161277696988
253.26 0.116762805836
253.33 0.071476515607
253.4 0.04815940442
253.47 0.132443047867
253.54 0.351857775107
253.61 0.306856070553
253.68 0.327837049667
253.75 0.26728303651
253.82 0.178259434287
253.89 0.114985814244
253.96 0.0793833607147
254.03 0.0545618664347
254.1 0.211826220356
254.17 0.298497471716
254.24 0.313038670432
254.31 0.277492499038
254.38 0.164916302056
254.45 0.0970822645255
254.52 0.0629593378247
254.59 0.0455506912979
254.66 0.112638047462
254.73 0.333600375228
254.8 0.391018771068
254.87 0.302734301571
254.94 0.27325880105
255.01 0.242097905634
255.08 0.209586369711
255.15 0.249879427638
255.22 0.266752708958
255.29 0.302076997405
255.36 0.371336969691
255.43 0.381536077184
255.5 0.33196709797
255.57 0.334274185753
255.64 0.246770912225
255.71 0.3105894068
255.78 0.290888266527
255.85 0.27183786343
255.92 0.282025027734
255.99 0.355749973946
256.06 0.262182923315
256.13 0.192920893616
256.2 0.144235804548
256.27 0.0718045200104
256.34 0.0862113921559
256.41 0.0915966609315
256.48 0.269889847767
256.55 0.448785137627
256.62 0.440012475973
256.69 0.337368649586
256.76 0.211242325566
256.83 0.246611593448
256.9 0.234766164908
256.97 0.215536398292
257.04 0.223788976322
257.11 0.326210641344
257.18 0.485484853566
257.25 0.369199851129
257.32 0.396986813121
257.39 0.322902403959
257.46 0.320195127171
257.53 0.300662947019
257.6 0.272033130724
257.67 0.271401174302
257.74 0.369685686803
257.81 0.404020368857
257.88 0.334227103156
257.95 0.355936671737
258.02 0.271187365457
258.09 0.159729168405
258.16 0.0973890909099
258.23 0.0708941410021
258.3 0.252908126154
258.37 0.428544531699
258.44 0.392580862367
258.51 0.345097816056
258.58 0.296983713931
258.65 0.195828058381
258.72 0.163217897358
258.79 0.121637316009
258.86 0.0957792843657
258.93 0.252112069496
259.0 0.362964765002
259.07 0.388644369027
259.14 0.350302967102
259.21 0.264983688207
259.28 0.164554418313
259.35 0.124679762853
259.42 0.098793196698
259.49 0.0880777923192
259.56 0.246457058743
259.63 0.35570384032
259.7 0.340214482798
259.77 0.299936205826
259.84 0.284239228689
259.91 0.243993150096
259.98 0.326329460199
260.05 0.336778672749
260.12 0.333141791777
260.19 0.351519394756
260.26 0.405255272705
260.33 0.401586210346
260.4 0.374567821429
260.47 0.348514461056
260.54 0.358277146075
260.61 0.430315496144
260.68 0.430746984227
260.75 0.345990703135
260.82 0.233921125095
260.89 0.175402435624
260.96 0.131397096598
261.03 0.0820030484478
261.1 0.0462037629975
261.17 0.0293266047483
261.24 0.0229259491787
261.31 0.0157292813926
261.38 0.0112140747006
261.45 0.0104961291426
261.52 0.0108125968718
261.59 0.0232114027828
261.66 0.0971214664736
261.73 0.11986188643
261.8 0.31163088117
261.87 0.372511310574
261.94 0.398902721904
262.01 0.347871459438
262.08 0.322309355381
262.15 0.347253154616
262.22 0.378401772219
262.29 0.441357774264
262.36 0.326865320806
262.43 0.310228006692
262.5 0.371880050849
262.57 0.323268750223
262.64 0.316371432073
262.71 0.528335624569
262.78 0.570914321686
262.85 0.540846296744
262.92 0.47505671708
262.99 0.435053789645
263.06 0.424122745141
263.13 0.368445341399
263.2 0.35477835619
263.27 0.352495042374
263.34 0.370006771293
263.41 0.298873205742
263.48 0.266357800733
263.55 0.206499079373
263.62 0.187168794941
263.69 0.302524299071
263.76 0.508751160775
263.83 0.468042355149
263.9 0.430578475063
263.97 0.42266551523
264.04 0.42799410712
264.11 0.401554694286
264.18 0.468821061047
264.25 0.405344894337
264.32 0.335415252495
264.39 0.332081450383
264.46 0.413325479524
264.53 0.44056974596
264.6 0.371328499529
264.67 0.390294769606
264.74 0.404546486163
264.81 0.449445248188
264.88 0.439482101365
264.95 0.43713383657
265.02 0.469528009773
265.09 0.373737970393
265.16 0.384228333813
265.23 0.285921989731
265.3 0.245970051887
265.37 0.178401224534
265.44 0.158197589295
265.51 0.156122246709
265.58 0.129282953351
265.65 0.122361138396
265.72 0.114468846804
265.79 0.0998686941916
265.86 0.0918331130808
265.93 0.379337126441
266.0 0.48942269978
266.07 0.452314139062
266.14 0.437000215845
266.21 0.438480533483
266.28 0.360697405938
266.35 0.307849926404
266.42 0.299871491436
266.49 0.322602864789
266.56 0.359444276864
266.63 0.341937670562
266.7 0.306933103276
266.77 0.274314079954
266.84 0.283275071996
266.91 0.24409976303
266.98 0.261316202239
267.05 0.288258538776
267.12 0.288772183507
267.19 0.269727113476
267.26 0.259520909608
267.33 0.295966382137
267.4 0.532926828742
267.47 0.464866899315
267.54 0.501306923752
267.61 0.476211482478
267.68 0.508804509723
267.75 0.495736434235
267.82 0.52882515156
267.89 0.503546116914
267.96 0.511491067293
268.03 0.508211806227
268.1 0.453270765415
268.17 0.447373221774
268.24 0.548239670968
268.31 0.465779589318
268.38 0.501271864079
268.45 0.47500904497
268.52 0.495393837102
268.59 0.553171914182
268.66 0.516533382091
268.73 0.49999511005
268.8 0.481613410546
268.87 0.461066761201
268.94 0.454224874248
269.01 0.471685072429
269.08 0.466577298181
269.15 0.436119750364
269.22 0.482985785905
269.29 0.452620862184
269.36 0.45920909001
269.43 0.417398641802
269.5 0.39034081304
269.57 0.234453195042
269.64 0.221875122339
269.71 0.177651037462
269.78 0.46872050271
269.85 0.415027687953
269.92 0.409833571646
269.99 0.284029610483
270.06 0.266902915776
270.13 0.133313143936
270.2 0.0824609208234
270.27 0.0749616473555
270.34 0.0433718637249
270.41 0.0357691196486
270.48 0.0212512099554
270.55 0.0203515336764
270.62 0.0154254927638
270.69 0.0114249987233
270.76 0.00783801327857
270.83 0.00171542344973
270.9 0.0
270.97 0.0
271.04 0.0
271.11 0.0
271.18 0.0
271.25 0.0
271.32 0.0
271.39 0.0
271.46 0.0
271.53 0.0
271.6 0.0
271.67 0.0
271.74 0.0
271.81 0.0
271.88 0.0
271.95 0.0
272.02 0.0
272.09 0.0
272.16 0.0
272.23 0.0
272.3 0.0
272.37 0.0
272.44 0.0
272.51 0.0
272.58 0.0
272.65 0.0
272.72 0.0
272.79 0.0
272.86 0.0
272.93 0.0
273.0 0.0
273.07 0.0
273.14 0.0
273.21 0.0
273.28 0.0
273.35 0.0
273.42 0.0
273.49 0.0
273.56 0.0
273.63 0.0
273.7 0.0
273.77 0.0
273.84 0.0
273.91 0.0
273.98 0.0
274.05 0.0
274.12 0.0
274.19 0.0
274.26 0.0
274.33 0.0
274.4 0.0
274.47 0.0
274.54 0.0
274.61 0.0
274.68 0.0
274.75 0.0
274.82 0.0
