0.0 0.0
3.10867680959 0.0
6.76759831714 1.0
179.596841 0.984251968504
179.762631476 0.950829284637
180.407884 0.48031496063
180.51219 0.409448818898
180.620313 0.354330708661
180.72581 0.330708661417
180.829227 0.307086614173
180.941707 0.299212598425
181.058646 0.283464566929
185.762191937 0.272156140057
194.116906979 0.187049757078
195.947093 0.220472440945
197.239995 0.377952755906
200.003147 0.535433070866
203.059587 0.685039370079
205.478771 0.811023622047
207.24509 0.92125984252
208.757109 1.0
238.13539711 1
240.526062067 0
241.113908331 0
