0.0 0.0
0.07 0.0
0.14 0.0
0.21 0.0
0.28 0.0
0.35 0.0
0.42 0.0
0.49 0.0
0.56 0.0
0.63 0.0
0.7 0.0
0.77 0.0
0.84 0.0
0.91 0.0
0.98 0.0
1.05 0.0
1.12 0.0
1.19 0.0
1.26 0.0
1.33 0.0
1.4 0.0
1.47 0.0
1.54 0.0
1.61 0.0
1.68 0.0
1.75 0.0
1.82 0.0
1.89 0.0
1.96 0.0
2.03 0.0
2.1 0.0
2.17 0.0
2.24 0.0
2.31 0.0
2.38 0.0
2.45 0.0
2.52 0.0
2.59 0.0
2.66 0.0
2.73 0.0
2.8 0.0
2.87 0.0
2.94 0.0
3.01 0.0
3.08 0.0
3.15 0.0
3.22 0.0
3.29 0.0
3.36 0.0
3.43 0.0
3.5 0.0
3.57 0.0
3.64 0.0
3.71 0.0
3.78 0.0
3.85 0.0
3.92 0.0
3.99 0.272460493834
4.06 0.377853009326
4.13 0.353960549
4.2 0.352711718255
4.27 0.278825519587
4.34 0.304449482682
4.41 0.287134290724
4.48 0.18797165407
4.55 0.120379337888
4.62 0.324736997704
4.69 0.431047482865
4.76 0.428472253756
4.83 0.342178098095
4.9 0.320607992323
4.97 0.126933736884
5.04 0.290020880152
5.11 0.195209967567
5.18 0.143992230268
5.25 0.297891799375
5.32 0.228792038388
5.39 0.205363013533
5.46 0.242957384152
5.53 0.239255825877
5.6 0.142647929412
5.67 0.439595608912
5.74 0.406792134434
5.81 0.35564614616
5.88 0.25416017722
5.95 0.250680619761
6.02 0.236281677713
6.09 0.310650231186
6.16 0.177763484869
6.23 0.253239223078
6.3 0.429755770092
6.37 0.423229276005
6.44 0.392325385576
6.51 0.399634233103
6.58 0.399444138511
6.65 0.433111747423
6.72 0.452239992833
6.79 0.268966385114
6.86 0.361789755998
6.93 0.544382603162
7.0 0.308675891042
7.07 0.226888881489
7.14 0.187013475711
7.21 0.153949423886
7.28 0.283443491849
7.35 0.604418427476
7.42 0.535850223382
7.49 0.453145730854
7.56 0.395890123927
7.63 0.315969525058
7.7 0.229310017406
7.77 0.324716479235
7.84 0.294371096341
7.91 0.296913840409
7.98 0.226304533144
8.05 0.168407168049
8.12 0.302480598718
8.19 0.350762809575
8.26 0.349866385647
8.33 0.301908648017
8.4 0.285679440086
8.47 0.185836988452
8.54 0.502925481439
8.61 0.366189215992
8.68 0.237792515466
8.75 0.208226226906
8.82 0.122804050133
8.89 0.108521658969
8.96 0.537676799086
9.03 0.419682962473
9.1 0.345667428529
9.17 0.315418419606
9.24 0.313725043174
9.31 0.139199505552
9.38 0.292623197221
9.45 0.350746117732
9.52 0.311224011332
9.59 0.252322123375
9.66 0.156897719944
9.73 0.191695986985
9.8 0.312780560018
9.87 0.328184755837
9.94 0.269739718216
10.01 0.191207273879
10.08 0.148226289273
10.15 0.176241537472
10.22 0.342322589522
10.29 0.24843489681
10.36 0.179439635833
10.43 0.173664835247
10.5 0.0882131926681
10.57 0.188748372298
10.64 0.337594541135
10.71 0.303973162875
10.78 0.401307260539
10.85 0.69339623709
10.92 0.706835424241
10.99 0.574625075621
11.06 0.507266639918
11.13 0.347317652644
11.2 0.32998838482
11.27 0.21690467726
11.34 0.134049942502
11.41 0.424466147131
11.48 0.377562469922
11.55 0.379523313886
11.62 0.392570579936
11.69 0.281344841538
11.76 0.260925731592
11.83 0.313260290155
11.9 0.259396125728
11.97 0.197111764332
12.04 0.161616025774
12.11 0.108726747192
12.18 0.0906869879347
12.25 0.27837285742
12.32 0.288736772831
12.39 0.246470923234
12.46 0.230314321256
12.53 0.211543852804
12.6 0.156002225078
12.67 0.306504696483
12.74 0.245026486094
12.81 0.209813111361
12.88 0.204430931497
12.95 0.157786660962
13.02 0.153574198105
13.09 0.20189353758
13.16 0.208990131194
13.23 0.154389321651
13.3 0.141050103048
13.37 0.131419075654
13.44 0.163246258091
13.51 0.291822749217
13.58 0.271869345688
13.65 0.266289218087
13.72 0.259595917685
13.79 0.226266578018
13.86 0.409620417131
13.93 0.628795783841
14.0 0.49191117253
14.07 0.425923957039
14.14 0.339591587261
14.21 0.299913958877
14.28 0.234952991891
14.35 0.316963206826
14.42 0.326443457495
14.49 0.288118933033
14.56 0.270985496699
14.63 0.150270438622
14.7 0.364716322937
14.77 0.423509165517
14.84 0.356469740777
14.91 0.326025523505
14.98 0.235458681902
15.05 0.220429875254
15.12 0.372118791141
15.19 0.349762315839
15.26 0.304882518071
15.33 0.262190157383
15.4 0.138668125085
15.47 0.11162476696
15.54 0.38096817949
15.61 0.478277952048
15.68 0.366974221912
15.75 0.333204496049
15.82 0.23930670445
15.89 0.203016177436
15.96 0.308423662224
16.03 0.305566061468
16.1 0.29495035961
16.17 0.293374530915
16.24 0.231316578387
16.31 0.192612982397
16.38 0.354932953579
16.45 0.327579304992
16.52 0.298824089995
16.59 0.247632803609
16.66 0.0783060711023
16.73 0.225420169651
16.8 0.290114189692
16.87 0.279831052337
16.94 0.18584813286
17.01 0.128428599798
17.08 0.0911750205386
17.15 0.277107074973
17.22 0.361196870531
17.29 0.276995405796
17.36 0.392508410947
17.43 0.691284069741
17.5 0.643588832765
17.57 0.668394077736
17.64 0.623188711681
17.71 0.405669153892
17.78 0.478040223215
17.85 0.227728750783
17.92 0.148916327419
17.99 0.472539161553
18.06 0.427992774787
18.13 0.376946137135
18.2 0.365894254632
18.27 0.296396942545
18.34 0.272679188612
18.41 0.40756275422
18.48 0.330909756996
18.55 0.272936625917
18.62 0.233788074028
18.69 0.162802982154
18.76 0.118754921556
18.83 0.251466805912
18.9 0.324914283571
18.97 0.319349415544
19.04 0.299692071043
19.11 0.280361446381
19.18 0.236077752339
19.25 0.280558330345
19.32 0.227071864275
19.39 0.20605764224
19.46 0.320031591855
19.53 0.229483515756
19.6 0.23677352999
19.67 0.299313387132
19.74 0.299453851172
19.81 0.289867674307
19.88 0.236171461663
19.95 0.218691510977
20.02 0.254298259939
20.09 0.317248815853
20.16 0.296822515013
20.23 0.285220129341
20.3 0.221007369914
20.37 0.0770575010855
20.44 0.39323184147
20.51 0.539527829392
20.58 0.565696296292
20.65 0.559090131377
20.72 0.343055813011
20.79 0.234816953283
20.86 0.336053241594
20.93 0.414806301409
21.0 0.33095731128
21.07 0.370012080841
21.14 0.241727206797
21.21 0.166826721851
21.28 0.470328124192
21.35 0.470388989538
21.42 0.330369284925
21.49 0.39936198207
21.56 0.268336645664
21.63 0.360527044064
21.7 0.371073084464
21.77 0.312778268214
21.84 0.277701364028
21.91 0.224221813349
21.98 0.080857003785
22.05 0.216606999977
22.12 0.419731517086
22.19 0.351662477836
22.26 0.471973204132
22.33 0.388098882485
22.4 0.247552814691
22.47 0.21603349881
22.54 0.368893125079
22.61 0.328834911204
22.68 0.309630478299
22.75 0.270570322086
22.82 0.194113723871
22.89 0.24527460496
22.96 0.34950098238
23.03 0.301251012348
23.1 0.274866096412
23.17 0.245258058256
23.24 0.0902230084104
23.31 0.316983593192
23.38 0.311573429331
23.45 0.264021600889
23.52 0.171185425625
23.59 0.142487598724
23.66 0.194023022486
23.73 0.366600809933
23.8 0.375540412973
23.87 0.349401260655
23.94 0.679989284682
24.01 0.746860828033
24.08 0.62276271944
24.15 0.635413140096
24.22 0.607561065395
24.29 0.358894449546
24.36 0.537147533128
24.43 0.141809867835
24.5 0.246174022922
24.57 0.431989977531
24.64 0.370651438568
24.71 0.341507067062
24.78 0.202272326651
24.85 0.116252916327
24.92 0.183424033328
24.99 0.376481185093
25.06 0.34434549297
25.13 0.204738880617
25.2 0.0882021282168
25.27 0.035555996407
25.34 0.38064706097
25.41 0.606880744602
25.48 0.536698084876
25.55 0.550629140817
25.62 0.562590181232
25.69 0.562394926821
25.76 0.512470226796
25.83 0.477032967049
25.9 0.434545095777
25.97 0.518851813159
26.04 0.616934737178
26.11 0.583407103875
26.18 0.452998116768
26.25 0.499205828602
26.32 0.415446350067
26.39 0.277715051409
26.46 0.171591533836
26.53 0.107543248073
26.6 0.389244370855
26.67 0.44160584182
26.74 0.365241897848
26.81 0.240848262112
26.88 0.183485720838
26.95 0.199007488729
27.02 0.402220635301
27.09 0.489365066802
27.16 0.517796150996
27.23 0.43739585067
27.3 0.394840983454
27.37 0.368601798275
27.44 0.373232662696
27.51 0.28771763874
27.58 0.299293670838
27.65 0.548245223903
27.72 0.568818091569
27.79 0.498385430517
27.86 0.467211480043
27.93 0.469465394217
28.0 0.487349843549
28.07 0.252471891948
28.14 0.252534526772
28.21 0.321269577161
28.28 0.373920075305
28.35 0.320553030741
28.42 0.324452647127
28.49 0.361809689566
28.56 0.243398673338
28.63 0.567017734729
28.7 0.75185985423
28.77 0.590029334015
28.84 0.568761988864
28.91 0.477173462376
28.98 0.419255793477
29.05 0.238431777592
29.12 0.0999155190768
29.19 0.0628350566345
29.26 0.0474876266391
29.33 0.0449502753075
29.4 0.139534207161
29.47 0.556403373016
29.54 0.493735188749
29.61 0.427029808583
29.68 0.346400114917
29.75 0.312015927429
29.82 0.294349289004
29.89 0.31516264488
29.96 0.230406907709
30.03 0.189706157825
30.1 0.160853618068
30.17 0.144843907959
30.24 0.213564388836
30.31 0.337569781481
30.38 0.268535508558
30.45 0.134964713899
30.52 0.11937727978
30.59 0.156649244749
30.66 0.184539008634
30.73 0.270319088383
30.8 0.254457114034
30.87 0.239676306316
30.94 0.248910729055
31.01 0.249122221641
31.08 0.260302260926
31.15 0.259294292102
31.22 0.218836230108
31.29 0.203760982487
31.36 0.290857642431
31.43 0.427115624784
31.5 0.486375079377
31.57 0.428433149685
31.64 0.359756561594
31.71 0.282352749526
31.78 0.227624501942
31.85 0.156321735772
31.92 0.400751273379
31.99 0.390527462203
32.06 0.303867500884
32.13 0.276703181216
32.2 0.203431884804
32.27 0.193452192917
32.34 0.33518933834
32.41 0.302723339623
32.48 0.257487209334
32.55 0.191167336346
32.62 0.308388428235
32.69 0.304989789626
32.76 0.308651764089
32.83 0.261750233545
32.9 0.233066330419
32.97 0.237141266778
33.04 0.350441338203
33.11 0.352406994348
33.18 0.273854949306
33.25 0.173629585613
33.32 0.157908937446
33.39 0.13170494541
33.46 0.209775610771
33.53 0.292466756603
33.6 0.422203904418
33.67 0.359099168403
33.74 0.219386517741
33.81 0.204010214664
33.88 0.145900935471
33.95 0.28624554786
34.02 0.471319130016
34.09 0.368127134963
34.16 0.308450756268
34.23 0.255653319325
34.3 0.23236064682
34.37 0.378538676792
34.44 0.352276555321
34.51 0.280808779255
34.58 0.253280313901
34.65 0.226293493028
34.72 0.197447161218
34.79 0.362868537833
34.86 0.388979919951
34.93 0.297609305186
35.0 0.176125268174
35.07 0.163964208969
35.14 0.136431996945
35.21 0.394972491467
35.28 0.48942065674
35.35 0.407752734961
35.42 0.302801123646
35.49 0.310771700281
35.56 0.190405307566
35.63 0.298458939634
35.7 0.319095765756
35.77 0.257863414586
35.84 0.211235244041
35.91 0.417729588383
35.98 0.383653451698
36.05 0.278705946858
36.12 0.242771296958
36.19 0.207854810369
36.26 0.254244232634
36.33 0.241592470964
36.4 0.186643304587
36.47 0.171362379497
36.54 0.126058669233
36.61 0.111103276797
36.68 0.251234126523
36.75 0.243001206541
36.82 0.3184195019
36.89 0.42084142122
36.96 0.364227283921
37.03 0.215860626209
37.1 0.10915832337
37.17 0.0623560469772
37.24 0.266845240011
37.31 0.329264773526
37.38 0.324381102339
37.45 0.227976442054
37.52 0.202048386884
37.59 0.141811407872
37.66 0.347339643361
37.73 0.354061218039
37.8 0.268096887494
37.87 0.190842427702
37.94 0.158049220715
38.01 0.13345356501
38.08 0.358636735868
38.15 0.34775232367
38.22 0.208250684984
38.29 0.134695042341
38.36 0.169164865258
38.43 0.141101796832
38.5 0.466771013021
38.57 0.477323843662
38.64 0.404439083436
38.71 0.323598299576
38.78 0.299906090958
38.85 0.242803853265
38.92 0.349843409377
38.99 0.285726891816
39.06 0.189683010343
39.13 0.22481390707
39.2 0.456197646529
39.27 0.390062946447
39.34 0.282083422998
39.41 0.252994734423
39.48 0.223451724579
39.55 0.249518127543
39.62 0.120737492032
39.69 0.222048180109
39.76 0.43140380061
39.83 0.474509918417
39.9 0.392742924127
39.97 0.37026516311
40.04 0.254124290539
40.11 0.396886492068
40.18 0.468237619911
40.25 0.363382844055
40.32 0.191541225459
40.39 0.158230752111
40.46 0.106048467724
40.53 0.283888734549
40.6 0.289032248696
40.67 0.21932695343
40.74 0.184522527981
40.81 0.380311412047
40.88 0.362273848124
40.95 0.381682369792
41.02 0.372843998095
41.09 0.361503346535
41.16 0.332048130084
41.23 0.419691594327
41.3 0.384168563571
41.37 0.395066296392
41.44 0.332278366446
41.51 0.296408441544
41.58 0.29747757816
41.65 0.316641823232
41.72 0.29663818513
41.79 0.333785045579
41.86 0.311110973331
41.93 0.292451243254
42.0 0.305463438704
42.07 0.458916975972
42.14 0.348932192578
42.21 0.319251732717
42.28 0.294645443632
42.35 0.281919907945
42.42 0.262482356758
42.49 0.384329789427
42.56 0.312899670388
42.63 0.415664984877
42.7 0.426516487046
42.77 0.14899446864
42.84 0.248935425265
42.91 0.255868329139
42.98 0.327995056684
43.05 0.402284844925
43.12 0.295826541441
43.19 0.149489601752
43.26 0.0853289706561
43.33 0.0698024696725
43.4 0.328602867123
43.47 0.384109625009
43.54 0.358053657272
43.61 0.275478447874
43.68 0.235893952604
43.75 0.222052638567
43.82 0.258687594104
43.89 0.284646667284
43.96 0.16010826288
44.03 0.090454340702
44.1 0.0487573695538
44.17 0.134192700953
44.24 0.23113668958
44.31 0.239300328768
44.38 0.22365166689
44.45 0.137392212463
44.52 0.174953208956
44.59 0.217504224342
44.66 0.224110486596
44.73 0.205651900787
44.8 0.199119976594
44.87 0.191851211738
44.94 0.294460858235
45.01 0.273156103749
45.08 0.23348226462
45.15 0.247267129184
45.22 0.239733703103
45.29 0.279396165776
45.36 0.415119559831
45.43 0.386582625054
45.5 0.374105878305
45.57 0.287594510543
45.64 0.229080532811
45.71 0.277600620248
45.78 0.260740109364
45.85 0.379469296141
45.92 0.395881079252
45.99 0.310740498893
46.06 0.269557914792
46.13 0.306587026743
46.2 0.265496097425
46.27 0.300368784221
46.34 0.219480650314
46.41 0.17935326428
46.48 0.144519222673
46.55 0.11868690964
46.62 0.138951463166
46.69 0.346159192159
46.76 0.37759362264
46.83 0.375212433816
46.9 0.231884500832
46.97 0.137532634787
47.04 0.195871664518
47.11 0.382287101027
47.18 0.347641818212
47.25 0.325979061674
47.32 0.189190445408
47.39 0.141191646504
47.46 0.194995893768
47.53 0.290023565656
47.6 0.334868852522
47.67 0.246721362584
47.74 0.194182160775
47.81 0.280210758305
47.88 0.206017833333
47.95 0.169870916484
48.02 0.168006823677
48.09 0.0994300094564
48.16 0.302308951541
48.23 0.282788898013
48.3 0.318378398911
48.37 0.420617982052
48.44 0.362423771397
48.51 0.271311479544
48.58 0.453300449794
48.65 0.425230711062
48.72 0.43555120213
48.79 0.372140378597
48.86 0.415313516683
48.93 0.414430461177
49.0 0.445314326784
49.07 0.450479884662
49.14 0.513472683819
49.21 0.478219595779
49.28 0.465965535563
49.35 0.429667463933
49.42 0.467704975779
49.49 0.470017771155
49.56 0.337176468959
49.63 0.293169938077
49.7 0.23470262989
49.77 0.188921262281
49.84 0.247198720091
49.91 0.185019701728
49.98 0.314135590724
50.05 0.492802944191
50.12 0.557772656883
50.19 0.367357532887
50.26 0.167239900152
50.33 0.206691889687
50.4 0.369299724329
50.47 0.295937323272
50.54 0.302638299524
50.61 0.226852374275
50.68 0.219412728784
50.75 0.207276588277
50.82 0.322810946229
50.89 0.339899659792
50.96 0.213520042382
51.03 0.185983676083
51.1 0.235525794305
51.17 0.222679592567
51.24 0.163802706741
51.31 0.128954773515
51.38 0.133201478725
51.45 0.308322095411
51.52 0.349200537898
51.59 0.44671625213
51.66 0.407984759052
51.73 0.364872510648
51.8 0.398032070824
51.87 0.441481973154
51.94 0.418647020081
52.01 0.411636247013
52.08 0.213540459167
52.15 0.172210686837
52.22 0.226298346055
52.29 0.291272777065
52.36 0.287511365071
52.43 0.270635182663
52.5 0.24471593838
52.57 0.260140230288
52.64 0.206848890002
52.71 0.277843711398
52.78 0.330516165495
52.85 0.419071321062
52.92 0.369871476007
52.99 0.36718658707
53.06 0.155149720878
53.13 0.126078783573
53.2 0.233667441003
53.27 0.269877030917
53.34 0.244394208886
53.41 0.219817979198
53.48 0.126934851933
53.55 0.0582714106459
53.62 0.277846675012
53.69 0.151905087681
53.76 0.0689182139465
53.83 0.198710823073
53.9 0.180329764036
53.97 0.150425468698
54.04 0.318792597529
54.11 0.203646151542
54.18 0.174133934611
54.25 0.25898352103
54.32 0.257201452561
54.39 0.231168710525
54.46 0.285332729319
54.53 0.176330416365
54.6 0.150726921331
54.67 0.235031046202
54.74 0.205453210843
54.81 0.192826750274
54.88 0.324404944229
54.95 0.240998446113
55.02 0.217863181529
55.09 0.202375751591
55.16 0.194657314256
55.23 0.186248217373
55.3 0.252243162597
55.37 0.0799703554399
55.44 0.121747929956
55.51 0.237637738297
55.58 0.232870332063
55.65 0.225984540972
55.72 0.208877116658
55.79 0.179068921525
55.86 0.256504890117
55.93 0.323185296832
56.0 0.260992024438
56.07 0.311746790364
56.14 0.235305113644
56.21 0.174545465107
56.28 0.207669846046
56.35 0.207022148482
56.42 0.180984709855
56.49 0.358515039071
56.56 0.28385744799
56.63 0.252699762633
56.7 0.235200706627
56.77 0.226740602545
56.84 0.200919464338
56.91 0.289734163898
56.98 0.178275762623
57.05 0.124119632606
57.12 0.187093754037
57.19 0.197412429565
57.26 0.189428927746
57.33 0.240743165034
57.4 0.206403370061
57.47 0.19414642271
57.54 0.23162929884
57.61 0.231586705352
57.68 0.278364610576
57.75 0.232110980965
57.82 0.171544763476
57.89 0.192328816937
57.96 0.256568172417
58.03 0.233578112788
58.1 0.311375252153
58.17 0.215711466871
58.24 0.184027128926
58.31 0.187818028452
58.38 0.167690602509
58.45 0.155108431901
58.52 0.223246076659
58.59 0.174156738801
58.66 0.0887160016291
58.73 0.158712741896
58.8 0.183176345533
58.87 0.164104968501
58.94 0.167598852995
59.01 0.146425842917
59.08 0.133871378196
59.15 0.196755089389
59.22 0.199032233609
59.29 0.179481224647
59.36 0.265668844007
59.43 0.14714073371
59.5 0.13830379515
59.57 0.220230184982
59.64 0.212142964469
59.71 0.192798296096
59.78 0.27097963639
59.85 0.181227213496
59.92 0.181120964866
59.99 0.23344511949
60.06 0.221668567135
60.13 0.198348110525
60.2 0.20703668323
60.27 0.13514954612
60.34 0.104964509558
60.41 0.198234118256
60.48 0.178133846325
60.55 0.224219076568
60.62 0.225952971957
60.69 0.169954813723
60.76 0.163622586755
60.83 0.270881990064
60.9 0.29346089117
60.97 0.333061011903
61.04 0.259544073547
61.11 0.201072944817
61.18 0.252362581496
61.25 0.298090455424
61.32 0.228626087262
61.39 0.280014074232
61.46 0.278128845898
61.53 0.25312167621
61.6 0.260708516884
61.67 0.253932950534
61.74 0.156732088644
61.81 0.258454555779
61.88 0.177684388513
61.95 0.0823255391969
62.02 0.210695115261
62.09 0.216038481333
62.16 0.185525360453
62.23 0.293335544173
62.3 0.224667069086
62.37 0.188910778385
62.44 0.25526021104
62.51 0.299971316555
62.58 0.266886947891
62.65 0.304379722146
62.72 0.246589083683
62.79 0.251454439556
62.86 0.279622319998
62.93 0.228471352678
63.0 0.208354062993
63.07 0.440802894298
63.14 0.473329237774
63.21 0.273647867379
63.28 0.125390965965
63.35 0.0772405421007
63.42 0.0588431545023
63.49 0.0524852666284
63.56 0.0436358374324
63.63 0.0403618305557
63.7 0.034163528555
63.77 0.0329421108114
63.84 0.285262496865
63.91 0.554840430396
63.98 0.616860214869
64.05 0.368414954099
64.12 0.268262414502
64.19 0.261493039587
64.26 0.340419248375
64.33 0.489162371198
64.4 0.464878393032
64.47 0.216081159123
64.54 0.144139980802
64.61 0.162871505098
64.68 0.334736111262
64.75 0.488887625862
64.82 0.536769082135
64.89 0.395580851175
64.96 0.303591657011
65.03 0.237475317435
65.1 0.26997180662
65.17 0.427056217779
65.24 0.37677341228
65.31 0.180648347405
65.38 0.281807168043
65.45 0.407594528342
65.52 0.181363310333
65.59 0.154389861359
65.66 0.139846577368
65.73 0.267377348779
65.8 0.479238863711
65.87 0.567181830338
65.94 0.540630358385
66.01 0.48408356206
66.08 0.405665566267
66.15 0.442600099799
66.22 0.419198177678
66.29 0.359746693887
66.36 0.374116568176
66.43 0.478583685844
66.5 0.270084676018
66.57 0.151623847596
66.64 0.130035963612
66.71 0.177947958154
66.78 0.175405841573
66.85 0.162478368133
66.92 0.124388853973
66.99 0.131645753941
67.06 0.111917856289
67.13 0.244963901678
67.2 0.294571003019
67.27 0.2643353799
67.34 0.225574308904
67.41 0.313296074282
67.48 0.414893329129
67.55 0.48661591001
67.62 0.402482508468
67.69 0.374211467292
67.76 0.352880957169
67.83 0.267173809284
67.9 0.277945070498
67.97 0.339315754686
68.04 0.365600294469
68.11 0.29032276994
68.18 0.245533403268
68.25 0.391335479157
68.32 0.32878599244
68.39 0.265647481647
68.46 0.226685779148
68.53 0.202816950391
68.6 0.248080377222
68.67 0.288556470335
68.74 0.251303945288
68.81 0.301234874988
68.88 0.282357460891
68.95 0.25317182822
69.02 0.36418184067
69.09 0.423123097772
69.16 0.45693082917
69.23 0.504294353356
69.3 0.402296166629
69.37 0.285660467737
69.44 0.292290580571
69.51 0.191637472541
69.58 0.416338159099
69.65 0.425508698124
69.72 0.415485302046
69.79 0.415961824352
69.86 0.402363980391
69.93 0.380338782463
70.0 0.450721850334
70.07 0.38501488416
70.14 0.326126530622
70.21 0.320243592861
70.28 0.342502810324
70.35 0.234415993592
70.42 0.464137895217
70.49 0.516028316569
70.56 0.448428779944
70.63 0.42589330405
70.7 0.485662178812
70.77 0.397219627567
70.84 0.368960377406
70.91 0.328070716638
70.98 0.362320001426
71.05 0.338800469863
71.12 0.436202830613
71.19 0.409761251406
71.26 0.324277978976
71.33 0.311313296962
71.4 0.273161089749
71.47 0.186031944763
71.54 0.147778367152
71.61 0.262290835112
71.68 0.298578282053
71.75 0.26547153071
71.82 0.218775638527
71.89 0.207533313793
71.96 0.165123590695
72.03 0.20673713044
72.1 0.246278907072
72.17 0.168902019574
72.24 0.152915328321
72.31 0.338594126667
72.38 0.242665535021
72.45 0.254087437425
72.52 0.285238354268
72.59 0.245351076649
72.66 0.21091850663
72.73 0.237607099213
72.8 0.161377082815
72.87 0.22331153865
72.94 0.215349187132
73.01 0.154291973425
73.08 0.157164252331
73.15 0.160187628656
73.22 0.181682219612
73.29 0.298270040048
73.36 0.252601113372
73.43 0.14136740537
73.5 0.120597636359
73.57 0.0798521758706
73.64 0.121739855192
73.71 0.281728379346
73.78 0.25373791079
73.85 0.187943555352
73.92 0.159904896334
73.99 0.314314228034
74.06 0.299532077564
74.13 0.236391473989
74.2 0.179778662929
74.27 0.154989952494
74.34 0.228368699495
74.41 0.270473071199
74.48 0.242983835065
74.55 0.249722908975
74.62 0.257509841443
74.69 0.234755519549
74.76 0.313688854918
74.83 0.226644369368
74.9 0.248659428431
74.97 0.290252441885
75.04 0.220763796416
75.11 0.138236955644
75.18 0.208902495977
75.25 0.133706064116
75.32 0.15413921864
75.39 0.225971343761
75.46 0.226182531294
75.53 0.170932985617
75.6 0.283060981311
75.67 0.210654991742
75.74 0.289670836405
75.81 0.251673160407
75.88 0.22049766642
75.95 0.231301972373
76.02 0.378797025778
76.09 0.421764755813
76.16 0.391268219008
76.23 0.390884843721
76.3 0.32629931979
76.37 0.263492540907
76.44 0.253608878828
76.51 0.293066866859
76.58 0.360763934219
76.65 0.30610973268
76.72 0.282244339456
76.79 0.301441677936
76.86 0.285740670452
76.93 0.270715649583
77.0 0.302504094707
77.07 0.284238481066
77.14 0.259300376637
77.21 0.182569440691
77.28 0.185834258624
77.35 0.290279934843
77.42 0.291759448666
77.49 0.246328197808
77.56 0.210389324105
77.63 0.301417224203
77.7 0.354523853073
77.77 0.303749183998
77.84 0.22202078362
77.91 0.208306775521
77.98 0.192589995697
78.05 0.374737502823
78.12 0.408544069632
78.19 0.34486222136
78.26 0.281768651481
78.33 0.22402511624
78.4 0.181571671568
78.47 0.252094814994
78.54 0.263202021492
78.61 0.342719156806
78.68 0.446328838157
78.75 0.340830288702
78.82 0.158455657444
78.89 0.195447551261
78.96 0.20941579231
79.03 0.357639610745
79.1 0.433241445981
79.17 0.231794510366
79.24 0.217904391418
79.31 0.140870936459
79.38 0.231206982002
79.45 0.452145538694
79.52 0.534975077512
79.59 0.437627457595
79.66 0.31367428106
79.73 0.305979762096
79.8 0.307925923565
79.87 0.169679926724
79.94 0.144461482593
80.01 0.114150096097
80.08 0.285498181585
80.15 0.492719271179
80.22 0.534391597394
80.29 0.415319103227
80.36 0.374822754981
80.43 0.424226507158
80.5 0.598659932854
80.57 0.671605111711
80.64 0.531600968247
80.71 0.426559221327
80.78 0.41273027973
80.85 0.374065005625
80.92 0.416660363119
80.99 0.161858806657
81.06 0.326419859822
81.13 0.34907912964
81.2 0.342363498704
81.27 0.204717921516
81.34 0.399395873308
81.41 0.218583791838
81.48 0.222135000115
81.55 0.170378169129
81.62 0.132207336336
81.69 0.328518471893
81.76 0.449719706186
81.83 0.41510252991
81.9 0.447624583532
81.97 0.491081596799
82.04 0.449501611953
82.11 0.391477773512
82.18 0.353212312761
82.25 0.411274407905
82.32 0.431780659422
82.39 0.334330831299
82.46 0.293919844717
82.53 0.317802273076
82.6 0.20414745523
82.67 0.295611603762
82.74 0.526568707849
82.81 0.495968891244
82.88 0.342639946598
82.95 0.352676015823
83.02 0.246093880174
83.09 0.447963906121
83.16 0.610944917217
83.23 0.393013956689
83.3 0.303546421474
83.37 0.218160284341
83.44 0.155014730399
83.51 0.347312447633
83.58 0.428864049707
83.65 0.155541163107
83.72 0.13289681913
83.79 0.123909979895
83.86 0.144581489
83.93 0.410334003413
84.0 0.545476601985
84.07 0.534736161496
84.14 0.561678841022
84.21 0.619318448986
84.28 0.538367592476
84.35 0.381249977534
84.42 0.157455451378
84.49 0.137809551992
84.56 0.256974964606
84.63 0.550639923682
84.7 0.503782535353
84.77 0.415206784836
84.84 0.440396189019
84.91 0.490535298313
84.98 0.433809753434
85.05 0.318124076443
85.12 0.322665915963
85.19 0.578441082439
85.26 0.382866566794
85.33 0.130375889353
85.4 0.0800826147324
85.47 0.0481872439528
85.54 0.411700736486
85.61 0.624778067842
85.68 0.39734066646
85.75 0.238904579302
85.82 0.209535233805
85.89 0.167114618337
85.96 0.370561036151
86.03 0.508135891584
86.1 0.47077644262
86.17 0.426370721525
86.24 0.386332144856
86.31 0.353032191037
86.38 0.280552969765
86.45 0.222471303466
86.52 0.198682577478
86.59 0.180978077789
86.66 0.260985381074
86.73 0.224516760804
86.8 0.345300348778
86.87 0.401051952517
86.94 0.305227143009
87.01 0.185287255302
87.08 0.382027690876
87.15 0.184849268678
87.22 0.190677104931
87.29 0.151202237333
87.36 0.126713514237
87.43 0.371902435968
87.5 0.562555898032
87.57 0.517515684405
87.64 0.38214252269
87.71 0.336186086276
87.78 0.34773089352
87.85 0.417949257416
87.92 0.338582799749
87.99 0.389962983114
88.06 0.351781420471
88.13 0.311069964203
88.2 0.275683160648
88.27 0.409962259227
88.34 0.349864978582
88.41 0.159230528844
88.48 0.141677259547
88.55 0.121426497693
88.62 0.128666308641
88.69 0.443449497853
88.76 0.488520915475
88.83 0.523702664702
88.9 0.506396190639
88.97 0.446027947829
89.04 0.382992536933
89.11 0.384574703939
89.18 0.337346174577
89.25 0.569049071008
89.32 0.531203586621
89.39 0.27341834802
89.46 0.127919537697
89.53 0.146990402832
89.6 0.0777097483638
89.67 0.055246415196
89.74 0.046826491993
89.81 0.187474180484
89.88 0.10001431087
89.95 0.0460538089743
90.02 0.0353575107005
90.09 0.221403548712
90.16 0.461784792074
90.23 0.399642313951
90.3 0.432070002082
90.37 0.486430570238
90.44 0.42222826255
90.51 0.209308090553
90.58 0.203801180749
90.65 0.170480087057
90.72 0.432628623469
90.79 0.304172847064
90.86 0.192578824347
90.93 0.178358631722
91.0 0.315273788254
91.07 0.464295429156
91.14 0.462465450075
91.21 0.393541449693
91.28 0.418957739876
91.35 0.40737189917
91.42 0.252516146277
91.49 0.141855589197
91.56 0.24173713621
91.63 0.461474342567
91.7 0.502254506028
91.77 0.378656919805
91.84 0.364243442139
91.91 0.457034531351
91.98 0.530951535968
92.05 0.380829637888
92.12 0.191438473199
92.19 0.104327347165
92.26 0.0899464918578
92.33 0.0770262405992
92.4 0.0765985710044
92.47 0.0750113154461
92.54 0.037230788975
92.61 0.03417952686
92.68 0.0379966070105
92.75 0.0726726584039
92.82 0.258456082779
92.89 0.225893935187
92.96 0.222885800185
93.03 0.211777269186
93.1 0.268994426471
93.17 0.187401215594
93.24 0.138364005199
93.31 0.129296314034
93.38 0.221387448723
93.45 0.222430649799
93.52 0.0593217104918
93.59 0.0598682975176
93.66 0.210508627414
93.73 0.193262452916
93.8 0.175351498786
93.87 0.140005899905
93.94 0.172730723004
94.01 0.216069991249
94.08 0.130532151806
94.15 0.10824506246
94.22 0.118574094995
94.29 0.203977628807
94.36 0.120360008341
94.43 0.0756482171099
94.5 0.0658078142466
94.57 0.277138869952
94.64 0.284308660505
94.71 0.271898422138
94.78 0.245229829174
94.85 0.309967375243
94.92 0.248684898136
94.99 0.201739899794
95.06 0.174055505719
95.13 0.192513471863
95.2 0.295131413004
95.27 0.0997030531044
95.34 0.0728504952769
95.41 0.0993237573501
95.48 0.303250363315
95.55 0.325271893661
95.62 0.282390692485
95.69 0.223598658164
95.76 0.297739109773
95.83 0.24801806744
95.9 0.175813702749
95.97 0.17644965623
96.04 0.192769255279
96.11 0.298728430421
96.18 0.110498143171
96.25 0.123715858785
96.32 0.204284322085
96.39 0.257632728901
96.46 0.257959128044
96.53 0.247078087935
96.6 0.235692012244
96.67 0.208734699761
96.74 0.138951644807
96.81 0.123881578732
96.88 0.116600131169
96.95 0.30418238886
97.02 0.168660703985
97.09 0.120551244924
97.16 0.100231615095
97.23 0.218587362951
97.3 0.272503940773
97.37 0.256340432096
97.44 0.253230667705
97.51 0.240239589531
97.58 0.236296354124
97.65 0.189004572011
97.72 0.162085650072
97.79 0.161126167201
97.86 0.258945454659
97.93 0.153524412854
98.0 0.131129517459
98.07 0.121339023258
98.14 0.232671804639
98.21 0.218985644959
98.28 0.18257475434
98.35 0.174816187402
98.42 0.252081435273
98.49 0.251474568671
98.56 0.153777145746
98.63 0.138729694398
98.7 0.186648398354
98.77 0.260863755543
98.84 0.103405328383
98.91 0.0856923958624
98.98 0.179948679683
99.05 0.513698917129
99.12 0.43845774946
99.19 0.308200796659
99.26 0.296244828284
99.33 0.298331275629
99.4 0.218226999567
99.47 0.217475380809
99.54 0.20629911079
99.61 0.218090711529
99.68 0.180942908112
99.75 0.161562894506
99.82 0.181437974304
99.89 0.274890855197
99.96 0.283118010471
100.03 0.253249943368
100.1 0.212062351541
100.17 0.203047740367
100.24 0.245535635974
100.31 0.141133580514
100.38 0.0726522781207
100.45 0.0506339469139
100.52 0.267488775479
100.59 0.289473210233
100.66 0.229494101336
100.73 0.200241607431
100.8 0.304991267088
100.87 0.256529911369
100.94 0.224526259146
101.01 0.206936579104
101.08 0.284530168545
101.15 0.380621889365
101.22 0.326876664096
101.29 0.236401852725
101.36 0.217452987702
101.43 0.379850372672
101.5 0.38719474186
101.57 0.311052637921
101.64 0.234037617341
101.71 0.53280570197
101.78 0.427471236824
101.85 0.132884196391
101.92 0.0857874192584
101.99 0.247437277171
102.06 0.0998564918671
102.13 0.0553598616726
102.2 0.0379285255667
102.27 0.237243208172
102.34 0.557422919927
102.41 0.64303201475
102.48 0.581288271434
102.55 0.337053895244
102.62 0.456199132682
102.69 0.242501689712
102.76 0.101008074333
102.83 0.0812988674431
102.9 0.247088145105
102.97 0.0865483260367
103.04 0.050011281899
103.11 0.0426985399555
103.18 0.286980665975
103.25 0.439481547116
103.32 0.393118049963
103.39 0.333770182312
103.46 0.307193782101
103.53 0.289089442115
103.6 0.241878340719
103.67 0.253812417455
103.74 0.213182429304
103.81 0.282445180411
103.88 0.191045788164
103.95 0.144394998546
104.02 0.146958583517
104.09 0.25104484975
104.16 0.173244486041
104.23 0.119775819041
104.3 0.0509485958887
104.37 0.235778023122
104.44 0.249099522612
104.51 0.229684681752
104.58 0.223541891471
104.65 0.264325154994
104.72 0.28499346496
104.79 0.218778823761
104.86 0.209478917304
104.93 0.217173550989
105.0 0.313281393526
105.07 0.213064925891
105.14 0.145891752611
105.21 0.178439131668
105.28 0.339754349677
105.35 0.298824178642
105.42 0.284055389643
105.49 0.234461751456
105.56 0.318143427717
105.63 0.392816361805
105.7 0.381210092147
105.77 0.154994313614
105.84 0.3639501225
105.91 0.364801076235
105.98 0.316352832556
106.05 0.210788734199
106.12 0.360094062559
106.19 0.496808026153
106.26 0.285787121854
106.33 0.224203730084
106.4 0.19171314727
106.47 0.114144340949
106.54 0.0379610236446
106.61 0.030589653406
106.68 0.0883793480322
106.75 0.238491414907
106.82 0.104283733359
106.89 0.0757998490236
106.96 0.074737951971
107.03 0.268952385728
107.1 0.319354444129
107.17 0.287228906515
107.24 0.252792347348
107.31 0.202017766921
107.38 0.0792200194668
107.45 0.0476109929686
107.52 0.042378746806
107.59 0.159770456863
107.66 0.471696611969
107.73 0.548180689237
107.8 0.429663593852
107.87 0.297984165078
107.94 0.493678340361
108.01 0.472028011016
108.08 0.297509213226
108.15 0.169888555641
108.22 0.126572916356
108.29 0.0514216061816
108.36 0.0375729170028
108.43 0.0401407596714
108.5 0.276440648406
108.57 0.442583042936
108.64 0.407058208807
108.71 0.349345449967
108.78 0.293180594922
108.85 0.400498227612
108.92 0.299120608774
108.99 0.168516042215
109.06 0.143532209472
109.13 0.111439033488
109.2 0.0705227644999
109.27 0.0672303580081
109.34 0.0663720178327
109.41 0.326278483232
109.48 0.325485565938
109.55 0.285582170948
109.62 0.223574671136
109.69 0.382996964973
109.76 0.455014060501
109.83 0.323697508534
109.9 0.211473636862
109.97 0.168010868446
110.04 0.0760714612718
110.11 0.0637598556529
110.18 0.0670255956958
110.25 0.140951866607
110.32 0.38484109727
110.39 0.434391896015
110.46 0.401121435812
110.53 0.322509320647
110.6 0.398820948563
110.67 0.43804383069
110.74 0.377318005601
110.81 0.196563155791
110.88 0.320574322705
110.95 0.426704483642
111.02 0.223597034694
111.09 0.0870506387443
111.16 0.0494189848096
111.23 0.0444272459769
111.3 0.0368103007141
111.37 0.0296455882845
111.44 0.173209383285
111.51 0.373519894323
111.58 0.354381252797
111.65 0.321012073805
111.72 0.2797028043
111.79 0.254660175527
111.86 0.190603631621
111.93 0.142630683955
112.0 0.145105251847
112.07 0.31019349557
112.14 0.35122091054
112.21 0.324859797384
112.28 0.290631178811
112.35 0.345021861986
112.42 0.559273321008
112.49 0.430806759999
112.56 0.243960197503
112.63 0.131892298876
112.7 0.0629753233898
112.77 0.0399967462465
112.84 0.0380125149296
112.91 0.0308974634705
112.98 0.0245540147447
113.05 0.0324369952716
113.12 0.0217989281163
113.19 0.0226518286247
113.26 0.249381537061
113.33 0.404947637117
113.4 0.369307786057
113.47 0.328755736628
113.54 0.323487530781
113.61 0.296693702933
113.68 0.271127159221
113.75 0.258892419861
113.82 0.272614019506
113.89 0.309035362734
113.96 0.28122899462
114.03 0.291597121666
114.1 0.207829151202
114.17 0.416967688228
114.24 0.452846742976
114.31 0.375504986914
114.38 0.314842063461
114.45 0.321638732312
114.52 0.3023247543
114.59 0.248290298484
114.66 0.384629784587
114.73 0.332857171701
114.8 0.405817864777
114.87 0.30958369751
114.94 0.265893195726
115.01 0.233721313609
115.08 0.351617399605
115.15 0.395703158077
115.22 0.43401235083
115.29 0.495787730082
115.36 0.51554308419
115.43 0.416192518728
115.5 0.229177230085
115.57 0.152903134915
115.64 0.392763528637
115.71 0.442254701365
115.78 0.312529172485
115.85 0.354435561689
115.92 0.331109111798
115.99 0.470134228177
116.06 0.479365649061
116.13 0.470796906337
116.2 0.3671158123
116.27 0.233956304791
116.34 0.161663938125
116.41 0.218847098144
116.48 0.224827155558
116.55 0.421115136679
116.62 0.451109644971
116.69 0.272765298567
116.76 0.320146932959
116.83 0.358226449916
116.9 0.350051940086
116.97 0.308799766661
117.04 0.254407909338
117.11 0.228888047338
117.18 0.263562019856
117.25 0.203817245974
117.32 0.19891241058
117.39 0.254476965907
117.46 0.282303479648
117.53 0.205497532093
117.6 0.270612630511
117.67 0.150198288943
117.74 0.463072844218
117.81 0.483566157514
117.88 0.36669698488
117.95 0.36093825734
118.02 0.388583691614
118.09 0.376577445211
118.16 0.368942448841
118.23 0.389082188994
118.3 0.384889412881
118.37 0.422052390701
118.44 0.22211692641
118.51 0.263466012644
118.58 0.270136238569
118.65 0.407629066186
118.72 0.408902831274
118.79 0.278800052489
118.86 0.318029743109
118.93 0.354498127854
119.0 0.314265163263
119.07 0.394981017292
119.14 0.326318731032
119.21 0.441246712552
119.28 0.40612297717
119.35 0.322810545576
119.42 0.333907736621
119.49 0.379206277507
119.56 0.445975570936
119.63 0.457529647081
119.7 0.255506768142
119.77 0.168109768007
119.84 0.139426984275
119.91 0.0770734872231
119.98 0.0546304917528
120.05 0.0470216368975
120.12 0.044559616133
120.19 0.0994758733498
120.26 0.107883640518
120.33 0.404266183024
120.4 0.429685767078
120.47 0.400609529162
120.54 0.29183552144
120.61 0.214476321768
120.68 0.185364304939
120.75 0.118501372583
120.82 0.0516301316762
120.89 0.0497855691771
120.96 0.0351613202744
121.03 0.0668083297104
121.1 0.21596122572
121.17 0.409740852003
121.24 0.438382457133
121.31 0.371979151872
121.38 0.211769994859
121.45 0.183293536072
121.52 0.167392745323
121.59 0.0955063764926
121.66 0.0415382856577
121.73 0.040884181992
121.8 0.0613081684307
121.87 0.072545109119
121.94 0.283043947045
122.01 0.446472725563
122.08 0.498058917523
122.15 0.418656782627
122.22 0.2366330955
122.29 0.197255245002
122.36 0.262168170142
122.43 0.120748126281
122.5 0.0655599604546
122.57 0.127537454754
122.64 0.0617661555434
122.71 0.0655558687543
122.78 0.255517612712
122.85 0.284400657712
122.92 0.221522838116
122.99 0.321410066405
123.06 0.4054041346
123.13 0.395316147365
123.2 0.387772282581
123.27 0.342773110238
123.34 0.254671507659
123.41 0.343759934845
123.48 0.336351931373
123.55 0.283905907002
123.62 0.470203959164
123.69 0.487874031384
123.76 0.459967426172
123.83 0.391829674515
123.9 0.293364345988
123.97 0.239407653337
124.04 0.371266508559
124.11 0.353653907
124.18 0.365258459326
124.25 0.334737373188
124.32 0.319334139457
124.39 0.2744324205
124.46 0.460716048289
124.53 0.476943792664
124.6 0.469575532917
124.67 0.434304677963
124.74 0.3656212527
124.81 0.377343716915
124.88 0.383738406626
124.95 0.384871061936
125.02 0.412587569079
125.09 0.423778561572
125.16 0.3607180373
125.23 0.366891651782
125.3 0.406390339542
125.37 0.297225942066
125.44 0.291915982277
125.51 0.273652580482
125.58 0.273430458862
125.65 0.338270799776
125.72 0.385131114348
125.79 0.273009028502
125.86 0.237098957484
125.93 0.195693323569
126.0 0.143679692325
126.07 0.274548031893
126.14 0.176393576991
126.21 0.22576728107
126.28 0.325770848185
126.35 0.131308937823
126.42 0.158995178726
126.49 0.292649440421
126.56 0.161639066358
126.63 0.20915087731
126.7 0.244297352568
126.77 0.141542734904
126.84 0.231561249552
126.91 0.369730108108
126.98 0.358781349838
127.05 0.393933241298
127.12 0.218117915948
127.19 0.144725058318
127.26 0.20381810464
127.33 0.343462486134
127.4 0.29318707142
127.47 0.311460335707
127.54 0.363467736407
127.61 0.261830891666
127.68 0.221788420581
127.75 0.261351979347
127.82 0.234516049919
127.89 0.262798500577
127.96 0.27089906344
128.03 0.248586898958
128.1 0.21336790031
128.17 0.179277500035
128.24 0.156933444972
128.31 0.235634570264
128.38 0.20674455512
128.45 0.169049919592
128.52 0.24676188328
128.59 0.205434357561
128.66 0.179538035664
128.73 0.210652831171
128.8 0.193070952997
128.87 0.230507311674
128.94 0.214015852519
129.01 0.154192257784
129.08 0.160639339163
129.15 0.207981301096
129.22 0.110689823862
129.29 0.153381672653
129.36 0.301107635101
129.43 0.261019069813
129.5 0.260694967689
129.57 0.420828061489
129.64 0.487014007771
129.71 0.454020672487
129.78 0.432239588634
129.85 0.392836105911
129.92 0.394510998424
129.99 0.333950727286
130.06 0.32143948354
130.13 0.264628057278
130.2 0.408858910677
130.27 0.370900862815
130.34 0.274553123053
130.41 0.254309131451
130.48 0.213485181235
130.55 0.21619734238
130.62 0.365921711088
130.69 0.414150390025
130.76 0.428882716134
130.83 0.37939525705
130.9 0.366099165559
130.97 0.359568329473
131.04 0.290871741763
131.11 0.326196498002
131.18 0.354220139054
131.25 0.364965858428
131.32 0.313956197301
131.39 0.350874575222
131.46 0.459197361737
131.53 0.498335319355
131.6 0.439288693147
131.67 0.226165915932
131.74 0.137335302369
131.81 0.270256437915
131.88 0.219198876605
131.95 0.275806989336
132.02 0.278702711216
132.09 0.227374677042
132.16 0.156909743007
132.23 0.215990059692
132.3 0.14875060921
132.37 0.196564631515
132.44 0.215300839365
132.51 0.158014348269
132.58 0.225050530413
132.65 0.358556828646
132.72 0.445827261573
132.79 0.499681728636
132.86 0.41551353895
132.93 0.349667889511
133.0 0.242763039684
133.07 0.355893983439
133.14 0.358331629559
133.21 0.405902282604
133.28 0.359194865348
133.35 0.329080083837
133.42 0.331909054858
133.49 0.418115224187
133.56 0.339720090813
133.63 0.388122357616
133.7 0.366347240971
133.77 0.335498297349
133.84 0.433433381316
133.91 0.5479289306
133.98 0.557459273311
134.05 0.496785712133
134.12 0.477040880161
134.19 0.427749225624
134.26 0.473697561201
134.33 0.359192914229
134.4 0.296087674139
134.47 0.218552472254
134.54 0.0726988277303
134.61 0.0521354610133
134.68 0.0452884637266
134.75 0.0349124696302
134.82 0.0303064587257
134.89 0.0277590728206
134.96 0.0356324098668
135.03 0.0770068389173
135.1 0.222902505933
135.17 0.174734717546
135.24 0.157268565485
135.31 0.139823273448
135.38 0.102547066426
135.45 0.24379752895
135.52 0.289451958248
135.59 0.212088305332
135.66 0.177784745546
135.73 0.153906607041
135.8 0.118085270646
135.87 0.260754808372
135.94 0.287903733756
136.01 0.301414040708
136.08 0.303448914204
136.15 0.316843943495
136.22 0.178299138677
136.29 0.205723185716
136.36 0.16096219935
136.43 0.160476004013
136.5 0.247028135818
136.57 0.212970363116
136.64 0.14807603922
136.71 0.270910142666
136.78 0.363988513912
136.85 0.395102027504
136.92 0.385060524696
136.99 0.295168276547
137.06 0.284933697281
137.13 0.329467456962
137.2 0.278529981147
137.27 0.245668848283
137.34 0.26828567236
137.41 0.174356284803
137.48 0.182527890118
137.55 0.274962807591
137.62 0.237371685651
137.69 0.280215845119
137.76 0.297140981923
137.83 0.235790574595
137.9 0.344516552638
137.97 0.32617984353
138.04 0.277823357187
138.11 0.320549334479
138.18 0.312679461647
138.25 0.203635171393
138.32 0.19430347517
138.39 0.269740601217
138.46 0.256986835578
138.53 0.292059642849
138.6 0.321909860474
138.67 0.203033120447
138.74 0.232560324056
138.81 0.175496228346
138.88 0.191310389421
138.95 0.237713272232
139.02 0.223844141933
139.09 0.136590361739
139.16 0.218514181656
139.23 0.252498290716
139.3 0.208162139824
139.37 0.293974662898
139.44 0.167843132198
139.51 0.134288881984
139.58 0.319502019106
139.65 0.191926903849
139.72 0.226677745232
139.79 0.381299759309
139.86 0.156742309204
139.93 0.133653471687
140.0 0.323212157958
140.07 0.307050348362
140.14 0.321104203983
140.21 0.310363725253
140.28 0.141034411534
140.35 0.14435175932
140.42 0.445117962539
140.49 0.404186345329
140.56 0.312873933871
140.63 0.275906890964
140.7 0.251204790214
140.77 0.240128101126
140.84 0.312119736508
140.91 0.276173080058
140.98 0.306331491887
141.05 0.300291907534
141.12 0.267799499619
141.19 0.228800373881
141.26 0.255044877053
141.33 0.200038828394
141.4 0.239450975996
141.47 0.187800910752
141.54 0.202768861614
141.61 0.300609653964
141.68 0.288526424844
141.75 0.262647971545
141.82 0.302359009688
141.89 0.227818628266
141.96 0.192787749626
142.03 0.232085734617
142.1 0.235656798243
142.17 0.161375922573
142.24 0.205569754775
142.31 0.145033201245
142.38 0.137442467895
142.45 0.317546887705
142.52 0.384566809078
142.59 0.334897815989
142.66 0.343834336349
142.73 0.284705729257
142.8 0.225912898845
142.87 0.276662571003
142.94 0.159481531368
143.01 0.157266443155
143.08 0.175248118171
143.15 0.171654384196
143.22 0.165584511004
143.29 0.14992514448
143.36 0.268461199177
143.43 0.423438226488
143.5 0.436437694907
143.57 0.245030483932
143.64 0.298206127654
143.71 0.622562799726
143.78 0.627861277898
143.85 0.583703970292
143.92 0.53586904277
143.99 0.437595536597
144.06 0.457821774322
144.13 0.779521586646
144.2 0.658919058151
144.27 0.719220131198
144.34 0.590222071526
144.41 0.41812803465
144.48 1.0
144.55 0.694693511204
144.62 0.636983548243
144.69 0.640609764652
144.76 0.524597207909
144.83 0.425016773712
144.9 0.44613013257
144.97 0.306153014491
145.04 0.250729269105
145.11 0.257984058909
145.18 0.236380299163
145.25 0.175514475869
145.32 0.242479922353
145.39 0.280617355816
145.46 0.261137429285
145.53 0.245480928168
145.6 0.157545765147
145.67 0.193460416296
145.74 0.401730924474
145.81 0.359224079115
145.88 0.330955186342
145.95 0.356849978631
146.02 0.174792502819
146.09 0.200911091475
146.16 0.391394820979
146.23 0.45797414149
146.3 0.420757415345
146.37 0.290151147967
146.44 0.218906931874
146.51 0.34281902367
146.58 0.423017780812
146.65 0.390348245207
146.72 0.419732759023
146.79 0.294310705521
146.86 0.224806524975
146.93 0.318320211247
147.0 0.405761828124
147.07 0.345933703664
147.14 0.351494531267
147.21 0.262601642686
147.28 0.172134801787
147.35 0.417831173447
147.42 0.409737919675
147.49 0.255385298178
147.56 0.152922077714
147.63 0.122965036118
147.7 0.0911323462247
147.77 0.238234798028
147.84 0.0939981338579
147.91 0.0551687884792
147.98 0.171027191195
148.05 0.636552304928
148.12 0.573345518883
148.19 0.598315874566
148.26 0.642059419839
148.33 0.544104135491
148.4 0.416253557024
148.47 0.368890728115
148.54 0.294592674777
148.61 0.523359012281
148.68 0.604135264083
148.75 0.45073397682
148.82 0.211479143449
148.89 0.0798868197447
148.96 0.0831393391109
149.03 0.171716328958
149.1 0.176431260091
149.17 0.159893956164
149.24 0.187422185993
149.31 0.439042301173
149.38 0.302800921146
149.45 0.313650371381
149.52 0.310116153917
149.59 0.251125211509
149.66 0.176330527609
149.73 0.24697849136
149.8 0.220400474632
149.87 0.415288219059
149.94 0.350545057766
150.01 0.29585587862
150.08 0.293723886339
150.15 0.333587063078
150.22 0.299372259643
150.29 0.2045721221
150.36 0.183782310014
150.43 0.158291231579
150.5 0.430706500305
150.57 0.40189190959
150.64 0.230777155313
150.71 0.235751927669
150.78 0.223143664215
150.85 0.193871754723
150.92 0.376246253009
150.99 0.399762840077
151.06 0.253444885773
151.13 0.257458629138
151.2 0.24849150272
151.27 0.210224500195
151.34 0.226518822479
151.41 0.191940451305
151.48 0.381744892503
151.55 0.529071712538
151.62 0.416264298172
151.69 0.2670697838
151.76 0.299026677831
151.83 0.184569979711
151.9 0.448088131985
151.97 0.43872143556
152.04 0.361607365935
152.11 0.338249772017
152.18 0.340304480874
152.25 0.326867024961
152.32 0.323858570131
152.39 0.287515072632
152.46 0.288249492864
152.53 0.301822020081
152.6 0.265469028585
152.67 0.271717400031
152.74 0.264178852373
152.81 0.275183722038
152.88 0.157220434992
152.95 0.485815356846
153.02 0.465759144566
153.09 0.259185477903
153.16 0.233892969476
153.23 0.215607395325
153.3 0.180603677648
153.37 0.283431732121
153.44 0.182878785578
153.51 0.233890215314
153.58 0.2245625065
153.65 0.214021045363
153.72 0.173241651921
153.79 0.291474884292
153.86 0.163186054996
153.93 0.136893675105
154.0 0.142166747885
154.07 0.139482169215
154.14 0.152566300546
154.21 0.216507814484
154.28 0.248554983174
154.35 0.270428580476
154.42 0.259733170418
154.49 0.232855527025
154.56 0.225177714678
154.63 0.243024506984
154.7 0.222678871218
154.77 0.271124588437
154.84 0.220441770561
154.91 0.179210199907
154.98 0.226339862735
155.05 0.165892407978
155.12 0.196014064902
155.19 0.253368855585
155.26 0.168993417973
155.33 0.125124965465
155.4 0.0755893315627
155.47 0.04038996143
155.54 0.317619836951
155.61 0.556437973435
155.68 0.52895666258
155.75 0.338313323737
155.82 0.339013235674
155.89 0.359307220241
155.96 0.179141616996
156.03 0.13557850719
156.1 0.125949452643
156.17 0.13115977414
156.24 0.458729940596
156.31 0.47681545424
156.38 0.475272689405
156.45 0.492976391265
156.52 0.397053209737
156.59 0.37254646595
156.66 0.420544221071
156.73 0.286143489138
156.8 0.3520955758
156.87 0.346808507979
156.94 0.292930667469
157.01 0.258845973673
157.08 0.203140102594
157.15 0.174493241175
157.22 0.150998670896
157.29 0.165863520991
157.36 0.138845449192
157.43 0.155046126464
157.5 0.426434602632
157.57 0.388054984485
157.64 0.396291671126
157.71 0.378605202556
157.78 0.363407123099
157.85 0.209121640946
157.92 0.36887613166
157.99 0.224407449482
158.06 0.227986794717
158.13 0.219626536639
158.2 0.188287212987
158.27 0.397957047916
158.34 0.512766576102
158.41 0.399220190922
158.48 0.403333066764
158.55 0.401198891317
158.62 0.329190682288
158.69 0.482206080841
158.76 0.57254303372
158.83 0.511409098024
158.9 0.435391572802
158.97 0.419175731556
159.04 0.374963317229
159.11 0.340052515392
159.18 0.384769824509
159.25 0.425394378207
159.32 0.3803740573
159.39 0.38369588788
159.46 0.428321532654
159.53 0.333022463185
159.6 0.310473673621
159.67 0.357647623803
159.74 0.310126626514
159.81 0.344283338755
159.88 0.343807014602
159.95 0.300687039072
160.02 0.305592260344
160.09 0.261867614416
160.16 0.19765533386
160.23 0.195280401652
160.3 0.14620210391
160.37 0.0885729033615
160.44 0.209712422333
160.51 0.323061566351
160.58 0.301590169808
160.65 0.285586935328
160.72 0.286646282455
160.79 0.303118699733
160.86 0.308614499024
160.93 0.306778562295
161.0 0.287408194777
161.07 0.253764253066
161.14 0.210814007489
161.21 0.139456848125
161.28 0.134933053629
161.35 0.116377694067
161.42 0.0981148849961
161.49 0.106605748966
161.56 0.398640371433
161.63 0.367947563376
161.7 0.369273389006
161.77 0.39074754058
161.84 0.340855096156
161.91 0.286160901461
161.98 0.293748508676
162.05 0.248115149722
162.12 0.39737869546
162.19 0.576603223271
162.26 0.51762709633
162.33 0.403103906342
162.4 0.269227554314
162.47 0.223515676083
162.54 0.377729305788
162.61 0.377194269037
162.68 0.351645487894
162.75 0.223878027087
162.82 0.304230777475
162.89 0.160238935693
162.96 0.394257452928
163.03 0.361730264692
163.1 0.378171653532
163.17 0.344597705274
163.24 0.397756619782
163.31 0.269998239283
163.38 0.220743042422
163.45 0.185841040174
163.52 0.165234893983
163.59 0.416290554408
163.66 0.542561787821
163.73 0.548571162425
163.8 0.511019251454
163.87 0.403904585525
163.94 0.460477839716
164.01 0.546896855681
164.08 0.494724895275
164.15 0.43427937947
164.22 0.411599697213
164.29 0.370731824662
164.36 0.264627415017
164.43 0.312257589786
164.5 0.360903199777
164.57 0.251522179446
164.64 0.222197208213
164.71 0.209664065875
164.78 0.160532227522
164.85 0.469378308267
164.92 0.526227422844
164.99 0.648411605579
165.06 0.60377465996
165.13 0.557697363687
165.2 0.421666053537
165.27 0.208007557332
165.34 0.140130475146
165.41 0.440580184301
165.48 0.479013396074
165.55 0.357914314365
165.62 0.139930648426
165.69 0.10995387576
165.76 0.148903082408
165.83 0.307592425653
165.9 0.305132894846
165.97 0.288228809266
166.04 0.175055386744
166.11 0.249044623604
166.18 0.233283508625
166.25 0.333777017746
166.32 0.35405548201
166.39 0.349795278883
166.46 0.357986098154
166.53 0.299894097444
166.6 0.120009663018
166.67 0.14748749923
166.74 0.141443278253
166.81 0.121343613819
166.88 0.449510930392
166.95 0.473305325488
167.02 0.456571453078
167.09 0.485748787628
167.16 0.496148663592
167.23 0.457054816033
167.3 0.474329832326
167.37 0.505281050205
167.44 0.457077446404
167.51 0.413871171456
167.58 0.340492715602
167.65 0.266813304238
167.72 0.460962409844
167.79 0.537575669427
167.86 0.493509749792
167.93 0.433368970062
168.0 0.350760406527
168.07 0.367287051871
168.14 0.396833913545
168.21 0.438188735807
168.28 0.428345234619
168.35 0.337938927072
168.42 0.314103280371
168.49 0.482780116501
168.56 0.63936853849
168.63 0.271746733733
168.7 0.210534736773
168.77 0.17954176669
168.84 0.140886010047
168.91 0.251918708489
168.98 0.547333476087
169.05 0.315273069512
169.12 0.316106915977
169.19 0.304543148551
169.26 0.361297941092
169.33 0.202909898388
169.4 0.0966976939921
169.47 0.236360755819
169.54 0.37366405984
169.61 0.380276974149
169.68 0.275235061232
169.75 0.239660759072
169.82 0.303593713291
169.89 0.365910731808
169.96 0.18723835497
170.03 0.157890045923
170.1 0.194890789737
170.17 0.434106479058
170.24 0.284900984537
170.31 0.160781998538
170.38 0.151077888057
170.45 0.134163224719
170.52 0.122676741587
170.59 0.369033015516
170.66 0.41995325978
170.73 0.320979972903
170.8 0.323889259622
170.87 0.306348684329
170.94 0.329737417929
171.01 0.310493435108
171.08 0.169446385192
171.15 0.464900192548
171.22 0.442448439205
171.29 0.202875820295
171.36 0.173670697294
171.43 0.108998566285
171.5 0.299431722269
171.57 0.453772558835
171.64 0.480961345272
171.71 0.524996329463
171.78 0.350307858212
171.85 0.450535205181
171.92 0.243067377713
171.99 0.318081542922
172.06 0.26387315334
172.13 0.135229577623
172.2 0.0669975117525
172.27 0.0449788190021
172.34 0.118433284186
172.41 0.199388813821
172.48 0.166683458456
172.55 0.0372911093985
172.62 0.0324357507273
172.69 0.156165690593
172.76 0.371398474586
172.83 0.339441501468
172.9 0.353017384262
172.97 0.211142656719
173.04 0.150739199908
173.11 0.161174107363
173.18 0.413098866493
173.25 0.424097963629
173.32 0.277434507469
173.39 0.213601470522
173.46 0.150771836172
173.53 0.325920291717
173.6 0.406505309543
173.67 0.252018615331
173.74 0.191910008638
173.81 0.0752383439781
173.88 0.066484612596
173.95 0.304795891004
174.02 0.205774378033
174.09 0.036517607692
174.16 0.0311720193442
174.23 0.0240883674267
174.3 0.149676557172
174.37 0.345777723667
174.44 0.403207504231
174.51 0.426821440394
174.58 0.275194542274
174.65 0.23291745093
174.72 0.450486560183
174.79 0.540459184865
174.86 0.415324111823
174.93 0.317508302484
175.0 0.254072175244
175.07 0.287815740472
175.14 0.6662702367
175.21 0.449954840769
175.28 0.139337842916
175.35 0.0751093033258
175.42 0.0604927980616
175.49 0.409267741764
175.56 0.352559201602
175.63 0.185627211461
175.7 0.127758815047
175.77 0.0678675082331
175.84 0.146926456543
175.91 0.475724492036
175.98 0.438055200194
176.05 0.38228505257
176.12 0.377066437296
176.19 0.297221052536
176.26 0.189967158421
176.33 0.352325800864
176.4 0.383762537924
176.47 0.408582353277
176.54 0.399047231411
176.61 0.337367734222
176.68 0.369188568788
176.75 0.424427797435
176.82 0.350168026874
176.89 0.189949016058
176.96 0.123756036188
177.03 0.115744328752
177.1 0.197805955885
177.17 0.147530314337
177.24 0.0850987073516
177.31 0.0793540643694
177.38 0.0733395664496
177.45 0.112542796596
177.52 0.15631116149
177.59 0.157490211711
177.66 0.128914547442
177.73 0.144756807235
177.8 0.166083152654
177.87 0.350754878212
177.94 0.321807373289
178.01 0.28169340087
178.08 0.249936556048
178.15 0.206690778115
178.22 0.152091279167
178.29 0.202084688122
178.36 0.182106732653
178.43 0.164447909133
178.5 0.156154817342
178.57 0.179639069723
178.64 0.274775280306
178.71 0.487035646504
178.78 0.460347685753
178.85 0.435426898916
178.92 0.46294984117
178.99 0.444598459128
179.06 0.458333823503
179.13 0.429372241844
179.2 0.45739663727
179.27 0.371364077535
179.34 0.237226559784
179.41 0.258855834428
179.48 0.374109252133
179.55 0.368762128963
179.62 0.345230509154
179.69 0.34805023474
179.76 0.533861225078
179.83 0.379298676235
179.9 0.297863848404
179.97 0.25692154393
180.04 0.153328491847
180.11 0.224954378063
180.18 0.289442047086
180.25 0.327160752206
180.32 0.239228496309
180.39 0.19742927263
180.46 0.195208676961
180.53 0.211314229153
180.6 0.188758930936
180.67 0.293407211503
180.74 0.266185553278
180.81 0.231069870932
180.88 0.225942126518
180.95 0.309771248261
181.02 0.230027218255
181.09 0.294066459344
181.16 0.270267495414
181.23 0.213501318595
181.3 0.200114271074
181.37 0.159449094127
181.44 0.279729061405
181.51 0.243622748684
181.58 0.196902336717
181.65 0.170232706922
181.72 0.228859188162
181.79 0.250247224567
181.86 0.483245056376
181.93 0.525029676647
182.0 0.493788657225
182.07 0.50092372134
182.14 0.529038598271
182.21 0.547119670839
182.28 0.577110667117
182.35 0.588470301455
182.42 0.376802736422
182.49 0.256665490225
182.56 0.299643300895
182.63 0.450395142663
182.7 0.408272477373
182.77 0.427402957227
182.84 0.39188288574
182.91 0.412857904627
182.98 0.386059402784
183.05 0.203348720212
183.12 0.168833897282
183.19 0.137387634939
183.26 0.306427276611
183.33 0.395601186265
183.4 0.444250033636
183.47 0.447603893851
183.54 0.444009752271
183.61 0.437227442611
183.68 0.426220697438
183.75 0.35172275915
183.82 0.500878537948
183.89 0.470147579218
183.96 0.182977420065
184.03 0.140371435275
184.1 0.125544250898
184.17 0.307976254608
184.24 0.580435061528
184.31 0.356027971851
184.38 0.1384307352
184.45 0.138620224901
184.52 0.143418862942
184.59 0.475251661646
184.66 0.720782444592
184.73 0.713246591998
184.8 0.634861445397
184.87 0.576540658844
184.94 0.533492866887
185.01 0.382754486536
185.08 0.369068775309
185.15 0.3551350947
185.22 0.261923367744
185.29 0.54291575901
185.36 0.337265199236
185.43 0.22332254661
185.5 0.202919764357
185.57 0.184175746817
185.64 0.213981974318
185.71 0.405915585844
185.78 0.394290954811
185.85 0.539675852822
185.92 0.375549886111
185.99 0.216935877779
186.06 0.212082755289
186.13 0.139957109768
186.2 0.184382133468
186.27 0.163293555123
186.34 0.131328970468
186.41 0.268917488078
186.48 0.645344888344
186.55 0.568254164355
186.62 0.526466957656
186.69 0.582063308832
186.76 0.511912208561
186.83 0.458363880292
186.9 0.449338600975
186.97 0.410600663556
187.04 0.436536302452
187.11 0.252921879039
187.18 0.193591821757
187.25 0.277806740956
187.32 0.260889423401
187.39 0.400421812414
187.46 0.450129999091
187.53 0.405637914264
187.6 0.317090316348
187.67 0.60091591026
187.74 0.630919135577
187.81 0.582940652643
187.88 0.44975825925
187.95 0.461796900309
188.02 0.574820882776
188.09 0.597308421984
188.16 0.544413377824
188.23 0.425859193801
188.3 0.238344956717
188.37 0.266373440368
188.44 0.643717961195
188.51 0.550124169547
188.58 0.585238983667
188.65 0.598448980846
188.72 0.538073128238
188.79 0.529912384876
188.86 0.47126790902
188.93 0.469482592742
189.0 0.375050829034
189.07 0.194799836314
189.14 0.138967157288
189.21 0.575357905409
189.28 0.588616611899
189.35 0.248236699643
189.42 0.213170558333
189.49 0.178905928799
189.56 0.167325486043
189.63 0.536928581098
189.7 0.683718443682
189.77 0.601498390919
189.84 0.658629135804
189.91 0.683965738646
189.98 0.577653256305
190.05 0.592156521068
190.12 0.421767711606
190.19 0.501870472835
190.26 0.409180912198
190.33 0.215175960809
190.4 0.231770181784
190.47 0.181536780002
190.54 0.521802732146
190.61 0.564394608913
190.68 0.170817896551
190.75 0.135749150562
190.82 0.14214070284
190.89 0.231401445536
190.96 0.570802485407
191.03 0.653611736935
191.1 0.528882779926
191.17 0.518738948976
191.24 0.529911889492
191.31 0.38264774426
191.38 0.171524956796
191.45 0.0773111621717
191.52 0.105383608135
191.59 0.504234537007
191.66 0.599366393424
191.73 0.514423342766
191.8 0.438590198704
191.87 0.397746503513
191.94 0.40620216652
192.01 0.321679286903
192.08 0.21863408551
192.15 0.656677711963
192.22 0.663402286758
192.29 0.321356550128
192.36 0.24987246549
192.43 0.223616882222
192.5 0.145509902586
192.57 0.0772997248785
192.64 0.0588520705502
192.71 0.0507399886991
192.78 0.506446971873
192.85 0.611387505701
192.92 0.544171301777
192.99 0.561408574133
193.06 0.580323088168
193.13 0.523158145254
193.2 0.516743853969
193.27 0.318481906414
193.34 0.475005168857
193.41 0.466819329501
193.48 0.173448970243
193.55 0.11122200998
193.62 0.0770673653163
193.69 0.346410309404
193.76 0.519507836656
193.83 0.348682929983
193.9 0.118138057752
193.97 0.0646765720857
194.04 0.0449402546395
194.11 0.455070509974
194.18 0.633941608912
194.25 0.608064459257
194.32 0.506726490281
194.39 0.462150921905
194.46 0.421366164407
194.53 0.24928555766
194.6 0.0831953018909
194.67 0.0584286995004
194.74 0.420932331189
194.81 0.528789448658
194.88 0.481161217186
194.95 0.513161049735
195.02 0.523083213602
195.09 0.499830874938
195.16 0.429657134736
195.23 0.213725305294
195.3 0.533749953947
195.37 0.597392857193
195.44 0.340558407034
195.51 0.116800196022
195.58 0.149192636258
195.65 0.126616942113
195.72 0.080479928569
195.79 0.0543387043279
195.86 0.0474718577752
195.93 0.485743733839
196.0 0.587909154477
196.07 0.480671661058
196.14 0.522989745886
196.21 0.520987957976
196.28 0.55194656838
196.35 0.58424541575
196.42 0.331706442687
196.49 0.504927999389
196.56 0.418648952079
196.63 0.166116195654
196.7 0.0752490712205
196.77 0.117820869281
196.84 0.278626596725
196.91 0.516364453923
196.98 0.432376771839
197.05 0.171696769101
197.12 0.110382028572
197.19 0.101696768858
197.26 0.273971409805
197.33 0.384458140887
197.4 0.38845444151
197.47 0.383585510179
197.54 0.463371864253
197.61 0.366535927628
197.68 0.393110420176
197.75 0.323305666521
197.82 0.316725092115
197.89 0.315925554054
197.96 0.252075024826
198.03 0.291214482503
198.1 0.429214562765
198.17 0.504576111421
198.24 0.468893705113
198.31 0.472534945572
198.38 0.475437649763
198.45 0.548577110512
198.52 0.402171277644
198.59 0.294373112642
198.66 0.287001676353
198.73 0.265124619182
198.8 0.218785770439
198.87 0.431258862468
198.94 0.452015019711
199.01 0.405259919545
199.08 0.406874079685
199.15 0.411170636197
199.22 0.430050174362
199.29 0.354391109206
199.36 0.356993274183
199.43 0.351197529271
199.5 0.319811284036
199.57 0.247583439869
199.64 0.366641669576
199.71 0.417381928564
199.78 0.397018042667
199.85 0.383571394334
199.92 0.413467581882
199.99 0.466639897838
200.06 0.532957694558
200.13 0.480059491237
200.2 0.456909039214
200.27 0.464378899669
200.34 0.381593151952
200.41 0.417366431727
200.48 0.73113581527
200.55 0.658875167973
200.62 0.338308828776
200.69 0.113372011652
200.76 0.0765870867801
200.83 0.0620496048686
200.9 0.0462466281799
200.97 0.039970649055
201.04 0.0355173807678
201.11 0.0323211327103
201.18 0.0283268709846
201.25 0.024740076735
201.32 0.0257126829438
201.39 0.0233324266584
201.46 0.0221451939065
201.53 0.0229032257179
201.6 0.0218440923881
201.67 0.0225898803859
201.74 0.0214903115315
201.81 0.0208565968399
201.88 0.0212050909902
201.95 0.0193625143737
202.02 0.0203594535107
202.09 0.0270272607432
202.16 0.020823998816
202.23 0.0227719862546
202.3 0.0217338155018
202.37 0.030835993234
202.44 0.0283242810808
202.51 0.0214404193817
202.58 0.0200779978899
202.65 0.0209277314153
202.72 0.0238458116392
202.79 0.0201060514148
202.86 0.0203205945248
202.93 0.0203872167578
203.0 0.0208740769522
203.07 0.0294962368768
203.14 0.0214077240192
203.21 0.0204439886654
203.28 0.0223263289959
203.35 0.0223204817232
203.42 0.0206475368517
203.49 0.019348745298
203.56 0.0212870388484
203.63 0.0206387285715
203.7 0.0197979771454
203.77 0.0194336263526
203.84 0.0381483605975
203.91 0.0201802286926
203.98 0.019862351029
204.05 0.0214958572282
204.12 0.0207577998324
204.19 0.0314132480232
204.26 0.0201421466779
204.33 0.0197525851707
204.4 0.020174939379
204.47 0.0201180597036
204.54 0.0230607092497
204.61 0.0190469936964
204.68 0.0367003323566
204.75 0.0207270077885
204.82 0.0188147705821
204.89 0.0270247925127
204.96 0.0211551414801
205.03 0.020446530769
205.1 0.0205828935486
205.17 0.0235556024913
205.24 0.0207799530698
205.31 0.0204439730217
205.38 0.0207402267269
205.45 0.0193924590498
205.52 0.0195460751079
205.59 0.0212084326614
205.66 0.0385752862468
205.73 0.0201342344349
205.8 0.021507254543
205.87 0.0211592140604
205.94 0.0212471595448
206.01 0.0340195272974
206.08 0.0208792341633
206.15 0.01966977517
206.22 0.0191049475735
206.29 0.0203347216678
206.36 0.0200699648427
206.43 0.0216775494076
206.5 0.0242428760455
206.57 0.0200074838485
206.64 0.0297992573574
206.71 0.019846124152
206.78 0.0205552015673
206.85 0.0201723442607
206.92 0.0201665752066
206.99 0.0216535493429
207.06 0.0563880395685
207.13 0.14543532987
207.2 0.19898179306
207.27 0.150047104614
207.34 0.0865721044822
207.41 0.0493844643471
207.48 0.0228111928786
207.55 0.111272221957
207.62 0.159600864227
207.69 0.187347528975
207.76 0.074764355084
207.83 0.164007290889
207.9 0.107650351024
207.97 0.210174505492
208.04 0.218450970622
208.11 0.171750320142
208.18 0.0735010747614
208.25 0.0568875685641
208.32 0.0358091221306
208.39 0.0608345602003
208.46 0.0342597773752
208.53 0.0475128973211
208.6 0.389836693148
208.67 0.688697199101
208.74 0.68825665473
208.81 0.647423704164
208.88 0.655013105191
208.95 0.603353380823
209.02 0.547314363814
209.09 0.339284387301
209.16 0.478935897114
209.23 0.393734925065
209.3 0.196827604956
209.37 0.139169289718
209.44 0.159811704991
209.51 0.209176228817
209.58 0.518609393819
209.65 0.359625389051
209.72 0.17632426317
209.79 0.185335968089
209.86 0.171826318174
209.93 0.32442206019
210.0 0.467314570381
210.07 0.398597197389
210.14 0.36624204047
210.21 0.420895666668
210.28 0.476230491445
210.35 0.497060666052
210.42 0.467069844463
210.49 0.424795967902
210.56 0.451329882393
210.63 0.283586880394
210.7 0.288830620341
210.77 0.542470922177
210.84 0.543744645548
210.91 0.447666118462
210.98 0.49392001054
211.05 0.401544640864
211.12 0.57252568571
211.19 0.630236565566
211.26 0.588841625868
211.33 0.323308324214
211.4 0.274909342591
211.47 0.199828413486
211.54 0.483985030996
211.61 0.522320998835
211.68 0.483667230682
211.75 0.427137636359
211.82 0.417065913371
211.89 0.447421419486
211.96 0.485925584194
212.03 0.446070964566
212.1 0.375227497843
212.17 0.35121359102
212.24 0.311009074522
212.31 0.372341016184
212.38 0.532367083513
212.45 0.496293736444
212.52 0.485698832034
212.59 0.493190239967
212.66 0.506655645114
212.73 0.551611649497
212.8 0.428789875906
212.87 0.422155536661
212.94 0.350801498219
213.01 0.243049078044
213.08 0.248023639209
213.15 0.401076553996
213.22 0.45954195365
213.29 0.366740889833
213.36 0.431238039816
213.43 0.541407658037
213.5 0.463352071478
213.57 0.42408173849
213.64 0.405046647053
213.71 0.364778309416
213.78 0.365321237551
213.85 0.285670149458
213.92 0.362112946441
213.99 0.313472956889
214.06 0.322719890253
214.13 0.282401022551
214.2 0.280476671026
214.27 0.308445706825
214.34 0.374967017836
214.41 0.39908924782
214.48 0.202352312093
214.55 0.165957650088
214.62 0.136639725479
214.69 0.370594615384
214.76 0.475529691293
214.83 0.414597045005
214.9 0.363124419457
214.97 0.340406062462
215.04 0.33087158981
215.11 0.32544302981
215.18 0.227043225849
215.25 0.181187819148
215.32 0.182992413696
215.39 0.175804448623
215.46 0.230713129068
215.53 0.480330135313
215.6 0.466542383615
215.67 0.397434202834
215.74 0.396843011234
215.81 0.349192968078
215.88 0.419590663691
215.95 0.3743668311
216.02 0.341090697443
216.09 0.287080400737
216.16 0.332747364995
216.23 0.254375856237
216.3 0.610173982818
216.37 0.515784556215
216.44 0.290126875875
216.51 0.129830986634
216.58 0.0828756617022
216.65 0.226372839684
216.72 0.362276094735
216.79 0.467638708137
216.86 0.359805866236
216.93 0.18011679225
217.0 0.227009802184
217.07 0.412081394112
217.14 0.401761796475
217.21 0.333671991064
217.28 0.153202925838
217.35 0.0813457785962
217.42 0.0540502881235
217.49 0.0344393089839
217.56 0.0291364827286
217.63 0.0257611923631
217.7 0.00701405477165
217.77 0.0
217.84 0.0
217.91 0.0
217.98 0.0
218.05 0.0
218.12 0.0
218.19 0.0
218.26 0.0
218.33 0.0
218.4 0.0
218.47 0.0
218.54 0.0
218.61 0.0
218.68 0.0
218.75 0.0
218.82 0.0
218.89 0.0
218.96 0.0
219.03 0.0
219.1 0.0
219.17 0.0
219.24 0.0
219.31 0.0
219.38 0.0
219.45 0.0
219.52 0.0
219.59 0.0
219.66 0.0
219.73 0.0
219.8 0.0
219.87 0.0
219.94 0.0
220.01 0.0
220.08 0.0
220.15 0.0
220.22 0.0
220.29 0.0
220.36 0.0
220.43 0.0
220.5 0.0
220.57 0.0
220.64 0.0
220.71 0.0
220.78 0.0
220.85 0.0
220.92 0.0
220.99 0.0
221.06 0.0
221.13 0.0
221.2 0.0
221.27 0.0
221.34 0.0
221.41 0.0
221.48 0.0
221.55 0.0
221.62 0.0
221.69 0.0
