0 0
31.420331 0.00787401574803
31.484199 0.0393700787402
31.640861 0.0787401574803
32.39339 0.40157480315
32.949005 0.566929133858
33.049495 0.653543307087
33.162369 0.669291338583
33.27899 0.755905511811
33.388021 0.937007874016
33.495021 0.968503937008
34.135713 0.842519685039
34.20697 0.740157480315
34.350731 0.551181102362
34.440664 0.196850393701
34.556174 0.0
35.200496 0.299212598425
35.306398 0.685039370079
35.409642 0.889763779528
35.495617 0.944881889764
36.13195 0.913385826772
36.232018 0.748031496063
36.357078 0.409448818898
36.467655 0.204724409449
37.149938 0.0
37.323271 0.385826771654
37.65543 0.944881889764
38.252886 0.755905511811
38.373909 0.464566929134
38.471 0.181102362205
38.601857 0.0157480314961
39.129007 0.0157480314961
39.251254 0.236220472441
39.476942 0.795275590551
40.101817 0.850393700787
40.236609 0.897637795276
40.326896 0.732283464567
40.4695 0.275590551181
41.201464 0.0
41.294606 0.196850393701
41.424401 0.511811023622
41.534617 0.826771653543
41.660962 1.0
42.300262 0.968503937008
42.355849 0.88188976378
42.480605 0.645669291339
42.731063 0.0393700787402
43.366656 0.0866141732283
43.483897 0.314960629921
43.635286 0.755905511811
43.793986 0.952755905512
44.462563 0.937007874016
44.572013 0.708661417323
44.84839 0.157480314961
45.49946 0.00787401574803
49.263474 0.00787401574803
49.43718 0.0157480314961
49.619099 0.267716535433
49.775745 0.582677165354
49.949337 0.677165354331
50.061601 0.582677165354
50.210081 0.496062992126
50.477465 0.488188976378
51.091672 0.472440944882
51.215887 0.409448818898
51.325319 0.228346456693
51.447489 0.0
51.652793 0.00787401574803
51.750761 0.110236220472
51.921962 0.433070866142
52.025461 0.582677165354
52.14987 0.574803149606
52.263291 0.456692913386
52.343194 0.346456692913
52.477744 0.291338582677
52.586656 0.283464566929
52.713391 0.322834645669
52.832766 0.377952755906
53.111965 0.535433070866
53.713777 0.51968503937
53.832515 0.59842519685
53.927597 0.582677165354
54.049777 0.44094488189
54.229905 0.0866141732283
54.332848 0.0
54.511675 0.00787401574803
54.616978 0.11811023622
54.790985 0.448818897638
55.0358 0.543307086614
55.626495 0.0866141732283
55.74141 0.102362204724
55.862768 0.346456692913
55.942115 0.472440944882
56.171934 0.511811023622
56.80133 0.228346456693
56.913757 0.433070866142
57.062879 0.535433070866
57.192633 0.535433070866
57.281112 0.464566929134
57.952452 0.543307086614
58.564503 0.125984251969
58.727067 0.102362204724
58.954991 0.385826771654
59.060123 0.527559055118
59.236112 0.535433070866
59.32558 0.425196850394
59.475363 0.251968503937
59.544398 0.110236220472
59.712525 0.11811023622
59.907175 0.354330708661
60.038177 0.488188976378
60.245226 0.488188976378
60.416678 0.338582677165
60.508018 0.212598425197
60.722052 0.149606299213
60.900525 0.322834645669
61.043028 0.543307086614
61.28057 0.535433070866
61.385095 0.448818897638
61.515352 0.251968503937
61.622188 0.173228346457
61.754502 0.181102362205
61.859212 0.244094488189
62.013975 0.51968503937
62.160494 0.59842519685
62.254131 0.590551181102
62.381938 0.464566929134
62.519627 0.244094488189
63.14175 0.535433070866
63.261111 0.59842519685
63.374825 0.582677165354
63.491499 0.44094488189
63.61393 0.259842519685
63.700241 0.149606299213
63.872257 0.141732283465
64.061405 0.44094488189
64.165051 0.551181102362
64.361421 0.55905511811
64.506646 0.393700787402
64.631571 0.196850393701
64.796671 0.149606299213
64.907781 0.196850393701
65.034975 0.496062992126
65.17789 0.590551181102
65.452437 0.456692913386
66.08947 0.51968503937
66.190076 0.59842519685
66.346921 0.606299212598
66.445444 0.496062992126
66.551027 0.354330708661
66.696554 0.236220472441
66.917314 0.236220472441
67.012758 0.393700787402
67.120213 0.574803149606
67.35917 0.606299212598
67.455889 0.566929133858
67.534831 0.425196850394
67.691647 0.244094488189
67.895148 0.236220472441
68.002682 0.314960629921
68.130541 0.511811023622
68.255291 0.574803149606
68.424342 0.574803149606
68.483476 0.566929133858
68.723542 0.228346456693
68.887245 0.220472440945
68.983597 0.307086614173
69.106035 0.464566929134
69.69852 0.314960629921
69.815645 0.212598425197
70.447851 0.566929133858
70.654311 0.574803149606
71.293278 0.244094488189
71.931653 0.228346456693
84.035697 0.220472440945
84.168079 0.236220472441
84.29305 0.251968503937
84.944258 0.267716535433
85.962745 0.141732283465
86.634467 0.0157480314961
89.803218 0.0
98.172631 0.00787401574803
98.322802 0.0708661417323
98.435305 0.212598425197
98.574049 0.354330708661
99.196042 0.44094488189
129.265487 0.377952755906
129.374312 0.133858267717
129.985622 0.00787401574803
180.109079 0.0157480314961
180.247286 0.299212598425
180.410902 0.574803149606
181.064867 0.582677165354
181.900951 0.566929133858
182.024173 0.543307086614
182.875934 0.527559055118
189.484211 0.496062992126
189.62144 0.472440944882
189.724685 0.464566929134
190.313311 0.464566929134
191.626553 0.472440944882
293.048459 0.133858267717
294.208103 0.0
323.820372 0.00787401574803
323.969538 0.0157480314961
324.054368 0.0866141732283
324.187979 0.291338582677
324.300761 0.511811023622
324.37587 0.685039370079
324.508552 0.905511811024
328.659296 1.0
338.041728626 0
342.927006803 0
