0.0 0.0
0.07 0.0
0.14 0.0
0.21 0.0
0.28 0.0
0.35 0.0
0.42 0.0
0.49 0.0
0.56 0.0
0.63 0.0
0.7 0.0
0.77 0.0
0.84 0.0
0.91 0.0
0.98 0.0
1.05 0.0
1.12 0.0
1.19 0.0
1.26 0.0
1.33 0.0
1.4 0.0
1.47 0.0
1.54 0.0
1.61 0.0
1.68 0.0
1.75 0.0
1.82 0.0
1.89 0.0
1.96 0.0
2.03 0.0
2.1 0.0
2.17 0.0
2.24 0.0
2.31 0.0
2.38 0.0
2.45 0.0
2.52 0.0
2.59 0.0
2.66 0.0
2.73 0.0
2.8 0.0
2.87 0.0
2.94 0.0
3.01 0.0
3.08 0.0
3.15 0.0
3.22 0.0
3.29 0.0
3.36 0.0
3.43 0.0
3.5 0.0
3.57 0.0
3.64 0.0
3.71 0.0
3.78 0.0
3.85 0.0
3.92 0.0
3.99 0.654419837636
4.06 0.761493170524
4.13 0.739991360905
4.2 0.663196245952
4.27 0.55434999285
4.34 0.556105411449
4.41 0.503083700643
4.48 0.273642729922
4.55 0.373817326485
4.62 0.654870784052
4.69 0.635574780755
4.76 0.478869356467
4.83 0.395364277644
4.9 0.494822351525
4.97 0.507716050774
5.04 0.331256146586
5.11 0.211866068137
5.18 0.481458328294
5.25 0.620785857769
5.32 0.501275771263
5.39 0.39887644661
5.46 0.539800053674
5.53 0.32263064278
5.6 0.197753926575
5.67 0.472788803636
5.74 0.546012378168
5.81 0.499330206226
5.88 0.412818933392
5.95 0.405815642515
6.02 0.505912930661
6.09 0.359406229406
6.16 0.241901828718
6.23 0.159230884904
6.3 0.669308589018
6.37 0.662240257939
6.44 0.552837613385
6.51 0.466209490081
6.58 0.510819689987
6.65 0.502543581281
6.72 0.348243041624
6.79 0.187052441582
6.86 0.46751433033
6.93 0.640303191551
7.0 0.435510122602
7.07 0.277120657516
7.14 0.406334608624
7.21 0.521487951398
7.28 0.401801071079
7.35 0.222842471549
7.42 0.306297713679
7.49 0.610184941922
7.56 0.507109159715
7.63 0.395962141846
7.7 0.534893116252
7.77 0.468251983179
7.84 0.204867652488
7.91 0.460704989901
7.98 0.521941800788
8.05 0.462616665142
8.12 0.29441561738
8.19 0.369798610677
8.26 0.423688614092
8.33 0.410142274736
8.4 0.207523543107
8.47 0.182592357653
8.54 0.384721734035
8.61 0.58006132433
8.68 0.540666563339
8.75 0.471642148088
8.82 0.412801158036
8.89 0.509712925429
8.96 0.353009057178
9.03 0.189353965567
9.1 0.26412248221
9.17 0.594216555364
9.24 0.45335959269
9.31 0.298733286068
9.38 0.320405650843
9.45 0.507376766941
9.52 0.376466143372
9.59 0.206696844618
9.66 0.26060276261
9.73 0.537556057515
9.8 0.479830897795
9.87 0.389713429587
9.94 0.366050259952
10.01 0.412203535913
10.08 0.197071018629
10.15 0.262615563054
10.22 0.539142270535
10.29 0.496986758312
10.36 0.461629249023
10.43 0.375692590215
10.5 0.468334132524
10.57 0.756421478616
10.64 0.593627304438
10.71 0.453791119326
10.78 0.46243303572
10.85 0.650402429848
10.92 0.456088396698
10.99 0.375308650319
11.06 0.359378971399
11.13 0.475618383251
11.2 0.37853936868
11.27 0.531250074021
11.34 0.626586581993
11.41 0.545754927723
11.48 0.469712101858
11.55 0.444326613857
11.62 0.446286447727
11.69 0.537901861662
11.76 0.342983795573
11.83 0.257616873584
11.9 0.249629178399
11.97 0.55091695878
12.04 0.689382432982
12.11 0.474333083492
12.18 0.46756530948
12.25 0.494348883809
12.32 0.384899992197
12.39 0.540457003058
12.46 0.796803684089
12.53 0.498638579464
12.6 0.425769120251
12.67 0.379205102182
12.74 0.450747114756
12.81 0.649304419065
12.88 0.688073044015
12.95 0.373125107387
13.02 0.269141025488
13.09 0.623839797488
13.16 0.675255837236
13.23 0.499449249263
13.3 0.366842451903
13.37 0.446490930936
13.44 0.427431511104
13.51 0.389035648183
13.58 0.402031007585
13.65 0.394869069616
13.72 0.508706928562
13.79 0.46212618063
13.86 0.376264092829
13.93 0.377223483806
14.0 0.472642015135
14.07 0.338286400622
14.14 0.298101481279
14.21 0.296064959033
14.28 0.782829168291
14.35 0.469754315359
14.42 0.318320425125
14.49 0.308179746398
14.56 0.461145549331
14.63 0.346708943614
14.7 0.173799180557
14.77 0.249705967698
14.84 0.485289384421
14.91 0.437729515712
14.98 0.36563072713
15.05 0.328022446097
15.12 0.397041302097
15.19 0.430498342376
15.26 0.347776865973
15.33 0.332724952419
15.4 0.588332784716
15.47 0.570878563655
15.54 0.432115331799
15.61 0.366911657587
15.68 0.481451576456
15.75 0.470845807807
15.82 0.219287348332
15.89 0.199588123878
15.96 0.417017027392
16.03 0.536872873849
16.1 0.408380283054
16.17 0.29287255122
16.24 0.245156015588
16.31 0.40014032663
16.38 0.303029574593
16.45 0.182995892128
16.52 0.241196692342
16.59 0.7568173523
16.66 0.522569953278
16.73 0.396295708121
16.8 0.312047685002
16.87 0.395036084608
16.94 0.361297686731
17.01 0.242022438344
17.08 0.232853643738
17.15 0.248917139793
17.22 0.53253836976
17.29 0.372129428247
17.36 0.310286749367
17.43 0.2737633877
17.5 0.41377384491
17.57 0.388964585679
17.64 0.236372477472
17.71 0.484234788962
17.78 0.642317862009
17.85 0.440439404546
17.92 0.261829033255
17.99 0.465559459418
18.06 0.494662470289
18.13 0.419867460794
18.2 0.318097874349
18.27 0.31780730586
18.34 0.368114972905
18.41 0.67093951021
18.48 0.469440156992
18.55 0.420498218111
18.62 0.421113205307
18.69 0.548510684996
18.76 0.40951736954
18.83 0.308768059348
18.9 0.296509452418
18.97 0.699799707534
19.04 0.577365211594
19.11 0.465768141749
19.18 0.454784507616
19.25 0.47661642184
19.32 0.378101662753
19.39 0.251725708631
19.46 0.474618163309
19.53 0.537027300054
19.6 0.559508353797
19.67 0.448889180481
19.74 0.397017236635
19.81 0.46279257177
19.88 0.44374948735
19.95 0.327736126201
20.02 0.256716821082
20.09 0.419681047788
20.16 0.575996662909
20.23 0.587334437426
20.3 0.513216058963
20.37 0.57179637964
20.44 0.478859249817
20.51 0.363873573078
20.58 0.27447795198
20.65 0.464689083739
20.72 0.507195038534
20.79 0.596185619911
20.86 0.560817137896
20.93 0.535411683952
21.0 0.53213696189
21.07 0.420757562316
21.14 0.260486708297
21.21 0.41538202581
21.28 0.436086135676
21.35 0.458750910529
21.42 0.296274977748
21.49 0.384015765883
21.56 0.48154011485
21.63 0.40631698498
21.7 0.353999127595
21.77 0.349848882862
21.84 0.494237991659
21.91 0.47984047807
21.98 0.285306602532
22.05 0.209499126648
22.12 0.388890052929
22.19 0.486608809459
22.26 0.301555925853
22.33 0.148387180575
22.4 0.460541454387
22.47 0.686228728849
22.54 0.644008152018
22.61 0.561761859653
22.68 0.527297872
22.75 0.583710599281
22.82 0.463980020664
22.89 0.455855549962
22.96 0.420882980549
23.03 0.781236127577
23.1 0.696195577422
23.17 0.650058968001
23.24 0.567456235167
23.31 0.575006260704
23.38 0.440685199561
23.45 0.280968580047
23.52 0.166506205078
23.59 0.454735989497
23.66 0.642089310039
23.73 0.580927306961
23.8 0.509548907076
23.87 0.526647673135
23.94 0.461203449181
24.01 0.346706929144
24.08 0.242959883867
24.15 0.38714379377
24.22 0.791671316663
24.29 0.614730103234
24.36 0.57612081006
24.43 0.560231827522
24.5 0.536763382725
24.57 0.500569316973
24.64 0.435312110234
24.71 0.46971614399
24.78 0.557113038229
24.85 0.599044851943
24.92 0.538987034321
24.99 0.506060213874
25.06 0.503244207196
25.13 0.445403742488
25.2 0.346098395639
25.27 0.280038301261
25.34 0.329109715019
25.41 0.641777871272
25.48 0.593059282623
25.55 0.52172235285
25.62 0.498697387607
25.69 0.464292169838
25.76 0.34331298397
25.83 0.314411939212
25.9 0.296442855519
25.97 0.619175510687
26.04 0.61856016268
26.11 0.538908493739
26.18 0.489781742743
26.25 0.510523053682
26.32 0.429731421667
26.39 0.240541201371
26.46 0.228789789687
26.53 0.53050426501
26.6 0.651520607096
26.67 0.587768829438
26.74 0.528049254774
26.81 0.498767105812
26.88 0.510734824339
26.95 0.35803744194
27.02 0.399095678193
27.09 0.492015413919
27.16 0.635777992883
27.23 0.574187279073
27.3 0.549127612126
27.37 0.538430967401
27.44 0.498957834691
27.51 0.350832432967
27.58 0.406804546729
27.65 0.349521454982
27.72 0.563441554236
27.79 0.528342658296
27.86 0.331656474664
27.93 0.262973430274
28.0 0.479070932086
28.07 0.500749057295
28.14 0.288882016883
28.21 0.196204596033
28.28 0.372462293349
28.35 0.60302218141
28.42 0.470361021725
28.49 0.396936508105
28.56 0.440812193619
28.63 0.526823445201
28.7 0.407995355052
28.77 0.295311848722
28.84 0.538431231908
28.91 0.604981808159
28.98 0.556362449634
29.05 0.491442032057
29.12 0.566846614613
29.19 0.609435510954
29.26 0.379504369698
29.33 0.225023310052
29.4 0.221254449201
29.47 0.67051690753
29.54 0.52088415658
29.61 0.336603645417
29.68 0.318275052059
29.75 0.506101794803
29.82 0.489367263245
29.89 0.399443502746
29.96 0.356703135945
30.03 0.529872857311
30.1 0.578255141616
30.17 0.448778453234
30.24 0.386476150017
30.31 0.401911434217
30.38 0.580357480434
30.45 0.540198626511
30.52 0.411154892177
30.59 0.414052299535
30.66 0.580520605006
30.73 0.620209067006
30.8 0.575053040073
30.87 0.554865858759
30.94 0.523777352284
31.01 0.327566698329
31.08 0.243849334348
31.15 0.302824923841
31.22 0.627603556203
31.29 0.490782515444
31.36 0.368800829338
31.43 0.314019065465
31.5 0.4833551549
31.57 0.419607007113
31.64 0.286293925645
31.71 0.148219524435
31.78 0.631717578075
31.85 0.645414638568
31.92 0.565467820759
31.99 0.495170369346
32.06 0.500143710399
32.13 0.524859377251
32.2 0.531399059706
32.27 0.428080938217
32.34 0.346136099339
32.41 0.52315735002
32.48 0.341284429236
32.55 0.306363052688
32.62 0.289620806252
32.69 0.449484427983
32.76 0.209381071718
32.83 0.155054436231
32.9 0.247423257965
32.97 0.818409318063
33.04 0.545254820061
33.11 0.408215693473
33.18 0.338114644963
33.25 0.4471695052
33.32 0.355008875702
33.39 0.272562208222
33.46 0.314097050648
33.53 0.360990596818
33.6 0.502523972191
33.67 0.347101508001
33.74 0.320317254926
33.81 0.433022332046
33.88 0.407445419271
33.95 0.33645996701
34.02 0.365087788565
34.09 0.670519234659
34.16 0.621878104159
34.23 0.512674710075
34.3 0.45989695857
34.37 0.493919060963
34.44 0.532715921473
34.51 0.452154535983
34.58 0.312628820661
34.65 0.320571284597
34.72 0.506604416265
34.79 0.338625888277
34.86 0.305064962958
34.93 0.264976434749
35.0 0.429397130473
35.07 0.226219828678
35.14 0.186317063092
35.21 0.207364456049
35.28 0.717011251588
35.35 0.496533660225
35.42 0.408970269452
35.49 0.338242936487
35.56 0.484568771454
35.63 0.415350792291
35.7 0.274155886785
35.77 0.139893912143
35.84 0.623962693347
35.91 0.617004317762
35.98 0.492497240959
36.05 0.371861328288
36.12 0.405780370162
36.19 0.506337504276
36.26 0.395391050833
36.33 0.232659620732
36.4 0.440071823149
36.47 0.541917475952
36.54 0.342679927888
36.61 0.262970688247
36.68 0.424813908607
36.75 0.507698021466
36.82 0.373420189634
36.89 0.25179469862
36.96 0.315569080689
37.03 0.470244290646
37.1 0.586124818809
37.17 0.539262878182
37.24 0.44539912583
37.31 0.404092316255
37.38 0.554173768286
37.45 0.448376843521
37.52 0.277172775825
37.59 0.384312417359
37.66 0.543083439145
37.73 0.480493916973
37.8 0.444222633172
37.87 0.348288107968
37.94 0.461287238993
38.01 0.224034480375
38.08 0.182439131952
38.15 0.396285332347
38.22 0.722618820862
38.29 0.572698663626
38.36 0.428810523952
38.43 0.410639264389
38.5 0.469103449621
38.57 0.463357330461
38.64 0.389615547061
38.71 0.293046657094
38.78 0.37151452746
38.85 0.5687782182
38.92 0.459919183041
38.99 0.355586919737
39.06 0.399933935148
39.13 0.441797448173
39.2 0.282240531799
39.27 0.251512900397
39.34 0.26404634989
39.41 0.513080332237
39.48 0.425121684521
39.55 0.343136202031
39.62 0.360451155542
39.69 0.469128319816
39.76 0.31978905484
39.83 0.22960298318
39.9 0.229491326533
39.97 0.413246481219
40.04 0.561408743653
40.11 0.385039849444
40.18 0.412780653186
40.25 0.51140303866
40.32 0.514401839026
40.39 0.463815497044
40.46 0.383114824877
40.53 0.469911576597
40.6 0.537167689611
40.67 0.356879676465
40.74 0.490824804141
40.81 0.478972378069
40.88 0.615913920278
40.95 0.489873558773
41.02 0.276607030347
41.09 0.310946012687
41.16 0.6867134305
41.23 0.791361876535
41.3 0.615873359117
41.37 0.469967717908
41.44 0.619407375913
41.51 0.516711550176
41.58 0.413129136696
41.65 0.386332587703
41.72 0.401515800633
41.79 0.91976077403
41.86 0.626762185197
41.93 0.559208075088
42.0 0.502469166603
42.07 0.494056270508
42.14 0.364788308652
42.21 0.156807804742
42.28 0.295840304079
42.35 0.616654350773
42.42 0.643436188331
42.49 0.49532025079
42.56 0.468715279602
42.63 0.501922839587
42.7 0.404289160442
42.77 0.314438496047
42.84 0.323193580928
42.91 0.563854740225
42.98 0.623118225439
43.05 0.465536157133
43.12 0.400908028326
43.19 0.562108880133
43.26 0.575688090837
43.33 0.340818015463
43.4 0.2959089293
43.47 0.47603480532
43.54 0.819410878346
43.61 0.581044474707
43.68 0.506627515389
43.75 0.5570507638
43.82 0.428502710439
43.89 0.321904898654
43.96 0.354595011627
44.03 0.468993512596
44.1 0.860214715543
44.17 0.588239065031
44.24 0.550397668139
44.31 0.478403389915
44.38 0.522062518592
44.45 0.350222508989
44.52 0.214494345214
44.59 0.172835456557
44.66 0.568874821729
44.73 0.702310012133
44.8 0.506230686579
44.87 0.460691971043
44.94 0.594192873799
45.01 0.501545051937
45.08 0.386417859674
45.15 0.334703370994
45.22 0.591115389715
45.29 0.81200784909
45.36 0.599922422064
45.43 0.369028475655
45.5 0.462609989819
45.57 0.605785869256
45.64 0.421256590185
45.71 0.240179985277
45.78 0.31039608746
45.85 0.629882242933
45.92 0.617359008926
45.99 0.530314301287
46.06 0.556899292679
46.13 0.505113174883
46.2 0.351425264292
46.27 0.340957209795
46.34 0.462371394523
46.41 0.5824453433
46.48 0.517473114796
46.55 0.342016150151
46.62 0.241010805711
46.69 0.521029989955
46.76 0.463865511175
46.83 0.246544563857
46.9 0.158732493564
46.97 0.524660572024
47.04 0.562897069529
47.11 0.459644172276
47.18 0.386941499828
47.25 0.442913885353
47.32 0.467230458931
47.39 0.312267829495
47.46 0.234742938838
47.53 0.308394681237
47.6 0.589914795976
47.67 0.529353271162
47.74 0.414913849541
47.81 0.470059946199
47.88 0.686924505921
47.95 0.689754510328
48.02 0.455100486526
48.09 0.521400407046
48.16 0.570366229994
48.23 0.470667629458
48.3 0.407683054166
48.37 0.268662133743
48.44 0.486401059166
48.51 0.258660179701
48.58 0.195153790073
48.65 0.209884631155
48.72 0.626267274656
48.79 0.584591200341
48.86 0.48578082076
48.93 0.41849262398
49.0 0.636690258851
49.07 0.708855135767
49.14 0.577984557539
49.21 0.411340926563
49.28 0.281168418235
49.35 0.742712952003
49.42 0.65452345685
49.49 0.450959599119
49.56 0.427465912763
49.63 0.555841765883
49.7 0.44433630297
49.77 0.365384600328
49.84 0.521495495436
49.91 0.44130187076
49.98 0.286549496841
50.05 0.221314212468
50.12 0.294255776381
50.19 0.446356074905
50.26 0.420554712977
50.33 0.230543529562
50.4 0.129185116615
50.47 0.192721731866
50.54 0.684152549777
50.61 0.525969917456
50.68 0.260149039866
50.75 0.107196723459
50.82 0.151882907931
50.89 0.10324165936
50.96 0.0793913148619
51.03 0.0871004591177
51.1 0.0547460983894
51.17 0.0488343309628
51.24 0.0479953517274
51.31 0.0436758024723
51.38 0.0390604091124
51.45 0.0355932115057
51.52 0.0507626694455
51.59 0.0472470308948
51.66 0.235167214965
51.73 0.573107998772
51.8 0.399106600789
51.87 0.166019131445
51.94 0.120661079694
52.01 0.090292459947
52.08 0.0466661333576
52.15 0.0460532707868
52.22 0.0531670468304
52.29 0.0445942939047
52.36 0.0335610143673
52.43 0.0309421612364
52.5 0.0291374600215
52.57 0.0427592483347
52.64 0.0289869565585
52.71 0.0304726769471
52.78 0.0524083904609
52.85 0.425603361169
52.92 0.544696395671
52.99 0.43653512501
53.06 0.225233696833
53.13 0.108109416859
53.2 0.0936971133413
53.27 0.0672867218758
53.34 0.0617760028282
53.41 0.0666705612206
53.48 0.0412313362123
53.55 0.0347951595185
53.62 0.0334988507538
53.69 0.0268500254527
53.76 0.0278609371246
53.83 0.0288168783051
53.9 0.0303586944916
53.97 0.0922932903242
54.04 0.443375927185
54.11 0.406872166694
54.18 0.277569704896
54.25 0.110631066869
54.32 0.110130326634
54.39 0.0637982760307
54.46 0.0515953810014
54.53 0.0556632481611
54.6 0.0402106998088
54.67 0.0298388194308
54.74 0.0291339422847
54.81 0.0323786913563
54.88 0.0325877549458
54.95 0.0290787528005
55.02 0.0317304152746
55.09 0.0282581650027
55.16 0.0602226849023
55.23 0.513802691209
55.3 0.462912560697
55.37 0.340215787895
55.44 0.174525063862
55.51 0.10388310379
55.58 0.0631888091675
55.65 0.059875473793
55.72 0.0544844112253
55.79 0.0458096907654
55.86 0.0410679715394
55.93 0.0442867066407
56.0 0.045037985855
56.07 0.0360322604128
56.14 0.0575050152271
56.21 0.034260014327
56.28 0.0320118038756
56.35 0.187832996572
56.42 0.530545885515
56.49 0.698543179603
56.56 0.550481297005
56.63 0.276758009393
56.7 0.138198455355
56.77 0.0918505126029
56.84 0.0550543103106
56.91 0.0515002945905
56.98 0.0455885706986
57.05 0.037173796674
57.12 0.0375822861909
57.19 0.0304335286856
57.26 0.0323047436873
57.33 0.0348990043222
57.4 0.0311803508687
57.47 0.0444741453506
57.54 0.359451716586
57.61 0.552084933145
57.68 0.618918380156
57.75 0.481829288909
57.82 0.220471129756
57.89 0.087610573168
57.96 0.0721989085292
58.03 0.0498852457597
58.1 0.0366491809467
58.17 0.0467461264152
58.24 0.0317964884374
58.31 0.0293494292234
58.38 0.0318859964684
58.45 0.0248246131335
58.52 0.022882874534
58.59 0.0207677121044
58.66 0.025057637306
58.73 0.0310102429325
58.8 0.0281394966289
58.87 0.0216017059555
58.94 0.0272293467115
59.01 0.0239471802131
59.08 0.0243625983457
59.15 0.0298089242748
59.22 0.0295481777242
59.29 0.0417085663825
59.36 0.0292197234804
59.43 0.0311731953448
59.5 0.0304411927741
59.57 0.0299076695805
59.64 0.0362036288768
59.71 0.03673527612
59.78 0.026947182401
59.85 0.494508612674
59.92 0.636241894835
59.99 0.575933592322
60.06 0.314529952586
60.13 0.112489705615
60.2 0.0947367110915
60.27 0.0494931820222
60.34 0.0464737231153
60.41 0.0444092918195
60.48 0.0361982068261
60.55 0.0393635406644
60.62 0.0381581528302
60.69 0.036522620257
60.76 0.0369958722779
60.83 0.035596537294
60.9 0.0407367858221
60.97 0.279771637287
61.04 0.469835012228
61.11 0.599100658829
61.18 0.500272195191
61.25 0.218821004479
61.32 0.0969050709624
61.39 0.0701277682701
61.46 0.0586351770549
61.53 0.0411211914077
61.6 0.035381398633
61.67 0.0422648509756
61.74 0.0292380891931
61.81 0.0307726021015
61.88 0.0338444213959
61.95 0.0452116517646
62.02 0.0357119603528
62.09 0.0762867112896
62.16 0.572475981587
62.23 0.642292441694
62.3 0.512807381455
62.37 0.224126285191
62.44 0.118464758663
62.51 0.0779686162484
62.58 0.0584410181682
62.65 0.0394206021414
62.72 0.0353998679055
62.79 0.0397852766074
62.86 0.109059104872
62.93 0.0367869551233
63.0 0.0327748796781
63.07 0.0264139514177
63.14 0.0266600333659
63.21 0.0294780947506
63.28 0.255982917495
63.35 0.551855877887
63.42 0.614749502567
63.49 0.4296430772
63.56 0.155332295882
63.63 0.0818409591144
63.7 0.0628964128802
63.77 0.050387486623
63.84 0.0433111431774
63.91 0.0394776774703
63.98 0.0388403892866
64.05 0.0396240965857
64.12 0.0348239933509
64.19 0.0348745140669
64.26 0.030309372959
64.33 0.0283364245871
64.4 0.0745832263053
64.47 0.404494382423
64.54 0.504563663236
64.61 0.617498690715
64.68 0.433552967437
64.75 0.189442302118
64.82 0.0918404857668
64.89 0.061303787725
64.96 0.0538593767442
65.03 0.0456420201136
65.1 0.0431736123995
65.17 0.0428025851633
65.24 0.0387191371935
65.31 0.0356426511097
65.38 0.0370564033396
65.45 0.037227643838
65.52 0.035793164467
65.59 0.286443991122
65.66 0.401774715428
65.73 0.235776139624
65.8 0.113280302612
65.87 0.0696039625523
65.94 0.0526222633171
66.01 0.037685531403
66.08 0.0342117521391
66.15 0.0432568995838
66.22 0.0315104158969
66.29 0.0318221640242
66.36 0.0469938897268
66.43 0.0479264224236
66.5 0.0281421971003
66.57 0.028388510574
66.64 0.0274372889523
66.71 0.0378318555335
66.78 0.466090587543
66.85 0.283854463238
66.92 0.116553072209
66.99 0.0853001113741
67.06 0.0690703964837
67.13 0.045494081241
67.2 0.0465093444054
67.27 0.0447690059666
67.34 0.0420838072513
67.41 0.0331802868054
67.48 0.0289853187298
67.55 0.0298707923799
67.62 0.0219480054743
67.69 0.0239668176671
67.76 0.0224745176001
67.83 0.0303681098629
67.9 0.0356517333744
67.97 0.0217371503653
68.04 0.0232722476943
68.11 0.0445005557506
68.18 0.105947127442
68.25 0.0349866812568
68.32 0.0366289023451
68.39 0.0372674365451
68.46 0.0436939142324
68.53 0.0416000488528
68.6 0.0362836780019
68.67 0.0363265438641
68.74 0.0365141646283
68.81 0.0351163322516
68.88 0.0296724990147
68.95 0.027291408744
69.02 0.404161525236
69.09 0.694447791249
69.16 0.539903717084
69.23 0.162150817519
69.3 0.117448859628
69.37 0.0738297281398
69.44 0.0495041138527
69.51 0.0496659033604
69.58 0.0295003917798
69.65 0.0262306768691
69.72 0.0293840228304
69.79 0.0336338294741
69.86 0.0489774229707
69.93 0.130429283985
70.0 0.0382023662897
70.07 0.0357326386822
70.14 0.161774479047
70.21 0.582940101469
70.28 0.616823189606
70.35 0.40101881032
70.42 0.109720930144
70.49 0.135032833264
70.56 0.0421607416655
70.63 0.0383356695831
70.7 0.0426755225052
70.77 0.0559108478877
70.84 0.0318373939182
70.91 0.0291375207063
70.98 0.0352333660948
71.05 0.028635999485
71.12 0.0287104774859
71.19 0.0348765120464
71.26 0.0632069987625
71.33 0.445366083642
71.4 0.600771403729
71.47 0.52656142625
71.54 0.183410649984
71.61 0.134708857159
71.68 0.142201581119
71.75 0.0619027686588
71.82 0.0585497520523
71.89 0.0530343899615
71.96 0.0466541679075
72.03 0.0368088840863
72.1 0.0333122583323
72.17 0.0387600769744
72.24 0.0537971326575
72.31 0.030396338167
72.38 0.039227389805
72.45 0.206892511389
72.52 0.580906605545
72.59 0.581411462449
72.66 0.48749274818
72.73 0.126483719029
72.8 0.127708299735
72.87 0.0582683436628
72.94 0.046858352311
73.01 0.0374267841512
73.08 0.0437087483563
73.15 0.0471468700512
73.22 0.0439406228166
73.29 0.0418991389322
73.36 0.0428355679859
73.43 0.0950524525393
73.5 0.0739305875176
73.57 0.028560652109
73.64 0.407577148719
73.71 0.579904791309
73.78 0.300940011235
73.85 0.0996798812686
73.92 0.0729600938697
73.99 0.0562082071324
74.06 0.0771638559575
74.13 0.044884328104
74.2 0.0482892994337
74.27 0.0370474180385
74.34 0.0496965359681
74.41 0.0460257462938
74.48 0.0550600852564
74.55 0.0316420266135
74.62 0.029351933129
74.69 0.0327810906306
74.76 0.289007574955
74.83 0.486958361548
74.9 0.292121531895
74.97 0.0960149681211
75.04 0.0603837336603
75.11 0.0528919489955
75.18 0.045325450187
75.25 0.123462440898
75.32 0.0403930179129
75.39 0.0322846629708
75.46 0.0303625011406
75.53 0.0261528104163
75.6 0.0273312931379
75.67 0.0382587562766
75.74 0.0278551437096
75.81 0.0302123261667
75.88 0.489304319305
75.95 0.601660454482
76.02 0.452467088843
76.09 0.31568186594
76.16 0.187085390104
76.23 0.239197071043
76.3 0.195159607235
76.37 0.204969771734
76.44 0.285672735411
76.51 0.330617056329
76.58 0.154915211557
76.65 0.256673804827
76.72 0.21086349732
76.79 0.126871517024
76.86 0.0673748803307
76.93 0.40555213151
77.0 0.434437494537
77.07 0.803514012067
77.14 0.714906139741
77.21 0.561833201835
77.28 0.631375428206
77.35 0.572517050653
77.42 0.48651797164
77.49 0.678199785182
77.56 0.699195943059
77.63 0.489938222995
77.7 0.307938483611
77.77 0.564987682997
77.84 0.639394213773
77.91 0.567747952709
77.98 0.338638853707
78.05 0.531499109074
78.12 0.627148534014
78.19 0.884214489648
78.26 0.638128511891
78.33 0.595455687878
78.4 0.637808545597
78.47 0.585573807853
78.54 0.532281251762
78.61 0.534194070779
78.68 0.702616301931
78.75 0.75531288692
78.82 0.629518573064
78.89 0.585358526055
78.96 0.537172383445
79.03 0.499440173594
79.1 0.275777693391
79.17 0.285034866764
79.24 0.649770649465
79.31 0.682464546
79.38 0.550207517085
79.45 0.429478091848
79.52 0.555245081735
79.59 0.496070849939
79.66 0.371217065975
79.73 0.359085261814
79.8 0.575720375125
79.87 0.671184379782
79.94 0.495673393834
80.01 0.492125473633
80.08 0.589516154539
80.15 0.62356818375
80.22 0.402148869907
80.29 0.335643640337
80.36 0.684017286102
80.43 0.745494479188
80.5 0.585294986481
80.57 0.562650256065
80.64 0.580923750307
80.71 0.426579852713
80.78 0.342014417997
80.85 0.43324619414
80.92 0.594361830044
80.99 0.73729450676
81.06 0.555990779931
81.13 0.498223291936
81.2 0.524217775173
81.27 0.559276361266
81.34 0.357918889658
81.41 0.241488165166
81.48 0.419128230141
81.55 0.737469567759
81.62 0.588156111613
81.69 0.46967788753
81.76 0.51701132032
81.83 0.484303699796
81.9 0.379197418965
81.97 0.269029977009
82.04 0.527693174456
82.11 0.818228373281
82.18 0.577666415746
82.25 0.352759267523
82.32 0.392387522333
82.39 0.673334548079
82.46 0.535345428076
82.53 0.237583676531
82.6 0.177465073235
82.67 0.741260447941
82.74 0.708454236462
82.81 0.645093440109
82.88 0.594041012184
82.95 0.569949534843
83.02 0.422727619587
83.09 0.317227005936
83.16 0.462451136266
83.23 0.593590310486
83.3 0.569782902429
83.37 0.376027549601
83.44 0.333652403428
83.51 0.539371632514
83.58 0.516407921932
83.65 0.253702176059
83.72 0.73442564762
83.79 0.749333711266
83.86 0.585412931255
83.93 0.430815321265
84.0 0.359165537847
84.07 0.480161351997
84.14 0.501142696857
84.21 0.322725562308
84.28 0.325957404656
84.35 0.460999416489
84.42 0.577904654849
84.49 0.500095797808
84.56 0.436986694764
84.63 0.536020634995
84.7 0.497935002423
84.77 0.313657938418
84.84 0.364389450861
84.91 0.508773639575
84.98 0.597848803624
85.05 0.526738765566
85.12 0.411707304819
85.19 0.476692128047
85.26 0.498368674133
85.33 0.347726061621
85.4 0.168348013699
85.47 0.413761933549
85.54 0.686116755586
85.61 0.574645598688
85.68 0.546647899239
85.75 0.579701033018
85.82 0.59986738627
85.89 0.519949370632
85.96 0.513621069661
86.03 0.545879345318
86.1 0.593191678943
86.17 0.66689906992
86.24 0.652559171227
86.31 0.627736656335
86.38 0.618593363176
86.45 0.582285814299
86.52 0.527903012436
86.59 0.599059147819
86.66 0.594521249548
86.73 0.570729140645
86.8 0.542322711578
86.87 0.598212618609
86.94 0.616728584056
87.01 0.600193399931
87.08 0.517836452219
87.15 0.479493175934
87.22 0.735306304748
87.29 0.711338899362
87.36 0.588773409448
87.43 0.523901342447
87.5 0.611778195032
87.57 0.54078892095
87.64 0.416467195171
87.71 0.35463754966
87.78 0.575846162744
87.85 0.577898122663
87.92 0.529955010613
87.99 0.541564695037
88.06 0.600283033949
88.13 0.534613466401
88.2 0.34849520458
88.27 0.335276669745
88.34 0.650014999259
88.41 0.792302637953
88.48 0.613810218031
88.55 0.4470886896
88.62 0.514656377922
88.69 0.517021032519
88.76 0.471912330458
88.83 0.383159184771
88.9 0.630210885827
88.97 0.857464177819
89.04 0.67379900345
89.11 0.656477583714
89.18 0.626681841883
89.25 0.573567850017
89.32 0.363881358536
89.39 0.428570327105
89.46 0.594017785755
89.53 0.822694633202
89.6 0.572992868583
89.67 0.497482580443
89.74 0.543745160857
89.81 0.555469075752
89.88 0.418513570774
89.95 0.336946224037
90.02 0.497622973299
90.09 0.602851603167
90.16 0.528821505188
90.23 0.392336433687
90.3 0.461804172163
90.37 0.860416198816
90.44 0.784844234519
90.51 0.44832404185
90.58 0.458529700095
90.65 0.855430912761
90.72 0.58298131697
90.79 0.52197612791
90.86 0.572014433148
90.93 0.607808592317
91.0 0.513450321896
91.07 0.352817340193
91.14 0.302123838173
91.21 0.650917251584
91.28 0.549806469365
91.35 0.470640802181
91.42 0.44835563552
91.49 0.70090947005
91.56 0.913952394293
91.63 0.525509273352
91.7 0.569720473649
91.77 0.606476086417
91.84 0.655202275172
91.91 0.588467523335
91.98 0.550649660914
92.05 0.569991994382
92.12 0.721873618039
92.19 0.548353316241
92.26 0.46483251479
92.33 0.59082854872
92.4 0.565919823882
92.47 0.494923660102
92.54 0.57539908498
92.61 0.63785655647
92.68 0.636713160749
92.75 0.575962613485
92.82 0.485481611949
92.89 0.538917581281
92.96 0.617376375979
93.03 0.602087227259
93.1 0.575009249428
93.17 0.568091988423
93.24 0.707370978011
93.31 0.570935520913
93.38 0.51756690572
93.45 0.569881558026
93.52 0.62946240009
93.59 0.691808483399
93.66 0.59950187475
93.73 0.595139565172
93.8 0.656645136954
93.87 0.686487059223
93.94 0.561510526495
94.01 0.580424898555
94.08 0.621878631853
94.15 0.69835755484
94.22 0.646668911928
94.29 0.554052296541
94.36 0.594695355422
94.43 0.567238506851
94.5 0.521718695275
94.57 0.492414356801
94.64 0.575131378812
94.71 0.844039977081
94.78 0.699933207393
94.85 0.688586594669
94.92 0.674759238076
94.99 0.635898896698
95.06 0.579881113042
95.13 0.559627473349
95.2 0.598412209441
95.27 0.472323701841
95.34 0.389394889385
95.41 0.515550191108
95.48 0.55216085043
95.55 0.599602773045
95.62 0.483924858079
95.69 0.46977927724
95.76 0.644359789816
95.83 0.64938543387
95.9 0.608859521626
95.97 0.565055829336
96.04 0.615686591897
96.11 0.656467258072
96.18 0.648005552307
96.25 0.488136399688
96.32 0.509066663817
96.39 0.720226213681
96.46 0.674555001563
96.53 0.604753390751
96.6 0.527723965372
96.67 0.56446954075
96.74 0.399674099529
96.81 0.330893739883
96.88 0.313180662075
96.95 0.800098326581
97.02 0.68336653118
97.09 0.676540619856
97.16 0.602936722107
97.23 0.629835706303
97.3 0.49817680016
97.37 0.45497107959
97.44 0.456153965913
97.51 0.606476587066
97.58 0.739628291287
97.65 0.584727733119
97.72 0.526833636942
97.79 0.598134326704
97.86 0.488215940248
97.93 0.432791578275
98.0 0.451106167308
98.07 0.495004606306
98.14 0.609202631237
98.21 0.515154602378
98.28 0.425877684614
98.35 0.528187785531
98.42 0.678799033261
98.49 0.577275258322
98.56 0.581504695337
98.63 0.552467112523
98.7 0.830549027732
98.77 0.688918836433
98.84 0.583398483747
98.91 0.563893315939
98.98 0.530403761825
99.05 0.404066781826
99.12 0.327893853128
99.19 0.398678698748
99.26 0.529580762468
99.33 0.612589789613
99.4 0.525552295544
99.47 0.436906537462
99.54 0.491305097572
99.61 0.374996220148
99.68 0.222985831362
99.75 0.31505259408
99.82 0.760178344335
99.89 0.669217232741
99.96 0.492839154026
100.03 0.525611601037
100.1 0.556072228103
100.17 0.479942095348
100.24 0.481467051068
100.31 0.490354027003
100.38 0.605811589697
100.45 0.612364796276
100.52 0.568510107686
100.59 0.528677667153
100.66 0.591629708822
100.73 0.667836593278
100.8 0.584201405026
100.87 0.550106210487
100.94 0.558884967039
101.01 0.707671853673
101.08 0.643316599132
101.15 0.543271942476
101.22 0.579725117609
101.29 0.505587557488
101.36 0.412360147428
101.43 0.424582026891
101.5 0.471766598664
101.57 0.691335834268
101.64 0.704806634299
101.71 0.523180067226
101.78 0.526652091249
101.85 0.576657374747
101.92 0.507447444229
101.99 0.343857625666
102.06 0.47835209217
102.13 0.525199913698
102.2 0.522101420156
102.27 0.456695572052
102.34 0.402069188189
102.41 0.554109080978
102.48 0.457400959082
102.55 0.390745495832
102.62 0.50669285044
102.69 0.599568804755
102.76 0.577179496463
102.83 0.550705285746
102.9 0.482808494117
102.97 0.528172265406
103.04 0.457037560315
103.11 0.26120142231
103.18 0.385151818749
103.25 0.502530099372
103.32 0.552699859657
103.39 0.453408826493
103.46 0.441598558514
103.53 0.534954186221
103.6 0.481739217565
103.67 0.42366642524
103.74 0.51715038075
103.81 0.480395794346
103.88 0.512300469845
103.95 0.487204673703
104.02 0.428489575488
104.09 0.488313663148
104.16 0.604970216712
104.23 0.495183629624
104.3 0.436530505713
104.37 0.503954230673
104.44 0.522431137567
104.51 0.555978700367
104.58 0.561998952342
104.65 0.568544984929
104.72 0.53122089455
104.79 0.467942793046
104.86 0.41823957318
104.93 0.452667894029
105.0 0.540583160063
105.07 0.455289642878
105.14 0.435087238266
105.21 0.450749791481
105.28 0.709365906796
105.35 0.643129298282
105.42 0.665827997231
105.49 0.551656942055
105.56 0.693593138197
105.63 0.625189539177
105.7 0.50947404188
105.77 0.463916080043
105.84 0.574575880482
105.91 0.392303600598
105.98 0.348967354381
106.05 0.287096579779
106.12 0.47054080756
106.19 0.534025613204
106.26 0.393677691384
106.33 0.369635399035
106.4 0.531109780768
106.47 0.416993269971
106.54 0.302103844525
106.61 0.380641638898
106.68 0.513414335838
106.75 0.730762883504
106.82 0.570540645888
106.89 0.435244279852
106.96 0.475866766602
107.03 0.473165421785
107.1 0.42853882908
107.17 0.369438127416
107.24 0.388929585088
107.31 0.584811168717
107.38 0.492704918694
107.45 0.336168372157
107.52 0.368861854453
107.59 0.61615328007
107.66 0.542346197237
107.73 0.443695473962
107.8 0.538626429031
107.87 0.686744638293
107.94 0.587995448071
108.01 0.49926527552
108.08 0.415932693765
108.15 0.545256186787
108.22 0.45299785088
108.29 0.348149668238
108.36 0.485751226389
108.43 0.495669778474
108.5 0.510471594991
108.57 0.455008822207
108.64 0.414176210544
108.71 0.451004032231
108.78 0.414606443672
108.85 0.356784880945
108.92 0.360498439518
108.99 0.675404960121
109.06 0.723808322484
109.13 0.58769081655
109.2 0.410829565836
109.27 0.41953749075
109.34 0.441730708798
109.41 0.456841438409
109.48 0.337133122521
109.55 0.397010926081
109.62 0.735530955744
109.69 0.565171176539
109.76 0.374267261049
109.83 0.389302457273
109.9 0.795662354288
109.97 0.535287252506
110.04 0.34808844194
110.11 0.541030066326
110.18 0.63738029066
110.25 0.429149946965
110.32 0.289876435495
110.39 0.500682157632
110.46 0.549140667923
110.53 0.498010510746
110.6 0.399584251795
110.67 0.435704369218
110.74 0.497751437643
110.81 0.637486256132
110.88 0.548626125865
110.95 0.445313390807
111.02 0.533363693607
111.09 0.584781573027
111.16 0.401996628354
111.23 0.23422231841
111.3 0.327395379337
111.37 0.614167374844
111.44 0.501333358455
111.51 0.50113646018
111.58 0.4964887324
111.65 0.493284195552
111.72 0.248946810679
111.79 0.205987371921
111.86 0.515831069826
111.93 0.663574112756
112.0 0.496943197873
112.07 0.469080655901
112.14 0.399133511179
112.21 0.686505423616
112.28 0.675034112961
112.35 0.577208807858
112.42 0.497470853775
112.49 0.537558451925
112.56 0.541876284197
112.63 0.512679244941
112.7 0.431869272938
112.77 0.518615372678
112.84 0.457019337739
112.91 0.379204710369
112.98 0.398704938307
113.05 0.446680475143
113.12 0.593611253321
113.19 0.495387828539
113.26 0.41687180746
113.33 0.51915373746
113.4 0.442788043645
113.47 0.27699777485
113.54 0.207452588119
113.61 0.39338801008
113.68 0.611381945366
113.75 0.453879768536
113.82 0.4686146003
113.89 0.587791507726
113.96 0.62059609259
114.03 0.548770624835
114.1 0.500736951346
114.17 0.563438750864
114.24 0.546920014946
114.31 0.424439000185
114.38 0.552256639333
114.45 0.574793465662
114.52 0.611278955425
114.59 0.535881186711
114.66 0.423859853931
114.73 0.438583584343
114.8 0.705819268231
114.87 0.701210648477
114.94 0.689488356898
115.01 0.589656694489
115.08 0.643561359868
115.15 0.574801109302
115.22 0.56294255341
115.29 0.709224289032
115.36 0.599424508947
115.43 0.568416463198
115.5 0.537928985108
115.57 0.55928299899
115.64 0.641523664163
115.71 0.620107783495
115.78 0.514338340348
115.85 0.3429778267
115.92 0.532777990101
115.99 0.646139312135
116.06 0.440850728437
116.13 0.37361996186
116.2 0.476458788578
116.27 0.504121810298
116.34 0.433713128351
116.41 0.673896825951
116.48 0.594384078261
116.55 0.481519470821
116.62 0.455241497443
116.69 0.520317751485
116.76 0.58676304233
116.83 0.584087320989
116.9 0.428565608206
116.97 0.523605070911
117.04 0.538783317586
117.11 0.799403015858
117.18 0.760853918001
117.25 0.661314249513
117.32 0.617956059161
117.39 0.60718492786
117.46 0.545248604491
117.53 0.571179898411
117.6 0.708034170669
117.67 0.678173828599
117.74 0.587146667588
117.81 0.492241547074
117.88 0.456284106344
117.95 0.671992607679
118.02 0.56042891049
118.09 0.441092263646
118.16 0.406835300707
118.23 0.535393385521
118.3 0.600106163621
118.37 0.441517478408
118.44 0.479812812419
118.51 0.49981505827
118.58 0.479323207177
118.65 0.397757246955
118.72 0.874525788979
118.79 0.715348536204
118.86 0.647136252462
118.93 0.597461469339
119.0 0.639598733921
119.07 0.598679118132
119.14 0.613636697897
119.21 0.547082792559
119.28 0.554900466218
119.35 0.621632468772
119.42 0.714476742348
119.49 0.580476346033
119.56 0.565426356582
119.63 0.584765198038
119.7 0.596425992216
119.77 0.554225157718
119.84 0.489439484697
119.91 0.570390798744
119.98 0.669586217143
120.05 0.593726268077
120.12 0.489963622202
120.19 0.494847217102
120.26 0.594328033254
120.33 0.563936491161
120.4 0.501056491528
120.47 0.7067056726
120.54 0.692580243717
120.61 0.601834678427
120.68 0.57305426902
120.75 0.502749674616
120.82 0.624287147674
120.89 0.484404433187
120.96 0.399631433531
121.03 0.560852319881
121.1 0.723362554719
121.17 0.521447732578
121.24 0.43380933743
121.31 0.590213917717
121.38 0.742043177688
121.45 0.848255979679
121.52 0.673200483588
121.59 0.592440934678
121.66 0.750585064502
121.73 0.873447547574
121.8 0.715532972997
121.87 0.567702738611
121.94 0.61543940641
122.01 0.56267106368
122.08 0.576179094467
122.15 0.541302538886
122.22 0.583970007469
122.29 0.694716231571
122.36 0.619414549906
122.43 0.588203781465
122.5 0.606845856423
122.57 0.581439434162
122.64 0.492661151795
122.71 0.475713302779
122.78 0.511007567342
122.85 0.616570709375
122.92 0.576740608502
122.99 0.501104790654
123.06 0.604376256782
123.13 0.530203314151
123.2 0.332676459366
123.27 0.487128107355
123.34 0.553741547733
123.41 0.551359047201
123.48 0.307843880699
123.55 0.557293527875
123.62 0.612839425577
123.69 0.73413477109
123.76 0.505606669886
123.83 0.469679778652
123.9 0.62420098456
123.97 0.882756493616
124.04 0.792175543633
124.11 0.627957806084
124.18 0.632305668074
124.25 0.595695103738
124.32 0.500632692963
124.39 0.468509745623
124.46 0.546444809799
124.53 0.783058552038
124.6 0.672169739216
124.67 0.613263681916
124.74 0.589732574835
124.81 0.622696203222
124.88 0.496127528179
124.95 0.444387936459
125.02 0.436509533194
125.09 0.634919596506
125.16 0.596208294901
125.23 0.528985761663
125.3 0.518797924287
125.37 0.596332190079
125.44 0.534613627348
125.51 0.487229003012
125.58 0.604634611561
125.65 0.826102076776
125.72 0.728376333585
125.79 0.662180428709
125.86 0.649245285732
125.93 0.608991178515
126.0 1.0
126.07 0.691672879362
126.14 0.490564098487
126.21 0.674672541992
126.28 0.854058661646
126.35 0.545299900257
126.42 0.562045388051
126.49 0.612164206125
126.56 0.772208310246
126.63 0.582069960613
126.7 0.530879602842
126.77 0.597981462472
126.84 0.629668873365
126.91 0.613194492723
126.98 0.547538960503
127.05 0.491594418726
127.12 0.688049528014
127.19 0.578001705599
127.26 0.462689740798
127.33 0.562329240981
127.4 0.684432829562
127.47 0.609613740093
127.54 0.49902360377
127.61 0.439467604197
127.68 0.556143827536
127.75 0.603323911276
127.82 0.463298689862
127.89 0.534846322372
127.96 0.620543290919
128.03 0.653993401922
128.1 0.570025654631
128.17 0.449304669852
128.24 0.579627423733
128.31 0.619916239989
128.38 0.529560505634
128.45 0.485513851383
128.52 0.554740235385
128.59 0.614918243777
128.66 0.516713156343
128.73 0.520995896998
128.8 0.549736370561
128.87 0.602596963349
128.94 0.580358384109
129.01 0.521486204732
129.08 0.544364611681
129.15 0.749225968786
129.22 0.650934706365
129.29 0.629363310465
129.36 0.64730017715
129.43 0.698102495506
129.5 0.731550702855
129.57 0.553319648205
129.64 0.57581707298
129.71 0.608283659604
129.78 0.636367046583
129.85 0.594398591152
129.92 0.52798209852
129.99 0.523703324142
130.06 0.602266874575
130.13 0.546204085259
130.2 0.702352496077
130.27 0.547723237669
130.34 0.345918898716
130.41 0.19565661008
130.48 0.166132452305
130.55 0.3771980127
130.62 0.851099789868
130.69 0.68157754072
130.76 0.606425160696
130.83 0.600210379789
130.9 0.578574408056
130.97 0.5729220785
131.04 0.539157543964
131.11 0.539712235582
131.18 0.546072098561
131.25 0.508996739152
131.32 0.545359730806
131.39 0.521806787108
131.46 0.537681316781
131.53 0.509845793375
131.6 0.512681211259
131.67 0.521184067882
131.74 0.542231939062
131.81 0.539544514799
131.88 0.526597300833
131.95 0.551735807827
132.02 0.583140620382
132.09 0.582845995909
132.16 0.606056643962
132.23 0.582085070457
132.3 0.598432776295
132.37 0.590239675756
132.44 0.580580145323
132.51 0.646330841789
132.58 0.606535453915
132.65 0.618594836101
132.72 0.587206984934
132.79 0.596679414381
132.86 0.598807413614
132.93 0.612680807507
133.0 0.623429228199
133.07 0.765170596603
133.14 0.683403457192
133.21 0.544615025993
133.28 0.415030040394
133.35 0.342206110576
133.42 0.258436013523
133.49 0.191731988619
133.56 0.170416558366
133.63 0.129565001187
133.7 0.115635653313
133.77 0.0855009343701
133.84 0.0585911463093
133.91 0.0476766954326
133.98 0.0433047448938
134.05 0.0377683067246
134.12 0.0366612974491
134.19 0.0288957612275
134.26 0.0259804188865
134.33 0.0233814875045
134.4 0.00938922735264
134.47 0.0
134.54 0.0
134.61 0.0
134.68 0.0
134.75 0.0
134.82 0.0
134.89 0.0
134.96 0.0
135.03 0.0
135.1 0.0
135.17 0.0
135.24 0.0
135.31 0.0
135.38 0.0
135.45 0.0
135.52 0.0
135.59 0.0
135.66 0.0
135.73 0.0
135.8 0.0
135.87 0.0
135.94 0.0
136.01 0.0
136.08 0.0
136.15 0.0
136.22 0.0
136.29 0.0
136.36 0.0
136.43 0.0
136.5 0.0
136.57 0.0
136.64 0.0
136.71 0.0
136.78 0.0
136.85 0.0
136.92 0.0
136.99 0.0
137.06 0.0
137.13 0.0
137.2 0.0
137.27 0.0
137.34 0.0
137.41 0.0
137.48 0.0
137.55 0.0
137.62 0.0
137.69 0.0
137.76 0.0
137.83 0.0
137.9 0.0
137.97 0.0
138.04 0.0
138.11 0.0
138.18 0.0
138.25 0.0
138.32 0.0
138.39 0.0
