0 0
155.132032 0.00787401574803
155.228567 0.0393700787402
155.338137 0.181102362205
155.435712 0.448818897638
155.543927 0.637795275591
155.667307 0.740157480315
155.777131 0.779527559055
155.970403 0.818897637795
156.120344 0.866141732283
156.254472 0.897637795276
156.356041 0.937007874016
156.547003 0.96062992126
156.666737 0.984251968504
157.295781 1.0
170.859766 0.826771653543
171.017863 0.755905511811
171.137279 0.55905511811
171.234859 0.0866141732283
171.850391 0.0708661417323
174.908386 0.0551181102362
175.546624 0.0236220472441
342.927006803 0
