0.0 0.0
0.07 0.00214019627651
0.14 0.0229325945658
0.21 0.0437031482658
0.28 0.0383789841731
0.35 0.0428182846193
0.42 0.216990900259
0.49 0.284263359124
0.56 0.21483390686
0.63 0.0924856336705
0.7 0.0590149718717
0.77 0.0543194840677
0.84 0.0971284666756
0.91 0.103299429373
0.98 0.0611267318977
1.05 0.0424713245595
1.12 0.0369429359036
1.19 0.0512478900597
1.26 0.0485555095985
1.33 0.0494725834819
1.4 0.283226238514
1.47 0.209475719222
1.54 0.146978049931
1.61 0.0935991198372
1.68 0.0770243691747
1.75 0.0740714138563
1.82 0.134923793284
1.89 0.130321730865
1.96 0.0553028413901
2.03 0.0697019401673
2.1 0.0718855356853
2.17 0.0740391811934
2.24 0.0462784742787
2.31 0.0503030350873
2.38 0.0590631574762
2.45 0.122841496045
2.52 0.0836923879835
2.59 0.115719972543
2.66 0.111842973641
2.73 0.052834772839
2.8 0.0721848019121
2.87 0.0485581863095
2.94 0.050005593381
3.01 0.275639992481
3.08 0.357216529284
3.15 0.214109700339
3.22 0.169578987023
3.29 0.0850118447427
3.36 0.0742268953671
3.43 0.0793476806797
3.5 0.135374324921
3.57 0.109803105172
3.64 0.0541545868133
3.71 0.0404817705694
3.78 0.0531015693273
3.85 0.0475264287332
3.92 0.0448873245933
3.99 0.177312493812
4.06 0.210544401315
4.13 0.130681215882
4.2 0.103862637571
4.27 0.0693270788789
4.34 0.0715438233247
4.41 0.0781941463664
4.48 0.142386832117
4.55 0.070210917334
4.62 0.0431279389198
4.69 0.0653439197901
4.76 0.115428837367
4.83 0.0730683952823
4.9 0.0571483960148
4.97 0.0844045068548
5.04 0.159807815927
5.11 0.163807571906
5.18 0.120318435579
5.25 0.135597067006
5.32 0.080694465201
5.39 0.0681829651149
5.46 0.117967828349
5.53 0.141019670312
5.6 0.17736288518
5.67 0.128021473355
5.74 0.0868669048152
5.81 0.130524983098
5.88 0.328199586289
5.95 0.420735805153
6.02 0.192300909532
6.09 0.278888212576
6.16 0.260213600517
6.23 0.146961416199
6.3 0.452020178704
6.37 0.477836811689
6.44 0.372504768678
6.51 0.284788982838
6.58 0.104115988031
6.65 0.12764536742
6.72 0.35478984323
6.79 0.420402661151
6.86 0.242399289155
6.93 0.23863611695
7.0 0.487145336267
7.07 0.425204353994
7.14 0.261889071058
7.21 0.184515020261
7.28 0.12392917782
7.35 0.173019827794
7.42 0.129893186382
7.49 0.0905104852234
7.56 0.117908245498
7.63 0.222715662753
7.7 0.29836370427
7.77 0.138394888418
7.84 0.118458464198
7.91 0.139348420676
7.98 0.127160009705
8.05 0.100149241618
8.12 0.241777204528
8.19 0.400324034855
8.26 0.384700255073
8.33 0.305809527894
8.4 0.275590784889
8.47 0.226664985716
8.54 0.238951097441
8.61 0.202456485809
8.68 0.177975523629
8.75 0.30013701653
8.82 0.345662154431
8.89 0.197218878318
8.96 0.110365712671
9.03 0.210743738598
9.1 0.125935879741
9.17 0.0613935123675
9.24 0.109714828171
9.31 0.306845099504
9.38 0.371321913887
9.45 0.244736339829
9.52 0.217805257959
9.59 0.184836518727
9.66 0.171807698978
9.73 0.180795779115
9.8 0.172520143028
9.87 0.115080277047
9.94 0.113605798512
10.01 0.1853332833
10.08 0.112656107518
10.15 0.099880080782
10.22 0.0857110734322
10.29 0.19442465629
10.36 0.131561155405
10.43 0.0885642279555
10.5 0.0742009291875
10.57 0.0545170336729
10.64 0.0704388654702
10.71 0.213568569001
10.78 0.416808448522
10.85 0.304836198227
10.92 0.108546354894
10.99 0.189884645191
11.06 0.459764035122
11.13 0.377665629369
11.2 0.08635988192
11.27 0.243690790223
11.34 0.127653118829
11.41 0.171989787413
11.48 0.522728842552
11.55 0.529066820165
11.62 0.450170773204
11.69 0.139074084224
11.76 0.278680130729
11.83 0.2191862166
11.9 0.143405882124
11.97 0.289476724038
12.04 0.487326691049
12.11 0.439100053287
12.18 0.254249654427
12.25 0.613552086484
12.32 0.61698187601
12.39 0.364494255134
12.46 0.189975608515
12.53 0.141226081416
12.6 0.180479568394
12.67 0.133062915249
12.74 0.0902506856673
12.81 0.0707498701403
12.88 0.224288774327
12.95 0.304641608862
13.02 0.10343650389
13.09 0.095380603194
13.16 0.11036421493
13.23 0.0929375925668
13.3 0.0937855044656
13.37 0.271402025238
13.44 0.537341565617
13.51 0.384631721018
13.58 0.184639284689
13.65 0.517304606949
13.72 0.535727321437
13.79 0.375034130869
13.86 0.40081800578
13.93 0.407581944073
14.0 0.294912938363
14.07 0.332813454429
14.14 0.407633597708
14.21 0.116460524461
14.28 0.14926878117
14.35 0.219623234931
14.42 0.103408022788
14.49 0.0784273566187
14.56 0.261389323819
14.63 0.318699559134
14.7 0.28086309191
14.77 0.252949889355
14.84 0.17417801071
14.91 0.212885759395
14.98 0.185751955508
15.05 0.199287750096
15.12 0.150118932471
15.19 0.0920171179308
15.26 0.167973509832
15.33 0.123256733862
15.4 0.081036914418
15.47 0.0869158272761
15.54 0.168753494782
15.61 0.188228323305
15.68 0.0854837003643
15.75 0.0712851066272
15.82 0.0482773975584
15.89 0.0686076667309
15.96 0.208747535279
16.03 0.289280218847
16.1 0.353873208257
16.17 0.102375376178
16.24 0.183297449921
16.31 0.432198439779
16.38 0.356887273
16.45 0.113730075755
16.52 0.166124306166
16.59 0.303314668205
16.66 0.20083545454
16.73 0.425177260103
16.8 0.481717469243
16.87 0.341508587684
16.94 0.319777360626
17.01 0.34515375874
17.08 0.291410763906
17.15 0.252773056628
17.22 0.445132373245
17.29 0.499125610928
17.36 0.443756776036
17.43 0.243742083439
17.5 0.158413917447
17.57 0.20608656893
17.64 0.407698924835
17.71 0.393784334786
17.78 0.17808856221
17.85 0.180833390829
17.92 0.303456392927
17.99 0.367699119237
18.06 0.317491708892
18.13 0.113288754823
18.2 0.133255598398
18.27 0.121999600739
18.34 0.145370767442
18.41 0.135446511221
18.48 0.144611693196
18.55 0.163999774496
18.62 0.18587649866
18.69 0.127693697192
18.76 0.104388631315
18.83 0.112630862177
18.9 0.369633708544
18.97 0.526786850235
19.04 0.168812648334
19.11 0.143509548211
19.18 0.173751905863
19.25 0.399024104791
19.32 0.438854944405
19.39 0.29597095526
19.46 0.121325639818
19.53 0.167360083268
19.6 0.329339870002
19.67 0.265489072817
19.74 0.191358699233
19.81 0.11923564589
19.88 0.109600841288
19.95 0.252408767628
20.02 0.437009200761
20.09 0.410328803853
20.16 0.354316505886
20.23 0.268883900107
20.3 0.206123599169
20.37 0.141232576966
20.44 0.138599460585
20.51 0.156512395373
20.58 0.148207794421
20.65 0.123227493477
20.72 0.126741696314
20.79 0.101720808997
20.86 0.108335098158
20.93 0.102066426697
21.0 0.0927198819292
21.07 0.0837110865162
21.14 0.0648741177554
21.21 0.176822457059
21.28 0.270247223852
21.35 0.299520067471
21.42 0.215980010136
21.49 0.303051753028
21.56 0.149729580741
21.63 0.131085142952
21.7 0.168498273347
21.77 0.443896620172
21.84 0.367996130043
21.91 0.140498925868
21.98 0.235638221399
22.05 0.27099706817
22.12 0.0958946806886
22.19 0.322706493056
22.26 0.360169146609
22.33 0.308987530377
22.4 0.117817302998
22.47 0.178973706182
22.54 0.28689884626
22.61 0.20374135677
22.68 0.206874576003
22.75 0.185659983012
22.82 0.150375726934
22.89 0.2381214756
22.96 0.168849130736
23.03 0.182557979259
23.1 0.387833594445
23.17 0.505100507344
23.24 0.458438116452
23.31 0.254360637819
23.38 0.108891770759
23.45 0.221868313108
23.52 0.160004777649
23.59 0.184707624919
23.66 0.130716509703
23.73 0.141937862295
23.8 0.155117000754
23.87 0.212677313926
23.94 0.511909602121
24.01 0.550416115317
24.08 0.52150028344
24.15 0.347617534302
24.22 0.26354917494
24.29 0.224392259404
24.36 0.142668135066
24.43 0.112074215205
24.5 0.13907632683
24.57 0.18544975467
24.64 0.185651481931
24.71 0.170143401423
24.78 0.16603469962
24.85 0.148566539378
24.92 0.409972575421
24.99 0.481369371862
25.06 0.460513837792
25.13 0.348121475215
25.2 0.29514721065
25.27 0.239297435978
25.34 0.21451402307
25.41 0.305982967878
25.48 0.140886584431
25.55 0.0907184549395
25.62 0.119090212858
25.69 0.208165164009
25.76 0.134237935334
25.83 0.170469303407
25.9 0.138636955364
25.97 0.120650421434
26.04 0.125123385006
26.11 0.130004634314
26.18 0.123926300876
26.25 0.0919889716173
26.32 0.0533555140786
26.39 0.0352374576849
26.46 0.104702926209
26.53 0.227385471111
26.6 0.097497950514
26.67 0.0678148236367
26.74 0.304455977109
26.81 0.410491530585
26.88 0.352898560257
26.95 0.230798525987
27.02 0.166991885724
27.09 0.0944043389156
27.16 0.251644737221
27.23 0.48113474236
27.3 0.260000708279
27.37 0.131129357541
27.44 0.216256600407
27.51 0.11901937052
27.58 0.0618427144596
27.65 0.327126740958
27.72 0.511657345732
27.79 0.360494659342
27.86 0.111943229365
27.93 0.136080675488
28.0 0.447216940065
28.07 0.329237179448
28.14 0.125947160052
28.21 0.144757089385
28.28 0.151806895933
28.35 0.145482016743
28.42 0.120752668272
28.49 0.0956991654479
28.56 0.102780291597
28.63 0.100436416992
28.7 0.193590286531
28.77 0.113191690008
28.84 0.101312645002
28.91 0.1437606
28.98 0.116785141753
29.05 0.154547244145
29.12 0.288430806004
29.19 0.0752905444098
29.26 0.20980928932
29.33 0.390212412063
29.4 0.295226876042
29.47 0.107367226033
29.54 0.306281561323
29.61 0.380142388021
29.68 0.158937596501
29.75 0.122081878768
29.82 0.16174701379
29.89 0.258635620885
29.96 0.293554114249
30.03 0.114279121892
30.1 0.235221511471
30.17 0.0738675465083
30.24 0.0915517546551
30.31 0.151040408271
30.38 0.303926270249
30.45 0.278068885901
30.52 0.260412942605
30.59 0.198931201292
30.66 0.171554362935
30.73 0.172161955519
30.8 0.168584692188
30.87 0.163428989493
30.94 0.131784547847
31.01 0.110601634876
31.08 0.139366045961
31.15 0.11821694669
31.22 0.0825213869693
31.29 0.0759884723875
31.36 0.136770842445
31.43 0.107303484749
31.5 0.0839398067499
31.57 0.0513541095149
31.64 0.0491596389573
31.71 0.151521370477
31.78 0.417891130886
31.85 0.400122861838
31.92 0.173613766108
31.99 0.162746758159
32.06 0.445259356033
32.13 0.26474669798
32.2 0.113021777324
32.27 0.281825749974
32.34 0.294250592541
32.41 0.100521349306
32.48 0.151297422189
32.55 0.403767118232
32.62 0.404224233521
32.69 0.439590536959
32.76 0.210298843912
32.83 0.0946202875052
32.9 0.333991199282
32.97 0.510125695147
33.04 0.440339806209
33.11 0.168360365862
33.18 0.116976008391
33.25 0.223760566809
33.32 0.55485336538
33.39 0.285991316269
33.46 0.145033774167
33.53 0.13823351526
33.6 0.147319228872
33.67 0.140083297197
33.74 0.113065706782
33.81 0.0990344515362
33.88 0.104772652049
33.95 0.148932476694
34.02 0.177545737703
34.09 0.106210223689
34.16 0.0856564163061
34.23 0.089765545806
34.3 0.10349443362
34.37 0.174219939442
34.44 0.429845881481
34.51 0.479658713222
34.58 0.12860271371
34.65 0.32686431595
34.72 0.35022309866
34.79 0.27513104575
34.86 0.296484483316
34.93 0.261688702176
35.0 0.203710131678
35.07 0.293969800587
35.14 0.249200345789
35.21 0.0761324140859
35.28 0.196260997005
35.35 0.222722863122
35.42 0.0819033021907
35.49 0.112993616594
35.56 0.232701784479
35.63 0.243069122079
35.7 0.247848154985
35.77 0.174651985595
35.84 0.128474358127
35.91 0.148806209939
35.98 0.138362216845
36.05 0.139410952554
36.12 0.116305590787
36.19 0.0759584086454
36.26 0.126952594233
36.33 0.107549362524
36.4 0.0821170482203
36.47 0.0726411947618
36.54 0.118551079041
36.61 0.122494651319
36.68 0.0896589627281
36.75 0.0667404693517
36.82 0.0552978547944
36.89 0.0522787457878
36.96 0.169960021887
37.03 0.19766743486
37.1 0.138178875754
37.17 0.0850888366278
37.24 0.0655752126138
37.31 0.0787620143799
37.38 0.0815092794316
37.45 0.0850273635797
37.52 0.0818959768767
37.59 0.0940276851439
37.66 0.407261672632
37.73 0.519620735706
37.8 0.513819596442
37.87 0.261358877232
37.94 0.200461269237
38.01 0.326816067873
38.08 0.408975634311
38.15 0.337827967425
38.22 0.175526403501
38.29 0.198062005456
38.36 0.357701803702
38.43 0.488811227675
38.5 0.312458790504
38.57 0.14073466546
38.64 0.135600187433
38.71 0.284698657055
38.78 0.273025829329
38.85 0.236764903703
38.92 0.207730164024
38.99 0.173605316287
39.06 0.15698250016
39.13 0.113642373822
39.2 0.182602719259
39.27 0.460234404216
39.34 0.442083413544
39.41 0.356473488072
39.48 0.346380853751
39.55 0.181081077107
39.62 0.166309005636
39.69 0.325059749765
39.76 0.38832966381
39.83 0.220928652973
39.9 0.358364968075
39.97 0.335562660937
40.04 0.280765138062
40.11 0.200452745731
40.18 0.211145940463
40.25 0.2038762912
40.32 0.230006373295
40.39 0.211183153314
40.46 0.175315971723
40.53 0.318202320411
40.6 0.167055244164
40.67 0.182622971598
40.74 0.202509931928
40.81 0.22796839182
40.88 0.241909600006
40.95 0.226230206787
41.02 0.159023060633
41.09 0.171571280197
41.16 0.134657618318
41.23 0.142207205743
41.3 0.17569805901
41.37 0.166694549741
41.44 0.192413336202
41.51 0.180233581692
41.58 0.143757679806
41.65 0.444942043231
41.72 0.487279003624
41.79 0.369964086131
41.86 0.189781650284
41.93 0.16086395384
42.0 0.166430904115
42.07 0.147315805693
42.14 0.130172752913
42.21 0.091632699935
42.28 0.116453322491
42.35 0.157329939176
42.42 0.131506661669
42.49 0.13483644376
42.56 0.376377444156
42.63 0.548520255824
42.7 0.531698920965
42.77 0.574044334383
42.84 0.516078916772
42.91 0.345359497063
42.98 0.368328154343
43.05 0.409044109097
43.12 0.392199068285
43.19 0.263187945495
43.26 0.254627727448
43.33 0.310581498191
43.4 0.398683116472
43.47 0.292629346623
43.54 0.197394801187
43.61 0.52538790589
43.68 0.56211020135
43.75 0.524637443253
43.82 0.569332584478
43.89 0.525265328222
43.96 0.498091421725
44.03 0.338811281497
44.1 0.140476522229
44.17 0.151785275604
44.24 0.148457217117
44.31 0.108323864301
44.38 0.120134613929
44.45 0.111695213104
44.52 0.128136211511
44.59 0.123878735192
44.66 0.0932618366245
44.73 0.0853373398545
44.8 0.0503645722097
44.87 0.207887021534
44.94 0.309674392694
45.01 0.298993868688
45.08 0.365783729846
45.15 0.258452372702
45.22 0.214328714892
45.29 0.153441530212
45.36 0.129009346325
45.43 0.0972724067722
45.5 0.108640694942
45.57 0.107399508354
45.64 0.0668117522013
45.71 0.0460810416095
45.78 0.0362364619932
45.85 0.038235199457
45.92 0.0262115127396
45.99 0.0221318446817
46.06 0.0932381963482
46.13 0.158628794391
46.2 0.102492710952
46.27 0.0838663613868
46.34 0.052346834525
46.41 0.0362496965753
46.48 0.0411013098385
46.55 0.0965967158399
46.62 0.0816957601717
46.69 0.0333300631859
46.76 0.0307922880171
46.83 0.0716446268853
46.9 0.0626496283078
46.97 0.0502939541328
47.04 0.121472804462
47.11 0.391329436743
47.18 0.417369194657
47.25 0.314879024258
47.32 0.241252029335
47.39 0.185688999136
47.46 0.149196558027
47.53 0.182801412593
47.6 0.302298773866
47.67 0.192146852076
47.74 0.152564070371
47.81 0.256608817201
47.88 0.234015972715
47.95 0.140131995398
48.02 0.117305714797
48.09 0.262363532909
48.16 0.262371766479
48.23 0.410319505046
48.3 0.302622718375
48.37 0.174992938673
48.44 0.131801562822
48.51 0.205189479874
48.58 0.455854363045
48.65 0.417065058771
48.72 0.311666330254
48.79 0.447540387998
48.86 0.421213843961
48.93 0.283568247219
49.0 0.150081472933
49.07 0.270665649373
49.14 0.48641419849
49.21 0.445991382842
49.28 0.38818126413
49.35 0.277084091708
49.42 0.261402596846
49.49 0.245434013111
49.56 0.294207957388
49.63 0.187205810073
49.7 0.205213486977
49.77 0.20163355975
49.84 0.167445209407
49.91 0.119955905422
49.98 0.0893862761939
50.05 0.0807769210366
50.12 0.0680630048892
50.19 0.0931234742106
50.26 0.279884966268
50.33 0.436188861709
50.4 0.442494941449
50.47 0.290305610625
50.54 0.35280770586
50.61 0.316787310994
50.68 0.327122467191
50.75 0.362853407233
50.82 0.256117396439
50.89 0.342948669441
50.96 0.392430108015
51.03 0.228945585178
51.1 0.102184059417
51.17 0.226480170912
51.24 0.133451647059
51.31 0.0446885751937
51.38 0.0882669095926
51.45 0.260236407825
51.52 0.269705187462
51.59 0.180312024864
51.66 0.143949714201
51.73 0.114238093406
51.8 0.0915729136474
51.87 0.0959048252793
51.94 0.0839338558333
52.01 0.0549678200063
52.08 0.0443022990382
52.15 0.120487893334
52.22 0.0822015576427
52.29 0.0857889847859
52.36 0.052742202848
52.43 0.111878872965
52.5 0.15125392203
52.57 0.0770399056321
52.64 0.057301948884
52.71 0.0395889600864
52.78 0.0385892445515
52.85 0.118950011506
52.92 0.271197989694
52.99 0.25124019023
53.06 0.149810663781
53.13 0.277168418518
53.2 0.285335212902
53.27 0.18451642189
53.34 0.14146476523
53.41 0.214348039753
53.48 0.257078412595
53.55 0.391314281528
53.62 0.337453122155
53.69 0.207763841566
53.76 0.151055219085
53.83 0.115923383361
53.9 0.393498091696
53.97 0.439419221045
54.04 0.356532960395
54.11 0.416395504571
54.18 0.440274719361
54.25 0.335666839621
54.32 0.201075056221
54.39 0.212199470545
54.46 0.487574893126
54.53 0.509389149485
54.6 0.445357505308
54.67 0.331043884119
54.74 0.279418194956
54.81 0.296935594827
54.88 0.231474103187
54.95 0.28937440832
55.02 0.295875670113
55.09 0.306725901764
55.16 0.203488254598
55.23 0.121690904352
55.3 0.0995056648112
55.37 0.0693269010723
55.44 0.0657719885197
55.51 0.153566273597
55.58 0.518321824426
55.65 0.576685812482
55.72 0.51972950052
55.79 0.361164112624
55.86 0.489718624711
55.93 0.338611977854
56.0 0.310056504009
56.07 0.324124307333
56.14 0.24362992428
56.21 0.264424031756
56.28 0.31994024434
56.35 0.227352442323
56.42 0.0980397001709
56.49 0.2212049469
56.56 0.168434554489
56.63 0.0462091424967
56.7 0.083066535777
56.77 0.308646447549
56.84 0.273737432401
56.91 0.210228727218
56.98 0.166028011847
57.05 0.112751471156
57.12 0.121387492507
57.19 0.132852464249
57.26 0.147866426461
57.33 0.120841220794
57.4 0.0979775607484
57.47 0.155349248287
57.54 0.139828682868
57.61 0.0859701633635
57.68 0.0744014037922
57.75 0.0823770127682
57.82 0.230803089692
57.89 0.112402817929
57.96 0.0670946922527
58.03 0.0683914634453
58.1 0.0557939289643
58.17 0.12435059562
58.24 0.160252809928
58.31 0.124321776524
58.38 0.105330880059
58.45 0.187780372267
58.52 0.257620317633
58.59 0.146579763016
58.66 0.27661011362
58.73 0.150728003574
58.8 0.174718349127
58.87 0.550617349204
58.94 0.525758901886
59.01 0.147149003825
59.08 0.162461802965
59.15 0.319434629481
59.22 0.340126126496
59.29 0.368504698735
59.36 0.270858103456
59.43 0.132798494322
59.5 0.15306708701
59.57 0.249535423238
59.64 0.53133007627
59.71 0.604138178623
59.78 0.417591914317
59.85 0.21585655625
59.92 0.266305812485
59.99 0.440714042771
60.06 0.330033577073
60.13 0.209633140588
60.2 0.51098786682
60.27 0.313348957915
60.34 0.152375258922
60.41 0.244480178101
60.48 0.273029010627
60.55 0.235769676585
60.62 0.153874104979
60.69 0.10550508413
60.76 0.0971774612203
60.83 0.153595483547
60.9 0.145273612923
60.97 0.138042821623
61.04 0.100977348098
61.11 0.127837951253
61.18 0.109245622028
61.25 0.278015088974
61.32 0.625795893039
61.39 0.615796958021
61.46 0.263280263994
61.53 0.219195151785
61.6 0.180856537732
61.67 0.533217348181
61.74 0.349924823986
61.81 0.462856318777
61.88 0.408118252205
61.95 0.312230496365
62.02 0.191008159013
62.09 0.213443997015
62.16 0.470285955588
62.23 0.548814509826
62.3 0.368131189418
62.37 0.251191799588
62.44 0.239704102232
62.51 0.224140134368
62.58 0.192507456795
62.65 0.180040472448
62.72 0.141796180823
62.79 0.144825908572
62.86 0.13366349328
62.93 0.142197818833
63.0 0.112161319643
63.07 0.114740693561
63.14 0.105346430933
63.21 0.105277603737
63.28 0.0808324063252
63.35 0.0814618178686
63.42 0.08536479096
63.49 0.146908397777
63.56 0.247245707581
63.63 0.226618594196
63.7 0.133845998199
63.77 0.144605793539
63.84 0.318972075871
63.91 0.260300208378
63.98 0.0778507168101
64.05 0.0779768618241
64.12 0.511753071391
64.19 0.399638932984
64.26 0.595499549441
64.33 0.624675946564
64.4 0.482788200117
64.47 0.234487826735
64.54 0.257412955023
64.61 0.313281187948
64.68 0.167786306652
64.75 0.125487052484
64.82 0.159345401679
64.89 0.197452708491
64.96 0.494783569122
65.03 0.358332126704
65.1 0.126713457092
65.17 0.141201113197
65.24 0.263892066271
65.31 0.415489267283
65.38 0.238416719552
65.45 0.321118836577
65.52 0.371754799415
65.59 0.134050725747
65.66 0.211393192636
65.73 0.24200368696
65.8 0.227342409862
65.87 0.106037003161
65.94 0.0958464053799
66.01 0.0749043499492
66.08 0.0707191560423
66.15 0.102899069649
66.22 0.0956967722664
66.29 0.0916528529581
66.36 0.0860865226038
66.43 0.0989778305276
66.5 0.454910735098
66.57 0.571048867254
66.64 0.548613934304
66.71 0.434111192506
66.78 0.171065798293
66.85 0.173545760668
66.92 0.210054592026
66.99 0.186777734936
67.06 0.120273721209
67.13 0.108956255307
67.2 0.209102940354
67.27 0.249031238842
67.34 0.256719984807
67.41 0.171232462401
67.48 0.125994837866
67.55 0.474681188817
67.62 0.518137494986
67.69 0.441700421205
67.76 0.414619437109
67.83 0.329460016043
67.9 0.251200456049
67.97 0.181440057537
68.04 0.138312562333
68.11 0.136051922069
68.18 0.0944717292411
68.25 0.0848252887151
68.32 0.0822330774771
68.39 0.10429632403
68.46 0.126885191093
68.53 0.121384867055
68.6 0.111644032018
68.67 0.105426210057
68.74 0.115116781876
68.81 0.116515804712
68.88 0.226566179677
68.95 0.343012359466
69.02 0.293767746546
69.09 0.200581628327
69.16 0.299079992787
69.23 0.251287759118
69.3 0.237661023632
69.37 0.226229835155
69.44 0.103285616519
69.51 0.305628716143
69.58 0.401824393069
69.65 0.378194945375
69.72 0.138752978213
69.79 0.139723012851
69.86 0.334306887796
69.93 0.443735075614
70.0 0.168417606791
70.07 0.138130677335
70.14 0.321559361384
70.21 0.359237545441
70.28 0.208860854186
70.35 0.24996018092
70.42 0.392083542013
70.49 0.273951029458
70.56 0.241071044582
70.63 0.217320681953
70.7 0.184251746266
70.77 0.144093787252
70.84 0.154462720306
70.91 0.24270479143
70.98 0.228683970712
71.05 0.178689643225
71.12 0.154088584661
71.19 0.147222112797
71.26 0.0852870205701
71.33 0.0900006190235
71.4 0.12317059855
71.47 0.275953621001
71.54 0.279422289315
71.61 0.173941308399
71.68 0.201717550169
71.75 0.422246035642
71.82 0.487159349353
71.89 0.279368977753
71.96 0.454713931961
72.03 0.345945459707
72.1 0.386118277592
72.17 0.443081938896
72.24 0.366199270415
72.31 0.120989817503
72.38 0.21880584811
72.45 0.457706741601
72.52 0.360359255566
72.59 0.147177505752
72.66 0.118201282084
72.73 0.214526355804
72.8 0.252124270567
72.87 0.234774061816
72.94 0.171992544218
73.01 0.162987192807
73.08 0.185616611002
73.15 0.187204105692
73.22 0.152739342884
73.29 0.124765171867
73.36 0.112359271316
73.43 0.144050905412
73.5 0.147182804711
73.57 0.174680657319
73.64 0.152462645288
73.71 0.134767478805
73.78 0.115287804649
73.85 0.136777164994
73.92 0.127211496747
73.99 0.153878675091
74.06 0.148903446153
74.13 0.11555765749
74.2 0.154646349732
74.27 0.187087749656
74.34 0.161836987163
74.41 0.153464380771
74.48 0.330765448502
74.55 0.233009588629
74.62 0.162312020878
74.69 0.206064501682
74.76 0.279983490379
74.83 0.41531699826
74.9 0.282937623066
74.97 0.164910988769
75.04 0.240633747527
75.11 0.294423920394
75.18 0.221821062991
75.25 0.163245265557
75.32 0.223250948898
75.39 0.341421324661
75.46 0.293071164132
75.53 0.22980310184
75.6 0.216962659436
75.67 0.312837302435
75.74 0.423737352949
75.81 0.317687659839
75.88 0.270644858809
75.95 0.191086821639
76.02 0.184929357831
76.09 0.196070628547
76.16 0.203082003226
76.23 0.260015363713
76.3 0.244317377684
76.37 0.195812376389
76.44 0.141733564046
76.51 0.124049998246
76.58 0.103776364499
76.65 0.104043591888
76.72 0.115249334337
76.79 0.581275061608
76.86 0.653559223803
76.93 0.640123183556
77.0 0.503804778964
77.07 0.390136091358
77.14 0.196383750878
77.21 0.194606150434
77.28 0.188304381305
77.35 0.155837877004
77.42 0.263273278275
77.49 0.268757059885
77.56 0.217518191511
77.63 0.206520160879
77.7 0.175164546126
77.77 0.238228242892
77.84 0.333942650055
77.91 0.167039207925
77.98 0.0742724378996
78.05 0.10606438859
78.12 0.22767019884
78.19 0.185933930211
78.26 0.133515466834
78.33 0.142817877106
78.4 0.143897242014
78.47 0.133190815904
78.54 0.152314817473
78.61 0.11094154354
78.68 0.118454840787
78.75 0.144310065825
78.82 0.19083921065
78.89 0.241989975024
78.96 0.149075468489
79.03 0.108955444765
79.1 0.132195337293
79.17 0.273329406166
79.24 0.238279539312
79.31 0.108084980254
79.38 0.0925154090774
79.45 0.14272760899
79.52 0.223048013834
79.59 0.14261891626
79.66 0.0982961486322
79.73 0.0764331716461
79.8 0.0772222455596
79.87 0.0890448377518
79.94 0.0870288642551
80.01 0.118360987704
80.08 0.170244491716
80.15 0.187121138863
80.22 0.551984799344
80.29 0.647840115881
80.36 0.513269305658
80.43 0.157218101992
80.5 0.125907190396
80.57 0.394868764782
80.64 0.377891463048
80.71 0.24050206808
80.78 0.200899250288
80.85 0.190027974978
80.92 0.385362576867
80.99 0.409335442904
81.06 0.165426448671
81.13 0.147302274767
81.2 0.220930065816
81.27 0.354071312106
81.34 0.301566019811
81.41 0.229531889019
81.48 0.233714007351
81.55 0.169472753151
81.62 0.207106011393
81.69 0.108256679014
81.76 0.358470123894
81.83 0.651461686708
81.9 0.572002705468
81.97 0.499555364816
82.04 0.51957393411
82.11 0.298382657498
82.18 0.270412627295
82.25 0.436629559517
82.32 0.459331503606
82.39 0.307073697996
82.46 0.356399805634
82.53 0.318578961368
82.6 0.270272877668
82.67 0.264667450673
82.74 0.261756342392
82.81 0.215958431456
82.88 0.246815449106
82.95 0.219874153765
83.02 0.171402964569
83.09 0.364299122738
83.16 0.527690846518
83.23 0.612740922896
83.3 0.311217656777
83.37 0.171063920911
83.44 0.308369251773
83.51 0.340821103845
83.58 0.25666397571
83.65 0.218387702915
83.72 0.19332094148
83.79 0.225539014638
83.86 0.197061711649
83.93 0.195880380228
84.0 0.265896397436
84.07 0.221719836539
84.14 0.174287006192
84.21 0.347197498909
84.28 0.533458636622
84.35 0.528738196617
84.42 0.252496080308
84.49 0.146341476464
84.56 0.125534289787
84.63 0.10552290324
84.7 0.108569652372
84.77 0.10406463875
84.84 0.113597842064
84.91 0.129319876844
84.98 0.137362416411
85.05 0.109127652917
85.12 0.153108666536
85.19 0.383156098753
85.26 0.633947719627
85.33 0.529060683433
85.4 0.489463994363
85.47 0.223250815944
85.54 0.373602064828
85.61 0.398491682775
85.68 0.470305253217
85.75 0.426344246852
85.82 0.244098313473
85.89 0.35272689834
85.96 0.426151385896
86.03 0.500367026582
86.1 0.49696628682
86.17 0.248991038519
86.24 0.482924994308
86.31 0.557483378954
86.38 0.474516973955
86.45 0.468117939778
86.52 0.516304117715
86.59 0.471588469455
86.66 0.534873617206
86.73 0.145374792921
86.8 0.157967286343
86.87 0.188145905914
86.94 0.146836408506
87.01 0.138650590412
87.08 0.136988626768
87.15 0.167227545223
87.22 0.184393091347
87.29 0.166334473637
87.36 0.123718111705
87.43 0.0697246465582
87.5 0.189838493951
87.57 0.287381434355
87.64 0.269161052632
87.71 0.221113432536
87.78 0.273281803639
87.85 0.221777759861
87.92 0.202733691195
87.99 0.135993788903
88.06 0.115685058364
88.13 0.139985239228
88.2 0.151859725335
88.27 0.0896149323531
88.34 0.0763413865675
88.41 0.0626974182524
88.48 0.082904183881
88.55 0.0712859860493
88.62 0.0536513635342
88.69 0.187249182083
88.76 0.224330534864
88.83 0.140788092357
88.9 0.122933201031
88.97 0.0867530396737
89.04 0.0740415070967
89.11 0.0749402492738
89.18 0.126805922962
89.25 0.141122754923
89.32 0.0988792167121
89.39 0.0902125485419
89.46 0.130065218329
89.53 0.127435326496
89.6 0.100640244294
89.67 0.093723610128
89.74 0.0611273870592
89.81 0.0679375887223
89.88 0.0866764194206
89.95 0.0600288078183
90.02 0.0371810911032
90.09 0.0245322826282
90.16 0.0761043574767
90.23 0.175795082177
90.3 0.0815369227605
90.37 0.0677302437324
90.44 0.0375510266665
90.51 0.12358386928
90.58 0.208366051894
90.65 0.0643606137273
90.72 0.0414125676027
90.79 0.0286615283084
90.86 0.140982894769
90.93 0.112508372611
91.0 0.0627295291739
91.07 0.0352019700388
91.14 0.0414566748671
91.21 0.127455904013
91.28 0.117332465889
91.35 0.0586676898377
91.42 0.0396325579588
91.49 0.0551656851782
91.56 0.0957432951384
91.63 0.0633747815285
91.7 0.0438627017093
91.77 0.0322294607936
91.84 0.0651699015347
91.91 0.103174852582
91.98 0.0756256346737
92.05 0.0364857453267
92.12 0.0230435635412
92.19 0.0600620240244
92.26 0.10225692811
92.33 0.051779993305
92.4 0.0342039204401
92.47 0.0278959296794
92.54 0.138100925956
92.61 0.127828000488
92.68 0.0751264320676
92.75 0.0410011838656
92.82 0.0398488253189
92.89 0.106454017442
92.96 0.116308675973
93.03 0.113681920586
93.1 0.0768583025611
93.17 0.0970427846904
93.24 0.192593680209
93.31 0.147931758394
93.38 0.109736586259
93.45 0.121517371461
93.52 0.254097775504
93.59 0.180387877825
93.66 0.281323601545
93.73 0.133996834311
93.8 0.100230082777
93.87 0.0764836655334
93.94 0.17595698395
94.01 0.231890571234
94.08 0.178837744959
94.15 0.144594830397
94.22 0.220326777434
94.29 0.221604818057
94.36 0.123256632944
94.43 0.111250643596
94.5 0.150322963209
94.57 0.290709582547
94.64 0.295631134698
94.71 0.203587789484
94.78 0.213507880865
94.85 0.201963317416
94.92 0.236119186808
94.99 0.322878507382
95.06 0.269533411813
95.13 0.170956636217
95.2 0.156395111859
95.27 0.221923154448
95.34 0.142504078789
95.41 0.12272414365
95.48 0.110078964994
95.55 0.0973256927046
95.62 0.278170070704
95.69 0.58897709822
95.76 0.172490458927
95.83 0.167139454038
95.9 0.134246530925
95.97 0.500713033534
96.04 0.304023858873
96.11 0.141636478407
96.18 0.515011585049
96.25 0.142297396969
96.32 0.281868316248
96.39 0.154780268582
96.46 0.116585906989
96.53 0.104220754598
96.6 0.105714936034
96.67 0.241944442102
96.74 0.148471867744
96.81 0.0968200698366
96.88 0.0917784277093
96.95 0.13191853077
97.02 0.255068636702
97.09 0.119395248991
97.16 0.198101853369
97.23 0.165915649252
97.3 0.126402574164
97.37 0.141812647962
97.44 0.0760005568328
97.51 0.291813164403
97.58 0.137744953821
97.65 0.383405800172
97.72 0.446357808726
97.79 0.163393937553
97.86 0.113479943435
97.93 0.081546176716
98.0 0.0795945099609
98.07 0.0565449186138
98.14 0.0502250100014
98.21 0.043149123542
98.28 0.05520449028
98.35 0.144059151796
98.42 0.132622433692
98.49 0.0980201670683
98.56 0.0800140872211
98.63 0.167997853326
98.7 0.174596686122
98.77 0.11339247217
98.84 0.0862449835776
98.91 0.192028697149
98.98 0.211056611039
99.05 0.233774214928
99.12 0.183359642205
99.19 0.111689363105
99.26 0.0838716283084
99.33 0.127632485247
99.4 0.237624672583
99.47 0.203244896552
99.54 0.169503441619
99.61 0.184621853229
99.68 0.242423486879
99.75 0.286935415162
99.82 0.173863746251
99.89 0.132670529593
99.96 0.0889429913792
100.03 0.1299727877
100.1 0.0989243171308
100.17 0.0625378167531
100.24 0.276888060668
100.31 0.453879426043
100.38 0.323146636619
100.45 0.227458407082
100.52 0.212951725665
100.59 0.173753376372
100.66 0.146356859143
100.73 0.170382732389
100.8 0.219261044369
100.87 0.141596918828
100.94 0.104686732989
101.01 0.0613835007313
101.08 0.219733864312
101.15 0.488867826257
101.22 0.144602062803
101.29 0.229752811389
101.36 0.127524671939
101.43 0.288577669498
101.5 0.158040066933
101.57 0.137264446544
101.64 0.421670368163
101.71 0.113711740845
101.78 0.211525612143
101.85 0.147898790476
101.92 0.124437413325
101.99 0.0982721287146
102.06 0.0977773152099
102.13 0.225258342823
102.2 0.110139962289
102.27 0.108512762251
102.34 0.104892514561
102.41 0.231543364487
102.48 0.245761193381
102.55 0.161384791191
102.62 0.194079224406
102.69 0.161145855885
102.76 0.272858069548
102.83 0.376571548156
102.9 0.120302678064
102.97 0.367421404459
103.04 0.1390722565
103.11 0.468510370287
103.18 0.324418513278
103.25 0.133043183516
103.32 0.107842743511
103.39 0.0901842708757
103.46 0.194464042867
103.53 0.186601366749
103.6 0.148949632634
103.67 0.135016321626
103.74 0.121807662456
103.81 0.203512796723
103.88 0.310282835866
103.95 0.270261174466
104.02 0.114917766567
104.09 0.264502140139
104.16 0.312544147311
104.23 0.263657779567
104.3 0.181177304148
104.37 0.195031284553
104.44 0.287702131891
104.51 0.293278824689
104.58 0.284117325394
104.65 0.176833887945
104.72 0.120149064324
104.79 0.100761583723
104.86 0.274349659171
104.93 0.292424891392
105.0 0.209417560427
105.07 0.110025265782
105.14 0.100950571376
105.21 0.273525419586
105.28 0.328638501225
105.35 0.230543740259
105.42 0.178512880981
105.49 0.129644603062
105.56 0.192268723323
105.63 0.209914169618
105.7 0.159161028989
105.77 0.153860300134
105.84 0.419020007741
105.91 0.389686535255
105.98 0.242494346838
106.05 0.169017958959
106.12 0.177490575991
106.19 0.245636190494
106.26 0.345382387668
106.33 0.345825803835
106.4 0.20091257137
106.47 0.114796758724
106.54 0.0898407788467
106.61 0.111440778183
106.68 0.103546755232
106.75 0.10085412488
106.82 0.176777447947
106.89 0.284411310282
106.96 0.18824125033
107.03 0.12750155387
107.1 0.0929571625123
107.17 0.263838141195
107.24 0.274865096646
107.31 0.283956280617
107.38 0.266183467087
107.45 0.157852589835
107.52 0.146464305624
107.59 0.13234164334
107.66 0.247743663938
107.73 0.290254716272
107.8 0.20194296416
107.87 0.208591171143
107.94 0.261671571866
108.01 0.173034677053
108.08 0.11948398893
108.15 0.0746989928698
108.22 0.119792518724
108.29 0.169239977003
108.36 0.154481766443
108.43 0.134150683525
108.5 0.141321445054
108.57 0.182652835107
108.64 0.235059856385
108.71 0.258721706539
108.78 0.194935760729
108.85 0.106003288776
108.92 0.0730446188478
108.99 0.541439410001
109.06 0.908052732854
109.13 0.723896273336
109.2 0.467721953136
109.27 0.333128354827
109.34 0.476742624753
109.41 0.705969629815
109.48 0.431954612387
109.55 0.285119515805
109.62 0.200716777406
109.69 0.151095042971
109.76 0.115763495128
109.83 0.0803034859793
109.9 0.0738389612846
109.97 0.0712915381023
110.04 0.105670229673
110.11 0.147252778839
110.18 0.211206023095
110.25 0.203236238489
110.32 0.200550885395
110.39 0.188906434651
110.46 0.17597310829
110.53 0.193512682734
110.6 0.186704694844
110.67 0.157294004611
110.74 0.149005484749
110.81 0.118593324942
110.88 0.138927816622
110.95 0.0912401909353
111.02 0.108626367891
111.09 0.088973313021
111.16 0.107544596986
111.23 0.220756153283
111.3 0.175569890845
111.37 0.149708304813
111.44 0.133381530364
111.51 0.121874753233
111.58 0.184072794277
111.65 0.137695198392
111.72 0.0954050828459
111.79 0.0928841624668
111.86 0.0823533116211
111.93 0.209296969067
112.0 0.206551307479
112.07 0.219149654104
112.14 0.194234199729
112.21 0.135516440497
112.28 0.206377777792
112.35 0.151422939273
112.42 0.0973836592772
112.49 0.112623475992
112.56 0.0843412989905
112.63 0.187385324316
112.7 0.221025051414
112.77 0.144717388843
112.84 0.107443735758
112.91 0.0964685973322
112.98 0.14827157415
113.05 0.225683255885
113.12 0.197292104226
113.19 0.156780937891
113.26 0.188515804635
113.33 0.18829919768
113.4 0.237639920705
113.47 0.156856790852
113.54 0.160522368026
113.61 0.145176754748
113.68 0.192142764125
113.75 0.299140533552
113.82 0.347668385405
113.89 0.223711303152
113.96 0.136471252642
114.03 0.108301462264
114.1 0.0866404239844
114.17 0.0779508107458
114.24 0.0763011782347
114.31 0.0575726811468
114.38 0.0851627321139
114.45 0.50452406937
114.52 0.430227223903
114.59 0.27112831191
114.66 0.1864698571
114.73 0.193679670418
114.8 0.139562192335
114.87 0.11291989571
114.94 0.0868811742001
115.01 0.0869860625081
115.08 0.0667811214001
115.15 0.146862459585
115.22 0.226535443153
115.29 0.182936169216
115.36 0.177886436085
115.43 0.090842125077
115.5 0.180552882404
115.57 0.19887369125
115.64 0.108714471891
115.71 0.195758380832
115.78 0.188900329955
115.85 0.200119729878
115.92 0.234353006037
115.99 0.146130104393
116.06 0.134263440178
116.13 0.104264198691
116.2 0.259071243995
116.27 0.432107386751
116.34 0.205149068105
116.41 0.157300762866
116.48 0.138717929478
116.55 0.164446581805
116.62 0.424809618406
116.69 0.202224424092
116.76 0.138177735228
116.83 0.0999092250554
116.9 0.147658552857
116.97 0.456008074498
117.04 0.252261526094
117.11 0.151168014183
117.18 0.117582995471
117.25 0.163112868476
117.32 0.587709106077
117.39 0.499302879361
117.46 0.454234297699
117.53 0.449327803049
117.6 0.423173319792
117.67 0.433930928591
117.74 0.434904250249
117.81 0.411512078333
117.88 0.283579272834
117.95 0.0875218820728
118.02 0.351720901905
118.09 0.366535869632
118.16 0.138018830539
118.23 0.108276508461
118.3 0.0989036178728
118.37 0.380160804626
118.44 0.333687260424
118.51 0.174475910549
118.58 0.36436048686
118.65 0.146004995784
118.72 0.292215672224
118.79 0.229736051109
118.86 0.102855654389
118.93 0.116108076423
119.0 0.0712821784239
119.07 0.213907250639
119.14 0.158820164013
119.21 0.178515878064
119.28 0.184685360641
119.35 0.0734383596792
119.42 0.246990364404
119.49 0.26362413246
119.56 0.264767022402
119.63 0.241697093818
119.7 0.265994972807
119.77 0.286030100546
119.84 0.213945567173
119.91 0.264433357795
119.98 0.220301570537
120.05 0.242134357234
120.12 0.338461237854
120.19 0.230065791155
120.26 0.140456550217
120.33 0.0822332040242
120.4 0.0629775550458
120.47 0.0501275927767
120.54 0.0401869767406
120.61 0.0246885234215
120.68 0.0201734340885
120.75 0.0902130883693
120.82 0.183447203174
120.89 0.199745595835
120.96 0.088892577585
121.03 0.151822932171
121.1 0.171236910771
121.17 0.163094290083
121.24 0.0895410144409
121.31 0.189193557163
121.38 0.286444595099
121.45 0.155576481993
121.52 0.233409221108
121.59 0.156551565699
121.66 0.1299951577
121.73 0.114579889064
121.8 0.195827925662
121.87 0.303791592117
121.94 0.127750888463
122.01 0.182739649608
122.08 0.332063281729
122.15 0.155356080228
122.22 0.169923082954
122.29 0.18652721016
122.36 0.184614459035
122.43 0.345467164601
122.5 0.262452923204
122.57 0.421814205741
122.64 0.193542470956
122.71 0.20710530337
122.78 0.258726420819
122.85 0.249095763437
122.92 0.440035084041
122.99 0.274379678061
123.06 0.153755999709
123.13 0.104592613997
123.2 0.222295848418
123.27 0.496090092449
123.34 0.256936915338
123.41 0.115670710488
123.48 0.0858246598498
123.55 0.131348372095
123.62 0.401797760515
123.69 0.410289348396
123.76 0.366709647609
123.83 0.341823697925
123.9 0.247066976648
123.97 0.307571838567
124.04 0.312205946231
124.11 0.239209434497
124.18 0.209420692066
124.25 0.169742418574
124.32 0.20541249748
124.39 0.214791098705
124.46 0.2328504773
124.53 0.196878529142
124.6 0.22475261263
124.67 0.194038726136
124.74 0.22798475644
124.81 0.193827800985
124.88 0.148361207928
124.95 0.120313384908
125.02 0.179818460811
125.09 0.258282245369
125.16 0.235846557941
125.23 0.274416698689
125.3 0.241410205177
125.37 0.232431154736
125.44 0.215258863172
125.51 0.24732878654
125.58 0.20451681646
125.65 0.114837069576
125.72 0.130872068103
125.79 0.181380223194
125.86 0.193228292998
125.93 0.177192556012
126.0 0.209591586691
126.07 0.245579716857
126.14 0.226030074981
126.21 0.211474536779
126.28 0.230691170812
126.35 0.24593025067
126.42 0.467288015185
126.49 0.359616334495
126.56 0.307263294357
126.63 0.190382768142
126.7 0.389184529391
126.77 0.436565198312
126.84 0.278523928381
126.91 0.181307216741
126.98 0.0946086211458
127.05 0.123462738093
127.12 0.276838470231
127.19 0.37969442577
127.26 0.354957454038
127.33 0.334278893659
127.4 0.366444263962
127.47 0.304188358865
127.54 0.292214940173
127.61 0.28372359097
127.68 0.277038744603
127.75 0.246236544265
127.82 0.291846350173
127.89 0.394839892825
127.96 0.341683370027
128.03 0.282222095433
128.1 0.27915725968
128.17 0.377767725632
128.24 0.334268487965
128.31 0.251508148069
128.38 0.198672792152
128.45 0.336862070396
128.52 0.347314801646
128.59 0.235677953979
128.66 0.19203466889
128.73 0.245543851172
128.8 0.20869175685
128.87 0.425806085365
128.94 0.368449006806
129.01 0.30312003559
129.08 0.25800949476
129.15 0.315992606536
129.22 0.283164840754
129.29 0.190733008815
129.36 0.164754350714
129.43 0.355561416803
129.5 0.368319041352
129.57 0.366682520079
129.64 0.310402137727
129.71 0.266468832357
129.78 0.208297370468
129.85 0.204180125937
129.92 0.301437387106
129.99 0.362684495713
130.06 0.176619768681
130.13 0.133764155877
130.2 0.165393447114
130.27 0.286453624794
130.34 0.324674196049
130.41 0.24291626602
130.48 0.405908448627
130.55 0.327288724426
130.62 0.168233165221
130.69 0.131501095199
130.76 0.0913025658315
130.83 0.0882488518047
130.9 0.0497744142895
130.97 0.0389750833987
131.04 0.0386734944723
131.11 0.0366527842703
131.18 0.0194264939456
131.25 0.0923485543479
131.32 0.214323620972
131.39 0.225512625567
131.46 0.216374393314
131.53 0.215643319612
131.6 0.24848338449
131.67 0.212843217149
131.74 0.177877813263
131.81 0.217838086514
131.88 0.15338385678
131.95 0.230854560715
132.02 0.213062225295
132.09 0.141031330264
132.16 0.0970302421126
132.23 0.0399061895914
132.3 0.0301406474377
132.37 0.0306634454678
132.44 0.0232954194647
132.51 0.0157866538847
132.58 0.0145704098862
132.65 0.199799762791
132.72 0.294171465375
132.79 0.246489532705
132.86 0.109289561097
132.93 0.0772627614498
133.0 0.15952512897
133.07 0.347966262817
133.14 0.318224898653
133.21 0.132081723644
133.28 0.0778678423145
133.35 0.0569211350772
133.42 0.280925932948
133.49 0.379937766196
133.56 0.128644583174
133.63 0.0835475652611
133.7 0.167119603767
133.77 0.303788763229
133.84 0.291806982818
133.91 0.109763412639
133.98 0.0919570385025
134.05 0.0611700045921
134.12 0.185148894591
134.19 0.201448712909
134.26 0.0969085134315
134.33 0.0904578848879
134.4 0.204272353129
134.47 0.28022566465
134.54 0.267909481174
134.61 0.123112457374
134.68 0.0794055895852
134.75 0.063852501566
134.82 0.117818429107
134.89 0.0826269208277
134.96 0.0893736262914
135.03 0.166751848337
135.1 0.441937141137
135.17 0.259728330904
135.24 0.223284248401
135.31 0.118061417124
135.38 0.117632347231
135.45 0.125977377572
135.52 0.10793939024
135.59 0.203445737983
135.66 0.100465123958
135.73 0.0949820567772
135.8 0.0876312988441
135.87 0.0837726700927
135.94 0.0955644008157
136.01 0.0769487052331
136.08 0.161414140503
136.15 0.237240831257
136.22 0.19673082467
136.29 0.14912077715
136.36 0.116428687458
136.43 0.110220058583
136.5 0.100309913161
136.57 0.116558079446
136.64 0.132913636147
136.71 0.0955373822129
136.78 0.103566587882
136.85 0.116134862756
136.92 0.159003787032
136.99 0.140415840501
137.06 0.114292652819
137.13 0.0805321485459
137.2 0.0837950096572
137.27 0.19770709055
137.34 0.167234213774
137.41 0.13682303751
137.48 0.104179689269
137.55 0.11485542531
137.62 0.116656669234
137.69 0.113438492057
137.76 0.113664296902
137.83 0.410289160978
137.9 0.430494677154
137.97 0.221372147632
138.04 0.172370014939
138.11 0.101082180341
138.18 0.15844262281
138.25 0.147820419388
138.32 0.213807070203
138.39 0.130284402679
138.46 0.0910392854297
138.53 0.0650688560931
138.6 0.0649050737345
138.67 0.0768180621911
138.74 0.0697658688694
138.81 0.136102632207
138.88 0.240134849275
138.95 0.18816245635
139.02 0.145395807746
139.09 0.104638656311
139.16 0.094985338992
139.23 0.0848016260127
139.3 0.109498075446
139.37 0.149715481154
139.44 0.0970827847811
139.51 0.0719608408098
139.58 0.0737855151661
139.65 0.14258751176
139.72 0.151061794727
139.79 0.0788580524016
139.86 0.0664054175325
139.93 0.0872801322953
140.0 0.202674843599
140.07 0.117300169151
140.14 0.0732837383681
140.21 0.0593891587763
140.28 0.068530593151
140.35 0.407857888794
140.42 0.519651619601
140.49 0.447404011892
140.56 0.279029312571
140.63 0.433524305587
140.7 0.380749732316
140.77 0.200549603906
140.84 0.160303353473
140.91 0.278546059703
140.98 0.49536109476
141.05 0.468783074441
141.12 0.6293357561
141.19 0.318949882076
141.26 0.164361135294
141.33 0.143601288438
141.4 0.396402864613
141.47 0.651716985033
141.54 0.457431490486
141.61 0.22149414062
141.68 0.149999810019
141.75 0.263630898725
141.82 0.553183137731
141.89 0.585669508322
141.96 0.30624522469
142.03 0.180598565901
142.1 0.166732451393
142.17 0.104500186572
142.24 0.0763201843248
142.31 0.0721520967
142.38 0.492371846059
142.45 0.648050313787
142.52 0.554765104397
142.59 0.532139921525
142.66 0.338357840879
142.73 0.257057857505
142.8 0.28383044316
142.87 0.391539432814
142.94 0.318280888528
143.01 0.186148839192
143.08 0.17315440661
143.15 0.154249800837
143.22 0.21262947112
143.29 0.24991940713
143.36 0.272019043176
143.43 0.273181282007
143.5 0.284563945285
143.57 0.22983589996
143.64 0.215098643354
143.71 0.201813362329
143.78 0.212618900434
143.85 0.184343084426
143.92 0.167011801672
143.99 0.218293261949
144.06 0.206951455758
144.13 0.243682511801
144.2 0.200514885153
144.27 0.164188725307
144.34 0.173637834081
144.41 0.18923905164
144.48 0.182250594797
144.55 0.150454498488
144.62 0.133433603687
144.69 0.152640708244
144.76 0.133730582456
144.83 0.118695858513
144.9 0.137551418482
144.97 0.140697604786
145.04 0.189190455959
145.11 0.169285115867
145.18 0.147569854566
145.25 0.137260220833
145.32 0.151041694566
145.39 0.158723020707
145.46 0.12315000982
145.53 0.0933956881956
145.6 0.0796287529603
145.67 0.0590353107108
145.74 0.0592694035889
145.81 0.0450187141028
145.88 0.0998563748294
145.95 0.0999424588819
146.02 0.0946647327624
146.09 0.0676179884619
146.16 0.12387458637
146.23 0.068842038333
146.3 0.0396902650297
146.37 0.046133468944
146.44 0.121282040343
146.51 0.0773774403371
146.58 0.358863115054
146.65 0.220919439064
146.72 0.0601266046843
146.79 0.0451958848222
146.86 0.0876239238725
146.93 0.165988934428
147.0 0.0758763436641
147.07 0.0869219223602
147.14 0.287193527958
147.21 0.140559466633
147.28 0.0804652820293
147.35 0.0557145326848
147.42 0.185770109408
147.49 0.255743968817
147.56 0.153191364253
147.63 0.083375096006
147.7 0.055736353246
147.77 0.0426375577667
147.84 0.0343451069363
147.91 0.0790166351168
147.98 0.0546334121355
148.05 0.164830415121
148.12 0.136792871249
148.19 0.167289505237
148.26 0.234985320154
148.33 0.183416713336
148.4 0.23486856205
148.47 0.117524916768
148.54 0.226523552533
148.61 0.697581573466
148.68 0.832389383947
148.75 0.690191126203
148.82 0.468439934822
148.89 0.697905155955
148.96 0.367304612716
149.03 0.175984366175
149.1 0.133133547743
149.17 0.391108158759
149.24 0.380623252513
149.31 0.405378664877
149.38 0.348219379406
149.45 0.158333816348
149.52 0.112760761955
149.59 0.212639556442
149.66 0.494842794758
149.73 0.470752842235
149.8 0.336011334415
149.87 0.517447517049
149.94 0.584420490232
150.01 0.486228296022
150.08 0.426811409018
150.15 0.391113097299
150.22 0.348440300175
150.29 0.44642160127
150.36 0.380701992029
150.43 0.198987724587
150.5 0.304162104351
150.57 0.634355922066
150.64 0.600148685772
150.71 0.272366849019
150.78 0.195447472274
150.85 0.363937800386
150.92 0.694310901677
150.99 0.67784627741
151.06 0.591590447627
151.13 0.463189723882
151.2 0.43522085663
151.27 0.251907070923
151.34 0.242806017882
151.41 0.300421918862
151.48 0.226843716648
151.55 0.157539677348
151.62 0.393980043852
151.69 0.372292268897
151.76 0.186545471384
151.83 0.134567324572
151.9 0.209330950963
151.97 0.499068764056
152.04 0.459617399092
152.11 0.665050126484
152.18 0.358698376384
152.25 0.227835456514
152.32 0.164008802589
152.39 0.455759584086
152.46 0.652954727618
152.53 0.352004293682
152.6 0.240386746847
152.67 0.215628095518
152.74 0.269160804344
152.81 0.154486982105
152.88 0.194141224467
152.95 0.34463536583
153.02 0.576823333918
153.09 0.487042120302
153.16 0.275211425573
153.23 0.179444927466
153.3 0.281794518475
153.37 0.468032121635
153.44 0.493280635113
153.51 0.561104267388
153.58 0.311898981457
153.65 0.188619920845
153.72 0.154813071507
153.79 0.471374337377
153.86 0.564837846799
153.93 0.312345644598
154.0 0.189905126596
154.07 0.168758497396
154.14 0.397299200794
154.21 0.484332803356
154.28 0.295872508038
154.35 0.170895962498
154.42 0.130233903987
154.49 0.44403704258
154.56 0.600143654324
154.63 0.588130970796
154.7 0.568837274396
154.77 0.489858496079
154.84 0.556057158107
154.91 0.571501011967
154.98 0.546747015648
155.05 0.606311060889
155.12 0.58888509689
155.19 0.640259599708
155.26 0.591809217095
155.33 0.424297344608
155.4 0.416664918502
155.47 0.448743993307
155.54 0.567139076639
155.61 0.523032201536
155.68 0.291782011395
155.75 0.181860781731
155.82 0.183288998498
155.89 0.26876080664
155.96 0.155454879859
156.03 0.0901837823079
156.1 0.0825189329171
156.17 0.200367169468
156.24 0.700765893692
156.31 0.698065462273
156.38 0.636928834073
156.45 0.595972302105
156.52 0.599262817758
156.59 0.667081633235
156.66 0.709441452195
156.73 0.422372797373
156.8 0.241668202639
156.87 0.228585936771
156.94 0.400526356406
157.01 0.416736798846
157.08 0.370230073679
157.15 0.313935888083
157.22 0.494781340932
157.29 0.339259780372
157.36 0.148961922118
157.43 0.156960227873
157.5 0.382163730958
157.57 0.307466272672
157.64 0.409614865267
157.71 0.350007675481
157.78 0.165770129719
157.85 0.101316276423
157.92 0.178954477433
157.99 0.491245924639
158.06 0.4233241527
158.13 0.263732616948
158.2 0.127900994126
158.27 0.160684940979
158.34 0.399541102479
158.41 0.401971794789
158.48 0.370294309938
158.55 0.357499658355
158.62 0.405152099148
158.69 0.473998854964
158.76 0.482866686539
158.83 0.43493390872
158.9 0.401071394685
158.97 0.496228589419
159.04 0.274112740609
159.11 0.139343744841
159.18 0.229599928098
159.25 0.659607245211
159.32 0.726656614386
159.39 0.614526534251
159.46 0.50635498458
159.53 0.454548421193
159.6 0.376306712347
159.67 0.461836953204
159.74 0.648410309798
159.81 0.619528443798
159.88 0.511555773278
159.95 0.378039191548
160.02 0.38839537218
160.09 0.289514979702
160.16 0.31160761401
160.23 0.386893173426
160.3 0.618287620833
160.37 0.549606598443
160.44 0.407838954787
160.51 0.311277689751
160.58 0.269740173725
160.65 0.308264574911
160.72 0.548242760501
160.79 0.60305758829
160.86 0.527407030248
160.93 0.431894098854
161.0 0.402683926475
161.07 0.390130399943
161.14 0.350179729854
161.21 0.293931849277
161.28 0.563349441677
161.35 0.679199009644
161.42 0.355295196985
161.49 0.201585012125
161.56 0.173273402515
161.63 0.503369626801
161.7 0.525408414526
161.77 0.601513555313
161.84 0.53847646387
161.91 0.439786154719
161.98 0.55090380374
162.05 0.49755604908
162.12 0.590304397695
162.19 0.349677735203
162.26 0.186204297249
162.33 0.152303867146
162.4 0.171673655184
162.47 0.439754247234
162.54 0.458453933236
162.61 0.310235718704
162.68 0.34478891069
162.75 0.472981680737
162.82 0.343268628518
162.89 0.181458405262
162.96 0.143660850465
163.03 0.413132853304
163.1 0.382390546578
163.17 0.513130722187
163.24 0.467100630995
163.31 0.223391036517
163.38 0.139902687281
163.45 0.211259643817
163.52 0.55591143674
163.59 0.552520019812
163.66 0.463406910711
163.73 0.487256005694
163.8 0.453068499531
163.87 0.244651000642
163.94 0.181345422747
164.01 0.136732593189
164.08 0.0918564287673
164.15 0.120977728252
164.22 0.569783580655
164.29 0.624391470327
164.36 0.542539288351
164.43 0.47451918933
164.5 0.550743742506
164.57 0.536932115327
164.64 0.528133154197
164.71 0.491710547855
164.78 0.502891990061
164.85 0.523459453316
164.92 0.585613528059
164.99 0.410748212918
165.06 0.228811363577
165.13 0.17388101272
165.2 0.215218435384
165.27 0.182694400217
165.34 0.149525505151
165.41 0.1069987786
165.48 0.556200856322
165.55 0.67011807759
165.62 0.328560557834
165.69 0.176802409759
165.76 0.144454975048
165.83 0.133649584314
165.9 0.269493008053
165.97 0.609086332892
166.04 0.508467715334
166.11 0.391008703966
166.18 0.473820047141
166.25 0.437211272422
166.32 0.449209060238
166.39 0.400590525387
166.46 0.315094766208
166.53 0.350761003849
166.6 0.300951528008
166.67 0.362508257277
166.74 0.273652320679
166.81 0.16996300135
166.88 0.264489925942
166.95 0.35446455636
167.02 0.386908823616
167.09 0.352746147913
167.16 0.409416295276
167.23 0.704253774736
167.3 0.649343309391
167.37 0.483755847981
167.44 0.322331931316
167.51 0.255868973306
167.58 0.229599729467
167.65 0.230990513928
167.72 0.149350887799
167.79 0.109296748651
167.86 0.152720295145
167.93 0.224150902083
168.0 0.3980613378
168.07 0.481575033295
168.14 0.397436316959
168.21 0.371065716918
168.28 0.513545348092
168.35 0.361788185162
168.42 0.235173194514
168.49 0.146865376575
168.56 0.408255687141
168.63 0.416251727864
168.7 0.503566505226
168.77 0.418996042286
168.84 0.249389134812
168.91 0.169342134137
168.98 0.184533568218
169.05 0.552834305095
169.12 0.537068955972
169.19 0.436623147264
169.26 0.45208652782
169.33 0.537020778377
169.4 0.259055971845
169.47 0.204788126995
169.54 0.166703661131
169.61 0.148571409038
169.68 0.190821261788
169.75 0.569389996806
169.82 0.640804301596
169.89 0.501131700937
169.96 0.529152084064
170.03 0.541352369637
170.1 0.31635373186
170.17 0.226437513332
170.24 0.207484611426
170.31 0.573097142294
170.38 0.410627581512
170.45 0.557021108873
170.52 0.418099457817
170.59 0.214614543101
170.66 0.18285077877
170.73 0.14911266372
170.8 0.140752673591
170.87 0.0957180978524
170.94 0.0796353221955
171.01 0.519351387452
171.08 0.618640940284
171.15 0.293302690828
171.22 0.207475254952
171.29 0.133669742143
171.36 0.106719490793
171.43 0.2140459975
171.5 0.551575031885
171.57 0.560714015412
171.64 0.412629231161
171.71 0.42644210619
171.78 0.41015494258
171.85 0.438455404834
171.92 0.402905332608
171.99 0.306255982794
172.06 0.322696242742
172.13 0.327304251272
172.2 0.351276109738
172.27 0.328882411914
172.34 0.251526056883
172.41 0.362965694541
172.48 0.357549482664
172.55 0.493694738812
172.62 0.429135864253
172.69 0.358872650937
172.76 0.555940484901
172.83 0.453649030262
172.9 0.217765579842
172.97 0.173207799867
173.04 0.177320104257
173.11 0.220378863572
173.18 0.473201103765
173.25 0.646028836293
173.32 0.371647493897
173.39 0.508147011391
173.46 0.455361992379
173.53 0.746113695882
173.6 0.436833037613
173.67 0.393362647874
173.74 0.256723934998
173.81 0.243634606522
173.88 0.426760519471
173.95 0.645563312831
174.02 0.621536053975
174.09 0.500512752755
174.16 0.408683690194
174.23 0.367492182722
174.3 0.313949457455
174.37 0.35208142653
174.44 0.4311414705
174.51 0.59721918972
174.58 0.525096270932
174.65 0.420045148026
174.72 0.369972228394
174.79 0.360762992015
174.86 0.320477018614
174.93 0.533838687943
175.0 0.505814458745
175.07 0.456003044652
175.14 0.374505027911
175.21 0.374618068094
175.28 0.36709826889
175.35 0.335017979873
175.42 0.295189570283
175.49 0.398823164044
175.56 0.506227413909
175.63 0.480215904827
175.7 0.419163496112
175.77 0.332994192495
175.84 0.350710453896
175.91 0.472003399715
175.98 0.656911069939
176.05 0.628864544427
176.12 0.532594433789
176.19 0.454702249583
176.26 0.47403608063
176.33 0.390716804701
176.4 0.288943486675
176.47 0.241461477569
176.54 0.323070471295
176.61 0.506418948523
176.68 0.419775748512
176.75 0.423211993542
176.82 0.3174313171
176.89 0.335394585589
176.96 0.276882649579
177.03 0.432791650848
177.1 0.385587418993
177.17 0.180563621286
177.24 0.132314735265
177.31 0.154547021487
177.38 0.386055987594
177.45 0.316772452124
177.52 0.29680153982
177.59 0.292969888023
177.66 0.269621768907
177.73 0.233438818709
177.8 0.170246106393
177.87 0.110602089804
177.94 0.0864247381001
178.01 0.116239167986
178.08 0.306898281315
178.15 0.191534658945
178.22 0.0975976295675
178.29 0.0734507148392
178.36 0.092657912304
178.43 0.311174060506
178.5 0.374060463209
178.57 0.402857420922
178.64 0.378634505861
178.71 0.381631914446
178.78 0.400164311614
178.85 0.369816444131
178.92 0.380197506483
178.99 0.374367846069
179.06 0.336308020043
179.13 0.280991924848
179.2 0.314858046276
179.27 0.33416247515
179.34 0.341563818276
179.41 0.34643116823
179.48 0.290379395582
179.55 0.254792115311
179.62 0.232638565402
179.69 0.21204223019
179.76 0.18070755978
179.83 0.198396919515
179.9 0.194948952061
179.97 0.205260141201
180.04 0.240095928839
180.11 0.173300696638
180.18 0.21812153756
180.25 0.230776274525
180.32 0.204189256549
180.39 0.195660377326
180.46 0.134412358861
180.53 0.158347438581
180.6 0.171773885278
180.67 0.160685809188
180.74 0.148844827623
180.81 0.161784002381
180.88 0.155377423434
180.95 0.146920937151
181.02 0.143370637961
181.09 0.106856605357
181.16 0.0821561736945
181.23 0.0761957372843
181.3 0.075994852603
181.37 0.0614658956961
181.44 0.0564762051505
181.51 0.0812917594155
181.58 0.0767215372035
181.65 0.0521801576022
181.72 0.0439170384631
181.79 0.0240724073309
181.86 0.0820297643733
181.93 0.0719382785865
182.0 0.0510583289393
182.07 0.0397678191682
182.14 0.136592098698
182.21 0.149764474096
182.28 0.274912266671
182.35 0.152462315304
182.42 0.0760769352047
182.49 0.0591482611893
182.56 0.0610137862249
182.63 0.164809924105
182.7 0.124901443852
182.77 0.0570886962278
182.84 0.0537713301673
182.91 0.0523715704748
182.98 0.0565547011837
183.05 0.0560198315231
183.12 0.0611619167919
183.19 0.184167935256
183.26 0.169708483132
183.33 0.165731475192
183.4 0.122347712538
183.47 0.0717342126077
183.54 0.059862472092
183.61 0.0656653493767
183.68 0.177763491591
183.75 0.109590924161
183.82 0.0570905848228
183.89 0.0442705741654
183.96 0.0689495825279
184.03 0.126514810212
184.1 0.0713523816186
184.17 0.0524359172628
184.24 0.0499373845042
184.31 0.0710770968646
184.38 0.116724572155
184.45 0.05777697459
184.52 0.0339205382748
184.59 0.0252995391841
184.66 0.075521414342
184.73 0.163100681511
184.8 0.130248629902
184.87 0.0712661838339
184.94 0.0508318240805
185.01 0.0814754304901
185.08 0.289532228549
185.15 0.176199746104
185.22 0.116574927828
185.29 0.0862870676905
185.36 0.0707364064919
185.43 0.332237107761
185.5 0.275143251937
185.57 0.147376719692
185.64 0.122738667731
185.71 0.107228809156
185.78 0.407676260093
185.85 0.379972890219
185.92 0.171565960414
185.99 0.125156095024
186.06 0.285308481033
186.13 0.740472166126
186.2 0.645098627143
186.27 0.558508815584
186.34 0.525719659475
186.41 0.429769885954
186.48 0.294403685676
186.55 0.249539080289
186.62 0.299334680802
186.69 0.216695278268
186.76 0.242399468564
186.83 0.275232970614
186.9 0.277202299497
186.97 0.336757797203
187.04 0.395285867166
187.11 0.426966573361
187.18 0.421803188136
187.25 0.367895779809
187.32 0.316357943155
187.39 0.257736213935
187.46 0.212913594947
187.53 0.385455448008
187.6 0.51995911299
187.67 0.563875513913
187.74 0.549292655958
187.81 0.615573853915
187.88 0.519675987123
187.95 0.503619219294
188.02 0.511821554186
188.09 0.410557484041
188.16 0.506603069721
188.23 0.546725004465
188.3 0.457122345577
188.37 0.495633689988
188.44 0.537310159515
188.51 0.43535912934
188.58 0.46725669238
188.65 0.417726473911
188.72 0.408311922101
188.79 0.507468400265
188.86 0.611750451706
188.93 0.511815074655
189.0 0.482267098459
189.07 0.457397883425
189.14 0.770986699319
189.21 0.920097913353
189.28 0.883574961583
189.35 0.759994662853
189.42 0.640610690969
189.49 0.468502878379
189.56 0.473639238594
189.63 0.710906897832
189.7 0.348587504865
189.77 0.298414366353
189.84 0.223446819752
189.91 0.383738000678
189.98 0.620510598123
190.05 0.392309396516
190.12 0.195358477638
190.19 0.159154048075
190.26 0.346995233423
190.33 0.606119359681
190.4 0.360647504188
190.47 0.209020257054
190.54 0.25638655247
190.61 0.300662566558
190.68 0.207701505114
190.75 0.150943870468
190.82 0.234349381024
190.89 0.748298140387
190.96 0.750234840948
191.03 0.367272804547
191.1 0.257977191615
191.17 0.283741507794
191.24 0.668461585906
191.31 0.710413104713
191.38 0.408378493875
191.45 0.262770751806
191.52 0.452752886305
191.59 0.746444156766
191.66 0.716834794022
191.73 0.686781854925
191.8 0.63965167714
191.87 0.36083007158
191.94 0.279570021018
192.01 0.303534144094
192.08 0.770309907907
192.15 0.725723762164
192.22 0.462271219536
192.29 0.277365340194
192.36 0.251349164888
192.43 0.668262980674
192.5 0.755161334842
192.57 0.62393771254
192.64 0.596253281478
192.71 0.751298158405
192.78 0.772024063411
192.85 0.47272715451
192.92 0.326593013425
192.99 0.650307974588
193.06 0.888735415401
193.13 1.0
193.2 0.903412102409
193.27 0.846913254942
193.34 0.761878899236
193.41 0.688554917294
193.48 0.66985001563
193.55 0.711222189084
193.62 0.710519477947
193.69 0.720674717833
193.76 0.709356937967
193.83 0.711342136495
193.9 0.663852180553
193.97 0.643362101639
194.04 0.582240790442
194.11 0.565483714268
194.18 0.536956708711
194.25 0.492009290273
194.32 0.475255847122
194.39 0.404637369695
194.46 0.429285503774
194.53 0.617053932559
194.6 0.618231600522
194.67 0.600684184965
194.74 0.336958126039
194.81 0.237807581171
194.88 0.196613560378
194.95 0.12306236235
195.02 0.115384819807
195.09 0.0904113363861
195.16 0.0873926134283
195.23 0.0492850631335
195.3 0.0447191355129
195.37 0.0444605069177
195.44 0.0274367784237
195.51 0.0209108719872
195.58 0.0221580655574
195.65 0.0128287984712
195.72 0.0126959512674
195.79 0.00912931789214
195.86 0.00719505536534
195.93 0.00657599184911
196.0 0.00676960567981
196.07 0.00515746154013
196.14 0.00350735327606
196.21 0.00361943714729
196.28 0.00302697254606
196.35 0.00192778459772
196.42 0.00119848575877
196.49 0.00135476019117
196.56 0.000568220423051
196.63 0.000256062412534
196.7 0.0
196.77 0.0
196.84 0.0
196.91 0.0
196.98 0.0
197.05 0.0
197.12 0.0
197.19 0.0
197.26 0.0
197.33 0.0
197.4 0.0
197.47 0.0
197.54 0.0
197.61 0.0
197.68 0.0
197.75 0.0
197.82 0.0
197.89 0.0
197.96 0.0
198.03 0.0
198.1 0.0
198.17 0.0
198.24 0.0
198.31 0.0
198.38 0.0
198.45 0.0
198.52 0.0
198.59 0.0
198.66 0.0
