0.0 0.000123939127753
0.07 0.00132309237379
0.14 0.105120086652
0.21 0.211268661051
0.28 0.346443447013
0.35 0.195241185804
0.42 0.0748472799047
0.49 0.0562755545926
0.56 0.0388030763869
0.63 0.350061100652
0.7 0.162349394086
0.77 0.0996326708713
0.84 0.062733755318
0.91 0.226649711822
0.98 0.280062531831
1.05 0.0682620448183
1.12 0.0399449811317
1.19 0.030255891132
1.26 0.242544874171
1.33 0.116757531092
1.4 0.0911639813957
1.47 0.16349477348
1.54 0.0793811042627
1.61 0.334386258999
1.68 0.0885858435193
1.75 0.0525899655778
1.82 0.0373261459312
1.89 0.312352541988
1.96 0.229230770201
2.03 0.126780087537
2.1 0.35188769594
2.17 0.193124806797
2.24 0.0880953655458
2.31 0.0516436163347
2.38 0.0367988613083
2.45 0.319062263693
2.52 0.223957729272
2.59 0.423022328501
2.66 0.307595785956
2.73 0.230658127003
2.8 0.218314521751
2.87 0.316412609288
2.94 0.31089816014
3.01 0.162771920042
3.08 0.138063780106
3.15 0.117774463301
3.22 0.398195231764
3.29 0.387090248974
3.36 0.317853956211
3.43 0.175518451435
3.5 0.0839525223911
3.57 0.510902423907
3.64 0.476813529119
3.71 0.436319054234
3.78 0.388459315545
3.85 0.365280152576
3.92 0.452622243202
3.99 0.360891557891
4.06 0.298867299913
4.13 0.334222291517
4.2 0.3058113108
4.27 0.35567425945
4.34 0.254057254549
4.41 0.284806625697
4.48 0.258150732062
4.55 0.386242396375
4.62 0.296964922999
4.69 0.249665810917
4.76 0.462149464155
4.83 0.331599851867
4.9 0.245907660318
4.97 0.250566666889
5.04 0.249391495044
5.11 0.39922020825
5.18 0.303348285645
5.25 0.475247853668
5.32 0.354882453868
5.39 0.329887580515
5.46 0.269353717257
5.53 0.256846284308
5.6 0.375810789886
5.67 0.216554485625
5.74 0.150239618726
5.81 0.125590967174
5.88 0.179418533453
5.95 0.975018303021
6.02 0.652647468021
6.09 0.214701682365
6.16 0.110480040398
6.23 0.119926405872
6.3 0.803459460264
6.37 0.662434057867
6.44 0.667283384669
6.51 0.643809412387
6.58 0.735943325042
6.65 0.621714561193
6.72 0.531836837232
6.79 0.570270401019
6.86 0.587510497105
6.93 0.69014387674
7.0 0.673381223702
7.07 0.738083548994
7.14 0.730384051592
7.21 0.670685232326
7.28 0.647178991406
7.35 0.726005203563
7.42 0.657510448796
7.49 0.615008994756
7.56 0.612572601919
7.63 0.653374561595
7.7 0.592447943199
7.77 0.542931058262
7.84 0.570406053774
7.91 0.582929488746
7.98 0.549026071647
8.05 0.432306447177
8.12 0.362722579696
8.19 0.302728192285
8.26 0.264370075639
8.33 0.375401636668
8.4 0.19830942723
8.47 0.153827659636
8.54 0.145007473149
8.61 0.511528712725
8.68 0.965636791003
8.75 0.605181005335
8.82 0.189059535844
8.89 0.115002355814
8.96 0.448414648102
9.03 0.911783404488
9.1 0.831980015564
9.17 0.708127600935
9.24 0.738472929329
9.31 0.814553143788
9.38 0.706770915297
9.45 0.574115890446
9.52 0.672395831254
9.59 0.655038607218
9.66 0.666312499878
9.73 0.629451314552
9.8 0.628705820982
9.87 0.640450605113
9.94 0.768208217215
10.01 0.661693769613
10.08 0.688713438018
10.15 0.76678278079
10.22 0.741717517507
10.29 0.587735716922
10.36 0.67319617868
10.43 0.609392261463
10.5 0.577753072344
10.57 0.496074274973
10.64 0.63656699273
10.71 0.693531634429
10.78 0.297015433543
10.85 0.225186448652
10.92 0.185828253841
10.99 0.753281075735
11.06 0.94699346263
11.13 0.71122788801
11.2 0.735389927301
11.27 0.671954098211
11.34 0.741864933812
11.41 0.673439964904
11.48 0.653711226449
11.55 0.595214629036
11.62 0.575376159571
11.69 0.722417656892
11.76 0.735830244192
11.83 0.660445510326
11.9 0.631361570998
11.97 0.600157802976
12.04 0.652405725317
12.11 0.605393867517
12.18 0.590497558552
12.25 0.569538493193
12.32 0.567578603185
12.39 0.679966312347
12.46 0.708693991999
12.53 0.666690431179
12.6 0.639327834234
12.67 0.647852126412
12.74 0.556476389464
12.81 0.535724461769
12.88 0.62249809285
12.95 0.692039419179
13.02 0.724581006895
13.09 0.623165190487
13.16 0.566943581149
13.23 0.600062286742
13.3 0.562549356801
13.37 0.601628356585
13.44 0.576256888206
13.51 0.537115201629
13.58 0.567511266886
13.65 0.531985235358
13.72 0.55644431719
13.79 0.651541534546
13.86 0.524459829846
13.93 0.481776482598
14.0 0.42404906561
14.07 0.507052271661
14.14 0.395412257678
14.21 0.360491647106
14.28 0.386200357783
14.35 0.414603886642
14.42 0.627734981122
14.49 0.468414552283
14.56 0.44132822487
14.63 0.552785671681
14.7 0.633355437015
14.77 0.651044213777
14.84 0.587458001284
14.91 0.577548738694
14.98 0.563790874803
15.05 0.664269496203
15.12 0.636358768406
15.19 0.641618498168
15.26 0.652269956075
15.33 0.598647342491
15.4 0.591752081526
15.47 0.520084787623
15.54 0.391357625341
15.61 0.415747440514
15.68 0.519790083149
15.75 0.374445833651
15.82 0.289811183437
15.89 0.275506308635
15.96 0.769477841932
16.03 0.691330539222
16.1 0.55029522875
16.17 0.565246285067
16.24 0.681495295972
16.31 0.620937709249
16.38 0.615907770598
16.45 0.695830144612
16.52 0.659352618432
16.59 0.543033498832
16.66 0.499667819075
16.73 0.58137953242
16.8 0.542786827052
16.87 0.480375270532
16.94 0.50219867976
17.01 0.55705253384
17.08 0.651878745225
17.15 0.544406268034
17.22 0.551732318895
17.29 0.567394856164
17.36 0.622774537112
17.43 0.643279520114
17.5 0.579603277938
17.57 0.589634447785
17.64 0.604506395932
17.71 0.774303340431
17.78 0.798170701874
17.85 0.676130772597
17.92 0.616514715873
17.99 0.484173006834
18.06 0.581625189097
18.13 0.650262439414
18.2 0.524772722976
18.27 0.404361390581
18.34 0.501715237618
18.41 0.277733736622
18.48 0.18941163526
18.55 0.171953258671
18.62 0.417409178024
18.69 0.593054890138
18.76 0.771866478317
18.83 0.637093947861
18.9 0.556702258282
18.97 0.576815636041
19.04 0.693781166804
19.11 0.665351536475
19.18 0.633582946639
19.25 0.354388902295
19.32 0.190883014265
19.39 0.282253519271
19.46 0.715736349761
19.53 0.570383508495
19.6 0.372687453309
19.67 0.0891513309747
19.74 0.356185673514
19.81 0.703222556607
19.88 0.593550623352
19.95 0.558452309784
20.02 0.528837306654
20.09 0.525548296888
20.16 0.672719697484
20.23 0.579686097059
20.3 0.534460668072
20.37 0.6310556488
20.44 0.640560401022
20.51 0.575356549771
20.58 0.466616531322
20.65 0.555819605942
20.72 0.760610752678
20.79 0.672110370877
20.86 0.613945753865
20.93 0.535677560665
21.0 0.490847717457
21.07 0.474698518005
21.14 0.605494242934
21.21 0.556204657944
21.28 0.454896936731
21.35 0.251342355624
21.42 0.192167441186
21.49 0.761532070471
21.56 0.688232222446
21.63 0.491179097117
21.7 0.114404406684
21.77 0.175369618977
21.84 0.743575214896
21.91 0.644548159681
21.98 0.612879677341
22.05 0.561776440462
22.12 0.594072928976
22.19 0.658448192958
22.26 0.556149717554
22.33 0.574720352878
22.4 0.619790040048
22.47 0.658472109459
22.54 0.627779615716
22.61 0.6364598078
22.68 0.604919541335
22.75 0.616899256994
22.82 0.644021965046
22.89 0.635315137315
22.96 0.593990976853
23.03 0.600793667048
23.1 0.639596725129
23.17 0.717624383764
23.24 0.774940822012
23.31 0.693048558389
23.38 0.629558762411
23.45 0.692774081098
23.52 0.595622226316
23.59 0.53730436198
23.66 0.525895798386
23.73 0.561092884838
23.8 0.569651916848
23.87 0.603702683688
23.94 0.600796887089
24.01 0.496851276686
24.08 0.498236674773
24.15 0.621855760406
24.22 0.644480077864
24.29 0.54243294538
24.36 0.369448792669
24.43 0.583434342913
24.5 0.694373314867
24.57 0.711064829128
24.64 0.628544744048
24.71 0.180571895553
24.78 0.0821487569438
24.85 0.538640304563
24.92 0.501733025224
24.99 0.360780245983
25.06 0.071628513627
25.13 0.082525443495
25.2 0.585582186796
25.27 0.502228443922
25.34 0.417879046072
25.41 0.083734529777
25.48 0.0699433655032
25.55 0.616157958629
25.62 0.517725406184
25.69 0.312897293045
25.76 0.0594888825789
25.83 0.381115628512
25.9 0.654590484016
25.97 0.536291827997
26.04 0.326951517194
26.11 0.540045988076
26.18 0.473250329951
26.25 0.571881558093
26.32 0.520202379859
26.39 0.507465478635
26.46 0.746030515282
26.53 0.672423976243
26.6 0.633798344915
26.67 0.610257931623
26.74 0.574217016374
26.81 0.689433314373
26.88 0.648171489578
26.95 0.633877176844
27.02 0.498459253657
27.09 0.499311948799
27.16 0.663017409477
27.23 0.568339063706
27.3 0.748883453286
27.37 0.733732659574
27.44 0.584273171077
27.51 0.714038409671
27.58 0.847977154197
27.65 0.623221505426
27.72 0.555085593024
27.79 0.403333520218
27.86 0.355503003192
27.93 0.496761395108
28.0 0.694606014831
28.07 0.652161195238
28.14 0.553202962366
28.21 0.490805161329
28.28 0.617929209151
28.35 0.643591963935
28.42 0.642696381509
28.49 0.631579626848
28.56 0.714899971158
28.63 0.628658071185
28.7 0.515912546409
28.77 0.510814332905
28.84 0.670046469385
28.91 0.569496293183
28.98 0.584562374023
29.05 0.510149376969
29.12 0.518535788157
29.19 0.616850533697
29.26 0.482889947807
29.33 0.490518837282
29.4 0.464331517021
29.47 0.390463650439
29.54 0.626661356223
29.61 0.515921332878
29.68 0.238845246776
29.75 0.139691931008
29.82 0.0671426187885
29.89 0.264925977856
29.96 0.349190022155
30.03 0.285229153318
30.1 0.228988496647
30.17 0.20611709804
30.24 0.824370136811
30.31 0.652101921523
30.38 0.41354502068
30.45 0.251970994157
30.52 0.46123138138
30.59 0.670627173406
30.66 0.644695952074
30.73 0.448462371273
30.8 0.413296538355
30.87 0.684440174051
30.94 0.451029968715
31.01 0.319371873545
31.08 0.173075676759
31.15 0.0682436448219
31.22 0.134853856876
31.29 0.861412233525
31.36 0.618373842727
31.43 0.393086782356
31.5 0.453293426214
31.57 0.636102874162
31.64 0.682306804543
31.71 0.636359880027
31.78 0.521005235089
31.85 0.405967139317
31.92 0.469833646809
31.99 0.504858325444
32.06 0.374922850689
32.13 0.35204797244
32.2 0.561359797113
32.27 0.658362687973
32.34 0.462162134641
32.41 0.28765765331
32.48 0.15975914819
32.55 0.242933545598
32.62 0.57320194297
32.69 0.473076113254
32.76 0.375745801638
32.83 0.328154080189
32.9 0.396162518906
32.97 0.537706930338
33.04 0.351215090119
33.11 0.301451357007
33.18 0.568922934516
33.25 0.532958566381
33.32 0.659289850099
33.39 0.573897991022
33.46 0.467190372579
33.53 0.593051866461
33.6 0.667790327286
33.67 0.761185643984
33.74 0.62377964087
33.81 0.402313131665
33.88 0.386450099835
33.95 0.634035711027
34.02 0.847889124767
34.09 0.718758189315
34.16 0.590146633993
34.23 0.718947346338
34.3 0.718535778505
34.37 0.278553861923
34.44 0.194797983357
34.51 0.570034181476
34.58 0.764003444435
34.65 0.619797987809
34.72 0.293288030591
34.79 0.211154125774
34.86 0.238877540375
34.93 0.310089643628
35.0 0.433432929007
35.07 0.294319576959
35.14 0.272316462819
35.21 0.261068438653
35.28 0.380226714149
35.35 0.608814695942
35.42 0.559313015922
35.49 0.254203936984
35.56 0.127655151563
35.63 0.526127982477
35.7 0.836775095908
35.77 0.575718360898
35.84 0.396551776098
35.91 0.254493569269
35.98 0.601344776646
36.05 0.866731940919
36.12 0.543984261278
36.19 0.287699735169
36.26 0.482472154562
36.33 0.645029153927
36.4 0.433834029626
36.47 0.215576401922
36.54 0.103532077264
36.61 0.127054942581
36.68 0.556517088452
36.75 0.481809917772
36.82 0.463525398483
36.89 0.408097438553
36.96 0.468484121809
37.03 0.434606306948
37.1 0.231593331742
37.17 0.362301449923
37.24 0.71643791931
37.31 0.648155818712
37.38 0.54095027543
37.45 0.443304566208
37.52 0.394329663259
37.59 0.386294126707
37.66 0.490651636099
37.73 0.591183202627
37.8 0.465191171445
37.87 0.496544725456
37.94 0.548817293176
38.01 0.684922279918
38.08 0.704725302306
38.15 0.637504427369
38.22 0.637174189285
38.29 0.661997085825
38.36 0.625316928373
38.43 0.569585469181
38.5 0.560582938513
38.57 0.569000997629
38.64 0.615508919847
38.71 0.719507977938
38.78 0.651969307421
38.85 0.553307008797
38.92 0.651097932714
38.99 0.648346059066
39.06 0.616001111848
39.13 0.555403090729
39.2 0.535764178936
39.27 0.525590190703
39.34 0.580894709071
39.41 0.696921770123
39.48 0.591530597622
39.55 0.568686851429
39.62 0.535237005808
39.69 0.51473035371
39.76 0.519336260391
39.83 0.489219370191
39.9 0.541633593088
39.97 0.662513903234
40.04 0.647075916813
40.11 0.596048819343
40.18 0.556261280742
40.25 0.556777499074
40.32 0.421048205413
40.39 0.384564778321
40.46 0.44503504785
40.53 0.378180535363
40.6 0.506239400189
40.67 0.645640675487
40.74 0.820508876672
40.81 0.765941824237
40.88 0.776888049854
40.95 0.720555027098
41.02 0.72924898465
41.09 0.641077343239
41.16 0.634011355202
41.23 0.585885814195
41.3 0.579861808122
41.37 0.702419574904
41.44 0.637369560071
41.51 0.586046450141
41.58 0.693029682459
41.65 0.711708873935
41.72 0.633410409022
41.79 0.622139480131
41.86 0.632411620538
41.93 0.694490218164
42.0 0.57659404397
42.07 0.662553244314
42.14 0.637411275827
42.21 0.654844459548
42.28 0.64011852653
42.35 0.642981946725
42.42 0.636294572271
42.49 0.562940474461
42.56 0.51074126044
42.63 0.497466913576
42.7 0.55420850212
42.77 0.481242919311
42.84 0.422803099458
42.91 0.450733505283
42.98 0.636575802496
43.05 0.495014984665
43.12 0.410004653017
43.19 0.412553176501
43.26 0.346459314244
43.33 0.377840349267
43.4 0.823895712448
43.47 0.828799540316
43.54 0.758031935847
43.61 0.703536617937
43.68 0.765642896267
43.75 0.786154362617
43.82 0.695952993752
43.89 0.63788568355
43.96 0.597954622647
44.03 0.661611792528
44.1 0.601683291982
44.17 0.655600698237
44.24 0.555808919067
44.31 0.738327193769
44.38 0.691420888413
44.45 0.592981859276
44.52 0.540889532311
44.59 0.748094722969
44.66 0.667867979365
44.73 0.606070274151
44.8 0.602787376639
44.87 0.617483460626
44.94 0.73193235047
45.01 0.597635845246
45.08 0.460650439392
45.15 0.531134394028
45.22 0.375519882897
45.29 0.620284400376
45.36 0.570787245055
45.43 0.477292734453
45.5 0.430204842083
45.57 0.333485276556
45.64 0.43361671763
45.71 0.45029955359
45.78 0.357232361564
45.85 0.329071447399
45.92 0.31290178779
45.99 0.488478394662
46.06 0.882708326513
46.13 0.821939847907
46.2 0.755454465277
46.27 0.691398073549
46.34 0.657805461129
46.41 0.694951241499
46.48 0.587093732276
46.55 0.476144552709
46.62 0.533261558093
46.69 0.587606728903
46.76 0.683803404706
46.83 0.536350020046
46.9 0.532919468261
46.97 0.713107834468
47.04 0.670793924934
47.11 0.59194753219
47.18 0.579813835336
47.25 0.629942018844
47.32 0.62819686147
47.39 0.648658705908
47.46 0.805482702706
47.53 0.702376389745
47.6 0.644357701329
47.67 0.613958081546
47.74 0.651067849044
47.81 0.589039267724
47.88 0.422576731409
47.95 0.457767104866
48.02 0.668543297675
48.09 0.571145258696
48.16 0.574069971164
48.23 0.486096546158
48.3 0.414985667015
48.37 0.622201111881
48.44 0.536565353422
48.51 0.427673169315
48.58 0.399726508523
48.65 0.370202478623
48.72 0.247997613356
48.79 0.654082205123
48.86 0.475842522849
48.93 0.300001603031
49.0 0.272907146471
49.07 0.340990073805
49.14 0.566268945122
49.21 0.25376869561
49.28 0.231202215746
49.35 0.187161538851
49.42 0.432069683471
49.49 0.462773035491
49.56 0.180153927577
49.63 0.154953485809
49.7 0.19801773312
49.77 0.565624697294
49.84 0.312676464798
49.91 0.221915464459
49.98 0.158855316801
50.05 0.184428882274
50.12 0.875499922803
50.19 0.716240505004
50.26 0.489794421251
50.33 0.374008528789
50.4 0.36128147074
50.47 0.895611955967
50.54 0.516954816263
50.61 0.457107580566
50.68 0.467831718209
50.75 0.617761647205
50.82 0.938494815956
50.89 0.631075543162
50.96 0.56909961076
51.03 0.565196395234
51.1 0.712054195456
51.17 0.872963944998
51.24 0.53693477616
51.31 0.440530147281
51.38 0.370554040534
51.45 0.858903069426
51.52 0.811047176481
51.59 0.555888686222
51.66 0.263865622521
51.73 0.113814119089
51.8 0.0711685935927
51.87 0.0453109206588
51.94 0.0351105131128
52.01 0.0253115273578
52.08 0.0276549184223
52.15 0.0341975224958
52.22 0.0153956116806
52.29 0.0104850292149
52.36 0.00740234003856
52.43 0.00660004727486
52.5 0.040223392365
52.57 0.00703335329598
52.64 0.003778309554
52.71 0.00327321076389
52.78 0.0226136322467
52.85 0.0370193184603
52.92 0.00637205173235
52.99 0.00266239478335
53.06 0.00181163832275
53.13 0.0274726707592
53.2 0.036250870241
53.27 0.0052534261365
53.34 0.00204252108547
53.41 0.00147019416326
53.48 0.0256646801521
53.55 0.0248490329549
53.62 0.00377221061333
53.69 0.00197285670532
53.76 0.20159640679
53.83 0.697583276371
53.9 0.592210297518
53.97 0.265721850507
54.04 0.236221851931
54.11 0.106153565046
54.18 0.647529004037
54.25 0.61126945383
54.32 0.448432139498
54.39 0.188580004345
54.46 0.088515343759
54.53 0.0568773245045
54.6 0.0370672230183
54.67 0.025022868573
54.74 0.0217287916107
54.81 0.0280319527712
54.88 0.0336808249017
54.95 0.00989187769691
55.02 0.00625157394064
55.09 0.00490713444245
55.16 0.0322906857832
55.23 0.0239478741164
55.3 0.00451191643062
55.37 0.00282343677091
55.44 0.0021085993218
55.51 0.0396274617935
55.58 0.0218641914218
55.65 0.00320520216708
55.72 0.00178395928315
55.79 0.00134755137242
55.86 0.0395672778131
55.93 0.0181564298871
56.0 0.00263691236085
56.07 0.00161716448852
56.14 0.00819086899918
56.21 0.0333210290048
56.28 0.00584135403246
56.35 0.00210004416382
56.42 0.175953231852
56.49 0.444504328516
56.56 0.678614720531
56.63 0.535913652073
56.7 0.203898541391
56.77 0.153507086667
56.84 0.521999092834
56.91 0.719103525814
56.98 0.400455623984
57.05 0.205746543712
57.12 0.167976609569
57.19 0.0565735373514
57.26 0.0395688254297
57.33 0.0287358254399
57.4 0.0201820420132
57.47 0.0170230636592
57.54 0.0144939602673
57.61 0.0101645511
57.68 0.00737086684214
57.75 0.0059961922408
57.82 0.235296080996
57.89 0.786758723539
57.96 0.482415862921
58.03 0.189610866767
58.1 0.0634451414157
58.17 0.264554320227
58.24 0.740540037549
58.31 0.591201998681
58.38 0.300520570463
58.45 0.0789842021777
58.52 0.0517404205848
58.59 0.0344077886757
58.66 0.0327287511414
58.73 0.0249490971845
58.8 0.013487222359
58.87 0.0117627614455
58.94 0.0100201418306
59.01 0.00691102668487
59.08 0.00555276846818
59.15 0.00653381760509
59.22 0.754264145094
59.29 0.635121765118
59.36 0.26401121164
59.43 0.0777868744536
59.5 0.065995961363
59.57 0.805531928563
59.64 0.680872138997
59.71 0.361634019464
59.78 0.17896170366
59.85 0.0841718862269
59.92 0.0455009596562
59.99 0.0289828616589
60.06 0.0222853777744
60.13 0.0163959943762
60.2 0.227664750281
60.27 0.824776652424
60.34 0.557760679928
60.41 0.235366339461
60.48 0.103914626453
60.55 0.0549309453558
60.62 0.0344181843326
60.69 0.0312995505127
60.76 0.0273498499092
60.83 0.0188741562205
60.9 0.706948124053
60.97 0.706796740524
61.04 0.314744638045
61.11 0.1319388894
61.18 0.0624203230189
61.25 0.0479871774274
61.32 0.0318455879221
61.39 0.0268326014968
61.46 0.0742603521351
61.53 0.174721056129
61.6 0.225346844967
61.67 0.0491464437679
61.74 0.111777099531
61.81 0.923744983078
61.88 0.749367444583
61.95 0.648463355091
62.02 0.513595849235
62.09 0.361832956425
62.16 0.302840650761
62.23 0.392621588777
62.3 0.784535084717
62.37 0.520474048143
62.44 0.437374342373
62.51 0.127462261956
62.58 0.0978021782517
62.65 0.106435564087
62.72 0.0610867883933
62.79 0.453835659482
62.86 0.598791395642
62.93 0.512844208465
63.0 0.395833330872
63.07 0.353948292522
63.14 0.365144944137
63.21 0.270145417999
63.28 0.392972258728
63.35 0.220982694303
63.42 0.109765539098
63.49 0.17679558126
63.56 0.107029968675
63.63 0.488210054586
63.7 0.271261658934
63.77 0.197261075077
63.84 0.358298000428
63.91 0.2966625287
63.98 0.090540746208
64.05 0.0362107553532
64.12 0.463498746195
64.19 0.650559035974
64.26 0.488151123676
64.33 0.455478652527
64.4 0.452547596495
64.47 0.388567255978
64.54 0.288288884517
64.61 0.417202719314
64.68 0.278269388359
64.75 0.0768693608023
64.82 0.0312356173063
64.89 0.290956700951
64.96 0.788026346339
65.03 0.604898130975
65.1 0.494799764447
65.17 0.324482163452
65.24 0.214629330457
65.31 0.17956940943
65.38 0.0718309851444
65.45 0.352561250301
65.52 0.480413727972
65.59 0.582133264969
65.66 0.656479652938
65.73 0.39112926536
65.8 0.626195242394
65.87 0.704132077567
65.94 0.528145853192
66.01 0.389554209356
66.08 0.272967568418
66.15 0.207932771815
66.22 0.26465867618
66.29 0.888347784808
66.36 0.614945602383
66.43 0.264436406819
66.5 0.186192720877
66.57 0.117335993565
66.64 0.199732633757
66.71 0.186519639074
66.78 0.313943818013
66.85 0.773442930504
66.92 0.643787456201
66.99 0.481443926417
67.06 0.388975840072
67.13 0.320040269184
67.2 0.317184379059
67.27 0.347176146954
67.34 0.474756508697
67.41 0.27410386014
67.48 0.118595696895
67.55 0.0571483321397
67.62 0.58157377328
67.69 0.622120805557
67.76 0.364674395472
67.83 0.260252999469
67.9 0.146706972505
67.97 0.142187971984
68.04 0.104214879049
68.11 0.0752590540859
68.18 0.714288770769
68.25 0.55312355965
68.32 0.388789525339
68.39 0.311655324071
68.46 0.293063869143
68.53 0.341478879354
68.6 0.379973061453
68.67 0.394254545611
68.74 0.172977559531
68.81 0.115871181114
68.88 0.157216172828
68.95 0.421858554104
69.02 0.544658591111
69.09 0.299457642424
69.16 0.288119282379
69.23 0.464677572412
69.3 0.21327880866
69.37 0.0600619866376
69.44 0.167979909487
69.51 0.785234650685
69.58 0.630281955325
69.65 0.518189048819
69.72 0.442055178659
69.79 0.387675178155
69.86 0.324234225288
69.93 0.254812629568
70.0 0.265993289145
70.07 0.161787256472
70.14 0.123211247058
70.21 0.119886006422
70.28 0.408683476027
70.35 0.674668321509
70.42 0.480825488841
70.49 0.344908254617
70.56 0.183313160539
70.63 0.156442109923
70.7 0.121700941335
70.77 0.0377352908283
70.84 0.365767591896
70.91 0.487333532805
70.98 0.720188185385
71.05 0.723192313882
71.12 0.529470255216
71.19 0.505441137885
71.26 0.588009139172
71.33 0.381095982101
71.4 0.194858015904
71.47 0.178225184601
71.54 0.181996047291
71.61 0.535940875148
71.68 0.826782233732
71.75 0.634273446569
71.82 0.307808366904
71.89 0.477375129228
71.96 0.695148923725
72.03 0.27673213913
72.1 0.232033270881
72.17 0.230637383948
72.24 0.682901984603
72.31 0.576466403875
72.38 0.28582096024
72.45 0.243042549394
72.52 0.292756123087
72.59 0.701094899968
72.66 0.511439748068
72.73 0.243620642436
72.8 0.196564351398
72.87 0.193403735566
72.94 0.0800700881941
73.01 0.28955639083
73.08 0.348987482409
73.15 0.331797667222
73.22 0.376217734838
73.29 0.618120205008
73.36 0.476444359325
73.43 0.283251176165
73.5 0.22837433249
73.57 0.262248433071
73.64 0.418179668099
73.71 0.533675700294
73.78 0.399744184635
73.85 0.230248208297
73.92 0.237557746255
73.99 0.318137853995
74.06 0.636284078432
74.13 0.337866545856
74.2 0.161933812435
74.27 0.171735748647
74.34 0.25995611169
74.41 0.340130254635
74.48 0.346354612157
74.55 0.304823437174
74.62 0.57204873896
74.69 0.45951060812
74.76 0.31083929413
74.83 0.255688335938
74.9 0.274606233128
74.97 0.444197389551
75.04 0.596179188568
75.11 0.550420134722
75.18 0.301383784405
75.25 0.29023523704
75.32 0.349419789968
75.39 0.776162768489
75.46 0.408921918814
75.53 0.160888082909
75.6 0.169930671885
75.67 0.145193418451
75.74 0.294230482502
75.81 0.261545345859
75.88 0.249477346162
75.95 0.940774493476
76.02 0.822471813654
76.09 0.565293933353
76.16 0.477902876472
76.23 0.377523009652
76.3 0.466627595949
76.37 0.444503944108
76.44 0.430923966264
76.51 0.451553540722
76.58 0.402930292874
76.65 0.976346193006
76.72 0.701477124657
76.79 0.466565238648
76.86 0.324227725299
76.93 0.283526099436
77.0 0.253395858131
77.07 0.360855856207
77.14 0.372387030974
77.21 0.309528263181
77.28 0.666437182861
77.35 0.794290084879
77.42 0.685311455568
77.49 0.483601403797
77.56 0.391895713327
77.63 0.453766981916
77.7 0.417583834046
77.77 0.708645004109
77.84 0.744628226541
77.91 0.64329495967
77.98 0.687389372143
78.05 0.628847454526
78.12 0.65007576357
78.19 0.517302116404
78.26 0.372008948239
78.33 0.35345380073
78.4 0.560431831226
78.47 0.87340677635
78.54 0.515089728589
78.61 0.29434954747
78.68 0.141636396437
78.75 0.144925484416
78.82 0.179222848151
78.89 0.0705957075316
78.96 0.507887928043
79.03 0.69316414538
79.1 0.506673666398
79.17 0.342447835448
79.24 0.256032138132
79.31 0.304748637369
79.38 0.283865411879
79.45 0.378453270338
79.52 0.178949787012
79.59 0.105813164279
79.66 0.286649710591
79.73 0.331543863093
79.8 0.43130992853
79.87 0.30397407024
79.94 0.271412980891
80.01 0.572972547916
80.08 0.349270932549
80.15 0.0879048006915
80.22 0.0421930589832
80.29 0.557237152851
80.36 0.708631137132
80.43 0.527751483874
80.5 0.416312273976
80.57 0.410846641315
80.64 0.324774852696
80.71 0.310148844123
80.78 0.414083726048
80.85 0.266341479582
80.92 0.0548186499628
80.99 0.0197703626859
81.06 0.57723439613
81.13 0.917661496941
81.2 0.471873099287
81.27 0.274711372875
81.34 0.0978364987299
81.41 0.0511853188018
81.48 0.035997039486
81.55 0.0316492819095
81.62 0.0229827071868
81.69 0.0170662155365
81.76 0.0115939347801
81.83 0.00897485662035
81.9 0.00712127955196
81.97 0.00602865557902
82.04 0.00488708032675
82.11 0.00392507353038
82.18 0.00303091724095
82.25 0.00239902205675
82.32 0.00194101241373
82.39 0.00150449633626
82.46 0.00160564056925
82.53 0.00144398119916
82.6 0.00114912861972
82.67 0.00116469797549
82.74 0.0014713706847
82.81 0.00140106562455
82.88 0.00141835566372
82.95 0.00116914446102
83.02 0.000787523841887
83.09 0.000854976628002
83.16 0.0015144127312
83.23 0.00119290786423
83.3 0.000738662424165
83.37 0.00074877518336
83.44 0.00140153656595
83.51 0.00562021792608
83.58 0.0025104787414
83.65 0.00110243552933
83.72 0.00115039167455
83.79 0.316491557704
83.86 0.981726685121
83.93 0.497796224754
84.0 0.25317768413
84.07 0.168983221005
84.14 0.0583781648046
84.21 0.0356489255982
84.28 0.0281991635918
84.35 0.0247393851511
84.42 0.016079035841
84.49 0.0120818317285
84.56 0.00850591215084
84.63 0.00713694376165
84.7 0.00518303787116
84.77 0.00387572453023
84.84 0.00350881458927
84.91 0.0029340497549
84.98 0.00221296525987
85.05 0.00238107136834
85.12 0.00153489285748
85.19 0.00160758424257
85.26 0.00126143732555
85.33 0.00102556058713
85.4 0.000977938926786
85.47 0.00126401335833
85.54 0.00105974294464
85.61 0.000906236019395
85.68 0.000832702597752
85.75 0.000649399892777
85.82 0.00106273001108
85.89 0.00101611846179
85.96 0.000777540882793
86.03 0.000787627016326
86.1 0.00189099777203
86.17 0.0028344115359
86.24 0.0019042390465
86.31 0.00099660351575
86.38 0.000704510020517
86.45 0.00839092090957
86.52 0.749813046667
86.59 0.770122187941
86.66 0.425459683191
86.73 0.24097464906
86.8 0.137474324562
86.87 0.041345753874
86.94 0.0352837063868
87.01 0.0246765835353
87.08 0.0159628048423
87.15 0.0114488382358
87.22 0.00969248477165
87.29 0.00754599713303
87.36 0.0063453877961
87.43 0.00512600237525
87.5 0.00480959465843
87.57 0.00386061446712
87.64 0.0027720875179
87.71 0.0022316148719
87.78 0.00297022737295
87.85 0.637911502121
87.92 0.748984570893
87.99 0.383135667554
88.06 0.216856926518
88.13 0.111732967496
88.2 0.0454385907074
88.27 0.0302696499427
88.34 0.0277490700909
88.41 0.0192662806632
88.48 0.0144946192524
88.55 0.0116967580939
88.62 0.00861380931732
88.69 0.0060812412612
88.76 0.00518050676918
88.83 0.00462142444965
88.9 0.00285165165196
88.97 0.00255040225725
89.04 0.00217414005257
89.11 0.00176140901165
89.18 0.335906664168
89.25 0.887518535226
89.32 0.473946316432
89.39 0.234422526312
89.46 0.119651980167
89.53 0.0657578979921
89.6 0.0468788526345
89.67 0.0356002039652
89.74 0.0247048466754
89.81 0.0226093787972
89.88 0.564705752514
89.95 0.77397979038
90.02 0.372197665938
90.09 0.195785885274
90.16 0.0828781020504
90.23 0.056681837231
90.3 0.0396986288595
90.37 0.0371431061546
90.44 0.0269166021317
90.51 0.015837446234
90.58 0.747843514841
90.65 0.618119594282
90.72 0.295060434337
90.79 0.233280678147
90.86 0.0884292180634
90.93 0.829081544349
91.0 0.566983363216
91.07 0.282450324515
91.14 0.197153344321
91.21 0.204431667019
91.28 0.797700491022
91.35 0.534778651695
91.42 0.29298683944
91.49 0.162213107308
91.56 0.568025083916
91.63 0.74547015493
91.7 0.450466355041
91.77 0.190399312523
91.84 0.115545194815
91.91 0.744439693557
91.98 0.698449026408
92.05 0.371860736493
92.12 0.1944042231
92.19 0.092586046347
92.26 0.0611928517174
92.33 0.04214635258
92.4 0.283915817585
92.47 0.892276474436
92.54 0.577648719719
92.61 0.254556673752
92.68 0.116550283597
92.75 0.306329536042
92.82 0.32563498971
92.89 0.373541860813
92.96 0.332902717059
93.03 0.282197730189
93.1 0.28821214936
93.17 0.171784010987
93.24 0.352065184266
93.31 0.249428226808
93.38 0.226554708133
93.45 0.987598868342
93.52 0.623749981547
93.59 0.338293784554
93.66 0.249900404632
93.73 0.117618298802
93.8 0.134474993677
93.87 0.565724766516
93.94 0.62175036938
94.01 0.282778818618
94.08 0.104262590571
94.15 0.0652815482604
94.22 0.83172419454
94.29 0.792334556487
94.36 0.597072887228
94.43 0.291294590585
94.5 0.250511644959
94.57 0.92390345569
94.64 0.684319178723
94.71 0.392174114575
94.78 0.206913291863
94.85 0.0802073068707
94.92 0.049468832274
94.99 0.0327373445737
95.06 0.0284136782289
95.13 0.0176985184262
95.2 0.0143887356516
95.27 0.0108825187285
95.34 0.00848443356223
95.41 0.0068006799575
95.48 0.00529367248851
95.55 0.00462425675443
95.62 0.00404736852352
95.69 0.00369089750611
95.76 0.00284372885345
95.83 0.00222093465329
95.9 0.00241581785707
95.97 0.00225844688264
96.04 0.00198163152501
96.11 0.00178652699541
96.18 0.0017591890971
96.25 0.0013521892299
96.32 0.00135258029431
96.39 0.00132875032694
96.46 0.00171496886506
96.53 0.00121603391566
96.6 0.00134512677309
96.67 0.00315966562888
96.74 0.00133837051139
96.81 0.114596735489
96.88 0.188636467389
96.95 0.661634211336
97.02 0.879779114308
97.09 0.64654491791
97.16 0.469874197692
97.23 0.435636701757
97.3 0.743378923861
97.37 0.866896946802
97.44 0.612108177155
97.51 0.348663611187
97.58 0.103201314987
97.65 0.0810576190156
97.72 0.0551939719488
97.79 0.0410659481217
97.86 0.0283710838263
97.93 0.0179577425419
98.0 0.0146013715155
98.07 0.0109264344295
98.14 0.00864429070784
98.21 0.00622553404334
98.28 0.00543448895767
98.35 0.00437534176221
98.42 0.00374505576644
98.49 0.0032684813807
98.56 0.00285855934711
98.63 0.00239574044392
98.7 0.00229356779474
98.77 0.00177106247818
98.84 0.00171965997386
98.91 0.00146148257952
98.98 0.00161380965513
99.05 0.00130371388427
99.12 0.00123586171323
99.19 0.00229898445283
99.26 0.00192284872003
99.33 0.00130904567306
99.4 0.00127240876234
99.47 0.00126558094418
99.54 0.000915984339844
99.61 0.00405891407614
99.68 0.00394444536349
99.75 0.00164116585859
99.82 0.00106085123782
99.89 0.00171736683873
99.96 0.169164157355
100.03 0.934282544724
100.1 0.491411337788
100.17 0.242699336292
100.24 0.176188516169
100.31 0.067087944656
100.38 0.0453501469152
100.45 0.0345318376343
100.52 0.0296848805159
100.59 0.0142053197876
100.66 0.341620844055
100.73 0.738690615748
100.8 0.408353246264
100.87 0.293623367489
100.94 0.193531162656
101.01 0.0852358293697
101.08 0.0427047126784
101.15 0.184009761074
101.22 0.551514224771
101.29 0.637100730748
101.36 0.377429698355
101.43 0.221013763122
101.5 0.158388600566
101.57 0.0662332475974
101.64 0.0360052568309
101.71 0.0282022471762
101.78 0.0170302093212
101.85 0.0118925266009
101.92 0.00993810983052
101.99 0.00744913131107
102.06 0.00686105031756
102.13 0.00547421777338
102.2 0.202594464732
102.27 0.131413272209
102.34 0.360763523404
102.41 0.102251496087
102.48 0.0399229983196
102.55 0.0252976703649
102.62 0.0199089109815
102.69 0.242432483924
102.76 0.304953526829
102.83 0.250113582993
102.9 0.278629831592
102.97 0.720556742789
103.04 0.638214477191
103.11 0.685801961832
103.18 0.493986823083
103.25 0.33860217129
103.32 0.376439300283
103.39 0.438587994956
103.46 0.516687356498
103.53 0.574244670452
103.6 0.413866951558
103.67 0.788901100841
103.74 0.331142722535
103.81 0.222581067731
103.88 0.196760695685
103.95 0.357082608857
104.02 0.521683102807
104.09 0.55469795667
104.16 0.514147672734
104.23 0.395123623855
104.3 0.417777354348
104.37 0.464848396002
104.44 0.655061586828
104.51 0.571486569727
104.58 0.505842178596
104.65 0.80775210272
104.72 0.453606733706
104.79 0.190465384103
104.86 0.160301928948
104.93 0.143724825156
105.0 0.238343615978
105.07 0.434514709679
105.14 0.35631243829
105.21 0.350918010969
105.28 0.334803271779
105.35 0.312058787717
105.42 0.363183621336
105.49 0.398217154668
105.56 0.359103641369
105.63 0.792135012128
105.7 0.681460359775
105.77 0.637506505835
105.84 0.457392728091
105.91 0.378793762631
105.98 0.433563258293
106.05 0.587985409051
106.12 0.75033793498
106.19 0.645779789578
106.26 0.574518566972
106.33 0.667584053291
106.4 0.523014206177
106.47 0.460614626213
106.54 0.368518259069
106.61 0.327482412922
106.68 0.419135620886
106.75 0.73150050054
106.82 0.610514110428
106.89 0.495090380218
106.96 0.694416310319
107.03 0.652193377343
107.1 0.487601485145
107.17 0.460967507758
107.24 0.438805881068
107.31 0.733865959286
107.38 0.615928463729
107.45 0.340454438709
107.52 0.312263668857
107.59 0.505605419882
107.66 0.503186994375
107.73 0.360603370048
107.8 0.281097840739
107.87 0.264890585695
107.94 0.278063981362
108.01 0.466189475675
108.08 0.35947243674
108.15 0.313451314825
108.22 0.27816222839
108.29 0.626829969883
108.36 0.621072742957
108.43 0.703780657105
108.5 0.592023620011
108.57 0.456957092325
108.64 0.299136954632
108.71 0.368910501663
108.78 0.717103545879
108.85 0.76291646011
108.92 0.37570847246
108.99 0.733737152654
109.06 0.493380704868
109.13 0.306478260333
109.2 0.268199245199
109.27 0.271858052127
109.34 0.596161525769
109.41 0.465697478375
109.48 0.621321424975
109.55 0.503665622265
109.62 0.31915274934
109.69 0.448218015925
109.76 0.627684708544
109.83 0.668711428745
109.9 0.46171466044
109.97 0.649572974556
110.04 0.630725868344
110.11 0.192380333322
110.18 0.163138463881
110.25 0.145514593826
110.32 0.678343415021
110.39 0.494457549808
110.46 0.228598703614
110.53 0.223540054179
110.6 0.219912593976
110.67 0.684063427592
110.74 0.623847790916
110.81 0.539694662468
110.88 0.326818522013
110.95 0.334951228918
111.02 0.699211836643
111.09 0.648735867076
111.16 0.733078333934
111.23 0.500390729092
111.3 0.324644195581
111.37 0.317854443794
111.44 0.516922737333
111.51 0.594340849698
111.58 0.371719018079
111.65 0.313998230881
111.72 0.386513472238
111.79 0.675959466417
111.86 0.676978370589
111.93 0.446285172597
112.0 0.525715562624
112.07 0.595660580582
112.14 0.732682778109
112.21 0.551803647379
112.28 0.424344091256
112.35 0.509231610374
112.42 0.51577707005
112.49 0.49187733513
112.56 0.407998619073
112.63 0.47667338994
112.7 0.593335619468
112.77 0.757377776617
112.84 0.498605811285
112.91 0.429247022172
112.98 0.505904499286
113.05 0.312487851938
113.12 0.560249868124
113.19 0.395384011179
113.26 0.290650705532
113.33 0.323114794266
113.4 0.390035137037
113.47 0.610219049836
113.54 0.567309174784
113.61 0.451709196006
113.68 0.486327405623
113.75 0.499883613408
113.82 0.417949247957
113.89 0.387487871616
113.96 0.320255141603
114.03 0.361640850611
114.1 0.411746583693
114.17 0.513586858082
114.24 0.367472506246
114.31 0.271420765569
114.38 0.256065245479
114.45 0.46125221596
114.52 0.38155869783
114.59 0.350340086001
114.66 0.355441910611
114.73 0.357613529547
114.8 0.509059914793
114.87 0.546559739917
114.94 0.452031697671
115.01 0.354954815761
115.08 0.596567853338
115.15 0.53788948586
115.22 0.493057314571
115.29 0.482281613006
115.36 0.391930013835
115.43 0.602672060897
115.5 0.602937274123
115.57 0.537844347043
115.64 0.300154998462
115.71 0.24425026279
115.78 0.397529207473
115.85 0.290013152395
115.92 0.252383062885
115.99 0.228201856445
116.06 0.136712447889
116.13 0.398927971642
116.2 0.792251061739
116.27 0.520701719185
116.34 0.158132330235
116.41 0.125001561553
116.48 0.746065218504
116.55 0.755413260401
116.62 0.444259127804
116.69 0.234051822215
116.76 0.198654450877
116.83 0.716712937435
116.9 0.842242272858
116.97 0.700577619937
117.04 0.43858289947
117.11 0.774581061061
117.18 0.49596079141
117.25 0.209761658574
117.32 0.178850658009
117.39 0.653627643504
117.46 0.828641926382
117.53 0.626463171437
117.6 0.478011672254
117.67 0.391142270332
117.74 0.370171354889
117.81 0.413767363262
117.88 0.623218681442
117.95 0.544448744285
118.02 0.585092026666
118.09 0.690543141852
118.16 0.530312539724
118.23 0.540984828883
118.3 0.47183171968
118.37 0.4349539682
118.44 0.526133535592
118.51 0.550652095824
118.58 0.478626928064
118.65 0.299336092949
118.72 0.251601531481
118.79 0.159715839887
118.86 0.811130007251
118.93 0.688057233604
119.0 0.514170179738
119.07 0.467690036406
119.14 0.614860981038
119.21 0.520714699195
119.28 0.526788275594
119.35 0.436311004964
119.42 0.424634936674
119.49 0.458216095066
119.56 0.523134584122
119.63 0.347935291168
119.7 0.262444677512
119.77 0.251471473443
119.84 0.376788747118
119.91 0.321655549906
119.98 0.317398344542
120.05 0.30192668165
120.12 0.286343954803
120.19 0.364978157663
120.26 0.623885048537
120.33 0.475054453181
120.4 0.320115598173
120.47 0.591827239113
120.54 0.488843537325
120.61 0.517729952516
120.68 0.503918359703
120.75 0.415102512068
120.82 0.591474309309
120.89 0.494730780686
120.96 0.549391986454
121.03 0.324739329071
121.1 0.205720021224
121.17 0.305379807004
121.24 0.244655744994
121.31 0.183029332648
121.38 0.158159212169
121.45 0.106203225233
121.52 0.470267264017
121.59 0.687995668418
121.66 0.462479580759
121.73 0.200912202165
121.8 0.0910996121941
121.87 0.603871051061
121.94 0.667664346303
122.01 0.441726511489
122.08 0.194422613112
122.15 0.198260873672
122.22 0.605474148879
122.29 0.65168483885
122.36 0.497626529426
122.43 0.510635220413
122.5 0.755916230802
122.57 0.47464396036
122.64 0.150183822987
122.71 0.115224864806
122.78 0.684374476894
122.85 0.772383320688
122.92 0.637989568562
122.99 0.61633420387
123.06 0.573705246192
123.13 0.57190762628
123.2 0.630823669393
123.27 0.617851829986
123.34 0.545401731639
123.41 0.47514418499
123.48 0.471241977911
123.55 0.373456134502
123.62 0.795826249111
123.69 0.660923956828
123.76 0.605696679505
123.83 0.641527486663
123.9 0.663832267889
123.97 0.421840285571
124.04 0.160959972196
124.11 0.110598684347
124.18 0.150733751071
124.25 0.0868123847316
124.32 0.655238594228
124.39 0.272669840267
124.46 0.11634311265
124.53 0.0706389825527
124.6 0.478987063438
124.67 0.55306692354
124.74 0.484210828587
124.81 0.335992458707
124.88 0.199138402236
124.95 0.464689715378
125.02 0.636447606591
125.09 0.308455413754
125.16 0.146032428003
125.23 0.115099509526
125.3 0.528430837636
125.37 0.564494541123
125.44 0.407134260228
125.51 0.318423628888
125.58 0.2494933382
125.65 0.306127691892
125.72 0.146972936241
125.79 0.178525383947
125.86 0.828802467475
125.93 0.790400098978
126.0 0.648617870463
126.07 0.477425345226
126.14 0.390044800488
126.21 0.36875910815
126.28 0.542377312724
126.35 0.751924897648
126.42 0.475972828838
126.49 0.199418956835
126.56 0.0878018409212
126.63 0.865809568084
126.7 0.707789320237
126.77 0.368146030652
126.84 0.28393422923
126.91 0.284089951078
126.98 0.723541527743
127.05 0.611079135263
127.12 0.524461706956
127.19 0.550696432544
127.26 0.353435424031
127.33 0.657150902515
127.4 0.321884775222
127.47 0.470784881861
127.54 0.487713133202
127.61 0.32788528082
127.68 0.636859104531
127.75 0.527980249896
127.82 0.436689650165
127.89 0.439669795597
127.96 0.573265287083
128.03 0.580600032887
128.1 0.35414222053
128.17 0.586443941319
128.24 0.247939992095
128.31 0.531912622186
128.38 0.509803411439
128.45 0.355551593361
128.52 0.486611090401
128.59 0.49682942201
128.66 0.554353209264
128.73 0.446646005231
128.8 0.387248332185
128.87 0.618134493004
128.94 0.383747635094
129.01 0.683385130535
129.08 0.676774125137
129.15 0.498116549771
129.22 0.515072566685
129.29 0.387831390913
129.36 0.656048588465
129.43 0.351548088952
129.5 0.51185222783
129.57 0.412246488815
129.64 0.7467651123
129.71 0.838543603987
129.78 0.518705267151
129.85 0.227731688859
129.92 0.190058152925
129.99 0.802797889116
130.06 0.767664449644
130.13 0.478762274624
130.2 0.150003452433
130.27 0.134844997187
130.34 0.757162694521
130.41 0.665776710021
130.48 0.264142605953
130.55 0.113670045968
130.62 0.265580984115
130.69 0.856516801061
130.76 0.628374491245
130.83 0.27446312186
130.9 0.0950890932005
130.97 0.488011154235
131.04 0.840292452343
131.11 0.72980134399
131.18 0.51955404
131.25 0.620347539805
131.32 0.523300016016
131.39 0.482631046528
131.46 0.453471097592
131.53 0.649776927126
131.6 0.896161885715
131.67 0.77677445646
131.74 0.622201869049
131.81 0.597713563889
131.88 0.619077984981
131.95 0.59635036162
132.02 0.534374845244
132.09 0.526827636643
132.16 0.453909109699
132.23 0.357714312669
132.3 0.38189105099
132.37 0.77835829394
132.44 0.764624852437
132.51 0.394601925629
132.58 0.145042024938
132.65 0.405665675253
132.72 0.862690381782
132.79 0.634804011141
132.86 0.286532357986
132.93 0.107820396378
133.0 0.411214529749
133.07 0.682207916835
133.14 0.508957209631
133.21 0.238191856362
133.28 0.0941352688028
133.35 0.637476262411
133.42 0.660634452679
133.49 0.449781622895
133.56 0.199755698237
133.63 0.184094380756
133.7 0.68410953991
133.77 0.693124577982
133.84 0.562992469386
133.91 0.518512231103
133.98 0.594184067817
134.05 0.486851004256
134.12 0.473834428744
134.19 0.472051717539
134.26 0.816250612937
134.33 0.674823860305
134.4 0.575408356653
134.47 0.507209001955
134.54 0.636752057721
134.61 0.568824511093
134.68 0.447593923724
134.75 0.376346905908
134.82 0.344046456828
134.89 0.31151453922
134.96 0.355421390547
135.03 1.0
135.1 0.857535036263
135.17 0.580078209853
135.24 0.230415885067
135.31 0.231456093096
135.38 0.91718375269
135.45 0.82759112134
135.52 0.562031582531
135.59 0.199184940564
135.66 0.240912070434
135.73 0.88527529326
135.8 0.745666098168
135.87 0.423200519079
135.94 0.153325742612
136.01 0.416786032698
136.08 0.85180626385
136.15 0.609172511556
136.22 0.352363444931
136.29 0.151884027923
136.36 0.571650016345
136.43 0.925474036919
136.5 0.766934119388
136.57 0.596759613019
136.64 0.544943743629
136.71 0.478290958806
136.78 0.493305382534
136.85 0.49938845431
136.92 0.772916110166
136.99 0.758755533139
137.06 0.678922418328
137.13 0.6585768415
137.2 0.623246763194
137.27 0.669033075061
137.34 0.597288185658
137.41 0.566078688126
137.48 0.538402612288
137.55 0.562994957221
137.62 0.629029547427
137.69 0.654606712357
137.76 0.688623939184
137.83 0.618327036478
137.9 0.619583682849
137.97 0.73078389082
138.04 0.652593336387
138.11 0.612160651343
138.18 0.555939524595
138.25 0.656600666571
138.32 0.595191859103
138.39 0.655658978483
138.46 0.57012316943
138.53 0.544595935937
138.6 0.610773148164
138.67 0.551499623923
138.74 0.512881868799
138.81 0.482529837395
138.88 0.456647620593
138.95 0.462861978515
139.02 0.578303115251
139.09 0.8467550696
139.16 0.887632190192
139.23 0.739617997536
139.3 0.538478009506
139.37 0.405163726611
139.44 0.376457572143
139.51 0.127447794237
139.58 0.114627383289
139.65 0.0883424350468
139.72 0.0739647540372
139.79 0.0459247336904
139.86 0.00860479153847
139.93 0.00746502017479
140.0 0.00674230152977
140.07 0.00607868519766
140.14 0.00545955701831
140.21 0.0050310735702
140.28 0.00466839877358
140.35 0.00423656548439
140.42 0.00388346427731
140.49 0.00354911585671
140.56 0.00331223566365
140.63 0.00295210028954
140.7 0.00251237914801
140.77 0.0184467427912
140.84 0.0174799666731
140.91 0.0136758668374
140.98 0.00931119697329
141.05 0.00348284624844
141.12 3.56950279317e-06
141.19 3.91064408576e-06
141.26 2.47951476076e-07
141.33 1.65911155468e-06
141.4 7.38862116629e-07
141.47 2.72746623683e-06
141.54 3.01868441343e-06
141.61 3.49128991146e-06
141.68 3.54454123518e-06
141.75 3.25498716245e-06
141.82 5.43329912341e-06
141.89 1.38952672834e-06
141.96 3.98885696748e-06
142.03 2.16832733776e-06
142.1 3.15014861887e-06
142.17 5.20198868599e-06
142.24 2.51446094195e-06
142.31 3.8840184239e-06
142.38 3.07027163329e-06
142.45 5.38171190355e-06
142.52 3.91064408576e-06
142.59 4.50639326989e-06
142.66 1.60586023096e-06
142.73 1.36290106648e-06
142.8 4.40321883018e-06
142.87 3.54454123518e-06
142.94 2.38133263265e-06
143.01 4.97067824858e-06
143.08 0.00621095482937
143.15 0.00883260735776
143.22 0.00742382029127
143.29 0.00680259034874
143.36 0.00607743878386
143.43 0.00541421351616
143.5 0.00504835029654
143.57 0.00473650721662
143.64 0.00427451038075
143.71 0.00390634071316
143.78 0.0037119833662
143.85 0.0034004464814
143.92 0.00293460556559
143.99 0.00267459932111
144.06 0.0172277118245
144.13 0.0177452880654
144.2 0.0142795421482
144.27 0.00986414873418
144.34 0.00431412437328
144.41 2.96543308971e-06
144.48 2.93880742785e-06
144.55 4.01381852547e-06
144.62 2.88555610413e-06
144.69 3.30823848617e-06
144.76 4.97067824858e-06
144.83 4.5846061516e-06
144.9 3.51791557332e-06
144.97 4.53301893175e-06
145.04 5.0488911303e-06
145.11 1.76727830599e-06
145.18 1.87378095343e-06
145.25 4.5846061516e-06
145.32 4.09203140718e-06
145.39 4.19686995076e-06
145.46 2.56771226567e-06
145.53 3.83243120404e-06
145.6 4.5846061516e-06
145.67 2.56771226567e-06
145.74 6.24538181015e-06
145.81 5.38171190355e-06
145.88 4.27341872861e-06
145.95 3.51791557332e-06
146.02 4.97067824858e-06
146.09 1.60586023096e-06
146.16 2.06182469032e-06
146.23 4.68778059131e-06
146.3 2.59433792753e-06
146.37 0.0014030675415
146.44 0.00242420993287
146.51 0.00191922596592
146.58 0.00155376046712
146.65 0.00124449341998
146.72 0.000982733210024
146.79 0.000847406619515
146.86 0.000703782807128
146.93 0.000578950055598
147.0 0.000468518458928
147.07 0.000395835394361
147.14 0.000335671383179
147.21 0.000251770594449
147.28 0.000218363709333
147.35 0.00126433952269
147.42 0.00133556316817
147.49 0.000957488754373
147.56 0.000589708487094
147.63 0.000240819126905
147.7 3.04531007529e-06
147.77 3.77917988032e-06
147.84 4.42984449204e-06
147.91 6.3069536532e-07
147.98 3.38645136788e-06
148.05 4.40321883018e-06
148.12 3.12352295701e-06
148.19 2.96543308971e-06
148.26 3.35982570602e-06
148.33 3.20339994259e-06
148.4 1.20148299145e-06
148.47 1.63248589282e-06
148.54 3.04531007529e-06
148.61 5.63631979509e-06
148.68 3.01868441343e-06
148.75 4.48143171189e-06
148.82 1.95532204288e-06
148.89 3.51791557332e-06
148.96 3.04531007529e-06
149.03 1.41781649407e-06
149.1 8.3205193314e-08
149.17 2.72746623683e-06
149.24 5.02226546844e-06
149.31 3.93560564375e-06
149.38 4.79095503102e-06
149.45 3.91064408576e-06
149.52 1.60586023096e-06
149.59 2.64758925125e-06
149.66 0.000225837199797
149.73 0.00065084267083
149.8 0.000548531901027
149.87 0.000435214748252
149.94 0.000320121996653
150.01 0.000634847304467
150.08 0.000876664893692
150.15 0.000677905992007
150.22 0.000427153829124
150.29 4.51138558149e-05
150.36 3.2692984557e-05
150.43 2.58618381859e-05
150.5 2.20260787741e-05
150.57 1.8306806633e-05
150.64 1.49037142264e-05
150.71 1.48121885138e-05
150.78 1.19000067478e-05
150.85 9.31731754731e-06
150.92 8.70825553225e-06
150.99 6.92433618759e-06
151.06 8.31552701981e-06
151.13 5.15040146614e-06
151.2 4.81375325399e-05
151.27 4.75650808099e-05
151.34 3.39427265605e-05
151.41 1.8915868648e-05
151.48 7.67318292742e-06
151.55 3.8840184239e-06
151.62 1.82052962971e-06
151.69 3.85739276204e-06
151.76 4.14361862704e-06
151.83 3.09689729515e-06
151.9 2.62096358939e-06
151.97 4.86916791274e-06
152.04 4.35163161032e-06
152.11 3.80580554218e-06
152.18 3.17677428073e-06
152.25 3.62275411689e-06
152.32 1.60586023096e-06
152.39 4.32667005233e-06
152.46 2.11507601404e-06
152.53 3.12352295701e-06
152.6 3.4646642496e-06
152.67 4.5846061516e-06
152.74 5.4582606814e-06
152.81 6.79952839762e-06
152.88 2.0085733666e-06
152.95 3.33486414803e-06
153.02 2.70084057497e-06
153.09 4.73936781117e-06
153.16 2.80734322242e-06
153.23 3.80580554218e-06
153.3 3.25498716245e-06
153.37 3.35982570602e-06
153.44 5.27853746384e-06
153.51 3.62275411689e-06
153.58 5.50984790126e-06
153.65 7.44852890547e-06
153.72 5.78941735079e-06
153.79 6.49832559783e-06
153.86 4.40321883018e-06
153.93 6.69968216565e-06
154.0 1.33627540462e-06
154.07 5.10047835015e-06
154.14 4.73936781117e-06
154.21 3.54454123518e-06
154.28 3.72759266047e-06
154.35 3.96223130561e-06
154.42 5.55977101724e-06
154.49 5.12543990815e-06
154.56 7.22553898739e-06
154.63 3.70096699861e-06
154.7 3.54454123518e-06
154.77 2.85893044227e-06
154.84 3.59612845503e-06
154.91 4.40321883018e-06
154.98 1.65911155468e-06
155.05 5.177027128e-06
155.12 4.32667005233e-06
155.19 1.92869638102e-06
155.26 2.96543308971e-06
155.33 8.48692971803e-07
155.4 1.76727830599e-06
155.47 4.09203140718e-06
155.54 2.91218176599e-06
155.61 3.64937977875e-06
155.68 4.45480605003e-06
155.75 3.41307702974e-06
155.82 4.35163161032e-06
155.89 4.32667005233e-06
155.96 3.22836150058e-06
156.03 3.62275411689e-06
156.1 5.3301246837e-06
156.17 3.77917988032e-06
156.24 4.81758069288e-06
156.31 2.88555610413e-06
156.38 1.98194770474e-06
156.45 5.38171190355e-06
156.52 5.20198868599e-06
156.59 4.06540574532e-06
156.66 1.28135997704e-06
156.73 2.19495299962e-06
156.8 3.70096699861e-06
156.87 3.59612845503e-06
156.94 3.62275411689e-06
157.01 4.5846061516e-06
157.08 4.94571669059e-06
157.15 3.75255421846e-06
157.22 3.4646642496e-06
157.29 2.80734322242e-06
157.36 3.8840184239e-06
157.43 4.94571669059e-06
157.5 6.04236113847e-06
157.57 1.79390396785e-06
157.64 5.66128135309e-06
157.71 4.50639326989e-06
157.78 6.69968216565e-06
157.85 3.59612845503e-06
157.92 2.06182469032e-06
157.99 3.67434133675e-06
158.06 2.80734322242e-06
158.13 3.54454123518e-06
158.2 5.58639667911e-06
158.27 3.38645136788e-06
158.34 3.49128991146e-06
158.41 3.59612845503e-06
158.48 6.79952839762e-06
158.55 6.04236113847e-06
158.62 2.91218176599e-06
158.69 3.62275411689e-06
158.76 4.48143171189e-06
158.83 6.04236113847e-06
158.9 5.78941735079e-06
158.97 1.68573721654e-06
159.04 2.99205875157e-06
159.11 4.84254225088e-06
159.18 3.85739276204e-06
159.25 3.8840184239e-06
159.32 3.30823848617e-06
159.39 3.72759266047e-06
159.46 2.43458395637e-06
159.53 5.99243802248e-06
159.6 5.89092768663e-06
159.67 2.1417016759e-06
159.74 3.22836150058e-06
159.81 4.71440625317e-06
159.88 4.06706984919e-06
159.95 4.14361862704e-06
160.02 3.4646642496e-06
160.09 1.14656756387e-06
160.16 2.64758925125e-06
160.23 4.35163161032e-06
160.3 4.45480605003e-06
160.37 2.1417016759e-06
160.44 3.25498716245e-06
160.51 2.1417016759e-06
160.58 5.38171190355e-06
160.65 3.35982570602e-06
160.72 2.54108660381e-06
160.79 3.85739276204e-06
160.86 2.59433792753e-06
160.93 6.69968216565e-06
161.0 4.32667005233e-06
161.07 5.4832222394e-06
161.14 4.1702442889e-06
161.21 3.35982570602e-06
161.28 2.62096358939e-06
161.35 2.93880742785e-06
161.42 3.28161282431e-06
161.49 3.12352295701e-06
161.56 6.69968216565e-06
161.63 3.75255421846e-06
161.7 4.1702442889e-06
161.77 2.85893044227e-06
161.84 4.37825727219e-06
161.91 4.11033654971e-07
161.98 2.38133263265e-06
162.05 4.40321883018e-06
162.12 2.85893044227e-06
162.19 3.80580554218e-06
162.26 5.0488911303e-06
162.33 4.71440625317e-06
162.4 5.0488911303e-06
162.47 3.77917988032e-06
162.54 2.72746623683e-06
162.61 4.27341872861e-06
162.68 2.03519902846e-06
162.75 5.3051631257e-06
162.82 4.73936781117e-06
162.89 3.09689729515e-06
162.96 3.4397026916e-06
163.03 1.82052962971e-06
163.1 3.07027163329e-06
163.17 4.81758069288e-06
163.24 3.75255421846e-06
163.31 4.48143171189e-06
163.38 5.40667346155e-06
163.45 6.06898680033e-06
163.52 3.67434133675e-06
163.59 3.54454123518e-06
163.66 1.11994190201e-06
163.73 1.68573721654e-06
163.8 4.42984449204e-06
163.87 4.24845717062e-06
163.94 3.15014861887e-06
164.01 4.81758069288e-06
164.08 4.32667005233e-06
164.15 1.98194770474e-06
164.22 2.35470697079e-06
164.29 4.40321883018e-06
164.36 1.71402698227e-06
164.43 3.29492565524e-07
164.5 4.84254225088e-06
164.57 4.89412947073e-06
164.64 4.45480605003e-06
164.71 3.91064408576e-06
164.78 5.20198868599e-06
164.85 3.15014861887e-06
164.92 1.22810865332e-06
164.99 4.30004439047e-06
165.06 4.48143171189e-06
165.13 4.1702442889e-06
165.2 4.94571669059e-06
165.27 1.41781649407e-06
165.34 3.17677428073e-06
165.41 5.3301246837e-06
165.48 3.15014861887e-06
165.55 6.02405599594e-07
165.62 2.80734322242e-06
165.69 2.88555610413e-06
165.76 4.45480605003e-06
165.83 3.62275411689e-06
165.9 3.67434133675e-06
165.97 3.12352295701e-06
166.04 3.62275411689e-06
166.11 3.56950279317e-06
166.18 6.39681526198e-06
166.25 4.5846061516e-06
166.32 3.25498716245e-06
166.39 4.94571669059e-06
166.46 3.35982570602e-06
166.53 1.82052962971e-06
166.6 2.70084057497e-06
166.67 3.38645136788e-06
166.74 4.66281903332e-06
166.81 6.01739958047e-06
166.88 2.32808130893e-06
166.95 3.98885696748e-06
167.02 3.83243120404e-06
167.09 3.93560564375e-06
167.16 4.01381852547e-06
167.23 2.1417016759e-06
167.3 4.84254225088e-06
167.37 4.73936781117e-06
167.44 2.35470697079e-06
167.51 4.09203140718e-06
167.58 3.35982570602e-06
167.65 2.08845035218e-06
167.72 5.89092768663e-06
167.79 4.27341872861e-06
167.86 2.1417016759e-06
167.93 2.67421491311e-06
168.0 3.20339994259e-06
168.07 4.04044418733e-06
168.14 1.65911155468e-06
168.21 3.72759266047e-06
168.28 5.91588924463e-06
168.35 4.79095503102e-06
168.42 4.71440625317e-06
168.49 2.70084057497e-06
168.56 3.01868441343e-06
168.63 5.3301246837e-06
168.7 4.22183150875e-06
168.77 4.76599347303e-06
168.84 3.07027163329e-06
168.91 5.50984790126e-06
168.98 2.70084057497e-06
169.05 4.42984449204e-06
169.12 4.94571669059e-06
169.19 1.25473431518e-06
169.26 4.27341872861e-06
169.33 2.06182469032e-06
169.4 4.37825727219e-06
169.47 5.27853746384e-06
169.54 4.42984449204e-06
169.61 3.62275411689e-06
169.68 1.55260890724e-06
169.75 1.65911155468e-06
169.82 2.99205875157e-06
169.89 2.91218176599e-06
169.96 5.4832222394e-06
170.03 3.93560564375e-06
170.1 5.40667346155e-06
170.17 6.06898680033e-06
170.24 3.30823848617e-06
170.31 3.30823848617e-06
170.38 2.70084057497e-06
170.45 2.91218176599e-06
170.52 3.67434133675e-06
170.59 2.03519902846e-06
170.66 4.40321883018e-06
170.73 3.35982570602e-06
170.8 5.50984790126e-06
170.87 4.14361862704e-06
170.94 2.72746623683e-06
171.01 5.43329912341e-06
171.08 3.25498716245e-06
171.15 2.93880742785e-06
171.22 4.32667005233e-06
171.29 4.91909102873e-06
171.36 4.50639326989e-06
171.43 3.12352295701e-06
171.5 5.68790701495e-06
171.57 4.84254225088e-06
171.64 3.56950279317e-06
171.71 5.10047835015e-06
171.78 2.64758925125e-06
171.85 2.64758925125e-06
171.92 3.75255421846e-06
171.99 0.0
172.06 5.0488911303e-06
172.13 3.41307702974e-06
172.2 4.84254225088e-06
172.27 3.77917988032e-06
172.34 2.30145564707e-06
172.41 2.88555610413e-06
172.48 2.78071756056e-06
172.55 2.96543308971e-06
172.62 4.61123181346e-06
172.69 5.68790701495e-06
172.76 2.54108660381e-06
172.83 5.83934046678e-06
172.9 3.20339994259e-06
172.97 2.08845035218e-06
173.04 2.59433792753e-06
173.11 5.07385268829e-06
173.18 2.99205875157e-06
173.25 2.83396888428e-06
173.32 6.77456683963e-06
173.39 0.000199650861357
173.46 0.000390105884749
173.53 0.000603517220976
173.6 0.00079698593647
173.67 0.000441902781691
173.74 1.71402698227e-06
173.81 4.35163161032e-06
173.88 2.64758925125e-06
173.95 4.37825727219e-06
174.02 3.41307702974e-06
174.09 6.52328715582e-06
174.16 2.62096358939e-06
174.23 3.91064408576e-06
174.3 3.83243120404e-06
174.37 6.69968216565e-06
174.44 4.5846061516e-06
174.51 3.64937977875e-06
174.58 5.78941735079e-06
174.65 3.98885696748e-06
174.72 4.53301893175e-06
174.79 3.75255421846e-06
174.86 3.49128991146e-06
174.93 2.46120961823e-06
175.0 4.94571669059e-06
175.07 4.27341872861e-06
175.14 3.22836150058e-06
175.21 3.67434133675e-06
175.28 7.93777544216e-07
175.35 5.7644557928e-06
175.42 2.43458395637e-06
175.49 5.68790701495e-06
175.56 4.42984449204e-06
175.63 3.64937977875e-06
175.7 0.00264495830304
175.77 0.19452169552
175.84 0.30616489959
175.91 0.310581070141
175.98 0.162590419562
176.05 0.0493462127806
176.12 0.275776544126
176.19 0.144278470848
176.26 0.343718092524
176.33 0.091762344887
176.4 0.0422056113186
176.47 0.266866178187
176.54 0.179352678207
176.61 0.641391782321
176.68 0.668146304065
176.75 0.548771856484
176.82 0.574994715347
176.89 0.619459314382
176.96 0.594251595487
177.03 0.539164625417
177.1 0.519419590392
177.17 0.538884806352
177.24 0.596017933575
177.31 0.565627333235
177.38 0.499744912014
177.45 0.370891747116
177.52 0.305735141438
177.59 0.475362349007
177.66 0.491485250626
177.73 0.573656457995
177.8 0.557564287382
177.87 0.412917655187
177.94 0.591637005416
178.01 0.836253712198
178.08 0.78103845636
178.15 0.631776543587
178.22 0.546095245261
178.29 0.498501435362
178.36 0.453306592604
178.43 0.446238527766
178.5 0.458374135011
178.57 0.416570975563
178.64 0.438090868888
178.71 0.459463958297
178.78 0.471038617762
178.85 0.477297819955
178.92 0.455819332863
178.99 0.533892672812
179.06 0.438044155828
179.13 0.441025218181
179.2 0.456853902908
179.27 0.465878462983
179.34 0.793233415534
179.41 0.82259188374
179.48 0.7974270072
179.55 0.77534975224
179.62 0.790305985584
179.69 0.633847522513
179.76 0.621099425199
179.83 0.590353222504
179.9 0.606696694434
179.97 0.612788404572
180.04 0.615993157431
180.11 0.603400750347
180.18 0.558327347233
180.25 0.522368781828
180.32 0.512794518323
180.39 0.422600033856
180.46 0.403098066162
180.53 0.398496932131
180.6 0.473182514391
180.67 0.73580367511
180.74 0.735330931491
180.81 0.626496629909
180.88 0.598284494628
180.95 0.586585483337
181.02 0.60579786534
181.09 0.508976864362
181.16 0.461221598113
181.23 0.451382356022
181.3 0.412754453192
181.37 0.390527300748
181.44 0.320452517634
181.51 0.222008081824
181.58 0.447966217041
181.65 0.415546561544
181.72 0.449796473358
181.79 0.343165185694
181.86 0.407176671579
181.93 0.413436196608
182.0 0.767491945309
182.07 0.951448563226
182.14 0.527961826602
182.21 0.218151707493
182.28 0.259470582761
182.35 0.652435592653
182.42 0.72290074458
182.49 0.379711720598
182.56 0.159143130221
182.63 0.225788310089
182.7 0.788581118629
182.77 0.637092731401
182.84 0.323825330007
182.91 0.115429361537
182.98 0.321194188758
183.05 0.766567394162
183.12 0.528328170748
183.19 0.243829322725
183.26 0.0801565999618
183.33 0.371669559248
183.4 0.790067016941
183.47 0.631549599758
183.54 0.433257968454
183.61 0.62557279932
183.68 0.624199178096
183.75 0.596903807619
183.82 0.523876476572
183.89 0.483889643228
183.96 0.729310712919
184.03 0.554969872906
184.1 0.14990592097
184.17 0.076242719194
184.24 0.718860929424
184.31 0.793845040269
184.38 0.707469366315
184.45 0.667635956691
184.52 0.610790809299
184.59 0.48425644001
184.66 0.453632068023
184.73 0.487054682248
184.8 0.687629129572
184.87 0.492898252867
184.94 0.349571894054
185.01 0.5309213671
185.08 0.696722816521
185.15 0.536809806951
185.22 0.329683549732
185.29 0.255189514147
185.36 0.1572417967
185.43 0.617828010003
185.5 0.685608892501
185.57 0.50532269862
185.64 0.529267958429
185.71 0.456630651726
185.78 0.717393988584
185.85 0.477253684592
185.92 0.373503115483
185.99 0.305021819988
186.06 0.247650343168
186.13 0.697837213629
186.2 0.598614118658
186.27 0.514482362295
186.34 0.43336117784
186.41 0.62211386458
186.48 0.666582349297
186.55 0.482195540561
186.62 0.299358205561
186.69 0.224839418096
186.76 0.215691779235
186.83 0.717669286278
186.9 0.567719150069
186.97 0.518532258593
187.04 0.514030060529
187.11 0.532936896421
187.18 0.595983714607
187.25 0.329334710295
187.32 0.232362969796
187.39 0.194022517612
187.46 0.724643533933
187.53 0.841311075281
187.6 0.574625835107
187.67 0.590487751988
187.74 0.619968490227
187.81 0.518151846113
187.88 0.516232407142
187.95 0.520297794582
188.02 0.542590434506
188.09 0.69048530925
188.16 0.706675419032
188.23 0.664788633373
188.3 0.650600591976
188.37 0.603528801475
188.44 0.592941661183
188.51 0.538117161895
188.58 0.545040541223
188.65 0.569508060061
188.72 0.521325059211
188.79 0.776218392824
188.86 0.591829146176
188.93 0.234489203626
189.0 0.084898307503
189.07 0.436136550299
189.14 0.921586249299
189.21 0.776724548321
189.28 0.660042015061
189.35 0.635258672607
189.42 0.62552345864
189.49 0.586878387251
189.56 0.535149364114
189.63 0.559528337649
189.7 0.534323522616
189.77 0.527777165988
189.84 0.504379268215
189.91 0.453542833781
189.98 0.440787639064
190.05 0.351427085303
190.12 0.331094706482
190.19 0.256078282068
190.26 0.194662933008
190.33 0.153736323631
190.4 0.274359667851
190.47 0.211730459858
190.54 0.250377831039
190.61 0.304633581228
190.68 0.224709924189
190.75 0.413722811873
190.82 0.294042633466
190.89 0.167718525365
190.96 0.336403237754
191.03 0.372020215887
191.1 0.296990618426
191.17 0.333748947157
191.24 0.388051027662
191.31 0.345664488314
191.38 0.487371446083
191.45 0.234506413788
191.52 0.182806585689
191.59 0.134523755248
191.66 0.400345954547
191.73 0.829336400192
191.8 0.703195822778
191.87 0.444832556363
191.94 0.209495064142
192.01 0.35148577991
192.08 0.850033836806
192.15 0.79893223075
192.22 0.688756361913
192.29 0.380525329268
192.36 0.299680063218
192.43 0.178190929023
192.5 0.12832099613
192.57 0.0969372635954
192.64 0.0564712282457
192.71 0.0376197471045
192.78 0.0268774873704
192.85 0.0201258169358
192.92 0.0140208522099
192.99 0.0115566937996
193.06 0.0101347486639
193.13 0.0089582638407
193.2 0.00772515621937
193.27 0.00679762965511
193.34 0.00627838265392
193.41 0.00774253612015
193.48 0.0073531591129
193.55 0.00665281767256
193.62 0.00603350977
193.69 0.00538714021036
193.76 0.00504209992242
193.83 0.00464210260429
193.9 0.00418595010119
193.97 0.00380013760442
194.04 0.00353092886555
194.11 0.00331568701507
194.18 0.00293271181539
194.25 0.00250381067721
194.32 3.83243120404e-06
194.39 5.40667346155e-06
194.46 6.22042025216e-06
194.53 0.00383337641504
194.6 0.00519456511865
194.67 0.00483438314962
194.74 0.00435982066545
194.81 0.00401825502638
194.88 0.003743013911
194.95 0.00356561211833
195.02 0.00298067295292
195.09 0.00299543688242
195.16 0.00960413916149
195.23 0.0191863171443
195.3 0.0160157116966
195.37 0.0119955163251
195.44 0.00731726938481
195.51 5.68790701495e-06
195.58 3.80580554218e-06
195.65 5.99243802248e-06
195.72 2.32808130893e-06
195.79 4.45480605003e-06
195.86 3.93560564375e-06
195.93 4.81758069288e-06
196.0 5.27853746384e-06
196.07 6.22042025216e-06
196.14 3.20339994259e-06
196.21 4.30004439047e-06
196.28 3.51791557332e-06
196.35 5.38171190355e-06
196.42 3.96223130561e-06
196.49 4.35163161032e-06
196.56 4.76599347303e-06
196.63 0.0949300780915
196.7 0.423410954998
196.77 0.307848716431
196.84 0.504173641557
196.91 0.411556687809
196.98 0.383219302086
197.05 0.427912573954
197.12 0.56529224096
197.19 0.944072308015
197.26 0.771314646498
197.33 0.29486186015
197.4 0.17285209442
197.47 0.460886983436
197.54 0.787290359794
197.61 0.568784462769
197.68 0.210285496838
197.75 0.134151671608
197.82 0.633704600952
197.89 0.725568436206
197.96 0.510761386112
198.03 0.149165695952
198.1 0.104236803618
198.17 0.687512798727
198.24 0.648784785073
198.31 0.378533541717
198.38 0.125163324098
198.45 0.175238292892
198.52 0.684383116921
198.59 0.74628786728
198.66 0.523458385453
198.73 0.518606853713
198.8 0.656448604088
198.87 0.621183435818
198.94 0.549802753852
199.01 0.466258244767
199.08 0.666342971284
199.15 0.69226334266
199.22 0.30381340434
199.29 0.0912946035646
199.36 0.358422901408
199.43 0.907431747916
199.5 0.733095813681
199.57 0.687667190955
199.64 0.646168790498
199.71 0.546037697221
199.78 0.445638032557
199.85 0.466393048829
199.92 0.650991343533
199.99 0.594788199092
200.06 0.400317538309
200.13 0.472823800161
200.2 0.634233048784
200.27 0.631385019886
200.34 0.42806511237
200.41 0.280018544574
200.48 0.208880290923
200.55 0.40718767297
200.62 0.760816713821
200.69 0.548623436724
200.76 0.49933597513
200.83 0.511085942945
200.9 0.653313425748
200.97 0.590348969054
201.04 0.399793001122
201.11 0.336450811156
201.18 0.274685935383
201.25 0.504432947214
201.32 0.711516392033
201.39 0.54213599603
201.46 0.49838834952
201.53 0.511379168031
201.6 0.65543831831
201.67 0.59843875872
201.74 0.396986719597
201.81 0.250419828028
201.88 0.216246551525
201.95 0.567240760146
202.02 0.674507780417
202.09 0.521160564208
202.16 0.485163544692
202.23 0.541994179434
202.3 0.623135940533
202.37 0.435193828803
202.44 0.265369338393
202.51 0.173026326095
202.58 0.472804667959
202.65 0.894310646712
202.72 0.697214171477
202.79 0.566417238409
202.86 0.612681981802
202.93 0.589983330489
203.0 0.501732169875
203.07 0.521507298554
203.14 0.534615677683
203.21 0.584998880116
203.28 0.764829981528
203.35 0.698759749546
203.42 0.676174625062
203.49 0.618915453621
203.56 0.599580512032
203.63 0.575888342451
203.7 0.542368235037
203.77 0.56350955638
203.84 0.560350007239
203.91 0.641038639512
203.98 0.741949556822
204.05 0.411467069159
204.12 0.105629988046
204.19 0.0758079437692
204.26 0.844567640014
204.33 0.857058350383
204.4 0.700082332704
204.47 0.650899666387
204.54 0.645242982953
204.61 0.603135279185
204.68 0.569694007027
204.75 0.551438449801
204.82 0.561288402065
204.89 0.53802082193
204.96 0.511509971587
205.03 0.463505717126
205.1 0.478189744681
205.17 0.395437781703
205.24 0.379930352228
205.31 0.248426970458
205.38 0.181567993181
205.45 0.220295357835
205.52 0.217961621901
205.59 0.20845106362
205.66 0.296986802636
205.73 0.267528538121
205.8 0.215386607547
205.87 0.44022786947
205.94 0.256030615477
206.01 0.259565777823
206.08 0.303752989049
206.15 0.292537173613
206.22 0.381212705675
206.29 0.350210938228
206.36 0.211456212213
206.43 0.46602523528
206.5 0.449744069063
206.57 0.340903914827
206.64 0.20108977536
206.71 0.158575516041
206.78 0.128106563034
206.85 0.743654985379
206.92 0.796527346055
206.99 0.586023042856
207.06 0.261332377175
207.13 0.233306734685
207.2 0.71391856091
207.27 0.840637204741
207.34 0.760268133661
207.41 0.519119389383
207.48 0.330816207052
207.55 0.238945317662
207.62 0.145201489355
207.69 0.1147987344
207.76 0.0702085970338
207.83 0.0443247477461
207.9 0.0314212580772
207.97 0.0237036335919
208.04 0.0163248472795
208.11 0.012451810277
208.18 0.0111101797861
208.25 0.00942369705106
208.32 0.00817015423426
208.39 0.00725589723422
208.46 0.00652189430089
208.53 0.00586946407497
