0.0 0.0
0.07 0.0
0.14 0.0
0.21 0.0
0.28 0.0372649417755
0.35 0.165777021508
0.42 0.0698180712299
0.49 0.0211848410144
0.56 0.0135235319324
0.63 0.0162865470185
0.7 0.0133671236325
0.77 0.145682355642
0.84 0.154105338772
0.91 0.0433784163766
0.98 0.017286924249
1.05 0.0203092565258
1.12 0.0637662726698
1.19 0.0766254105579
1.26 0.179607741153
1.33 0.0738963428362
1.4 0.0208629743625
1.47 0.0184680527438
1.54 0.0128708694372
1.61 0.013447607216
1.68 0.181480645901
1.75 0.218360681675
1.82 0.069597000823
1.89 0.0194272599721
1.96 0.0152999463008
2.03 0.0793397397153
2.1 0.0661757588133
2.17 0.210591645387
2.24 0.128470584212
2.31 0.0398947006449
2.38 0.0185526584842
2.45 0.0185159957819
2.52 0.0190018688454
2.59 0.10142718968
2.66 0.211248194764
2.73 0.0836563680371
2.8 0.0212449893756
2.87 0.0149424305652
2.94 0.0549992683091
3.01 0.0574279600298
3.08 0.21812837283
3.15 0.22139794267
3.22 0.0458281378659
3.29 0.022327917714
3.36 0.0333998975198
3.43 0.113512258043
3.5 0.075182355892
3.57 0.20336761046
3.64 0.0884952372247
3.71 0.0260507233829
3.78 0.0183718991626
3.85 0.125697410378
3.92 0.129647440683
3.99 0.0871717234988
4.06 0.173886683646
4.13 0.061257517961
4.2 0.0253447999772
4.27 0.0207358417566
4.34 0.0193333076679
4.41 0.0296564633399
4.48 0.228642449795
4.55 0.118748599526
4.62 0.0283108691626
4.69 0.0231199632596
4.76 0.0761687761244
4.83 0.14743657031
4.9 0.115755307668
4.97 0.231627652041
5.04 0.0921893231591
5.11 0.0254271399816
5.18 0.0228286373108
5.25 0.0240185419067
5.32 0.0135357485359
5.39 0.17195374334
5.46 0.154552982778
5.53 0.0379615057256
5.6 0.0173096428451
5.67 0.0435424082849
5.74 0.125030296162
5.81 0.119232877228
5.88 0.235710234347
5.95 0.140144872706
6.02 0.0404247507259
6.09 0.0283122711472
6.16 0.0263226245938
6.23 0.0187831866468
6.3 0.0565898472048
6.37 0.14414316351
6.44 0.0943234853156
6.51 0.0706430779163
6.58 0.0450655114357
6.65 0.0208312492242
6.72 0.0211760874739
6.79 0.0975009931127
6.86 0.0709531501715
6.93 0.0295644544763
7.0 0.0408490444371
7.07 0.022409292444
7.14 0.0132276422821
7.21 0.0143028468135
7.28 0.0799442045592
7.35 0.0601762671697
7.42 0.0418160576577
7.49 0.0368344728863
7.56 0.0244657153616
7.63 0.0219634130048
7.7 0.050176217375
7.77 0.324016617804
7.84 0.111474035141
7.91 0.0576979000737
7.98 0.026273052353
8.05 0.0229955540491
8.12 0.0223835458836
8.19 0.137109028199
8.26 0.237381361285
8.33 0.0894700951131
8.4 0.0277758412306
8.47 0.0193920266494
8.54 0.109785157789
8.61 0.0630128848345
8.68 0.266923084274
8.75 0.193847110295
8.82 0.0970718778637
8.89 0.0845382324497
8.96 0.0753076949245
9.03 0.0740809278031
9.1 0.151025251176
9.17 0.319714146303
9.24 0.137695246294
9.31 0.0432111934577
9.38 0.0264325708025
9.45 0.0976395849281
9.52 0.0869319245118
9.59 0.216582891105
9.66 0.166552995799
9.73 0.0488921687092
9.8 0.0350598504798
9.87 0.0261341688603
9.94 0.0179037152769
10.01 0.0564381428049
10.08 0.283593915264
10.15 0.146043471416
10.22 0.04016487113
10.29 0.0224542977603
10.36 0.0638844261285
10.43 0.0740805378258
10.5 0.198348046409
10.57 0.163056309292
10.64 0.103621637173
10.71 0.0696233065658
10.78 0.0641056190075
10.85 0.10326602298
10.92 0.0822826342568
10.99 0.208666356371
11.06 0.160055135702
11.13 0.0388481642809
11.2 0.0199435351518
11.27 0.0811685770264
11.34 0.136441156588
11.41 0.162062953265
11.48 0.188950184442
11.55 0.0839241341992
11.62 0.0691530342064
11.69 0.0414092484668
11.76 0.0325907864378
11.83 0.0367161985668
11.9 0.133132102351
11.97 0.150698222965
12.04 0.0379963103956
12.11 0.022466129221
12.18 0.0168526941736
12.25 0.121341642515
12.32 0.132084425062
12.39 0.271122003905
12.46 0.173347855852
12.53 0.0637735903847
12.6 0.0654083430748
12.67 0.0589798425397
12.74 0.052679984564
12.81 0.095708335061
12.88 0.217195516466
12.95 0.0859214497694
13.02 0.026024981657
13.09 0.0242840906771
13.16 0.0704650290982
13.23 0.11172374632
13.3 0.21214252717
13.37 0.155228844089
13.44 0.0494827539057
13.51 0.0315981507404
13.58 0.0207226195917
13.65 0.0258974816344
13.72 0.0257526147294
13.79 0.247308406359
13.86 0.130296461241
13.93 0.0971073980293
14.0 0.0672092937848
14.07 0.0368541699638
14.14 0.0756834864153
14.21 0.138702193514
14.28 0.217563134548
14.35 0.0800681029316
14.42 0.0478463671784
14.49 0.0328824556311
14.56 0.0626061948928
14.63 0.0511915104323
14.7 0.172761839192
14.77 0.146356259009
14.84 0.0706248408365
14.91 0.0468316123543
14.98 0.0522262185587
15.05 0.125038703235
15.12 0.0513630037639
15.19 0.351665292587
15.26 0.139705977406
15.33 0.0611443359074
15.4 0.0412327466662
15.47 0.0290122997718
15.54 0.02861362048
15.61 0.110699208222
15.68 0.27295314885
15.75 0.112084599423
15.82 0.0434797879187
15.89 0.0350494612906
15.96 0.144589721381
16.03 0.122796771974
16.1 0.301568403367
16.17 0.19831024117
16.24 0.10908633616
16.31 0.0897121759508
16.38 0.0903646531262
16.45 0.0777671642353
16.52 0.253262488206
16.59 0.319663616845
16.66 0.135189772552
16.73 0.048423016326
16.8 0.0704980820932
16.87 0.150491319048
16.94 0.164572483094
17.01 0.373055525954
17.08 0.167689534738
17.15 0.0828593784815
17.22 0.0603023990486
17.29 0.0458352412544
17.36 0.0378094322976
17.43 0.397584480488
17.5 0.281359275935
17.57 0.105585624186
17.64 0.0455854752851
17.71 0.1015300325
17.78 0.203315471137
17.85 0.293949034573
17.92 0.283436839813
17.99 0.192744808785
18.06 0.114287874585
18.13 0.116227895719
18.2 0.263245593325
18.27 0.184262284821
18.34 0.390802360768
18.41 0.258058920771
18.48 0.0943989040284
18.55 0.0595309127205
18.62 0.232298487157
18.69 0.194514881994
18.76 0.548057623693
18.83 0.368256589154
18.9 0.167963339102
18.97 0.10423542602
19.04 0.0712876540223
19.11 0.0663170482404
19.18 0.358052595725
19.25 0.48431180066
19.32 0.224638559111
19.39 0.120536993611
19.46 0.124896986766
19.53 0.314052470095
19.6 0.415022801345
19.67 0.543324344893
19.74 0.331734668586
19.81 0.167602805071
19.88 0.124075362569
19.95 0.103884000054
20.02 0.102777637624
20.09 0.460541983709
20.16 0.400776146718
20.23 0.207106809679
20.3 0.0945338619642
20.37 0.250696063587
20.44 0.263571532178
20.51 0.578323307344
20.58 0.571655687865
20.65 0.276988880699
20.72 0.139718029639
20.79 0.0882388271377
20.86 0.0633552252956
20.93 0.0589109809249
21.0 0.252663031831
21.07 0.0855455390293
21.14 0.101640217207
21.21 0.0840435204374
21.28 0.155419420526
21.35 0.146229211812
21.42 0.196149470313
21.49 0.350547686886
21.56 0.25392957825
21.63 0.330814094895
21.7 0.330573047014
21.77 0.442024998481
21.84 0.508125589972
21.91 0.821977353888
21.98 0.360041984442
22.05 0.284977646645
22.12 0.173867212175
22.19 0.126189431225
22.26 0.143978576967
22.33 0.629389367552
22.4 0.651437824619
22.47 0.580851021074
22.54 0.176495440142
22.61 0.14360748293
22.68 0.108499418684
22.75 0.25288833881
22.82 0.755408783169
22.89 0.632726614571
22.96 0.299118722165
23.03 0.199274147464
23.1 0.154797685488
23.17 0.180112067234
23.24 0.188489345667
23.31 0.158568893466
23.38 0.112561187159
23.45 0.0974639952232
23.52 0.0917404334817
23.59 0.0813695797161
23.66 0.203713064293
23.73 0.383635763698
23.8 0.183351044803
23.87 0.0613788879268
23.94 0.0430386301057
24.01 0.0403480686156
24.08 0.0425550727339
24.15 0.239781404177
24.22 0.203258742329
24.29 0.128080990425
24.36 0.0949354870352
24.43 0.102215219426
24.5 0.190840501194
24.57 0.127098797096
24.64 0.280894812949
24.71 0.262131756867
24.78 0.0896045228731
24.85 0.0563012075873
24.92 0.0878517536998
24.99 0.050013542043
25.06 0.24754362553
25.13 0.224062369234
25.2 0.155003221261
25.27 0.11183669471
25.34 0.259600588131
25.41 0.458008810297
25.48 0.293540821786
25.55 0.326701384424
25.62 0.175443785728
25.69 0.163335077005
25.76 0.153001425786
25.83 0.192982351705
25.9 0.15391770328
25.97 0.362727553578
26.04 0.3061945641
26.11 0.152397239728
26.18 0.104108543193
26.25 0.0899860608892
26.32 0.16519721709
26.39 0.228629923788
26.46 0.31880729917
26.53 0.175452897017
26.6 0.128218073898
26.67 0.0949994207548
26.74 0.0747523527195
26.81 0.0444364683519
26.88 0.239849919324
26.95 0.284852723374
27.02 0.111257924859
27.09 0.0571438470499
27.16 0.0489352434766
27.23 0.0432865042016
27.3 0.279444658117
27.37 0.305865922801
27.44 0.123195704268
27.51 0.0528717792768
27.58 0.0891675339499
27.65 0.214733754024
27.72 0.161642385288
27.79 0.2586730722
27.86 0.0871351687653
27.93 0.0672713614145
28.0 0.0540444265707
28.07 0.0821280743205
28.14 0.148164205139
28.21 0.110656025486
28.28 0.237284687197
28.35 0.0956909262801
28.42 0.0563122687622
28.49 0.159958018458
28.56 0.121138694773
28.63 0.187993860146
28.7 0.247910948712
28.77 0.234441091839
28.84 0.115221283686
28.91 0.180725688488
28.98 0.144384986511
29.05 0.156280730555
29.12 0.268564305431
29.19 0.263063530319
29.26 0.103742802481
29.33 0.0679875128618
29.4 0.0603138018565
29.47 0.104427509187
29.54 0.280243355838
29.61 0.597264852177
29.68 0.591212686201
29.75 0.280199214273
29.82 0.147897421978
29.89 0.0980171442087
29.96 0.0753822015415
30.03 0.304989672772
30.1 0.386515481914
30.17 0.223871842753
30.24 0.160118097702
30.31 0.0980973248346
30.38 0.0835512949334
30.45 0.133005375837
30.52 0.253643586289
30.59 0.116786211098
30.66 0.11210166496
30.73 0.0907609023115
30.8 0.0847931809275
30.87 0.0786685436286
30.94 0.220035429601
31.01 0.130694557178
31.08 0.0492046146693
31.15 0.0429540066391
31.22 0.031832834901
31.29 0.0304777765221
31.36 0.215119391637
31.43 0.229007924613
31.5 0.211438571377
31.57 0.177105765926
31.64 0.102491700453
31.71 0.0960442956865
31.78 0.0668647697729
31.85 0.140668177147
31.92 0.268640234982
31.99 0.199670825302
32.06 0.0921830271203
32.13 0.0979861200626
32.2 0.145198421185
32.27 0.229262670045
32.34 0.182184032843
32.41 0.146448176019
32.48 0.10170429596
32.55 0.11229817163
32.62 0.341909528131
32.69 0.35461713727
32.76 0.205897770411
32.83 0.210597696481
32.9 0.124414563874
32.97 0.144645839439
33.04 0.130300971764
33.11 0.1340694499
33.18 0.303488174687
33.25 0.5143074927
33.32 0.461622222493
33.39 0.428631430519
33.46 0.250727598571
33.53 0.122360994881
33.6 0.0861544596058
33.67 0.300866365231
33.74 0.355350210832
33.81 0.288024742482
33.88 0.22224243533
33.95 0.178084260917
34.02 0.10473963124
34.09 0.271264951541
34.16 0.370450640224
34.23 0.265402206572
34.3 0.127633127258
34.37 0.0824979516925
34.44 0.472114589646
34.51 0.465551849894
34.58 0.301354898843
34.65 0.154683879793
34.72 0.0918439144466
34.79 0.139382297843
34.86 0.121392012436
34.93 0.0708063317684
35.0 0.431738536129
35.07 0.406151834188
35.14 0.215336560659
35.21 0.0884748310975
35.28 0.0681975511004
35.35 0.0526311664942
35.42 0.0447123466867
35.49 0.267538507158
35.56 0.151647305287
35.63 0.0762630958453
35.7 0.0578843221238
35.77 0.0362587793442
35.84 0.093795090221
35.91 0.0764467477672
35.98 0.274778951751
36.05 0.11598678499
36.12 0.0597335526703
36.19 0.0429161723932
36.26 0.0767723095348
36.33 0.0832923419364
36.4 0.239400328654
36.47 0.223286886444
36.54 0.165780718235
36.61 0.101301017514
36.68 0.0504822834996
36.75 0.136047783889
36.82 0.127505644962
36.89 0.353134050304
36.96 0.143138154896
37.03 0.132213578459
37.1 0.0989013597655
37.17 0.0842698104167
37.24 0.0727168354868
37.31 0.211749552505
37.38 0.529183654516
37.45 0.361451918431
37.52 0.14752140488
37.59 0.114919083493
37.66 0.105204364955
37.73 0.088548723742
37.8 0.418947952064
37.87 0.557671857002
37.94 0.503080330928
38.01 0.443911935966
38.08 0.388214564747
38.15 0.349914299261
38.22 0.273999509563
38.29 0.403618713954
38.36 0.30063548899
38.43 0.198336846648
38.5 0.119835148852
38.57 0.0783164811296
38.64 0.12504833503
38.71 0.419421963049
38.78 0.3537955872
38.85 0.443311064715
38.92 0.314088207809
38.99 0.153380019635
39.06 0.137607739896
39.13 0.117877810792
39.2 0.179568008588
39.27 0.138586624864
39.34 0.100426167858
39.41 0.109072055255
39.48 0.227773353111
39.55 0.208528613804
39.62 0.303405551063
39.69 0.166292081635
39.76 0.126211609976
39.83 0.12630455833
39.9 0.364822643875
39.97 0.456529221847
40.04 0.183180091316
40.11 0.256268923267
40.18 0.244068189565
40.25 0.253960626569
40.32 0.256387795444
40.39 0.231534774592
40.46 0.335952977502
40.53 0.695911429447
40.6 0.459194824788
40.67 0.19689794798
40.74 0.105009213536
40.81 0.0835547354358
40.88 0.0760754909714
40.95 0.137067659985
41.02 0.322631729383
41.09 0.142961172875
41.16 0.0830441600486
41.23 0.046468862543
41.3 0.0432413522409
41.37 0.0607958637781
41.44 0.41278182569
41.51 0.363109094817
41.58 0.387586443428
41.65 0.223982744567
41.72 0.117721002846
41.79 0.0927822804491
41.86 0.10082165965
41.93 0.293537593999
42.0 0.122835532819
42.07 0.0864470086653
42.14 0.0456618544379
42.21 0.0480461628722
42.28 0.0529481020279
42.35 0.322093433377
42.42 0.260162722709
42.49 0.200849826648
42.56 0.196903836315
42.63 0.234998342032
42.7 0.136325499307
42.77 0.173429928352
42.84 0.382999030649
42.91 0.222990647103
42.98 0.217554145732
43.05 0.192417451833
43.12 0.263021785019
43.19 0.265763788063
43.26 0.322872844946
43.33 0.430438293736
43.4 0.219914172438
43.47 0.23961752346
43.54 0.225803750102
43.61 0.235114137901
43.68 0.200718006257
43.75 0.423602242731
43.82 0.250272727093
43.89 0.167588625689
43.96 0.163707174991
44.03 0.144853977747
44.1 0.136647364347
44.17 0.247652239048
44.24 0.268155141873
44.31 0.17141725541
44.38 0.136964926745
44.45 0.0942242522028
44.52 0.089956865769
44.59 0.107675307979
44.66 0.373020929164
44.73 0.366925375794
44.8 0.349089904936
44.87 0.250842453337
44.94 0.138223755804
45.01 0.112559744888
45.08 0.434977681292
45.15 0.565364937955
45.22 0.611473340595
45.29 0.450385659367
45.36 0.358137367448
45.43 0.196081098587
45.5 0.158753022385
45.57 0.495326028371
45.64 0.348195163214
45.71 0.354387901511
45.78 0.210272605265
45.85 0.15733555152
45.92 0.135059587809
45.99 0.369744093177
46.06 0.513126852483
46.13 0.606023976418
46.2 0.402231621034
46.27 0.150695617208
46.34 0.235846753804
46.41 0.112991934834
46.48 0.270294615456
46.55 0.204917349706
46.62 0.121440886908
46.69 0.0949918887135
46.76 0.284433091664
46.83 0.356114743639
46.9 0.314043550572
46.97 0.240087210853
47.04 0.156319451113
47.11 0.111988020412
47.18 0.137478436631
47.25 0.187673173094
47.32 0.106638095618
47.39 0.233954134252
47.46 0.244901442176
47.53 0.103985527909
47.6 0.0562743636114
47.67 0.0430920376607
47.74 0.0451843626637
47.81 0.174332287523
47.88 0.384382567041
47.95 0.337995709315
48.02 0.227214169146
48.09 0.239327992696
48.16 0.182318758726
48.23 0.263489138995
48.3 0.252893099111
48.37 0.300327221588
48.44 0.192867029611
48.51 0.217492039427
48.58 0.15508221584
48.65 0.155458505277
48.72 0.153889742551
48.79 0.537726971432
48.86 0.680507605758
48.93 0.635320419788
49.0 0.571022822359
49.07 0.572380486495
49.14 0.438660032454
49.21 0.444486939797
49.28 0.46685516215
49.35 0.395414003708
49.42 0.337661152285
49.49 0.30080727561
49.56 0.337695605653
49.63 0.317771413054
49.7 0.446450702814
49.77 0.616099158082
49.84 0.433282710947
49.91 0.614127416645
49.98 0.464598023385
50.05 0.63325769922
50.12 0.635872192572
50.19 0.439720055265
50.26 0.503497353657
50.33 0.448748608712
50.4 0.469989853016
50.47 0.607563063804
50.54 0.497718007433
50.61 0.654900430008
50.68 0.539735573784
50.75 0.425636222615
50.82 0.624054722778
50.89 0.539922050625
50.96 0.515268744892
51.03 0.654890376006
51.1 0.57530226586
51.17 0.672259243836
51.24 0.656661680382
51.31 0.596226502114
51.38 0.53252340577
51.45 0.472274925114
51.52 0.414567285277
51.59 0.565663813671
51.66 0.584222760137
51.73 0.561880991782
51.8 0.504289305737
51.87 0.56287514549
51.94 0.466901163359
52.01 0.497290408584
52.08 0.634755397443
52.15 0.588360023064
52.22 0.496358609348
52.29 0.522412892483
52.36 0.450683097647
52.43 0.546260799975
52.5 0.511704959727
52.57 0.495095313277
52.64 0.536059017491
52.71 0.376398411529
52.78 0.444035088225
52.85 0.411296719545
52.92 0.472324664949
52.99 0.355215652542
53.06 0.167737166761
53.13 0.0813108188362
53.2 0.0705334588373
53.27 0.0646754032652
53.34 0.231504295125
53.41 0.196498698225
53.48 0.156421883007
53.55 0.119843480186
53.62 0.0680657323208
53.69 0.0730052785042
53.76 0.0837136544161
53.83 0.138217392083
53.9 0.204614121391
53.97 0.106209715202
54.04 0.0838339640303
54.11 0.0454363347443
54.18 0.0728890717091
54.25 0.0497115384507
54.32 0.286249249878
54.39 0.228537842408
54.46 0.220569216696
54.53 0.121356614743
54.6 0.133290139854
54.67 0.231070546881
54.74 0.145713060716
54.81 0.244020298094
54.88 0.180802272298
54.95 0.20517664917
55.02 0.159750914718
55.09 0.231181906354
55.16 0.256636417265
55.23 0.314700626901
55.3 0.285006880441
55.37 0.155395849459
55.44 0.133616488022
55.51 0.100568245298
55.58 0.0886473718889
55.65 0.152134475589
55.72 0.261418254687
55.79 0.148592355113
55.86 0.0836687183932
55.93 0.0413273564529
56.0 0.102868992228
56.07 0.210462508104
56.14 0.230492046147
56.21 0.239940240971
56.28 0.0995367714045
56.35 0.0533450667088
56.42 0.0416653958831
56.49 0.0424840114537
56.56 0.161799138443
56.63 0.524843310095
56.7 0.478861746772
56.77 0.18341230186
56.84 0.0975905138565
56.91 0.22782218085
56.98 0.263695496621
57.05 0.281726876291
57.12 0.0947535561701
57.19 0.0745494758826
57.26 0.0599586082586
57.33 0.107102703637
57.4 0.159529083695
57.47 0.200623937926
57.54 0.169894701773
57.61 0.0812473250497
57.68 0.0607549322744
57.75 0.174241339011
57.82 0.132602595338
57.89 0.263958953695
57.96 0.208704633773
58.03 0.175346331686
58.1 0.114077182087
58.17 0.191800744602
58.24 0.115420354215
58.31 0.130437589521
58.38 0.371991368094
58.45 0.258828059177
58.52 0.10881522135
58.59 0.0642151123914
58.66 0.0587028667893
58.73 0.0443734080526
58.8 0.25992585661
58.87 0.414370598121
58.94 0.52340203611
59.01 0.472948822036
59.08 0.331899993185
59.15 0.199888047503
59.22 0.163788125903
59.29 0.314871756039
59.36 0.56577560502
59.43 0.557666046017
59.5 0.365933249323
59.57 0.207194361199
59.64 0.131068577657
59.71 0.106027840739
59.78 0.336645551436
59.85 0.375965027479
59.92 0.120785623489
59.99 0.0779740278651
60.06 0.425793742833
60.13 0.50928275581
60.2 0.482503596695
60.27 0.332539865391
60.34 0.140848812385
60.41 0.101761733817
60.48 0.106391120726
60.55 0.340049871331
60.62 0.449919164309
60.69 0.363578289099
60.76 0.385930604567
60.83 0.30790579102
60.9 0.292382466678
60.97 0.263493367509
61.04 0.14319562176
61.11 0.194106951215
61.18 0.171212676854
61.25 0.0796993149178
61.32 0.0540661863382
61.39 0.045841374534
61.46 0.0433465848808
61.53 0.213014497117
61.6 0.210235098149
61.67 0.305674821023
61.74 0.381497216714
61.81 0.254635564504
61.88 0.162575678362
61.95 0.289539084034
62.02 0.300383940728
62.09 0.274365611246
62.16 0.294885545766
62.23 0.190642627992
62.3 0.165726061786
62.37 0.159535204082
62.44 0.307342022404
62.51 0.430339977553
62.58 0.436667472351
62.65 0.41320178453
62.72 0.335385525051
62.79 0.395304479707
62.86 0.478624015309
62.93 0.46876052687
63.0 0.518683170356
63.07 0.363478127776
63.14 0.378031062854
63.21 0.458342524524
63.28 0.508357086632
63.35 0.462954165853
63.42 0.509336372857
63.49 0.458049229351
63.56 0.389865525668
63.63 0.348109142598
63.7 0.436729444904
63.77 0.484088820654
63.84 0.382570629284
63.91 0.269965669588
63.98 0.133952221429
64.05 0.0841874349598
64.12 0.0774841567283
64.19 0.0625645462821
64.26 0.289233129102
64.33 0.50034916023
64.4 0.58013889993
64.47 0.424818503025
64.54 0.459093333997
64.61 0.439921539786
64.68 0.494863710259
64.75 0.473478567548
64.82 0.531830108283
64.89 0.418266270099
64.96 0.362504626751
65.03 0.424344396963
65.1 0.485369570627
65.17 0.582357306856
65.24 0.671698504796
65.31 0.415729649739
65.38 0.392368417825
65.45 0.423833505726
65.52 0.536531425057
65.59 0.372328055495
65.66 0.388822502323
65.73 0.248751871952
65.8 0.130473846131
65.87 0.0890367803563
65.94 0.0677849244792
66.01 0.0651351849123
66.08 0.357954034598
66.15 0.611510004908
66.22 0.831235873092
66.29 0.411143782365
66.36 0.21431493611
66.43 0.0966640872836
66.5 0.0931396189222
66.57 0.636724176987
66.64 0.360218387943
66.71 0.163275180034
66.78 0.120177847061
66.85 0.104320626395
66.92 0.0829100529723
66.99 0.147543111469
67.06 0.512746386099
67.13 0.560516646464
67.2 0.516190925225
67.27 0.409648804314
67.34 0.179759579305
67.41 0.108621191519
67.48 0.432561111098
67.55 0.506248451875
67.62 0.167271483887
67.69 0.0963493030711
67.76 0.0799392960017
67.83 0.0519219862944
67.9 0.0456428116198
67.97 0.420803612402
68.04 0.65885736549
68.11 0.562046886844
68.18 0.441863572043
68.25 0.268227039509
68.32 0.187816837838
68.39 0.155436097696
68.46 0.385153001074
68.53 0.59609256102
68.6 0.532933636125
68.67 0.404151626018
68.74 0.375880660237
68.81 0.171432561214
68.88 0.331112214829
68.95 0.531565304014
69.02 0.468455409905
69.09 0.158753422031
69.16 0.162855599891
69.23 0.471850605619
69.3 0.399424095355
69.37 0.447981329949
69.44 0.245123787261
69.51 0.116961493011
69.58 0.0704816804851
69.65 0.0648530459912
69.72 0.0531369429043
69.79 0.180941147733
69.86 0.410839901403
69.93 0.675874269121
70.0 0.34366635339
70.07 0.120444796205
70.14 0.0838997702856
70.21 0.0903085705203
70.28 0.548774511585
70.35 0.247652332513
70.42 0.130145701166
70.49 0.107261704803
70.56 0.0847808450747
70.63 0.084297213575
70.7 0.368398329795
70.77 0.596732605654
70.84 0.455065688537
70.91 0.455665920032
70.98 0.235350336849
71.05 0.128123140205
71.12 0.0913156676079
71.19 0.546363043326
71.26 0.262069289591
71.33 0.158889159921
71.4 0.10851585091
71.47 0.06608222227
71.54 0.158445934584
71.61 0.217173661622
71.68 0.664176717352
71.75 0.860221145179
71.82 0.630366420271
71.89 0.613256490935
71.96 0.270815754072
72.03 0.361420124
72.1 0.544027714109
72.17 0.567190267081
72.24 0.419383281166
72.31 0.237477226412
72.38 0.118412551881
72.45 0.196510985734
72.52 0.163943477074
72.59 0.523217001541
72.66 0.36134477458
72.73 0.241527052235
72.8 0.106051232932
72.87 0.160334678535
72.94 0.492150299644
73.01 0.507225443358
73.08 0.34801359332
73.15 0.140641194584
73.22 0.111219860172
73.29 0.0875185938204
73.36 0.0671099253079
73.43 0.0743864589175
73.5 0.409568161195
73.57 0.397267317736
73.64 0.48782471957
73.71 0.512883638777
73.78 0.350990043637
73.85 0.564220290065
73.92 0.539312211506
73.99 0.454017693787
74.06 0.633270418604
74.13 0.512284633616
74.2 0.610029870168
74.27 0.543689789093
74.34 0.48313091711
74.41 0.664404336799
74.48 0.619683808646
74.55 0.442225532231
74.62 0.473655108024
74.69 0.274634444205
74.76 0.533228044829
74.83 0.42477509307
74.9 0.332769908499
74.97 0.527006739888
75.04 0.257177212671
75.11 0.253264339792
75.18 0.119239682493
75.25 0.0979497989933
75.32 0.478586558149
75.39 0.480515603516
75.46 0.498421191329
75.53 0.370843940408
75.6 0.433302166303
75.67 0.37713450661
75.74 0.453674457345
75.81 0.44663634491
75.88 0.455969193468
75.95 0.506577072225
76.02 0.417746933114
76.09 0.467334947055
76.16 0.361414516061
76.23 0.606537839217
76.3 0.508873331193
76.37 0.413811839586
76.44 0.491432871907
76.51 0.628981377149
76.58 0.476809747357
76.65 0.455788339069
76.72 0.317841718552
76.79 0.138046599743
76.86 0.101560115544
76.93 0.0847795462246
77.0 0.0760278831204
77.07 0.212166897529
77.14 0.505750985849
77.21 0.516631957342
77.28 0.407943386767
77.35 0.449959934665
77.42 0.336576649534
77.49 0.3611336212
77.56 0.528161983235
77.63 0.589491286029
77.7 0.427738432415
77.77 0.551326771326
77.84 0.395933348751
77.91 0.540885381621
77.98 0.437464129943
78.05 0.50849049755
78.12 0.40720007066
78.19 0.470293872565
78.26 0.434866241244
78.33 0.424589676582
78.4 0.472613775117
78.47 0.58298476747
78.54 0.407545263435
78.61 0.400026413712
78.68 0.342977306978
78.75 0.416202382823
78.82 0.385317486095
78.89 0.587817622627
78.96 0.477691474794
79.03 0.352327704516
79.1 0.460161510879
79.17 0.364530080312
79.24 0.469037858756
79.31 0.560291816482
79.38 0.503607344988
79.45 0.465852901103
79.52 0.560157777088
79.59 0.39207500018
79.66 0.512896358161
79.73 0.450275184594
79.8 0.581240600358
79.87 0.443682821069
79.94 0.372394569189
80.01 0.481577220078
80.08 0.559589431879
80.15 0.534031328812
80.22 0.51063062217
80.29 0.42436723642
80.36 0.334209633855
80.43 0.329181785204
80.5 0.399958589888
80.57 0.380384124758
80.64 0.269133292008
80.71 0.475834241656
80.78 0.258410899473
80.85 0.178404593443
80.92 0.144942022378
80.99 0.145138849732
81.06 0.144700719884
81.13 0.150451607433
81.2 0.156848564926
81.27 0.14205588404
81.34 0.123363882792
81.41 0.117996144736
81.48 0.133160665773
81.55 0.152215010739
81.62 0.283097577272
81.69 0.253204784454
81.76 0.217231697337
81.83 0.207777743095
81.9 0.227833648116
81.97 0.223858454606
82.04 0.294649991408
82.11 0.370259639969
82.18 0.289604679186
82.25 0.23077224485
82.32 0.254241371562
82.39 0.251376275885
82.46 0.330362217541
82.53 0.456960188682
82.6 0.425984085606
82.67 0.352530882699
82.74 0.353061788474
82.81 0.320499528393
82.88 0.287017340825
82.95 0.392781708375
83.02 0.550895567603
83.09 0.468128571848
83.16 0.406199646697
83.23 0.383196326942
83.3 0.38040059566
83.37 0.453162154455
83.44 0.411755437617
83.51 0.414504600451
83.58 0.352731142498
83.65 0.327584844199
83.72 0.271609054957
83.79 0.208444815414
83.86 0.785811089411
83.93 0.48304387804
84.0 0.188704837142
84.07 0.149681745473
84.14 0.10605472339
84.21 0.0713485227135
84.28 0.0693064693321
84.35 0.0839783668301
84.42 0.0903334098194
84.49 0.0819068492119
84.56 0.0711667191551
84.63 0.0844120377232
84.7 0.126059389904
84.77 0.153005614014
84.84 0.396324755449
84.91 0.239397416716
84.98 0.0890605754186
85.05 0.0829366117169
85.12 0.169967224662
85.19 0.184869326416
85.26 0.141334869156
85.33 0.138893559575
85.4 0.0738281789908
85.47 0.0811885722271
85.54 0.0958883595493
85.61 0.117590727861
85.68 0.192050352647
85.75 0.277348900669
85.82 0.124560191396
85.89 0.0880188009677
85.96 0.105602894379
86.03 0.17948729134
86.1 0.143406925008
86.17 0.196443677582
86.24 0.108196035668
86.31 0.0848714132783
86.38 0.0687412503875
86.45 0.216228172893
86.52 0.199853073628
86.59 0.162022629288
86.66 0.183817227235
86.73 0.111840637993
86.8 0.111786213596
86.87 0.219494622914
86.94 0.476704667808
87.01 0.255722139613
87.08 0.212142635139
87.15 0.132671751853
87.22 0.104681531066
87.29 0.10239308937
87.36 0.0831917632407
87.43 0.0903219393295
87.5 0.152917166513
87.57 0.161869095862
87.64 0.110371640166
87.71 0.0931767876282
87.78 0.0839058020423
87.85 0.0693960158596
87.92 0.190436347717
87.99 0.31909634488
88.06 0.175296374302
88.13 0.105029498803
88.2 0.0826647443471
88.27 0.0799531772604
88.34 0.0700954707986
88.41 0.0917355233127
88.48 0.0962865263916
88.55 0.0899439578421
88.62 0.071012420278
88.69 0.0541463089509
88.76 0.0468391427841
88.83 0.0428874929456
88.9 0.0574583170245
88.97 0.0774371950794
89.04 0.064090551702
89.11 0.0748560721829
89.18 0.0710018425461
89.25 0.0624571897161
89.32 0.0600720852124
89.39 0.0688615245493
89.46 0.0419377128549
89.53 0.037490809548
89.6 0.032733439174
89.67 0.0221169867175
89.74 0.0774860582706
89.81 0.329277421501
89.88 0.207666008148
89.95 0.0959554195333
90.02 0.06977890107
90.09 0.0699598441
90.16 0.0668292802255
90.23 0.0719710393174
90.3 0.0715872694064
90.37 0.060308071446
90.44 0.037636603052
90.51 0.045525418778
90.58 0.0648499277841
90.65 0.0621189746349
90.72 0.0703107914572
90.79 0.0575673044047
90.86 0.0456244182268
90.93 0.0547022699629
91.0 0.0365658445843
91.07 0.597951120404
91.14 0.47502112122
91.21 0.321252798591
91.28 0.167621590053
91.35 0.113048620132
91.42 0.0636917434921
91.49 0.0563503044426
91.56 0.152503983933
91.63 0.142229380437
91.7 0.140615077384
91.77 0.116146148738
91.84 0.117321587109
91.91 0.15245513041
91.98 0.205381709558
92.05 0.2555501854
92.12 0.432016878412
92.19 0.160602159466
92.26 0.11501198028
92.33 0.139004904545
92.4 0.225369998636
92.47 0.332019189269
92.54 0.241404894257
92.61 0.157998116538
92.68 0.144368522056
92.75 0.131218046938
92.82 0.173443461532
92.89 0.192152125446
92.96 0.39591383377
93.03 0.360176144697
93.1 0.151959480519
93.17 0.117800476033
93.24 0.182292146803
93.31 0.241755462917
93.38 0.251488853634
93.45 0.176002734418
93.52 0.150420575229
93.59 0.127796875834
93.66 0.136745074615
93.73 0.280429929367
93.8 0.166097131651
93.87 0.270347204381
93.94 0.169957834589
94.01 0.106778427828
94.08 0.153743839466
94.15 0.431999804818
94.22 0.379164846168
94.29 0.308415725039
94.36 0.188837057179
94.43 0.14924271642
94.5 0.128531925066
94.57 0.374170427598
94.64 0.165429042491
94.71 0.268664674635
94.78 0.457236598804
94.85 0.177020220695
94.92 0.118242974595
94.99 0.12619921611
95.06 0.0911279644339
95.13 0.0893940962687
95.2 0.441853553493
95.27 0.379895225342
95.34 0.147791216006
95.41 0.172885589308
95.48 0.164353045113
95.55 0.108362035476
95.62 0.274041725414
95.69 0.412848352276
95.76 0.318912646225
95.83 0.22323414604
95.9 0.1459842561
95.97 0.0841933023458
96.04 0.102098511461
96.11 0.313319910593
96.18 0.0903112665205
96.25 0.0897020494323
96.32 0.116036482926
96.39 0.123119773105
96.46 0.0511721839943
96.53 0.334729428499
96.6 0.344038556123
96.67 0.30654206612
96.74 0.173611048644
96.81 0.106748069221
96.88 0.0676667097844
96.95 0.0826355524498
97.02 0.358341154769
97.09 0.210286265751
97.16 0.117333478194
97.23 0.0890394392925
97.3 0.0902005242423
97.37 0.105135878814
97.44 0.126316259261
97.51 0.17798970592
97.58 0.105556179286
97.65 0.0720030174576
97.72 0.0736105410289
97.79 0.118152261358
97.86 0.0437748009258
97.93 0.265988452063
98.0 0.277320184158
98.07 0.116705314977
98.14 0.106445529008
98.21 0.15645031751
98.28 0.173902922495
98.35 0.207264803672
98.42 0.376359388013
98.49 0.421581944282
98.56 0.337453811658
98.63 0.149514258272
98.7 0.125905492284
98.77 0.129660820772
98.84 0.299654410802
98.91 0.301839980671
98.98 0.259904314392
99.05 0.298871674756
99.12 0.303297293681
99.19 0.302708635811
99.26 0.33365712946
99.33 0.332889270565
99.4 0.266184631603
99.47 0.321645226965
99.54 0.270342664851
99.61 0.342221846784
99.68 0.344393222768
99.75 0.44258906522
99.82 0.382929956319
99.89 0.343806145756
99.96 0.332934213034
100.03 0.298094617554
100.1 0.370071081101
100.17 0.392886309316
100.24 0.413764010962
100.31 0.320722153875
100.38 0.383272000268
100.45 0.308046165128
100.52 0.255215604198
100.59 0.174152311379
100.66 0.268048379942
100.73 0.272551017776
100.8 0.207678329497
100.87 0.197539293075
100.94 0.176862038159
101.01 0.155395546501
101.08 0.187658595678
101.15 0.254833787396
101.22 0.201785730314
101.29 0.16950275523
101.36 0.16380640327
101.43 0.172667160112
101.5 0.142322001661
101.57 0.284797457786
101.64 0.242683412336
101.71 0.219888127755
101.78 0.202319781691
101.85 0.184923902292
101.92 0.182186653104
101.99 0.171306994964
102.06 0.310640408667
102.13 0.180814854707
102.2 0.135696804302
102.27 0.100840755646
102.34 0.104836521266
102.41 0.0791777492607
102.48 0.0750952265793
102.55 0.0401788458544
102.62 0.0353328378258
102.69 0.0334472443115
102.76 0.0257487890842
102.83 0.0209510995676
102.9 0.0541418451609
102.97 0.535583356355
103.04 0.446168652524
103.11 0.334494357584
103.18 0.165407121576
103.25 0.121552957042
103.32 0.101264491787
103.39 0.0862854226913
103.46 0.0669998743532
103.53 0.0509734115881
103.6 0.0414691728328
103.67 0.0363239941877
103.74 0.025167954932
103.81 0.0944351622501
103.88 0.669359121105
103.95 0.544144903905
104.02 0.288334856635
104.09 0.145246362611
104.16 0.131803145057
104.23 0.0886759659283
104.3 0.417743515173
104.37 0.47784971212
104.44 0.251410055655
104.51 0.200509872783
104.58 0.168486898156
104.65 0.11247221754
104.72 0.0583498583536
104.79 0.235224362895
104.86 0.342303237629
104.93 0.21886183637
105.0 0.160986754453
105.07 0.165194932016
105.14 0.147896284275
105.21 0.0885577818516
105.28 0.458602123723
105.35 0.454723623638
105.42 0.226402310496
105.49 0.131176551418
105.56 0.137044664215
105.63 0.103198133085
105.7 0.180421040462
105.77 0.275341579441
105.84 0.166188647403
105.91 0.129116654157
105.98 0.0923735374864
106.05 0.082937701075
106.12 0.201082212843
106.19 0.351747776013
106.26 0.331135370135
106.33 0.325527572033
106.4 0.263522646426
106.47 0.296076881353
106.54 0.26251129504
106.61 0.253776534713
106.68 0.39966793109
106.75 0.275863883155
106.82 0.234029467556
106.89 0.313306303286
106.96 0.280905845117
107.03 0.317613029084
107.1 0.380818208189
107.17 0.344991468924
107.24 0.240727922639
107.31 0.260432377522
107.38 0.22847875601
107.45 0.24136374037
107.52 0.317201527274
107.59 0.311402396952
107.66 0.241162280021
107.73 0.264121609689
107.8 0.3131873457
107.87 0.193024852787
107.94 0.153281917778
108.01 0.354398427676
108.08 0.215813346606
108.15 0.199671650378
108.22 0.223573124961
108.29 0.217004695085
108.36 0.18933997483
108.43 0.238926003431
108.5 0.251000808301
108.57 0.169995680115
108.64 0.190015850644
108.71 0.163263675703
108.78 0.159499136015
108.85 0.175084118672
108.92 0.320452096193
108.99 0.218897385542
109.06 0.211264346593
109.13 0.196054022559
109.2 0.17403354717
109.27 0.163978631435
109.34 0.170828636215
109.41 0.1809946552
109.48 0.133230473324
109.55 0.108791356994
109.62 0.0963635630268
109.69 0.0786302420546
109.76 0.103704550863
109.83 0.483737483319
109.9 0.357595898444
109.97 0.291027008653
110.04 0.234120158232
110.11 0.184673836588
110.18 0.197503323308
110.25 0.185025231935
110.32 0.278989193616
110.39 0.1724199999
110.46 0.143367585643
110.53 0.0749690624708
110.6 0.178880488244
110.67 0.160130235343
110.74 0.408465527721
110.81 0.348707985
110.88 0.197047818519
110.95 0.160022243855
111.02 0.199038130612
111.09 0.301164282119
111.16 0.195802848159
111.23 0.258120100477
111.3 0.165984884254
111.37 0.0922129876918
111.44 0.14163788959
111.51 0.252155811538
111.58 0.0901269619505
111.65 0.420842698765
111.72 0.382652822644
111.79 0.211425395945
111.86 0.187427970827
111.93 0.177940921691
112.0 0.157707460964
112.07 0.300670511209
112.14 0.338886944463
112.21 0.155699180907
112.28 0.16155877544
112.35 0.173084688844
112.42 0.16012619376
112.49 0.317372693476
112.56 0.552305923799
112.63 0.284592186295
112.7 0.27630054656
112.77 0.231404610799
112.84 0.183672542427
112.91 0.21211421675
112.98 0.42967625066
113.05 0.456521944419
113.12 0.318303922248
113.19 0.342426004745
113.26 0.462275125099
113.33 0.365701968601
113.4 0.300644124893
113.47 0.366083991671
113.54 0.282408058698
113.61 0.199311416082
113.68 0.142770760809
113.75 0.150294472357
113.82 0.184052649452
113.89 0.255514549208
113.96 0.546288328828
114.03 0.305570648734
114.1 0.126165267134
114.17 0.130461080014
114.24 0.248486806624
114.31 0.251042863003
114.38 0.317431613892
114.45 0.169442747067
114.52 0.155490209466
114.59 0.112448066342
114.66 0.152820305494
114.73 0.158140680644
114.8 0.293194782987
114.87 0.474674097808
114.94 0.31907365529
115.01 0.130534943652
115.08 0.130454543865
115.15 0.205132659084
115.22 0.297566082261
115.29 0.26186185711
115.36 0.186135270143
115.43 0.139541336073
115.5 0.0979931896101
115.57 0.197571556447
115.64 0.224199596129
115.71 0.232439733074
115.78 0.169920163102
115.85 0.118727531082
115.92 0.101386806078
115.99 0.236208159644
116.06 0.39159304945
116.13 0.270481501611
116.2 0.316360940832
116.27 0.160640045279
116.34 0.147027406752
116.41 0.127795628551
116.48 0.155660463572
116.55 0.151478549854
116.62 0.348760839818
116.69 0.24824763289
116.76 0.119061010034
116.83 0.076648017962
116.9 0.0762771785386
116.97 0.0682527731779
117.04 0.298677383866
117.11 0.375566568959
117.18 0.191873631685
117.25 0.154692016138
117.32 0.189074764469
117.39 0.291043869532
117.46 0.112439383706
117.53 0.441168302109
117.6 0.373587127887
117.67 0.153780998503
117.74 0.101262691768
117.81 0.0825518588051
117.88 0.0661224382781
117.95 0.272827993526
118.02 0.377271525624
118.09 0.179989179257
118.16 0.140510840636
118.23 0.0885868593339
118.3 0.154694278651
118.37 0.12741536199
118.44 0.258922229031
118.51 0.16353627146
118.58 0.0657589052892
118.65 0.0532010297142
118.72 0.0395059641632
118.79 0.0409449579083
118.86 0.384916407314
118.93 0.278654622083
119.0 0.132823274156
119.07 0.120587988786
119.14 0.0803855992592
119.21 0.1543272407
119.28 0.105328662974
119.35 0.23560832296
119.42 0.13961594099
119.49 0.0877372679617
119.56 0.092123504012
119.63 0.191889246893
119.7 0.18715548465
119.77 0.283792855264
119.84 0.123043384284
119.91 0.0896417592612
119.98 0.112881891937
120.05 0.111430931367
120.12 0.0631568879881
120.19 0.558474701051
120.26 0.500570385338
120.33 0.274289375514
120.4 0.132682057245
120.47 0.096812015994
120.54 0.0730774226966
120.61 0.055841919052
120.68 0.279877328283
120.75 0.154165482299
120.82 0.147138866137
120.89 0.139722789941
120.96 0.117569801226
121.03 0.117754847076
121.1 0.131550022383
121.17 0.29641206847
121.24 0.155322151803
121.31 0.106678456659
121.38 0.0885327153342
121.45 0.140323989933
121.52 0.130004492313
121.59 0.285036099733
121.66 0.395079163059
121.73 0.190396408883
121.8 0.107836570046
121.87 0.119132432285
121.94 0.133377265943
122.01 0.116153800028
122.08 0.369372884726
122.15 0.320990247167
122.22 0.372602083855
122.29 0.25849276248
122.36 0.145082467392
122.43 0.114708484461
122.5 0.268759601882
122.57 0.485411336876
122.64 0.615393384544
122.71 0.448800043819
122.78 0.449170351455
122.85 0.450782859324
122.92 0.484210224461
122.99 0.396198327059
123.06 0.46444681532
123.13 0.407328007393
123.2 0.435564357046
123.27 0.437180506852
123.34 0.279741461475
123.41 0.31743289985
123.48 0.23455414014
123.55 0.235860546431
123.62 0.198705966626
123.69 0.205302275045
123.76 0.201121666623
123.83 0.198156607833
123.9 0.260805705065
123.97 0.234590574013
124.04 0.220396411622
124.11 0.16034194146
124.18 0.163793758013
124.25 0.141699601084
124.32 0.310784600363
124.39 0.184973938638
124.46 0.174515997458
124.53 0.177450373734
124.6 0.162511659234
124.67 0.115366629199
124.74 0.114658032354
124.81 0.499582590517
124.88 0.744380756386
124.95 0.584562183825
125.02 0.458450158264
125.09 0.191546833915
125.16 0.147549847441
125.23 0.221266977973
125.3 0.431934240284
125.37 0.254485088049
125.44 0.139149650589
125.51 0.176391714232
125.58 0.232417694521
125.65 0.201107911059
125.72 0.366012943283
125.79 0.573988978564
125.86 0.387623969882
125.93 0.226857750826
126.0 0.175969813564
126.07 0.148029124731
126.14 0.127379611383
126.21 0.286586923503
126.28 0.198437768588
126.35 0.131654853765
126.42 0.116407846079
126.49 0.105228527434
126.56 0.0925347769928
126.63 0.160858247257
126.7 0.540740532442
126.77 0.375551567724
126.84 0.343954417711
126.91 0.163522820466
126.98 0.0975006837092
127.05 0.085284995505
127.12 0.440426162379
127.19 0.404262618075
127.26 0.311135534828
127.33 0.302613695671
127.4 0.179428242006
127.47 0.212038775477
127.54 0.201500474797
127.61 0.469823848373
127.68 0.498648195192
127.75 0.500275051647
127.82 0.302699572867
127.89 0.125019940813
127.96 0.111219897236
128.03 0.44020770901
128.1 0.526168190353
128.17 0.544383942275
128.24 0.562095118336
128.31 0.432621792858
128.38 0.460248206705
128.45 0.422840950603
128.52 0.522976569244
128.59 0.517161465967
128.66 0.452157837164
128.73 0.513176270022
128.8 0.479192918089
128.87 0.392691591385
128.94 0.564895513232
129.01 0.480511123612
129.08 0.499537707672
129.15 0.437454901017
129.22 0.411785324061
129.29 0.504674514697
129.36 0.528301962532
129.43 0.547098517988
129.5 0.47357533349
129.57 0.44010660175
129.64 0.437507966938
129.71 0.418268987049
129.78 0.203530719279
129.85 0.39724011279
129.92 0.396939623985
129.99 0.346922275635
130.06 0.324776175983
130.13 0.42607257017
130.2 0.388579862303
130.27 0.390772126245
130.34 0.40744382421
130.41 0.377352433026
130.48 0.391825372798
130.55 0.367187574304
130.62 0.331615359698
130.69 0.397982597375
130.76 0.442989992521
130.83 0.404736442128
130.9 0.356962188524
130.97 0.351248379439
131.04 0.31222842048
131.11 0.390650496832
131.18 0.264745923089
131.25 0.235668045892
131.32 0.203780125889
131.39 0.106939187114
131.46 0.0956539541742
131.53 0.0734260253555
131.6 0.0578582967779
131.67 0.170836308455
131.74 0.429714560291
131.81 0.475980560501
131.88 0.457851191778
131.95 0.495370563136
132.02 0.446087827308
132.09 0.457662792446
132.16 0.525125660119
132.23 0.530622005282
132.3 0.553146379711
132.37 0.379325178413
132.44 0.459489608966
132.51 0.589833523356
132.58 0.468595816243
132.65 0.5700544136
132.72 0.481729860745
132.79 0.522216708108
132.86 0.382013354918
132.93 0.396775092232
133.0 0.405576227666
133.07 0.36065637437
133.14 0.457405956929
133.21 0.536506967678
133.28 0.372548194469
133.35 0.355352748907
133.42 0.355431590396
133.49 0.337794008856
133.56 0.434815062361
133.63 0.56687716525
133.7 0.597696827797
133.77 0.456006278377
133.84 0.39832042409
133.91 0.436998427731
133.98 0.491662707135
134.05 0.449997886549
134.12 0.396113687477
134.19 0.479460165356
134.26 0.458223608837
134.33 0.429251615316
134.4 0.418858392645
134.47 0.539911416491
134.54 0.513549869905
134.61 0.539920324733
134.68 0.338157827076
134.75 0.434994401972
134.82 0.47852024589
134.89 0.524272378466
134.96 0.499517145232
135.03 0.409484063069
135.1 0.391217979901
135.17 0.475972137313
135.24 0.291850834127
135.31 0.208055029861
135.38 0.68198574388
135.45 0.469613914881
135.52 0.24002348018
135.59 0.164199153939
135.66 0.123603398159
135.73 0.16746930391
135.8 0.348296520253
135.87 0.212005685418
135.94 0.287620232868
136.01 0.176230956557
136.08 0.0840270849884
136.15 0.0728210964064
136.22 0.378263231499
136.29 0.521871578181
136.36 0.301941403781
136.43 0.234850991842
136.5 0.232072775698
136.57 0.16898381628
136.64 0.178234134679
136.71 0.351932030628
136.78 0.177343418426
136.85 0.365546042132
136.92 0.277754535094
136.99 0.0949809822404
137.06 0.204567981596
137.13 0.42834622818
137.2 0.33357856031
137.27 0.36185535319
137.34 0.172834953493
137.41 0.131931586182
137.48 0.104639529542
137.55 0.106789208606
137.62 0.107417842374
137.69 0.228295308745
137.76 0.170677200932
137.83 0.139691959172
137.9 0.0795414160022
137.97 0.0857882741265
138.04 0.361783347585
138.11 0.469426240713
138.18 0.484797909
138.25 0.390399364331
138.32 0.315037670439
138.39 0.183449046748
138.46 0.249328003815
138.53 0.243154498491
138.6 0.211655057133
138.67 0.29712254752
138.74 0.230376309903
138.81 0.159284708114
138.88 0.0787443845482
138.95 0.0652823465599
139.02 0.148637191225
139.09 0.578583394821
139.16 0.437464697182
139.23 0.405414292002
139.3 0.381010233343
139.37 0.424721640394
139.44 0.568167256953
139.51 0.429920442532
139.58 0.442103520897
139.65 0.399341963231
139.72 0.441163656222
139.79 0.544913346153
139.86 0.487663444611
139.93 0.562187119143
140.0 0.472617724846
140.07 0.446725817309
140.14 0.457342712922
140.21 0.512781564631
140.28 0.500543420502
140.35 0.564361890508
140.42 0.439566823186
140.49 0.379457524146
140.56 0.465878119099
140.63 0.520337222089
140.7 0.439269936031
140.77 0.568748651899
140.84 0.427642713932
140.91 0.341871727726
140.98 0.305281345188
141.05 0.301321960263
141.12 0.318059430642
141.19 0.407934655787
141.26 0.201924468774
141.33 0.230373602622
141.4 0.149762617422
141.47 0.226662957155
141.54 0.219461291133
141.61 0.322627283319
141.68 0.293704388265
141.75 0.316100274836
141.82 0.198848047288
141.89 0.319091539457
141.96 0.281604602287
142.03 0.424548509802
142.1 0.206656416494
142.17 0.156704822832
142.24 0.101291055366
142.31 0.131504135589
142.38 0.186858466966
142.45 0.837389819926
142.52 0.594703718036
142.59 0.466344436895
142.66 0.297437102903
142.73 0.195882820904
142.8 0.19061453351
142.87 0.255115052897
142.94 0.364610704094
143.01 0.251203026044
143.08 0.180762958717
143.15 0.164910545085
143.22 0.30618810369
143.29 0.34010529162
143.36 0.294041093393
143.43 0.253908595215
143.5 0.247382912976
143.57 0.258321348111
143.64 0.279785398382
143.71 0.315919815249
143.78 0.289385613456
143.85 0.28539754586
143.92 0.268796855996
143.99 0.261168334016
144.06 0.224481854299
144.13 0.376708789965
144.2 0.41029360925
144.27 0.283624062767
144.34 0.175178459342
144.41 0.14572774449
144.48 0.24543303444
144.55 0.321508836427
144.62 0.363150451751
144.69 0.372659009263
144.76 0.288350937559
144.83 0.105268973883
144.9 0.143541170671
144.97 0.372084069892
145.04 0.343517962186
145.11 0.35144154713
145.18 0.285927239805
145.25 0.18972208492
145.32 0.313667531863
145.39 0.614081073803
145.46 0.46957948085
145.53 0.227799937639
145.6 0.191995770325
145.67 0.165418959482
145.74 0.157319369073
145.81 0.403835741167
145.88 0.328912091716
145.95 0.421234235993
146.02 0.36593446921
146.09 0.230117118407
146.16 0.189099909949
146.23 0.282559676078
146.3 0.311636156125
146.37 0.356868439266
146.44 0.339192984804
146.51 0.275944126628
146.58 0.206653034005
146.65 0.315598343409
146.72 0.4155342147
146.79 0.379548351797
146.86 0.291805525853
146.93 0.17416689363
147.0 0.148022985005
147.07 0.139039918707
147.14 0.22867277456
147.21 0.229140777961
147.28 0.226384141099
147.35 0.123202822159
147.42 0.103274130318
147.49 0.234627133581
147.56 0.54297520239
147.63 0.341773477614
147.7 0.21331966726
147.77 0.193954439466
147.84 0.142439262362
147.91 0.142963615874
147.98 0.239344943818
148.05 0.281045742228
148.12 0.206825511949
148.19 0.196781559088
148.26 0.145633084748
148.33 0.185288595544
148.4 0.308905739598
148.47 0.342406040162
148.54 0.269571031879
148.61 0.183624185239
148.68 0.158032739112
148.75 0.151888989701
148.82 0.113789419113
148.89 0.265123474312
148.96 0.170678852695
149.03 0.102990331576
149.1 0.0600247980453
149.17 0.136741419786
149.24 0.282418518792
149.31 0.778974741894
149.38 0.724368691583
149.45 0.460902377542
149.52 0.238732452209
149.59 0.137841242844
149.66 0.137847691973
149.73 0.22421746418
149.8 0.347213255116
149.87 0.253442295145
149.94 0.216409401154
150.01 0.153073395939
150.08 0.165909038499
150.15 0.319107101485
150.22 0.255872277658
150.29 0.216728802247
150.36 0.188073320441
150.43 0.186045883152
150.5 0.197393401271
150.57 0.245565315714
150.64 0.293186603132
150.71 0.205756245708
150.78 0.181855014458
150.85 0.198020438067
150.92 0.255503210859
150.99 0.379568140729
151.06 0.38482419057
151.13 0.467438692302
151.2 0.358247208911
151.27 0.2204563376
151.34 0.202569139957
151.41 0.127911248768
151.48 0.27117298941
151.55 0.386638885563
151.62 0.291320527821
151.69 0.169375353508
151.76 0.205747078018
151.83 0.378927960731
151.9 0.392557444022
151.97 0.370523843157
152.04 0.295579874598
152.11 0.177066968017
152.18 0.367436213851
152.25 0.655622809812
152.32 0.4856099433
152.39 0.30140218601
152.46 0.21944935815
152.53 0.209767496006
152.6 0.197287351613
152.67 0.171038611606
152.74 0.411178151936
152.81 0.507707561681
152.88 0.632253702613
152.95 0.618608494534
153.02 0.46884814446
153.09 0.256469954963
153.16 0.225659298958
153.23 0.452040756949
153.3 0.572185502671
153.37 0.524639592067
153.44 0.456463549344
153.51 0.339764920383
153.58 0.308853811378
153.65 0.451398880066
153.72 0.457236634257
153.79 0.374971204123
153.86 0.24827350998
153.93 0.291556439927
154.0 0.619778837417
154.07 0.493741787412
154.14 0.336410056703
154.21 0.273205931503
154.28 0.250717945826
154.35 0.272369792737
154.42 0.232461331694
154.49 0.424389803537
154.56 0.531888343821
154.63 0.418435810322
154.7 0.206606581583
154.77 0.111784221811
154.84 0.0949401264761
154.91 0.112063879058
154.98 0.101322074677
155.05 0.0706488824547
155.12 0.0514423850974
155.19 0.0446048112469
155.26 0.045748231191
155.33 0.241578065136
155.4 0.210123806357
155.47 0.176572484834
155.54 0.095705727692
155.61 0.0843441333254
155.68 0.089081796953
155.75 0.0939244466645
155.82 0.140537307527
155.89 0.224322285894
155.96 0.215501147202
156.03 0.198964257306
156.1 0.145502505193
156.17 0.113368678707
156.24 0.36130768806
156.31 0.347003904978
156.38 0.264226987362
156.45 0.292361862339
156.52 0.272695514041
156.59 0.245789186867
156.66 0.299965656212
156.73 0.687402625524
156.8 0.633680123618
156.87 0.363111284814
156.94 0.322495081008
157.01 0.277582178011
157.08 0.32432509792
157.15 0.480454502772
157.22 0.684838826
157.29 0.580986182056
157.36 0.599408415688
157.43 0.519374069967
157.5 0.490931106462
157.57 0.495357107307
157.64 0.621560263477
157.71 0.609618635862
157.78 0.370713465599
157.85 0.28196641583
157.92 0.199917136266
157.99 0.301437316198
158.06 0.417403925502
158.13 0.622043500165
158.2 0.429794558821
158.27 0.342541254323
158.34 0.218050395093
158.41 0.171090035433
158.48 0.190912053975
158.55 0.218675572245
158.62 0.153844682444
158.69 0.133110125034
158.76 0.155230407221
158.83 0.286088733924
158.9 0.383882019872
158.97 0.23579726536
159.04 0.184638039248
159.11 0.169661268118
159.18 0.322375807573
159.25 0.592763685621
159.32 0.390696623736
159.39 0.256731798949
159.46 0.245776575452
159.53 0.235943448841
159.6 0.229821857233
159.67 0.208464025825
159.74 0.446772182712
159.81 0.685018657111
159.88 0.534232990595
159.95 0.293713127302
160.02 0.117030976656
160.09 0.119403946741
160.16 0.191358170301
160.23 0.312260886898
160.3 0.297124292749
160.37 0.221827399552
160.44 0.153971497589
160.51 0.0986120014295
160.58 0.13167441709
160.65 0.50834637837
160.72 0.548424394138
160.79 0.556338505211
160.86 0.334652524005
160.93 0.19456180819
161.0 0.135696264457
161.07 0.26491831079
161.14 0.430947397845
161.21 0.362940482806
161.28 0.165101327791
161.35 0.10021474375
161.42 0.102843195712
161.49 0.374632254209
161.56 0.442197534438
161.63 0.40252088107
161.7 0.428789629169
161.77 0.428918573074
161.84 0.353078945864
161.91 0.423620874622
161.98 0.456909941233
162.05 0.420645858519
162.12 0.294046140537
162.19 0.348439815969
162.26 0.405732901859
162.33 0.356425692537
162.4 0.504445631852
162.47 0.485966935306
162.54 0.404465473962
162.61 0.355074909406
162.68 0.316666457443
162.75 0.277617993076
162.82 0.312701548376
162.89 0.348127112172
162.96 0.286609158656
163.03 0.301834633792
163.1 0.278857434461
163.17 0.272624156249
163.24 0.403831372454
163.31 0.370098128123
163.38 0.38370586615
163.45 0.396563340994
163.52 0.38618797026
163.59 0.338876524656
163.66 0.397013152436
163.73 0.486157044414
163.8 0.558640291544
163.87 0.536018123052
163.94 0.581680923426
164.01 0.412876638523
164.08 0.473560227509
164.15 0.608830274152
164.22 0.735635484397
164.29 0.73342861242
164.36 0.580517497001
164.43 0.486273431695
164.5 0.425066641403
164.57 0.392478343085
164.64 0.560057133933
164.71 0.557502845344
164.78 0.544857729264
164.85 0.421001353463
164.92 0.296617504332
164.99 0.384254464326
165.06 0.624611054429
165.13 0.523442448719
165.2 0.628186653329
165.27 0.25519295973
165.34 0.316511686404
165.41 0.239656234349
165.48 0.26453196574
165.55 0.250383029438
165.62 0.223905371133
165.69 0.170664467044
165.76 0.347589982875
165.83 0.525809696451
165.9 0.433991671986
165.97 0.266289005326
166.04 0.206826983227
166.11 0.175391501373
166.18 0.213453792063
166.25 0.252905257702
166.32 0.232843312866
166.39 0.336400368506
166.46 0.294541645396
166.53 0.145287851686
166.6 0.0895165781534
166.67 0.0911388145054
166.74 0.279347713301
166.81 0.424070674784
166.88 0.511482555017
166.95 0.566295248186
167.02 0.39402476269
167.09 0.288906282987
167.16 0.328341135915
167.23 0.488280711024
167.3 0.342338029407
167.37 0.308184466878
167.44 0.430660477673
167.51 0.313833757278
167.58 0.227068651204
167.65 0.443112624273
167.72 0.634382076346
167.79 0.692627884883
167.86 0.60949099403
167.93 0.625470506426
168.0 0.576221758249
168.07 0.604283041928
168.14 0.554613867584
168.21 0.421606894773
168.28 0.413012387694
168.35 0.385515162697
168.42 0.27315567922
168.49 0.288967106557
168.56 0.470987353761
168.63 0.699850142352
168.7 0.581932342771
168.77 0.793275674274
168.84 0.529927670004
168.91 0.517750650791
168.98 0.541064489179
169.05 0.565419803896
169.12 0.680796944757
169.19 0.599194791914
169.26 0.504821734358
169.33 0.643483070496
169.4 0.597578210233
169.47 0.55837043852
169.54 0.699288251107
169.61 0.510892095516
169.68 0.566565394499
169.75 0.633294213666
169.82 0.555201378083
169.89 0.668439606154
169.96 0.577605265635
170.03 0.550470240936
170.1 0.557166049973
170.17 0.500829459196
170.24 0.395125235173
170.31 0.546186327199
170.38 0.716056205787
170.45 0.56379105879
170.52 0.542213314016
170.59 0.537175925424
170.66 0.565476574602
170.73 0.573773645014
170.8 0.6420979468
170.87 0.471932441232
170.94 0.520524614248
171.01 0.53992215537
171.08 0.508159042613
171.15 0.570133587053
171.22 0.658050246193
171.29 0.586479162456
171.36 0.507793200378
171.43 0.506177782183
171.5 0.469498644353
171.57 0.543416539077
171.64 0.488574566991
171.71 0.379623751172
171.78 0.285819283769
171.85 0.246268868638
171.92 0.228772905265
171.99 0.216092642883
172.06 0.395223638375
172.13 0.403298569971
172.2 0.336698425592
172.27 0.191885907913
172.34 0.173961784898
172.41 0.196943104775
172.48 0.261324320109
172.55 0.241168593786
172.62 0.313443214331
172.69 0.308458699895
172.76 0.25412533075
172.83 0.271807886988
172.9 0.245067134193
172.97 0.44870842171
173.04 0.476319665117
173.11 0.422120660884
173.18 0.333954746613
173.25 0.334091589976
173.32 0.498526243483
173.39 0.322395048603
173.46 0.28603121227
173.53 0.235110460511
173.6 0.247685393566
173.67 0.189543410849
173.74 0.119104780959
173.81 0.263683247788
173.88 0.54957708813
173.95 0.413226259635
174.02 0.2349961891
174.09 0.198066279739
174.16 0.250361163313
174.23 0.185029774688
174.3 0.440604712367
174.37 0.440229119087
174.44 0.333919466557
174.51 0.185716972736
174.58 0.200839205406
174.65 0.204830508847
174.72 0.372326265145
174.79 0.511470850863
174.86 0.345659338923
174.93 0.173738972485
175.0 0.172089129929
175.07 0.176199872787
175.14 0.298552892471
175.21 0.620154462925
175.28 0.499755016893
175.35 0.26793347522
175.42 0.207089465357
175.49 0.35264421462
175.56 0.44667793873
175.63 0.380944615631
175.7 0.385423313369
175.77 0.250941526914
175.84 0.183358581679
175.91 0.21653596652
175.98 0.212406727135
176.05 0.294948826838
176.12 0.275719208015
176.19 0.195438833339
176.26 0.186991782807
176.33 0.196117160209
176.4 0.179873049813
176.47 0.413881867909
176.54 0.302257888101
176.61 0.231941651465
176.68 0.191970660298
176.75 0.16644556027
176.82 0.124041610193
176.89 0.225515597151
176.96 0.350178737724
177.03 0.182788866715
177.1 0.111025864182
177.17 0.0945630409696
177.24 0.0789056643416
177.31 0.243410007762
177.38 0.557757099275
177.45 0.497246255738
177.52 0.472028540023
177.59 0.261223892892
177.66 0.236719990371
177.73 0.165265622657
177.8 0.443009978053
177.87 0.560655966667
177.94 0.560643161874
178.01 0.288333317675
178.08 0.216538668966
178.15 0.143006866292
178.22 0.333655269816
178.29 0.518930978382
178.36 0.3261768746
178.43 0.123480062192
178.5 0.447190231951
178.57 0.559650368252
178.64 0.527715291612
178.71 0.509135304097
178.78 0.342644469394
178.85 0.191146583434
178.92 0.16533980859
178.99 0.477752088872
179.06 0.466185411558
179.13 0.444090253901
179.2 0.457921795399
179.27 0.480007670951
179.34 0.405729996367
179.41 0.425709892875
179.48 0.35713186411
179.55 0.393068291748
179.62 0.275001988159
179.69 0.226512263151
179.76 0.193813688272
179.83 0.156119529724
179.9 0.142038351175
179.97 0.363157571254
180.04 0.298902582876
180.11 0.265547484404
180.18 0.324270990984
180.25 0.373199065002
180.32 0.24942577693
180.39 0.386168392432
180.46 0.412282305032
180.53 0.404702014544
180.6 0.356906386315
180.67 0.234753660272
180.74 0.225581213252
180.81 0.331643315593
180.88 0.435347682748
180.95 0.545855943893
181.02 0.521174327742
181.09 0.481655263886
181.16 0.540329728401
181.23 0.513219351235
181.3 0.551874497693
181.37 0.486979783753
181.44 0.507475695993
181.51 0.526567182271
181.58 0.432583668546
181.65 0.440555775048
181.72 0.578299015947
181.79 0.588507152482
181.86 0.533985885174
181.93 0.465580194154
182.0 0.497134482115
182.07 0.478119205785
182.14 0.453329865651
182.21 0.41860864279
182.28 0.303876469624
182.35 0.22766431094
182.42 0.155864112307
182.49 0.173511441669
182.56 0.329103678548
182.63 0.479906882763
182.7 0.637021359042
182.77 0.471184343874
182.84 0.543220253179
182.91 0.47062504066
182.98 0.465465479586
183.05 0.465791839035
183.12 0.425012719787
183.19 0.502537722611
183.26 0.486180064356
183.33 0.481972196196
183.4 0.456853231762
183.47 0.565889465506
183.54 0.535001880835
183.61 0.512410659137
183.68 0.559445865435
183.75 0.454517385261
183.82 0.488543228607
183.89 0.418144521437
183.96 0.369628638942
184.03 0.24639688111
184.1 0.233771342858
184.17 0.251355507175
184.24 0.151312666072
184.31 0.494243651157
184.38 0.847526166793
184.45 0.683371170534
184.52 0.740457094671
184.59 0.384713514363
184.66 0.30944266746
184.73 0.280393524501
184.8 0.359924636722
184.87 0.302958988358
184.94 0.287446356162
185.01 0.263582375803
185.08 0.368190346189
185.15 0.319634134882
185.22 0.666260762588
185.29 0.60625267072
185.36 0.625444745363
185.43 0.543889766884
185.5 0.440178973161
185.57 0.324362437443
185.64 0.369963328112
185.71 0.303249656824
185.78 0.290891198246
185.85 0.211700669976
185.92 0.290049164698
185.99 0.321815576149
186.06 0.508024221652
186.13 0.622470304557
186.2 0.622085269637
186.27 0.508842788879
186.34 0.382383699618
186.41 0.414925742114
186.48 0.418160389646
186.55 0.600153293316
186.62 0.583164577632
186.69 0.52858100903
186.76 0.508480612753
186.83 0.479961067049
186.9 0.403028757234
186.97 0.57226542546
187.04 0.515970940953
187.11 0.344669584546
187.18 0.281383224088
187.25 0.454426520546
187.32 0.656453164989
187.39 0.466352023727
187.46 0.321929760541
187.53 0.210296107039
187.6 0.163551137331
187.67 0.168509524898
187.74 0.270907849955
187.81 0.627840719275
187.88 0.645076063384
187.95 0.487114388776
188.02 0.371220627879
188.09 0.418166323103
188.16 0.312377991285
188.23 0.492495429571
188.3 0.362143792985
188.37 0.273807149222
188.44 0.315895950893
188.51 0.393810640969
188.58 0.370988046696
188.65 0.6720951778
188.72 0.738514619259
188.79 0.676093956881
188.86 0.554373656059
188.93 0.381116847019
189.0 0.269378590964
189.07 0.26720116872
189.14 0.326910824805
189.21 0.271558926757
189.28 0.269017918346
189.35 0.256210552364
189.42 0.315070452706
189.49 0.320562741783
189.56 0.593999987849
189.63 0.757325358931
189.7 0.647310717216
189.77 0.548477711451
189.84 0.429209629907
189.91 0.442149174027
189.98 0.574914941032
190.05 0.570467309337
190.12 0.449718975415
190.19 0.302049337255
190.26 0.304258495918
190.33 0.342987920162
190.4 0.544377974977
190.47 0.543541994135
190.54 0.483501255364
190.61 0.332075470087
190.68 0.358713687854
190.75 0.539723073561
190.82 0.538589878435
190.89 0.3599800554
190.96 0.236751444781
191.03 0.19682137545
191.1 0.146665154887
191.17 0.357029037405
191.24 0.658836401791
191.31 1.0
191.38 0.887076025965
191.45 0.775038178699
191.52 0.573616113515
191.59 0.458714564497
191.66 0.553344671897
191.73 0.901993438358
191.8 0.553798979358
191.87 0.583253218509
191.94 0.526206653074
192.01 0.461676806426
192.08 0.474225670624
192.15 0.663112907571
192.22 0.776378248735
192.29 0.716237941664
192.36 0.495293292836
192.43 0.492313129677
192.5 0.501733197791
192.57 0.656994522801
192.64 0.843113302705
192.71 0.711679216389
192.78 0.603418322014
192.85 0.530727568275
192.92 0.412217106304
192.99 0.349197889978
193.06 0.763170546863
193.13 0.752648868564
193.2 0.785517067462
193.27 0.700879041106
193.34 0.489099276639
193.41 0.481758269465
193.48 0.857309471384
193.55 0.704108910609
193.62 0.604687288871
193.69 0.524051955872
193.76 0.490629865098
193.83 0.483858237701
193.9 0.508564283837
193.97 0.938217862634
194.04 0.735456260813
194.11 0.588796027375
194.18 0.544790372769
194.25 0.43728712375
194.32 0.406968076054
194.39 0.899361431478
194.46 0.719794915118
194.53 0.678426138884
194.6 0.416251727845
194.67 0.879561154978
194.74 0.37425937949
194.81 0.564490417041
194.88 0.599819268073
194.95 0.638536752889
195.02 0.539624402853
195.09 0.584196671943
195.16 0.478016109963
195.23 0.586016022492
195.3 0.794139038936
195.37 0.658356513752
195.44 0.494702702805
195.51 0.422723586768
195.58 0.425616209688
195.65 0.476157851925
195.72 0.861574289124
195.79 0.680069466241
195.86 0.605222226561
195.93 0.542031125315
196.0 0.511552412525
196.07 0.52831420653
196.14 0.527093833748
196.21 0.668942775196
196.28 0.659828354223
196.35 0.437154881152
196.42 0.364586664087
196.49 0.49776518502
196.56 0.491340832425
196.63 0.785428450757
196.7 0.596771237581
196.77 0.520213078772
196.84 0.487331544906
196.91 0.484109499121
196.98 0.429891479465
197.05 0.569763168225
197.12 0.696542005045
197.19 0.472996167216
197.26 0.556301433194
197.33 0.427260866513
197.4 0.456834796471
197.47 0.520576705227
197.54 0.893255585607
197.61 0.529071345883
197.68 0.56931542753
197.75 0.514336489609
197.82 0.475879512865
197.89 0.512180164816
197.96 0.638054679687
198.03 0.623631463634
198.1 0.521805412566
198.17 0.501224261275
198.24 0.437351694003
198.31 0.440099906065
198.38 0.450390530861
198.45 0.930572265448
198.52 0.600633824335
198.59 0.540977798188
198.66 0.435591687688
198.73 0.576593509769
198.8 0.297735735286
198.87 0.644937291083
198.94 0.367927280704
199.01 0.29381119854
199.08 0.268771579987
199.15 0.210176156784
199.22 0.190837218617
199.29 0.711515404966
199.36 0.56230105859
199.43 0.473845123666
199.5 0.399539087096
199.57 0.575215109152
199.64 0.408128962792
199.71 0.525842444877
199.78 0.57549377373
199.85 0.331021765875
199.92 0.308111554011
199.99 0.239371186713
200.06 0.242339766579
200.13 0.232740389472
200.2 0.489836006641
200.27 0.513854558217
200.34 0.429942587442
200.41 0.371635579861
200.48 0.356931660713
200.55 0.303132500869
200.62 0.353302971719
200.69 0.400127949624
200.76 0.331127655997
200.83 0.259666964849
200.9 0.1956131532
200.97 0.216760301779
201.04 0.267122568953
201.11 0.591357615953
201.18 0.421455741498
201.25 0.454095495873
201.32 0.372398615606
201.39 0.437798561277
201.46 0.388019411717
201.53 0.521480633976
201.6 0.392248736687
201.67 0.313141413785
201.74 0.279245121871
201.81 0.2235480101
201.88 0.20350367548
201.95 0.426383266067
202.02 0.422894741689
202.09 0.325876637186
202.16 0.323904465484
202.23 0.310911035199
202.3 0.271028056435
202.37 0.277451260047
202.44 0.282517980734
202.51 0.20614239577
202.58 0.159187758464
202.65 0.136025445601
202.72 0.134352125443
202.79 0.226708863287
202.86 0.45474434078
202.93 0.37624650086
203.0 0.319709432734
203.07 0.304244611436
203.14 0.325683666095
203.21 0.289663428786
203.28 0.387948774255
203.35 0.2472580171
203.42 0.197164508757
203.49 0.167027303295
203.56 0.155423460497
203.63 0.158966299691
203.7 0.436780894515
203.77 0.482123855475
203.84 0.350932570327
203.91 0.390105099049
203.98 0.342318514426
204.05 0.334496243012
204.12 0.349190915507
204.19 0.306105894215
204.26 0.281958216638
204.33 0.262175226446
204.4 0.248619423085
204.47 0.281057364197
204.54 0.388295829897
204.61 0.466205999782
204.68 0.352772210977
204.75 0.339892473584
204.82 0.323889432019
204.89 0.36001002564
204.96 0.33954430119
205.03 0.377312789092
205.1 0.246216751875
205.17 0.203357474272
205.24 0.167016116425
205.31 0.177424654569
205.38 0.165354083049
205.45 0.421995845581
205.52 0.467193336944
205.59 0.385569504908
205.66 0.40116065952
205.73 0.4036723729
205.8 0.390859727721
205.87 0.415507815492
205.94 0.358994727748
206.01 0.407178170694
206.08 0.360391046372
206.15 0.4212830734
206.22 0.389187803102
206.29 0.412485386527
206.36 0.316642311079
206.43 0.30862195697
206.5 0.241077961123
206.57 0.314835283491
206.64 0.225271822651
206.71 0.322219932672
206.78 0.332978270802
206.85 0.318036344629
206.92 0.223034780611
206.99 0.345671900383
207.06 0.314050094778
207.13 0.520583855348
207.2 0.584482488254
207.27 0.4477047055
207.34 0.428197263291
207.41 0.395866690024
207.48 0.409406459194
207.55 0.490252602329
207.62 0.72975749486
207.69 0.578630446712
207.76 0.493616867363
207.83 0.504298616849
207.9 0.525208720454
207.97 0.527847313437
208.04 0.642078476941
208.11 0.529241550034
208.18 0.514761157183
208.25 0.513337997806
208.32 0.622474397707
208.39 0.546522386124
208.46 0.810143442199
208.53 0.591355280924
208.6 0.598311544855
208.67 0.528841849066
208.74 0.734390895957
208.81 0.504670081525
208.88 0.884457929352
208.95 0.788923129363
209.02 0.710506478853
209.09 0.4009059157
209.16 0.2537147362
209.23 0.230096048352
209.3 0.254577253226
209.37 0.616172127351
209.44 0.777350259144
209.51 0.676759116376
209.58 0.618320161097
209.65 0.543696204381
209.72 0.551897959179
209.79 0.535424366469
209.86 0.442859759435
209.93 0.378988134876
210.0 0.368549360598
210.07 0.336452984826
210.14 0.325439483892
210.21 0.322832342095
210.28 0.280812089413
210.35 0.230813940194
210.42 0.20073075787
210.49 0.13667291753
210.56 0.107687661558
210.63 0.212454489687
210.7 0.487627716565
210.77 0.563479515257
210.84 0.397268324909
210.91 0.223305895421
210.98 0.501763332402
211.05 0.489746941945
211.12 0.452716481284
211.19 0.518983422274
211.26 0.54092974557
211.33 0.192896567976
211.4 0.1854985661
211.47 0.317471101512
211.54 0.292597945261
211.61 0.544707080381
211.68 0.450398499612
211.75 0.256366415985
211.82 0.193395066958
211.89 0.538549103245
211.96 0.548470268041
212.03 0.510394207283
212.1 0.386522304906
212.17 0.22652762858
212.24 0.178967748086
212.31 0.169697492499
212.38 0.162984832251
212.45 0.399985535387
212.52 0.4981258383
212.59 0.455929496355
212.66 0.225089260087
212.73 0.330489129374
212.8 0.475007091705
212.87 0.271376514061
212.94 0.634889320811
213.01 0.455736460805
213.08 0.334093132159
213.15 0.338490469671
213.22 0.198202899108
213.29 0.277665815254
213.36 0.427952107756
213.43 0.619915616321
213.5 0.330555604392
213.57 0.115972747418
213.64 0.108374488967
213.71 0.116685152182
213.78 0.25916080813
213.85 0.306050617348
213.92 0.206778352088
213.99 0.0852404687972
214.06 0.323502506837
214.13 0.551299397174
214.2 0.424727867139
214.27 0.432076383794
214.34 0.517618150357
214.41 0.410365229713
214.48 0.399320532204
214.55 0.41177353611
214.62 0.43954060124
214.69 0.420804315006
214.76 0.438103309214
214.83 0.553510096408
214.9 0.478085208465
214.97 0.486651316493
215.04 0.592107521388
215.11 0.506221005207
215.18 0.589207938501
215.25 0.509721367491
215.32 0.535793123865
215.39 0.492309808424
215.46 0.541611783671
215.53 0.545805730285
215.6 0.514168955675
215.67 0.43370480177
215.74 0.186007644426
215.81 0.161259367936
215.88 0.153781707553
215.95 0.905882324409
216.02 0.683783692409
216.09 0.549405647977
216.16 0.34302750286
216.23 0.16145845458
216.3 0.144921743558
216.37 0.22431600597
216.44 0.514169613157
216.51 0.67266028233
216.58 0.588109568994
216.65 0.489208241458
216.72 0.550522415711
216.79 0.480675921258
216.86 0.618607194073
216.93 0.475913734181
217.0 0.441154340276
217.07 0.434536985973
217.14 0.4381616076
217.21 0.420875286043
217.28 0.332472489558
217.35 0.280025124853
217.42 0.221219568333
217.49 0.177083870794
217.56 0.157796496653
217.63 0.122289593579
217.7 0.263285844785
217.77 0.574828772159
217.84 0.632168785858
217.91 0.376743541456
217.98 0.428455582977
218.05 0.353365967559
218.12 0.173993879064
218.19 0.437539120003
218.26 0.577301275092
218.33 0.473899569012
218.4 0.272580357929
218.47 0.314586909838
218.54 0.405730715086
218.61 0.355403623221
218.68 0.448704368847
218.75 0.348328685325
218.82 0.159784504335
218.89 0.186331684959
218.96 0.473875667592
219.03 0.480082825381
219.1 0.370924578693
219.17 0.213780718751
219.24 0.164437853899
219.31 0.111461815314
219.38 0.0986891299189
219.45 0.221291533652
219.52 0.540758862988
219.59 0.616860132749
219.66 0.734414729695
219.73 0.758369088103
219.8 0.456809702558
219.87 0.197244557242
219.94 0.392782224047
220.01 0.505280197817
220.08 0.450980624557
220.15 0.364154064826
220.22 0.405293668149
220.29 0.183755771966
220.36 0.362545962735
220.43 0.509424404597
220.5 0.611203423111
220.57 0.302685515957
220.64 0.204356249695
220.71 0.626467775119
220.78 0.553689247476
220.85 0.367730785314
220.92 0.172190290367
220.99 0.520482366168
221.06 0.297665624777
221.13 0.288069001684
221.2 0.234063345627
221.27 0.674149264077
221.34 0.771964596634
221.41 0.365450352656
221.48 0.523609934308
221.55 0.641891482816
221.62 0.328868473881
221.69 0.522193006511
221.76 0.579329034677
221.83 0.470076473102
221.9 0.399564006969
221.97 0.500778654176
222.04 0.515401263053
222.11 0.557210694319
222.18 0.484378936384
222.25 0.579447197804
222.32 0.611065214827
222.39 0.337114574901
222.46 0.506304115497
222.53 0.734281207584
222.6 0.462871801676
222.67 0.55071754618
222.74 0.521821396802
222.81 0.351186679226
222.88 0.279024077248
222.95 0.160458054789
223.02 0.326143823216
223.09 0.63612458686
223.16 0.344748074733
223.23 0.177151256297
223.3 0.125412259607
223.37 0.0959737146263
223.44 0.0820917887036
223.51 0.277254012097
223.58 0.535390388487
223.65 0.373234954196
223.72 0.240268508408
223.79 0.19671256372
223.86 0.176431504811
223.93 0.387977120127
224.0 0.481415767856
224.07 0.512872321378
224.14 0.502695674705
224.21 0.447515340894
224.28 0.363517710473
224.35 0.364810169435
224.42 0.374268028285
224.49 0.429915949736
224.56 0.344916662572
224.63 0.236630687177
224.7 0.15451869378
224.77 0.199922189856
224.84 0.436947039356
224.91 0.52454932521
224.98 0.49460070601
225.05 0.4502577178
225.12 0.220308900389
225.19 0.207907447618
225.26 0.178330475192
225.33 0.176755946602
225.4 0.181184409783
225.47 0.157618842647
225.54 0.130341199052
225.61 0.211134737147
225.68 0.393954997036
225.75 0.35613671451
225.82 0.213674483773
225.89 0.185928498368
225.96 0.221651386029
226.03 0.403015934715
226.1 0.356059025227
226.17 0.239492640475
226.24 0.288546393547
226.31 0.310461177025
226.38 0.259352256376
226.45 0.293192338377
226.52 0.260842258187
226.59 0.489064328547
226.66 0.493698709422
226.73 0.435902736498
226.8 0.213740804089
226.87 0.121162132087
226.94 0.109590269041
227.01 0.467002865254
227.08 0.572619814931
227.15 0.302647228886
227.22 0.20669793941
227.29 0.167306636636
227.36 0.142338535411
227.43 0.116171547219
227.5 0.373916882716
227.57 0.395985881274
227.64 0.399751379791
227.71 0.320569579278
227.78 0.257202064862
227.85 0.136780718864
227.92 0.330302069179
227.99 0.483197567779
228.06 0.320822439282
228.13 0.219211794281
228.2 0.192207149312
228.27 0.190527529893
228.34 0.160689103458
228.41 0.792136426442
228.48 0.461852283328
228.55 0.421325155498
228.62 0.297770333687
228.69 0.378885606293
228.76 0.527270190516
228.83 0.407551681946
228.9 0.392200447182
228.97 0.320378448493
229.04 0.464258675436
229.11 0.437701574562
229.18 0.393332048557
229.25 0.397529638719
229.32 0.55764517095
229.39 0.563008959278
229.46 0.449729793257
229.53 0.434914959403
229.6 0.395278423743
229.67 0.537969282711
229.74 0.363287915533
229.81 0.307232878711
229.88 0.412585881426
229.95 0.499550781581
230.02 0.398510214126
230.09 0.303307033446
230.16 0.443510007938
230.23 0.466710952727
230.3 0.38296527505
230.37 0.236630940178
230.44 0.195444147988
230.51 0.154649494107
230.58 0.172318895863
230.65 0.34108588153
230.72 0.554836259401
230.79 0.520079704918
230.86 0.488619538466
230.93 0.38922362139
231.0 0.295750304356
231.07 0.443491437283
231.14 0.527517349116
231.21 0.436341551224
231.28 0.505671403081
231.35 0.431956760669
231.42 0.308007241524
231.49 0.305019098333
231.56 0.53179522465
231.63 0.570417880518
231.7 0.547863137815
231.77 0.478568314623
231.84 0.259558075769
231.91 0.20133130038
231.98 0.55801029769
232.05 0.422398453653
232.12 0.441698574573
232.19 0.280416372015
232.26 0.245269102157
232.33 0.240776220202
232.4 0.147965240967
232.47 0.192014355484
232.54 0.184702585329
232.61 0.136745632186
232.68 0.166797730738
232.75 0.351022236104
232.82 0.321811911651
232.89 0.33854835552
232.96 0.188372868143
233.03 0.158729335291
233.1 0.133315878357
233.17 0.174639264131
233.24 0.173582283788
233.31 0.326871744888
233.38 0.332217255849
233.45 0.187630000027
233.52 0.123727485074
233.59 0.072039917047
233.66 0.0770854677676
233.73 0.32541455435
233.8 0.540347615791
233.87 0.431551314787
233.94 0.466751945467
234.01 0.413445009516
234.08 0.470376109435
234.15 0.373240127035
234.22 0.462007397612
234.29 0.347725587013
234.36 0.403675679649
234.43 0.350584415659
234.5 0.322422298671
234.57 0.229417466868
234.64 0.446605807429
234.71 0.436079889335
234.78 0.469719630963
234.85 0.46887315941
234.92 0.485349989576
234.99 0.591365347818
235.06 0.62038246107
235.13 0.639228430842
235.2 0.519520912542
235.27 0.459308238894
235.34 0.397353522062
235.41 0.331387511421
235.48 0.323252595835
235.55 0.474999219642
235.62 0.474991710162
235.69 0.571078389292
235.76 0.530335865065
235.83 0.5062613034
235.9 0.540773967357
235.97 0.529416714309
236.04 0.552308890527
236.11 0.695749031289
236.18 0.585277813154
236.25 0.629811052283
236.32 0.543568933189
236.39 0.462043671948
236.46 0.493519970892
236.53 0.4162578998
236.6 0.549574890076
236.67 0.525161301145
236.74 0.627456917135
236.81 0.594045981001
236.88 0.573288281177
236.95 0.613556939452
237.02 0.61264821656
237.09 0.439572555208
237.16 0.359148984727
237.23 0.343388720157
237.3 0.342897387411
237.37 0.599584406651
237.44 0.581119952334
237.51 0.529194641563
237.58 0.474919362923
237.65 0.487681541492
237.72 0.546710899871
237.79 0.681970678186
237.86 0.532209789878
237.93 0.46012575705
238.0 0.567517179266
238.07 0.45012716403
238.14 0.841497910294
238.21 0.714687448246
238.28 0.66114453573
238.35 0.617113535821
238.42 0.611867599606
238.49 0.579477997955
238.56 0.512173931625
238.63 0.522453359881
238.7 0.609862403916
238.77 0.668020630316
238.84 0.530330039577
238.91 0.334456982609
238.98 0.243266299509
239.05 0.165272703484
239.12 0.186193288133
239.19 0.555383057558
239.26 0.536589815298
239.33 0.491949989889
239.4 0.359301834887
239.47 0.307495554218
239.54 0.391698323989
239.61 0.277696950592
239.68 0.453799087327
239.75 0.433374924468
239.82 0.564310162111
239.89 0.373750960259
239.96 0.419577768656
240.03 0.123254191197
240.1 0.483680680383
240.17 0.495186463223
240.24 0.511773384631
240.31 0.277456971119
240.38 0.402656776885
240.45 0.478715998389
240.52 0.435133021183
240.59 0.229021219294
240.66 0.202236249194
240.73 0.172039375591
240.8 0.135182491901
240.87 0.147164343581
240.94 0.19801324927
241.01 0.641804927189
241.08 0.509496745389
241.15 0.313264664344
241.22 0.24078568118
241.29 0.247061842394
241.36 0.202060664324
241.43 0.395187752405
241.5 0.437462648996
241.57 0.271294224012
241.64 0.120127035595
241.71 0.2766816527
241.78 0.298340213022
241.85 0.471149943685
241.92 0.446696868745
241.99 0.477639941387
242.06 0.170980711254
242.13 0.131883915484
242.2 0.122114691975
242.27 0.232384225766
242.34 0.563178014445
242.41 0.538345277248
242.48 0.44501625021
242.55 0.235791444707
242.62 0.425372652737
242.69 0.483795025923
242.76 0.708527297228
242.83 0.548425968551
242.9 0.519296314613
242.97 0.515827060272
243.04 0.535492325657
243.11 0.473095469622
243.18 0.50741778275
243.25 0.524155182224
243.32 0.502957998911
243.39 0.641518077922
243.46 0.451288490701
243.53 0.527761987367
243.6 0.656908532802
243.67 0.657984704219
243.74 0.547775038393
243.81 0.478078554678
243.88 0.566787736361
243.95 0.476211868618
244.02 0.420716339668
244.09 0.436879650631
244.16 0.43915922276
244.23 0.273536859488
244.3 0.175556299019
244.37 0.113398706961
244.44 0.076345896732
244.51 0.179919627931
244.58 0.493042446888
244.65 0.417386450651
244.72 0.414596512626
244.79 0.341113779412
244.86 0.257660125452
244.93 0.218750791134
245.0 0.261825635952
245.07 0.390981945323
245.14 0.457999481459
245.21 0.289769865199
245.28 0.208955445591
245.35 0.157068375158
245.42 0.167505761955
245.49 0.407394548481
245.56 0.432525452345
245.63 0.167189098761
245.7 0.221046914739
245.77 0.465394521441
245.84 0.485765147827
245.91 0.46486837919
245.98 0.371713583382
246.05 0.186541918187
246.12 0.140135800094
246.19 0.214817818309
246.26 0.350217920776
246.33 0.342712720259
246.4 0.505761397599
246.47 0.45029608061
246.54 0.437551349498
246.61 0.406877465952
246.68 0.576571363247
246.75 0.318665610097
246.82 0.270174505665
246.89 0.174691949745
246.96 0.112785493411
247.03 0.0949454572404
247.1 0.127298281774
247.17 0.154356756504
247.24 0.388079664824
247.31 0.30532067005
247.38 0.304949980494
247.45 0.250656134421
247.52 0.275274287405
247.59 0.221037018661
247.66 0.305625592026
247.73 0.442381850288
247.8 0.36020442611
247.87 0.261728841003
247.94 0.232277766792
248.01 0.21509245903
248.08 0.181665959255
248.15 0.542524335431
248.22 0.515747287349
248.29 0.43066540718
248.36 0.489015852111
248.43 0.468842190054
248.5 0.41808716093
248.57 0.540400971778
248.64 0.477077716565
248.71 0.518732186638
248.78 0.53265327144
248.85 0.404993106829
248.92 0.427953761131
248.99 0.483137559616
249.06 0.654113523461
249.13 0.44791350129
249.2 0.478235557613
249.27 0.501894853058
249.34 0.446919951886
249.41 0.450283121116
249.48 0.416659002753
249.55 0.332504509596
249.62 0.180886238282
249.69 0.12973199969
249.76 0.101478200969
249.83 0.0782723685712
249.9 0.269122973723
249.97 0.475372171712
250.04 0.498676889143
250.11 0.50663038148
250.18 0.486387384034
250.25 0.500210455611
250.32 0.491027569447
250.39 0.631072371072
250.46 0.545474989232
250.53 0.566151904126
250.6 0.480621382447
250.67 0.459821563461
250.74 0.611870045828
250.81 0.711861967496
250.88 0.622778380192
250.95 0.611035186574
251.02 0.493922235719
251.09 0.493014081678
251.16 0.509601165845
251.23 0.531815314928
251.3 0.540162714974
251.37 0.378399452833
251.44 0.209166587691
251.51 0.155123762928
251.58 0.141528955389
251.65 0.116328239139
251.72 0.340359632571
251.79 0.599508506106
251.86 0.628509728589
251.93 0.448687100264
252.0 0.338767293943
252.07 0.397687315251
252.14 0.32795263632
252.21 0.906992299769
252.28 0.588655738675
252.35 0.337566798723
252.42 0.24492576258
252.49 0.203407210884
252.56 0.147268216135
252.63 0.240891650265
252.7 0.592648373196
252.77 0.497018655629
252.84 0.557803034414
252.91 0.523478737558
252.98 0.396045926501
253.05 0.28362114116
253.12 0.673550096156
253.19 0.609648841378
253.26 0.361512337521
253.33 0.239262579641
253.4 0.17153678507
253.47 0.121647470141
253.54 0.24765058245
253.61 0.729620274412
253.68 0.618195162086
253.75 0.559500291444
253.82 0.372386495691
253.89 0.343723272353
253.96 0.297391952554
254.03 0.544616078691
254.1 0.568139263995
254.17 0.499253491558
254.24 0.510867058005
254.31 0.480218141065
254.38 0.379951859073
254.45 0.435328069467
254.52 0.478951692946
254.59 0.42321806995
254.66 0.206978092992
254.73 0.223624305456
254.8 0.519167415829
254.87 0.608259772787
254.94 0.556751450905
255.01 0.309082678108
255.08 0.21755348825
255.15 0.171359788546
255.22 0.164124731119
255.29 0.133528614207
255.36 0.405297503464
255.43 0.48630563383
255.5 0.707928749726
255.57 0.397958146442
255.64 0.326003586083
255.71 0.26524697465
255.78 0.318712929493
255.85 0.931814251354
255.92 0.597125106545
255.99 0.263528852222
256.06 0.196470505443
256.13 0.170053345191
256.2 0.150844480574
256.27 0.488139418374
256.34 0.512781991673
256.41 0.504676092333
256.48 0.518120882688
256.55 0.407942805024
256.62 0.31780195698
256.69 0.406197972373
256.76 0.678628140689
256.83 0.457844902185
256.9 0.345085403502
256.97 0.217779269002
257.04 0.154366196534
257.11 0.139272567572
257.18 0.426186287234
257.25 0.526447617159
257.32 0.534971602802
257.39 0.484577438062
257.46 0.322439107983
257.53 0.304942209954
257.6 0.408137413375
257.67 0.501307564943
257.74 0.480366820723
257.81 0.312051017864
257.88 0.150950215995
257.95 0.240203793122
258.02 0.222327318245
258.09 0.36040490507
258.16 0.367780085215
258.23 0.200655227966
258.3 0.131259558574
258.37 0.230039061707
258.44 0.460239446718
258.51 0.504578054935
258.58 0.464020489537
258.65 0.338575379981
258.72 0.286855729067
258.79 0.256539741565
258.86 0.444193833166
258.93 0.253375459156
259.0 0.638023945606
259.07 0.567439957311
259.14 0.4978049337
259.21 0.462496857822
259.28 0.513826238128
259.35 0.421162642925
259.42 0.461898618112
259.49 0.623767158015
259.56 0.558807954396
259.63 0.435098516247
259.7 0.616089297458
259.77 0.576522674095
259.84 0.448691190192
259.91 0.726753066088
259.98 0.580439796438
260.05 0.423142594836
260.12 0.573935583901
260.19 0.479125609938
260.26 0.486203616086
260.33 0.573784883451
260.4 0.645528588552
260.47 0.570216657056
260.54 0.549108082391
260.61 0.532753455324
260.68 0.323767626955
260.75 0.205559954976
260.82 0.709045991234
260.89 0.59070407198
260.96 0.568069699776
261.03 0.647218221687
261.1 0.577257346242
261.17 0.571308904563
261.24 0.618616539025
261.31 0.599562024853
261.38 0.551086176269
261.45 0.455862989107
261.52 0.558791846077
261.59 0.696526410787
261.66 0.72276212684
261.73 0.686754304346
261.8 0.649674772614
261.87 0.537865385985
261.94 0.541950585329
262.01 0.598826861206
262.08 0.531945293402
262.15 0.71051849241
262.22 0.545677186026
262.29 0.304275372911
262.36 0.212150823051
262.43 0.168538608826
262.5 0.176645839246
262.57 0.279712045582
262.64 0.450720545138
262.71 0.416983552513
262.78 0.344731687628
262.85 0.381354356097
262.92 0.659184350191
262.99 0.643596221932
263.06 0.508888838432
263.13 0.590356403978
263.2 0.419353712184
263.27 0.399755969276
263.34 0.376847615444
263.41 0.643260867222
263.48 0.473333760267
263.55 0.726566784236
263.62 0.484779120795
263.69 0.393956166968
263.76 0.466694040281
263.83 0.557676925095
263.9 0.464218104903
263.97 0.579879410311
264.04 0.600409202234
264.11 0.527480913632
264.18 0.463132316194
264.25 0.344644980522
264.32 0.227174172299
264.39 0.324455166636
264.46 0.800597253486
264.53 0.613078725737
264.6 0.551631910851
264.67 0.567355064728
264.74 0.517669114913
264.81 0.521097449031
264.88 0.480026299619
264.95 0.615006581834
265.02 0.553585233112
265.09 0.572211044573
265.16 0.608522308097
265.23 0.781650674401
265.3 0.638884206565
265.37 0.838804709205
265.44 0.648735265686
265.51 0.634502277991
265.58 0.743159637489
265.65 0.627432591897
265.72 0.542534810028
265.79 0.595099694881
265.86 0.552540039108
265.93 0.308984948503
266.0 0.245754743168
266.07 0.154370255843
266.14 0.160296974819
266.21 0.598801941333
266.28 0.449433015683
266.35 0.480569001402
266.42 0.41712867242
266.49 0.473060104158
266.56 0.33791373995
266.63 0.422535919046
266.7 0.648306390547
266.77 0.778193372381
266.84 0.74253937373
266.91 0.705322181615
266.98 0.579614607654
267.05 0.820795759677
267.12 0.846586643751
267.19 0.644194977315
267.26 0.510594139953
267.33 0.453880974507
267.4 0.500195839519
267.47 0.656703659346
267.54 0.745994347166
267.61 0.7141221729
267.68 0.825243678214
267.75 0.696997042505
267.82 0.683837014555
267.89 0.540730492944
267.96 0.225780440095
268.03 0.251408403892
268.1 0.751618611336
268.17 0.467371374482
268.24 0.535459196923
268.31 0.465278238906
268.38 0.490250644385
268.45 0.549222738946
268.52 0.559593894057
268.59 0.687517788082
268.66 0.684438863973
268.73 0.655479962087
268.8 0.612343947232
268.87 0.7505235937
268.94 0.627812014044
269.01 0.69624154847
269.08 0.602255939826
269.15 0.554297536354
269.22 0.682090697734
269.29 0.644465985767
269.36 0.538993382488
269.43 0.54780844269
269.5 0.597748609372
269.57 0.542686751315
269.64 0.410449332672
269.71 0.236227204073
269.78 0.205089935618
269.85 0.214426803199
269.92 0.634946894033
269.99 0.714498770129
270.06 0.598357865136
270.13 0.670462287977
270.2 0.467221642529
270.27 0.554581715404
270.34 0.559383315974
270.41 0.792257512788
270.48 0.585530997065
270.55 0.458650616275
270.62 0.463716705263
270.69 0.540906081037
270.76 0.428757165974
270.83 0.946173006734
270.9 0.818804989924
270.97 0.636793020876
271.04 0.620012321027
271.11 0.572379347182
271.18 0.472975780426
271.25 0.85479083349
271.32 0.779998475866
271.39 0.479849647951
271.46 0.482041795867
271.53 0.443875848561
271.6 0.503762059626
271.67 0.547452506201
271.74 0.848788460526
271.81 0.681822960579
271.88 0.513012434427
271.95 0.465381507156
272.02 0.455547495845
272.09 0.501539661072
272.16 0.678271153518
272.23 0.561938474761
272.3 0.537333735708
272.37 0.499708469394
272.44 0.474999951253
272.51 0.493474673898
272.58 0.866113510698
272.65 0.752924568025
272.72 0.679669463927
272.79 0.65629000138
272.86 0.531890475805
272.93 0.564988107062
273.0 0.533291093848
273.07 0.753049343041
273.14 0.53647045162
273.21 0.446953556006
273.28 0.422855023627
273.35 0.481082177713
273.42 0.44622294478
273.49 0.747509771631
273.56 0.676890753059
273.63 0.444863580535
273.7 0.377596449247
273.77 0.350142740562
273.84 0.248554266254
273.91 0.414734925568
273.98 0.427495138135
274.05 0.287035510223
274.12 0.234409880762
274.19 0.274458540262
274.26 0.307064150673
274.33 0.399627972918
274.4 0.702053594776
274.47 0.560840052076
274.54 0.430353876538
274.61 0.386606842964
274.68 0.364923973519
274.75 0.33534304653
274.82 0.447645040582
274.89 0.362898220222
274.96 0.264802400507
275.03 0.231581678227
275.1 0.234218577549
275.17 0.265117772909
275.24 0.628870886261
275.31 0.637052296168
275.38 0.555320454918
275.45 0.381598860596
275.52 0.331201508355
275.59 0.297805770056
275.66 0.296521584415
275.73 0.500241521655
275.8 0.428977345235
275.87 0.296912767118
275.94 0.30524677096
276.01 0.27097455058
276.08 0.318329567286
276.15 0.676387380972
276.22 0.573852264119
276.29 0.348581735483
276.36 0.31009873984
276.43 0.310512243104
276.5 0.348432163067
276.57 0.465336052238
276.64 0.549751230729
276.71 0.407486064233
276.78 0.266468459352
276.85 0.228144484212
276.92 0.31349984645
276.99 0.438422948805
277.06 0.735103447366
277.13 0.714712576
277.2 0.53642892387
277.27 0.408777214676
277.34 0.308624723876
277.41 0.308320498057
277.48 0.47551363679
277.55 0.533124544526
277.62 0.281241206273
277.69 0.278483088464
277.76 0.31110745485
277.83 0.408803655783
277.9 0.63661199566
277.97 0.911984244723
278.04 0.748447776663
278.11 0.588707294643
278.18 0.420565022022
278.25 0.368250481658
278.32 0.337911459711
278.39 0.645662492583
278.46 0.439848012947
278.53 0.295547433965
278.6 0.234350818536
278.67 0.302579525923
278.74 0.322544566229
278.81 0.746923474574
278.88 0.707641629731
278.95 0.603942841508
279.02 0.419117719504
279.09 0.337231871054
279.16 0.290441367466
279.23 0.386734853825
279.3 0.637773596283
279.37 0.434886297681
279.44 0.280669286809
279.51 0.239647479197
279.58 0.308152421056
279.65 0.349255936974
279.72 0.699812185634
279.79 0.661972338329
279.86 0.482912586213
279.93 0.405828573609
280.0 0.377269801344
280.07 0.400498644015
280.14 0.573748921741
280.21 0.596007309077
280.28 0.289980773635
280.35 0.244904990648
280.42 0.196134954133
280.49 0.245906221961
280.56 0.367769795938
280.63 0.656968637653
280.7 0.650710122108
280.77 0.399123970744
280.84 0.308130720913
280.91 0.288067946167
280.98 0.26487719719
281.05 0.468087809549
281.12 0.437738727154
281.19 0.252327833434
281.26 0.287022275166
281.33 0.314921452364
281.4 0.382771320958
281.47 0.580835786175
281.54 0.611516695759
281.61 0.583208446857
281.68 0.407150814269
281.75 0.351705331333
281.82 0.315309574873
281.89 0.331143814272
281.96 0.442976341704
282.03 0.371194320525
282.1 0.231119152236
282.17 0.233991154702
282.24 0.311400474461
282.31 0.316881836115
282.38 0.666999788945
282.45 0.61286096208
282.52 0.452432021837
282.59 0.304032574967
282.66 0.273724280653
282.73 0.250402887663
282.8 0.350364358871
282.87 0.420051765138
282.94 0.322117500778
283.01 0.2602226084
283.08 0.266157421822
283.15 0.323023108686
283.22 0.335310631679
283.29 0.766871744243
283.36 0.517907183174
283.43 0.369949097163
283.5 0.313208950766
283.57 0.31770952591
283.64 0.309992993139
283.71 0.525557714701
283.78 0.466054488759
283.85 0.269154134845
283.92 0.217491164395
283.99 0.234878783366
284.06 0.24948698242
284.13 0.480789628653
284.2 0.941273175389
284.27 0.622877436043
284.34 0.455939627708
284.41 0.360895262873
284.48 0.319258807497
284.55 0.329752555685
284.62 0.783600143621
284.69 0.538594374455
284.76 0.313866159236
284.83 0.305438865407
284.9 0.375015585798
284.97 0.356642838999
285.04 0.718444335032
285.11 0.684537860199
285.18 0.474616505249
285.25 0.442775527557
285.32 0.327875799508
285.39 0.31092209154
285.46 0.474349994427
285.53 0.720717296885
285.6 0.418547427631
285.67 0.21959704675
285.74 0.202217973439
285.81 0.25696623333
285.88 0.314490823938
285.95 0.551051237847
286.02 0.507468168786
286.09 0.303218113783
286.16 0.291614246813
286.23 0.256432378553
286.3 0.234569756959
286.37 0.552076576849
286.44 0.563425888541
286.51 0.273824645023
286.58 0.258313556622
286.65 0.232421815067
286.72 0.291480300884
286.79 0.602931822086
286.86 0.697549421205
286.93 0.449545118047
287.0 0.342720290976
287.07 0.314491739257
287.14 0.383781710293
287.21 0.337653351127
287.28 0.517117722437
287.35 0.396159079548
287.42 0.225204350129
287.49 0.178044757181
287.56 0.20630630227
287.63 0.245436075297
287.7 0.608128434228
287.77 0.51482728251
287.84 0.398852129158
287.91 0.275572713519
287.98 0.244301149445
288.05 0.221734114399
288.12 0.301391068433
288.19 0.446901163681
288.26 0.286826654808
288.33 0.234861748448
288.4 0.249442887588
288.47 0.264339713368
288.54 0.342003308007
288.61 0.484740793437
288.68 0.456370465625
288.75 0.345789360906
288.82 0.332347398693
288.89 0.232180504515
288.96 0.221472328426
289.03 0.331081377615
289.1 0.327467871952
289.17 0.216904111555
289.24 0.189024531523
289.31 0.187048919319
289.38 0.250512801642
289.45 0.476292108869
289.52 0.455388244901
289.59 0.384636145763
289.66 0.236690427834
289.73 0.26058661194
289.8 0.207025330203
289.87 0.192443907443
289.94 0.282170317566
290.01 0.241819757608
290.08 0.160132580041
290.15 0.179306432107
290.22 0.184804528945
290.29 0.207062218512
290.36 0.362438810826
290.43 0.384564095036
290.5 0.216760280829
290.57 0.183005207438
290.64 0.168361783119
290.71 0.219664554725
290.78 0.274243108412
290.85 0.329010544874
290.92 0.225575884099
290.99 0.132750628794
291.06 0.121037539168
291.13 0.192968744398
291.2 0.245763264655
291.27 0.404919235133
291.34 0.360316546201
291.41 0.297494015419
291.48 0.212515484074
291.55 0.197424069281
291.62 0.152397365423
291.69 0.312790157024
291.76 0.354000586352
291.83 0.226720546492
291.9 0.181953453113
291.97 0.185732763595
292.04 0.201259734708
292.11 0.285537753986
292.18 0.418887220348
292.25 0.328859135374
292.32 0.250456430582
292.39 0.220441250956
292.46 0.184553541477
292.53 0.142366729804
292.6 0.27243863018
292.67 0.263422422255
292.74 0.141326270318
292.81 0.108759333732
292.88 0.106168226127
292.95 0.122850368072
293.02 0.255626314773
293.09 0.277531890274
293.16 0.20146077285
293.23 0.148589568871
293.3 0.127313241111
293.37 0.0845464380882
293.44 0.109131831365
293.51 0.198406330292
293.58 0.149407056408
293.65 0.104319596662
293.72 0.106548288031
293.79 0.111732013195
293.86 0.116315195848
293.93 0.264026638932
294.0 0.260328783754
294.07 0.176514874549
294.14 0.149888815372
294.21 0.123708820953
294.28 0.143135146269
294.35 0.19267619695
294.42 0.188310908483
294.49 0.124207218412
294.56 0.0716447539969
294.63 0.0579096625921
294.7 0.0555137305777
294.77 0.114662724974
294.84 0.14868049321
294.91 0.151442240065
294.98 0.101819476244
295.05 0.0720839280823
295.12 0.05751899395
295.19 0.0533091759036
295.26 0.0802183360535
295.33 0.0964932997787
295.4 0.0734708098996
295.47 0.069596591508
295.54 0.0772439016934
295.61 0.0816065618422
295.68 0.114784741142
295.75 0.12693839878
295.82 0.10508044241
295.89 0.0926386060367
295.96 0.0773332500093
296.03 0.0634858403023
296.1 0.0550334686753
296.17 0.0703255074608
296.24 0.0585192051985
296.31 0.0411738520337
296.38 0.0435185213684
296.45 0.0358428798143
296.52 0.0414046815423
296.59 0.0710335757418
296.66 0.0829739947493
296.73 0.0580021774593
296.8 0.0385232471039
296.87 0.0354727123765
296.94 0.0229722472641
297.01 0.0267919929148
297.08 0.0403092529806
297.15 0.0342778250952
297.22 0.02747269349
297.29 0.0267711130135
297.36 0.02602206005
297.43 0.0274875754757
297.5 0.0401246583448
297.57 0.0442459741006
297.64 0.028073888648
297.71 0.0303754171448
297.78 0.0243813013869
297.85 0.0295893050557
297.92 0.0320173908613
297.99 0.033166778103
298.06 0.0227918118493
298.13 0.0155407621295
298.2 0.0133717034488
298.27 0.0202451358749
298.34 0.0157594975068
298.41 0.0362188485675
298.48 0.0289131810738
298.55 0.0195733580452
298.62 0.01651862381
298.69 0.0132726363181
298.76 0.0122079853464
298.83 0.0129941554486
298.9 0.0178151146861
298.97 0.0132249881802
299.04 0.0102771995845
299.11 0.00990058140623
299.18 0.0115083579794
299.25 0.0105282805186
299.32 0.013894121577
299.39 0.0111450602661
299.46 0.00914774630738
299.53 0.0076857310087
299.6 0.00674650931222
299.67 0.00571369144779
299.74 0.00789668778888
299.81 0.00617861692804
299.88 0.00477187688558
299.95 0.00348242171596
300.02 0.00301957826338
300.09 0.00308230498705
300.16 0.00269920222727
300.23 0.00291415224627
300.3 0.00257733914962
300.37 0.00209239268505
300.44 0.00180604619868
300.51 0.00151122012284
300.58 0.00113507410721
300.65 0.000962075656534
300.72 0.000664912939739
300.79 0.000321243010482
300.86 0.000122878307852
300.93 6.98381695651e-05
301.0 4.65974551466e-05
301.07 0.0
301.14 0.0
301.21 0.0
301.28 0.0
301.35 0.0
301.42 0.0
301.49 0.0
301.56 0.0
301.63 0.0
301.7 0.0
301.77 0.0
301.84 0.0
301.91 0.0
301.98 0.0
302.05 0.0
302.12 0.0
302.19 0.0
302.26 0.0
302.33 0.0
302.4 0.0
302.47 0.0
302.54 0.0
302.61 0.0
302.68 0.0
302.75 0.0
302.82 0.0
302.89 0.0
302.96 0.0
303.03 8.0776872205e-05
