0.0 0.138135425114
0.07 0.489842481373
0.14 0.402141791737
0.21 0.343073465225
0.28 0.302407563733
0.35 0.266303198527
0.42 0.244996759427
0.49 0.315596593794
0.56 0.279800347196
0.63 0.475077761055
0.7 0.574609912722
0.77 0.516370783683
0.84 0.488125863111
0.91 0.410384803721
0.98 0.429461433111
1.05 0.415668416946
1.12 0.485166526903
1.19 0.37084463739
1.26 0.738588965887
1.33 0.658327638487
1.4 0.578807600201
1.47 0.581822431297
1.54 0.540927657696
1.61 0.442311560405
1.68 0.418957603859
1.75 0.348122409923
1.82 0.564454288505
1.89 0.593850786847
1.96 0.525955213555
2.03 0.522162676593
2.1 0.470234389607
2.17 0.486122831531
2.24 0.440572078165
2.31 0.453817219692
2.38 0.550554610515
2.45 0.589663179058
2.52 0.55387910315
2.59 0.532344057039
2.66 0.538685010082
2.73 0.58184769903
2.8 0.519464432354
2.87 0.462840942981
2.94 0.578566819522
3.01 0.638047811639
3.08 0.435635493414
3.15 0.435032603448
3.22 0.403569509524
3.29 0.401542097843
3.36 0.399636053493
3.43 0.463284914006
3.5 0.411640910616
3.57 0.719048637995
3.64 0.507716887316
3.71 0.385887517237
3.78 0.329868055667
3.85 0.342056759902
3.92 0.310822109164
3.99 0.320900533202
4.06 0.247337091271
4.13 0.439589642001
4.2 0.451702551971
4.27 0.388034789061
4.34 0.287853736502
4.41 0.295562349179
4.48 0.287688839447
4.55 0.305407641666
4.62 0.363402966715
4.69 0.601381861155
4.76 0.514089684911
4.83 0.412327008661
4.9 0.318322744833
4.97 0.301344156442
5.04 0.257729108642
5.11 0.280802576369
5.18 0.318737087408
5.25 0.845261112402
5.32 0.77839563934
5.39 0.729439687311
5.46 0.635985210402
5.53 0.827770133814
5.6 0.750775599973
5.67 0.744999642743
5.74 0.674181832102
5.81 0.484701607161
5.88 0.38140640103
5.95 0.260668925875
6.02 0.68494710778
6.09 0.600994025425
6.16 0.666009729427
6.23 0.530686773122
6.3 0.466508454852
6.37 0.44070303669
6.44 0.706962884211
6.51 0.64021056937
6.58 0.539630511212
6.65 0.35924239001
6.72 0.110392293789
6.79 0.369654772287
6.86 0.690868186929
6.93 0.439866175197
7.0 0.395756769837
7.07 0.729438442243
7.14 0.736862568777
7.21 0.782602682701
7.28 0.694960296804
7.35 0.594890460399
7.42 0.464117093089
7.49 0.319580495933
7.56 0.190526272765
7.63 0.699799447531
7.7 0.720076242131
7.77 0.636554102265
7.84 0.691518145235
7.91 0.613028859499
7.98 0.732670049225
8.05 0.527108090008
8.12 0.469595231821
8.19 0.272720395608
8.26 0.163792316781
8.33 0.121073003132
8.4 0.827823406644
8.47 0.677069624553
8.54 0.631246969763
8.61 0.757448432169
8.68 0.624381274138
8.75 0.721503557803
8.82 0.732320247644
8.89 0.615770046671
8.96 0.490935389032
9.03 0.441198427835
9.1 0.163297914542
9.17 0.75808538279
9.24 0.73595215593
9.31 0.620963335866
9.38 0.582109422469
9.45 0.373888340364
9.52 0.35988835397
9.59 0.88411630959
9.66 0.737976195799
9.73 0.692272433098
9.8 0.634648632791
9.87 0.670586933317
9.94 0.640780718216
10.01 0.701014869294
10.08 0.653372341972
10.15 0.577074078203
10.22 0.607913935127
10.29 0.631115287431
10.36 0.869350475264
10.43 0.678068767863
10.5 0.648241642766
10.57 0.583704846161
10.64 0.539734915235
10.71 0.651632457617
10.78 0.739764161229
10.85 0.661537057641
10.92 0.577963554248
10.99 0.418684022487
11.06 0.449829835532
11.13 0.596379889479
11.2 0.471851298171
11.27 0.288436750059
11.34 0.173882208553
11.41 0.135494751871
11.48 0.643570957497
11.55 0.764174879737
11.62 0.72527113383
11.69 0.658528401248
11.76 0.643464164611
11.83 0.604905892333
11.9 0.773097162742
11.97 0.724232636837
12.04 0.659218848096
12.11 0.580805889799
12.18 0.561589547686
12.25 0.628489033744
12.32 0.816325679453
12.39 0.652291426284
12.46 0.629633838105
12.53 0.564443627982
12.6 0.496343351199
12.67 0.499313398566
12.74 0.639597808218
12.81 0.378635236907
12.88 0.281296356074
12.95 0.122768246732
13.02 0.0937089831233
13.09 0.581828906842
13.16 0.264634679211
13.23 0.247499959878
13.3 0.37644342858
13.37 0.271089594706
13.44 0.3684533352
13.51 0.416812703026
13.58 0.318536086356
13.65 0.484565975163
13.72 0.392487542736
13.79 0.419650805941
13.86 0.441621789707
13.93 0.256170271484
14.0 0.363863662757
14.07 0.447802450659
14.14 0.238393743382
14.21 0.68194793833
14.28 0.428041504446
14.35 0.409287865973
14.42 0.458710724491
14.49 0.252817070796
14.56 0.494513229194
14.63 0.327521587842
14.7 0.25284876046
14.77 0.315761568294
14.84 0.24942143652
14.91 0.450666965102
14.98 0.471442996261
15.05 0.262026964529
15.12 0.348616141971
15.19 0.494788672211
15.26 0.341346281755
15.33 0.583987750651
15.4 0.36876456052
15.47 0.406710619715
15.54 0.431322875429
15.61 0.260057728505
15.68 0.616648641774
15.75 0.479672601424
15.82 0.351059626811
15.89 0.412411286069
15.96 0.219695298955
16.03 0.375616870175
16.1 0.697520058494
16.17 0.523929687347
16.24 0.578116620178
16.31 0.567134631166
16.38 0.643065111354
16.45 0.777868904053
16.52 0.643073001749
16.59 0.671742127146
16.66 0.624265366639
16.73 0.477748262317
16.8 0.761973188311
16.87 0.548385421918
16.94 0.504382660512
17.01 0.505791541432
17.08 0.486510542158
17.15 0.633846725542
17.22 0.611091479942
17.29 0.508959620154
17.36 0.575503952031
17.43 0.448252331289
17.5 0.566757610848
17.57 0.637251998671
17.64 0.562345444009
17.71 0.569437652668
17.78 0.425113563018
17.85 0.358809630555
17.92 0.842336873413
17.99 0.537541218456
18.06 0.392096921986
18.13 0.284216350513
18.2 0.32698981271
18.27 0.514792204153
18.34 0.617221953927
18.41 0.329195969106
18.48 0.312955494606
18.55 0.19667577425
18.62 0.286557966146
18.69 0.564229470314
18.76 0.396292819306
18.83 0.402493958352
18.9 0.277032265957
18.97 0.0846952412294
19.04 0.470571091166
19.11 0.343390498877
19.18 0.289536752819
19.25 0.72429572128
19.32 0.697396784839
19.39 0.672563243591
19.46 0.500371718353
19.53 0.383755671747
19.6 0.507753846179
19.67 0.448343084242
19.74 0.630133488694
19.81 0.525736230503
19.88 0.330012763556
19.95 0.49997298381
20.02 0.49532409021
20.09 0.33666191563
20.16 0.67088861808
20.23 0.414813373885
20.3 0.427141293412
20.37 0.547032062695
20.44 0.343176376953
20.51 0.474457827358
20.58 0.278893749976
20.65 0.295075551387
20.72 0.403888503116
20.79 0.259338141703
20.86 0.370709231768
20.93 0.577509670337
21.0 0.320218343122
21.07 0.581094569855
21.14 0.55951044185
21.21 0.398446638163
21.28 0.481700200759
21.35 0.394772844357
21.42 0.430278668399
21.49 0.448755270287
21.56 0.317211256469
21.63 0.650401305699
21.7 0.445560383878
21.77 0.35948773991
21.84 0.399351028217
21.91 0.239083642161
21.98 0.507017233518
22.05 0.759225102627
22.12 0.602534201454
22.19 0.679421954325
22.26 0.620074854685
22.33 0.595094356681
22.4 0.731546515273
22.47 0.631609055222
22.54 0.568631870219
22.61 0.627127265844
22.68 0.591745620962
22.75 0.79422559285
22.82 0.566395903676
22.89 0.58528196914
22.96 0.623189791638
23.03 0.590860872005
23.1 0.643186693146
23.17 0.591197814833
23.24 0.450524520973
23.31 0.585032142356
23.38 0.529972509135
23.45 0.589182514269
23.52 0.457080528252
23.59 0.22801023894
23.66 0.4293118075
23.73 0.340320905636
23.8 0.331427354513
23.87 0.491723612447
23.94 0.224727983303
24.01 0.293892674154
24.08 0.257853546942
24.15 0.0754755329049
24.22 0.57287461546
24.29 0.395454778275
24.36 0.261395771603
24.43 0.762220099014
24.5 0.622789600543
24.57 0.718166367261
24.64 0.748089437065
24.71 0.54044604868
24.78 0.512845569988
24.85 0.255198099685
24.92 0.425867859816
24.99 0.661516808902
25.06 0.672889269733
25.13 0.528057180389
25.2 0.489296072222
25.27 0.525045193886
25.34 0.827213829649
25.41 0.729207196165
25.48 0.494206394377
25.55 0.631500716426
25.62 0.69966386319
25.69 0.848279199143
25.76 0.520992690878
25.83 0.400651698422
25.9 0.518935400542
25.97 0.57681865457
26.04 0.572135771803
26.11 0.627508605178
26.18 0.471948115618
26.25 0.497356470249
26.32 0.226976224787
26.39 0.306376337401
26.46 0.713353961669
26.53 0.605169045515
26.6 0.590458694163
26.67 0.516839483308
26.74 0.467095867848
26.81 0.762621261142
26.88 0.457396266199
26.95 0.43746909744
27.02 0.594433663386
27.09 0.502691554231
27.16 0.491268775374
27.23 0.636535033065
27.3 0.564819153027
27.37 0.535409113825
27.44 0.471978050867
27.51 0.649299390657
27.58 0.660564719038
27.65 0.429125946834
27.72 0.564083478634
27.79 0.533330451805
27.86 0.638117663533
27.93 0.537428882336
28.0 0.351749474954
28.07 0.426963046129
28.14 0.463174385916
28.21 0.337412575519
28.28 0.798179684842
28.35 0.564054022944
28.42 0.577925695838
28.49 0.536084310077
28.56 0.219370482138
28.63 0.470563707137
28.7 0.487177005063
28.77 0.39044934543
28.84 0.554361126196
28.91 0.571412208528
28.98 0.59313667477
29.05 0.535896030762
29.12 0.486593660878
29.19 0.570024886945
29.26 0.408290372825
29.33 0.449775412951
29.4 0.601955876264
29.47 0.505489663058
29.54 0.47401288232
29.61 0.348343939705
29.68 0.365179997587
29.75 0.54652036652
29.82 0.356294744932
29.89 0.40828962221
29.96 0.491366620449
30.03 0.444181348849
30.1 0.741923040781
30.17 0.511431824963
30.24 0.478682045509
30.31 0.555504316139
30.38 0.368928152935
30.45 0.468255988334
30.52 0.520818637509
30.59 0.501341337465
30.66 0.550855291479
30.73 0.19651341201
30.8 0.446857026973
30.87 0.4072989263
30.94 0.304560191137
31.01 0.442410990112
31.08 0.403412669667
31.15 0.603699409443
31.22 0.526588750663
31.29 0.351290128232
31.36 0.634713840998
31.43 0.393896554716
31.5 0.452202026821
31.57 0.460909216867
31.64 0.221738592701
31.71 0.391353419749
31.78 0.306220134972
31.85 0.45442868216
31.92 0.595783263576
31.99 0.371096894737
32.06 0.474945012372
32.13 0.445512454714
32.2 0.268317519122
32.27 0.601555846016
32.34 0.28069872935
32.41 0.344630997742
32.48 0.401149338435
32.55 0.17023026599
32.62 0.64044431452
32.69 0.48985975148
32.76 0.395401752672
32.83 0.485910559337
32.9 0.382532478733
32.97 0.370266032209
33.04 0.512875648211
33.11 0.366573029206
33.18 0.525543432604
33.25 0.333707797985
33.32 0.487792372518
33.39 0.707369252988
33.46 0.40865984529
33.53 0.519145915343
33.6 0.420077929824
33.67 0.246135222282
33.74 0.578275482526
33.81 0.608908556874
33.88 0.549979564799
33.95 0.548121479399
34.02 0.513440027447
34.09 0.850299834437
34.16 0.565012781964
34.23 0.455167403693
34.3 0.339819694244
34.37 0.183454518372
34.44 0.326583854984
34.51 0.514701171209
34.58 0.493919730854
34.65 0.513074439118
34.72 0.413012284604
34.79 0.434229611977
34.86 0.81761741972
34.93 0.476255127819
35.0 0.476324294628
35.07 0.3274299413
35.14 0.217261995078
35.21 0.669402608469
35.28 0.524563343601
35.35 0.490740109933
35.42 0.662254562379
35.49 0.471960000359
35.56 0.600550715656
35.63 0.672051359761
35.7 0.542262838329
35.77 0.51193261041
35.84 0.425297085458
35.91 0.511202646054
35.98 0.518355594972
36.05 0.370054317019
36.12 0.599189960491
36.19 0.481834683005
36.26 0.508581584123
36.33 0.542328210361
36.4 0.300945535086
36.47 0.396900162327
36.54 0.305348780923
36.61 0.265847643604
36.68 0.616685835949
36.75 0.227820491159
36.82 0.319717870431
36.89 0.342769626911
36.96 0.148244412894
37.03 0.662298214228
37.1 0.357531422212
37.17 0.260235901323
37.24 0.346162121709
37.31 0.131898762906
37.38 0.557541059873
37.45 0.279508748081
37.52 0.174473240586
37.59 0.36282674146
37.66 0.254974198913
37.73 0.54082234519
37.8 0.446388217138
37.87 0.4221068338
37.94 0.480218093155
38.01 0.159927083332
38.08 0.419340194218
38.15 0.693256707078
38.22 0.565095549206
38.29 0.585765865745
38.36 0.50779712272
38.43 0.51615289081
38.5 0.710980227449
38.57 0.478021063287
38.64 0.537513984825
38.71 0.482326720211
38.78 0.454345715351
38.85 0.639144103025
38.92 0.468936453786
38.99 0.514515650107
39.06 0.475400290283
39.13 0.420068380331
39.2 0.621153590014
39.27 0.518248000835
39.34 0.433773979609
39.41 0.429756487439
39.48 0.443236604292
39.55 0.679789562167
39.62 0.474391076219
39.69 0.432361160939
39.76 0.509091192278
39.83 0.352149460523
39.9 0.453257156493
39.97 0.472501447109
40.04 0.394030339962
40.11 0.44986887348
40.18 0.397905072268
40.25 0.536556899796
40.32 0.603285793655
40.39 0.441918878441
40.46 0.355607121828
40.53 0.659712907792
40.6 0.444757097523
40.67 0.605164044392
40.74 0.567435761904
40.81 0.39881621488
40.88 0.326860739659
40.95 0.446809213976
41.02 0.577423263207
41.09 0.669743232885
41.16 0.52836951674
41.23 0.468930136108
41.3 0.348373502625
41.37 0.528300749068
41.44 0.409110652275
41.51 0.247042477779
41.58 0.35096891258
41.65 0.250097663379
41.72 0.308962025102
41.79 0.479425812844
41.86 0.235331170775
41.93 0.362237839149
42.0 0.253400036694
42.07 0.190113619075
42.14 0.556312740634
42.21 0.225424253376
42.28 0.234089912359
42.35 0.251778305726
42.42 0.170207890508
42.49 0.457432995708
42.56 0.302754312216
42.63 0.274245714222
42.7 0.382767364699
42.77 0.212813652757
42.84 0.512831227876
42.91 0.289887081618
42.98 0.276959524791
43.05 0.312779225135
43.12 0.315545069421
43.19 0.503862776078
43.26 0.342187923952
43.33 0.148601184473
43.4 0.241049935296
43.47 0.118684876163
43.54 0.450326587912
43.61 0.460289938469
43.68 0.148117004898
43.75 0.421527436302
43.82 0.330179587787
43.89 0.156155557639
43.96 0.829851405115
44.03 0.692142817936
44.1 0.653994077741
44.17 0.68665700327
44.24 0.602108706883
44.31 0.772544519316
44.38 0.633225058281
44.45 0.61863082591
44.52 0.705555686218
44.59 0.533810514911
44.66 0.713373721912
44.73 0.591981063932
44.8 0.621972526101
44.87 0.720598536279
44.94 0.589218281679
45.01 0.748686247644
45.08 0.709755747666
45.15 0.615499309893
45.22 0.720341125899
45.29 0.611694685643
45.36 0.640030171515
45.43 0.711878770449
45.5 0.628484011771
45.57 0.647949296014
45.64 0.532892530381
45.71 0.560633475391
45.78 0.68417073932
45.85 0.460505782043
45.92 0.486219523876
45.99 0.450247284819
46.06 0.430954049327
46.13 0.705289462067
46.2 0.457571925051
46.27 0.460044380065
46.34 0.672121012087
46.41 0.230755357906
46.48 0.788787251618
46.55 0.673201868203
46.62 0.385576947215
46.69 0.545014429863
46.76 0.383927607309
46.83 0.600514757613
46.9 0.488228983343
46.97 0.579157961764
47.04 0.576358712122
47.11 0.463184197529
47.18 0.650982835896
47.25 0.388197073856
47.32 0.22012074289
47.39 0.394381744047
47.46 0.253943279559
47.53 0.55287092565
47.6 0.446375909431
47.67 0.202129372034
47.74 0.388631269012
47.81 0.328205347662
47.88 0.419623599118
47.95 0.545460947617
48.02 0.233252487905
48.09 0.351044254092
48.16 0.300461587845
48.23 0.188697339235
48.3 0.677684977115
48.37 0.412514501618
48.44 0.425776925166
48.51 0.324643955505
48.58 0.417487604394
48.65 0.670151686704
48.72 0.351727165002
48.79 0.285986864139
48.86 0.528175628661
48.93 0.198155606179
49.0 0.561103229453
49.07 0.580260707845
49.14 0.213250632932
49.21 0.429456604748
49.28 0.321449170369
49.35 0.774793579924
49.42 0.67459331519
49.49 0.607530522665
49.56 0.591081207356
49.63 0.388811214115
49.7 0.368743626696
49.77 0.734358766643
49.84 0.526749418062
49.91 0.602401163844
49.98 0.418648374222
50.05 0.343776294244
50.12 0.75730494254
50.19 0.638617391566
50.26 0.651587545807
50.33 0.61114138096
50.4 0.385798762946
50.47 0.646691976816
50.54 0.429942401721
50.61 0.393976775227
50.68 0.518880161815
50.75 0.486973957691
50.82 0.621133192344
50.89 0.612911721825
50.96 0.580149038939
51.03 0.554415924085
51.1 0.274913487725
51.17 0.585108582983
51.24 0.62697860531
51.31 0.631748872198
51.38 0.635794345635
51.45 0.364376449112
51.52 0.482737825012
51.59 0.426657235961
51.66 0.356612657281
51.73 0.312310713163
51.8 0.424064709322
51.87 0.316039781438
51.94 0.69685328879
52.01 0.256104744564
52.08 0.307501360669
52.15 0.407128080917
52.22 0.258394907312
52.29 0.507076946149
52.36 0.385790068319
52.43 0.338113542894
52.5 0.356210690922
52.57 0.230903172509
52.64 0.659036049463
52.71 0.697954691508
52.78 0.640322238275
52.85 0.746827831616
52.92 0.450084008139
52.99 0.507512025958
53.06 0.793657567769
53.13 0.611409356547
53.2 0.618437962481
53.27 0.309120824898
53.34 0.246217501027
53.41 0.684430425375
53.48 0.556780293486
53.55 0.586233102862
53.62 0.485846337057
53.69 0.335080283003
53.76 0.54876678806
53.83 0.535152632777
53.9 0.618190036064
53.97 0.482530354373
54.04 0.218266619071
54.11 0.67718960682
54.18 0.768561909903
54.25 0.580439404901
54.32 0.563999826739
54.39 0.492663448219
54.46 0.545410766608
54.53 0.449787118974
54.6 0.266716465816
54.67 0.407721433304
54.74 0.305923394738
54.81 0.567620553241
54.88 0.441746627143
54.95 0.342066231951
55.02 0.384125412289
55.09 0.405045141582
55.16 0.399246522921
55.23 0.359349918617
55.3 0.287067151335
55.37 0.375695937955
55.44 0.172616069626
55.51 0.381353306918
55.58 0.801509264981
55.65 0.608000014607
55.72 0.599180968001
55.79 0.595112562078
55.86 0.622304134199
55.93 0.962993049792
56.0 0.755339519165
56.07 0.798001902226
56.14 0.692984790761
56.21 0.659893532024
56.28 0.742789679656
56.35 0.639010478624
56.42 0.6415149301
56.49 0.506262659706
56.56 0.442160892273
56.63 0.773825596081
56.7 0.649471329198
56.77 0.622560734391
56.84 0.477064746745
56.91 0.520452188355
56.98 0.785026997067
57.05 0.797867425937
57.12 0.688058643136
57.19 0.836295394989
57.26 0.617535237482
57.33 0.769563701216
57.4 0.788727985781
57.47 0.676881348216
57.54 0.780338460857
57.61 0.627213491277
57.68 0.505544282229
57.75 0.711998002101
57.82 0.450955430697
57.89 0.607603198302
57.96 0.706071579286
58.03 0.283845463198
58.1 0.754786402136
58.17 0.653491204273
58.24 0.408825221905
58.31 0.600615730252
58.38 0.466302178644
58.45 0.541135485771
58.52 0.594633312139
58.59 0.41202762936
58.66 0.330734173281
58.73 0.372152638008
58.8 0.629726157819
58.87 0.849062147401
58.94 0.556102103709
59.01 0.4617705925
59.08 0.396416548692
59.15 0.194074853827
59.22 0.609609128091
59.29 0.62662821396
59.36 0.568032691628
59.43 0.266665814182
59.5 0.275324437638
59.57 0.530896805385
59.64 0.801973061778
59.71 0.498825972282
59.78 0.370189695833
59.85 0.328810206503
59.92 0.109968940853
59.99 0.426111648913
60.06 0.528937690752
60.13 0.426405130524
60.2 0.346924940373
60.27 0.51175248361
60.34 0.773613720045
60.41 0.828452192835
60.48 0.5302809822
60.55 0.36387495475
60.62 0.333774257218
60.69 0.226875615542
60.76 0.604042375064
60.83 0.511243912019
60.9 0.204087530526
60.97 0.407400003191
61.04 0.381440032761
61.11 0.646823072358
61.18 0.555020193158
61.25 0.439845440941
61.32 0.171665063984
61.39 0.0932802329071
61.46 0.242041605219
61.53 0.757765221574
61.6 0.628488792475
61.67 0.778193303862
61.74 0.781965386559
61.81 0.736942801203
61.88 0.783802645366
61.95 0.650441517228
62.02 0.613749083728
62.09 0.623583385063
62.16 0.428421235319
62.23 0.476266479385
62.3 0.749642775669
62.37 0.875653599683
62.44 0.696083139713
62.51 0.743321395215
62.58 0.659282084448
62.65 0.766150201106
62.72 0.673988316353
62.79 0.53443188133
62.86 0.421363805165
62.93 0.346194213488
63.0 0.324064766512
63.07 0.635873130445
63.14 0.540248422418
63.21 0.483760710996
63.28 0.767591790381
63.35 0.718687469955
63.42 0.674166572572
63.49 0.706302205809
63.56 0.595689260935
63.63 0.573962521997
63.7 0.470069027885
63.77 0.370139711413
63.84 0.688566961543
63.91 0.652670269524
63.98 0.619916063824
64.05 0.64996232984
64.12 0.663403194282
64.19 0.653576393142
64.26 0.569990033975
64.33 0.465909317962
64.4 0.360207987968
64.47 0.382504720863
64.54 0.328789320337
64.61 0.714674940186
64.68 0.900728803285
64.75 0.856885351021
64.82 1.0
64.89 0.738007560792
64.96 0.712623076916
65.03 0.708413069817
65.1 0.660676801974
65.17 0.604245624983
65.24 0.489597935703
65.31 0.307560111202
65.38 0.628283058378
65.45 0.812789477585
65.52 0.734105478689
65.59 0.741746646207
65.66 0.740563590256
65.73 0.594883865708
65.8 0.464954175001
65.87 0.411490075681
65.94 0.273577556477
66.01 0.19757090076
66.08 0.192890645146
66.15 0.714414041828
66.22 0.787014331258
66.29 0.672643565376
66.36 0.675402740506
66.43 0.675840381938
66.5 0.709836983891
66.57 0.610702807216
66.64 0.602052663926
66.71 0.630164940067
66.78 0.598599845876
66.85 0.304448415
66.92 0.849393549973
66.99 0.761011417894
67.06 0.820869912868
67.13 0.720454260291
67.2 0.667738726882
67.27 0.665601722402
67.34 0.646283374065
67.41 0.698769606442
67.48 0.234147769303
67.55 0.222712837628
67.62 0.179724803733
67.69 0.645768633728
67.76 0.800012136137
67.83 0.724895024974
67.9 0.681357135651
67.97 0.691375963225
68.04 0.739314664842
68.11 0.897366550535
68.18 0.858731414663
68.25 0.807507877915
68.32 0.820376693145
68.39 0.657977625424
68.46 0.723365810309
68.53 0.746112653189
68.6 0.655472923743
68.67 0.648698004899
68.74 0.664476320848
68.81 0.803473806681
68.88 0.822039567954
68.95 0.88703320923
69.02 0.819252334112
69.09 0.729095944268
69.16 0.644322862454
69.23 0.734235442351
69.3 0.618368056972
69.37 0.678483846159
69.44 0.638968652677
69.51 0.668995006538
69.58 0.87933318097
69.65 0.809500692788
69.72 0.812780741258
69.79 0.649258300431
69.86 0.498532166
69.93 0.664484041462
70.0 0.409592925526
70.07 0.286008417518
70.14 0.149261865853
70.21 0.142153021537
70.28 0.587294690209
70.35 0.484487991604
70.42 0.627520436303
70.49 0.534234389107
70.56 0.408868239306
70.63 0.367497075252
70.7 0.332473825303
70.77 0.347844646552
70.84 0.330292108581
70.91 0.253761937477
70.98 0.469889642765
71.05 0.61125240946
71.12 0.597272960732
71.19 0.586004939668
71.26 0.320126744238
71.33 0.348953531593
71.4 0.516744491762
71.47 0.445491747266
71.54 0.512423420419
71.61 0.371658888089
71.68 0.158893021522
71.75 0.573796543698
71.82 0.672064126177
71.89 0.6830371227
71.96 0.468279853132
72.03 0.122992394731
72.1 0.504582571384
72.17 0.26353903121
72.24 0.190181278696
72.31 0.511536199199
72.38 0.428460499643
72.45 0.541276595473
72.52 0.315429021927
72.59 0.204035368727
72.66 0.52018455531
72.73 0.449451838223
72.8 0.455792800201
72.87 0.66437480312
72.94 0.61889154555
73.01 0.536307752141
73.08 0.362977656818
73.15 0.113540186324
73.22 0.486393467036
73.29 0.485147326643
73.36 0.557058438122
73.43 0.46731874695
73.5 0.157457401425
73.57 0.513836414829
73.64 0.513600230179
73.71 0.378989863871
73.78 0.400988918263
73.85 0.34454250557
73.92 0.365010921511
73.99 0.59727860524
74.06 0.474162439422
74.13 0.623962284898
74.2 0.310222078684
74.27 0.118025779415
74.34 0.567904673012
74.41 0.371632750595
74.48 0.347340948003
74.55 0.373876455623
74.62 0.0731519141647
74.69 0.574159090844
74.76 0.705438024305
74.83 0.728153838778
74.9 0.666215353315
74.97 0.193172078191
75.04 0.347288598549
75.11 0.531473397011
75.18 0.421739768069
75.25 0.420785432317
75.32 0.369477844538
75.39 0.331984641626
75.46 0.517678778343
75.53 0.234416227429
75.6 0.328015343719
75.67 0.411123456746
75.74 0.394996554497
75.81 0.709760972186
75.88 0.558570933727
75.95 0.49813538246
76.02 0.444822272965
76.09 0.206734834204
76.16 0.412731208995
76.23 0.471134529154
76.3 0.487616070281
76.37 0.560902597752
76.44 0.221898369489
76.51 0.203150875933
76.58 0.607000633007
76.65 0.5258918938
76.72 0.488916243055
76.79 0.440391030968
76.86 0.355539229873
76.93 0.521419692638
77.0 0.504701123908
77.07 0.650642008933
77.14 0.499794099099
77.21 0.26078096711
77.28 0.535779271375
77.35 0.449331769575
77.42 0.414637342704
77.49 0.47453597772
77.56 0.298510607855
77.63 0.623530996887
77.7 0.580973708892
77.77 0.636963732644
77.84 0.622659648796
77.91 0.281000569002
77.98 0.433754448721
78.05 0.475277597461
78.12 0.296748342061
78.19 0.398349507959
78.26 0.427260072312
78.33 0.296795047007
78.4 0.646043457189
78.47 0.562788855051
78.54 0.55592563169
78.61 0.526088900506
78.68 0.452596933823
78.75 0.658345182628
78.82 0.518718273178
78.89 0.390911882266
78.96 0.32111965625
79.03 0.208840634538
79.1 0.439502865521
79.17 0.316377775723
79.24 0.250041811054
79.31 0.279673207277
79.38 0.1239725999
79.45 0.303085503305
79.52 0.676359039176
79.59 0.518024442605
79.66 0.458746009363
79.73 0.242819888939
79.8 0.206685531891
79.87 0.591334679985
79.94 0.451250765017
80.01 0.430412554919
80.08 0.365505862883
80.15 0.187864433365
80.22 0.476551322963
80.29 0.445965635668
80.36 0.431927781929
80.43 0.463710953667
80.5 0.381804513039
80.57 0.453592044065
80.64 0.401824201081
80.71 0.214332611992
80.78 0.250138107241
80.85 0.0895502412555
80.92 0.264424673756
80.99 0.794831568679
81.06 0.770757107912
81.13 0.653074699212
81.2 0.340067036849
81.27 0.9888169593
81.34 0.84216554847
81.41 0.669196662889
81.48 0.547258956993
81.55 0.311445605305
81.62 0.168522571708
81.69 0.455178549733
81.76 0.631577997028
81.83 0.713948466787
81.9 0.522452166837
81.97 0.469606392754
82.04 0.83493299264
82.11 0.84330443429
82.18 0.753651540448
82.25 0.566729334696
82.32 0.541826486644
82.39 0.29535870906
82.46 0.173576127329
82.53 0.687603597558
82.6 0.536067638675
82.67 0.434101551661
82.74 0.404591138525
82.81 0.33389281272
82.88 0.588364864951
82.95 0.488366581238
83.02 0.533347373412
83.09 0.45624932318
83.16 0.242707534948
83.23 0.55282494749
83.3 0.550885342895
83.37 0.50643626926
83.44 0.588572800257
83.51 0.283951618656
83.58 0.578305879463
83.65 0.754983200338
83.72 0.765508431059
83.79 0.638199814198
83.86 0.324536325624
83.93 0.295996055839
84.0 0.552379058226
84.07 0.327248039235
84.14 0.367521339186
84.21 0.454194082143
84.28 0.434391911666
84.35 0.54998951045
84.42 0.262325828528
84.49 0.357364541388
84.56 0.444638518191
84.63 0.349996121226
84.7 0.487410166402
84.77 0.588519265308
84.84 0.556942914867
84.91 0.551829268329
84.98 0.217815180616
85.05 0.456268163026
85.12 0.450993649521
85.19 0.513881112178
85.26 0.568062647727
85.33 0.238016898803
85.4 0.325147850644
85.47 0.696077861578
85.54 0.765735060258
85.61 0.717715301135
85.68 0.514788349804
85.75 0.412898852349
85.82 0.638222782427
85.89 0.669604783101
85.96 0.62954655228
86.03 0.416421692074
86.1 0.256702835954
86.17 0.544011319015
86.24 0.584464665343
86.31 0.504326706914
86.38 0.534049451817
86.45 0.464266700828
86.52 0.547613995009
86.59 0.473819446994
86.66 0.346540622408
86.73 0.482857175809
86.8 0.3350766312
86.87 0.416332115681
86.94 0.598353227079
87.01 0.346903646135
87.08 0.419056625494
87.15 0.486451964386
87.22 0.469474698507
87.29 0.600140397213
87.36 0.325127375529
87.43 0.360222812619
87.5 0.436708736147
87.57 0.357067419889
87.64 0.546417419048
87.71 0.383562635557
87.78 0.225308485873
87.85 0.389757260335
87.92 0.172057707226
87.99 0.465151434891
88.06 0.429015237048
88.13 0.154548907484
88.2 0.415773252871
88.27 0.240578271932
88.34 0.328746696117
88.41 0.691200977544
88.48 0.474522576855
88.55 0.508703094428
88.62 0.366842872396
88.69 0.397621232488
88.76 0.794371373047
88.83 0.539070906723
88.9 0.62203620627
88.97 0.480283536674
89.04 0.337422187564
89.11 0.811281435035
89.18 0.742817145619
89.25 0.671521035223
89.32 0.580026346117
89.39 0.373049483188
89.46 0.620625136056
89.53 0.592620993185
89.6 0.572440122442
89.67 0.629685770551
89.74 0.372974085081
89.81 0.453654881281
89.88 0.5262398248
89.95 0.331252857327
90.02 0.431991322102
90.09 0.5056679997
90.16 0.375562676948
90.23 0.505390489512
90.3 0.305220762307
90.37 0.371681957592
90.44 0.340667642204
90.51 0.24152615001
90.58 0.540408336223
90.65 0.304591996967
90.72 0.264306970143
90.79 0.408191217152
90.86 0.332395430693
90.93 0.543747695209
91.0 0.260411834209
91.07 0.218429559165
91.14 0.325218295285
91.21 0.126404045111
91.28 0.478511477139
91.35 0.56649105309
91.42 0.441334947466
91.49 0.464508318502
91.56 0.312022676491
91.63 0.460255573994
91.7 0.579650156837
91.77 0.487123493943
91.84 0.374797523037
91.91 0.333814051738
91.98 0.2445745205
92.05 0.490322312146
92.12 0.332236431328
92.19 0.270603085841
92.26 0.362014781329
92.33 0.43731620427
92.4 0.648089780204
92.47 0.423457035673
92.54 0.280482436003
92.61 0.391597423307
92.68 0.213591641592
92.75 0.458512005072
92.82 0.651512567687
92.89 0.600815703676
92.96 0.545737165079
93.03 0.324121336687
93.1 0.321173387788
93.17 0.672988514765
93.24 0.563219639673
93.31 0.546829935721
93.38 0.535732045168
93.45 0.489937207821
93.52 0.704681836076
93.59 0.375667080971
93.66 0.255398210126
93.73 0.324902619889
93.8 0.278246651157
93.87 0.644995783032
93.94 0.560502510909
94.01 0.16065739023
94.08 0.421552307878
94.15 0.359138355337
94.22 0.34599303074
94.29 0.859015459969
94.36 0.721300334692
94.43 0.68538623555
94.5 0.775799705146
94.57 0.725732252838
94.64 0.752433577911
94.71 0.754275271901
94.78 0.719724230406
94.85 0.531817473662
94.92 0.274352301582
94.99 0.466774875594
95.06 0.596241257999
95.13 0.53995815773
95.2 0.579837021302
95.27 0.615168205184
95.34 0.66870306488
95.41 0.585148737919
95.48 0.541778301318
95.55 0.453737705116
95.62 0.401261927737
95.69 0.483136973586
95.76 0.870233434062
95.83 0.782730561321
95.9 0.802392974394
95.97 0.657422283356
96.04 0.613562287772
96.11 0.743789388905
96.18 0.918021241171
96.25 0.868178070901
96.32 0.776213386464
96.39 0.69048128649
96.46 0.855280559532
96.53 0.768566684649
96.6 0.796667129665
96.67 0.712219978677
96.74 0.50127331743
96.81 0.62867297915
96.88 0.727568251684
96.95 0.720018918363
97.02 0.533650744081
97.09 0.285577239717
97.16 0.479240842789
97.23 0.731571943853
97.3 0.551842958121
97.37 0.485249574136
97.44 0.49402022989
97.51 0.402106396656
97.58 0.665219468628
97.65 0.70162773172
97.72 0.750586462812
97.79 0.653253098406
97.86 0.499338684171
97.93 0.655910910696
98.0 0.625643791049
98.07 0.325049618346
98.14 0.421162130943
98.21 0.416427244244
98.28 0.409803318203
98.35 0.649567580705
98.42 0.47481341642
98.49 0.470350752837
98.56 0.449953880653
98.63 0.442326000812
98.7 0.703438912605
98.77 0.567685073384
98.84 0.420786352715
98.91 0.407271284597
98.98 0.444271875426
99.05 0.653389820583
99.12 0.688058747388
99.19 0.522295324002
99.26 0.573531543764
99.33 0.586927094282
99.4 0.540678798968
99.47 0.593484260248
99.54 0.698495599125
99.61 0.592689239596
99.68 0.595906096393
99.75 0.538269163299
99.82 0.62791128343
99.89 0.538087180811
99.96 0.574660877112
100.03 0.530541106113
100.1 0.508957472561
100.17 0.531565201422
100.24 0.836793752851
100.31 0.941684004389
100.38 0.775731965102
100.45 0.695231653138
100.52 0.702160174066
100.59 0.721396949593
100.66 0.715182210115
100.73 0.697041642571
100.8 0.693963980216
100.87 0.683412686467
100.94 0.639959563048
101.01 0.597096217658
101.08 0.852781630439
101.15 0.685398439004
101.22 0.601401439701
101.29 0.494471138148
101.36 0.340249585276
101.43 0.198674281289
101.5 0.0626334628097
101.57 0.0397580740968
101.64 0.0133850538191
101.71 0.0
101.78 0.00173062676739
101.85 0.0219616934132
