0.0 0.0965667168381
0.07 0.146399011826
0.14 0.223953097372
0.21 0.272142589358
0.28 0.283728091611
0.35 0.44602656471
0.42 0.392823796473
0.49 0.643434371912
0.56 0.621895585613
0.63 0.682707703411
0.7 0.486666850842
0.77 0.426852464961
0.84 0.29320890707
0.91 0.426617218565
0.98 0.503954528295
1.05 0.409554749473
1.12 0.549427674468
1.19 0.512886920127
1.26 0.550925628061
1.33 0.487764577885
1.4 0.51671171944
1.47 0.593157147694
1.54 0.605649358587
1.61 0.535885933512
1.68 0.564574546594
1.75 0.538033364588
1.82 0.52303282061
1.89 0.44367285563
1.96 0.455065778726
2.03 0.528628069245
2.1 0.455158653533
2.17 0.586032623518
2.24 0.572911461047
2.31 0.543160876604
2.38 0.461334987308
2.45 0.46267022732
2.52 0.434679248936
2.59 0.400224666074
2.66 0.397872669349
2.73 0.358175401756
2.8 0.38699834904
2.87 0.379457595614
2.94 0.336657171185
3.01 0.327239775028
3.08 0.29602192768
3.15 0.31219336029
3.22 0.461045323284
3.29 0.490715620848
3.36 0.488893124851
3.43 0.439785474553
3.5 0.512726786264
3.57 0.390597067659
3.64 0.352942290313
3.71 0.316874948965
3.78 0.317971716691
3.85 0.391433594557
3.92 0.333973156342
3.99 0.365285610736
4.06 0.325041025464
4.13 0.457696486858
4.2 0.359806745146
4.27 0.367805391008
4.34 0.35766801254
4.41 0.360370806137
4.48 0.339587889551
4.55 0.443616857365
4.62 0.403151601848
4.69 0.337834953976
4.76 0.313876936749
4.83 0.378347375083
4.9 0.390216725812
4.97 0.430440986487
5.04 0.406960669356
5.11 0.377479302562
5.18 0.347751304318
5.25 0.35938355712
5.32 0.302842007888
5.39 0.301291731755
5.46 0.35302788823
5.53 0.435858371291
5.6 0.438281971336
5.67 0.402536214912
5.74 0.372972133124
5.81 0.450757563181
5.88 0.427743322503
5.95 0.44058447128
6.02 0.440019339135
6.09 0.404568736712
6.16 0.356719325084
6.23 0.281520961693
6.3 0.321292474455
6.37 0.286822371038
6.44 0.385004627387
6.51 0.402403595552
6.58 0.299820477495
6.65 0.352918831782
6.72 0.33261688343
6.79 0.278973731535
6.86 0.25910367962
6.93 0.271963358624
7.0 0.272525540746
7.07 0.317057082502
7.14 0.265726125617
7.21 0.350571852832
7.28 0.34367300922
7.35 0.300436329177
7.42 0.293131152689
7.49 0.247967821168
7.56 0.307677785644
7.63 0.312191710066
7.7 0.354060829067
7.77 0.420864582297
7.84 0.321322668088
7.91 0.292157677078
7.98 0.291787343442
8.05 0.414940767594
8.12 0.3815048228
8.19 0.385964662619
8.26 0.384296619142
8.33 0.479811710829
8.4 0.442836527554
8.47 0.484651571895
8.54 0.5414656939
8.61 0.504513539203
8.68 0.508673985139
8.75 0.424521317226
8.82 0.494261393122
8.89 0.394971130623
8.96 0.439326878784
9.03 0.463790272152
9.1 0.4862633313
9.17 0.544302565715
9.24 0.416785116633
9.31 0.38091818555
9.38 0.423382312215
9.45 0.426368976655
9.52 0.360757010753
9.59 0.389189625375
9.66 0.361315889942
9.73 0.356188566806
9.8 0.420069544616
9.87 0.475962066201
9.94 0.396006169035
10.01 0.36433598136
10.08 0.361039780619
10.15 0.368568515244
10.22 0.302166482216
10.29 0.326034186956
10.36 0.213932305742
10.43 0.234818192332
10.5 0.29317698617
10.57 0.390768536872
10.64 0.319796178542
10.71 0.175482754155
10.78 0.192033174136
10.85 0.0851914069017
10.92 0.0623621801973
10.99 0.0818871886567
11.06 0.224830146714
11.13 0.109283181746
11.2 0.0555277649101
11.27 0.344224579208
11.34 0.352383490654
11.41 0.29752814979
11.48 0.293669068564
11.55 0.268949728927
11.62 0.186016835049
11.69 0.330871756596
11.76 0.198889300804
11.83 0.146647035032
11.9 0.093747048112
11.97 0.156295569421
12.04 0.195311115545
12.11 0.0996479510451
12.18 0.0607555106399
12.25 0.0446539317154
12.32 0.233157266689
12.39 0.210984697433
12.46 0.204917251106
12.53 0.279603513196
12.6 0.202455054707
12.67 0.0855230745956
12.74 0.0967790961985
12.81 0.410557501649
12.88 0.220441969862
12.95 0.0926598959234
13.02 0.0827394399032
13.09 0.0654414187266
13.16 0.0527509075685
13.23 0.114788088071
13.3 0.309675946002
13.37 0.207381261758
13.44 0.148469053856
13.51 0.260322056928
13.58 0.390992077612
13.65 0.182140607896
13.72 0.189248035851
13.79 0.118786193216
13.86 0.224622412337
13.93 0.227236439289
14.0 0.170100073761
14.07 0.270251616519
14.14 0.191022715115
14.21 0.160572226916
14.28 0.276841704207
14.35 0.268155407006
14.42 0.200225072665
14.49 0.200672944464
14.56 0.198961480709
14.63 0.146465908032
14.7 0.127188930234
14.77 0.0864458058174
14.84 0.222019484633
14.91 0.20254139075
14.98 0.142946144183
15.05 0.132084354641
15.12 0.411691985941
15.19 0.22463920784
15.26 0.0405648380879
15.33 0.222359246874
15.4 0.275970375973
15.47 0.245536964114
15.54 0.212786215205
15.61 0.22611417759
15.68 0.11760299252
15.75 0.0802211607394
15.82 0.0823633975854
15.89 0.127177406003
15.96 0.114049963237
16.03 0.0933344846463
16.1 0.445055616626
16.17 0.454040611835
16.24 0.449856786897
16.31 0.220151331609
16.38 0.498020086547
16.45 0.458735235788
16.52 0.410019399378
16.59 0.521013361427
16.66 0.49703606342
16.73 0.306033160934
16.8 0.325255119666
16.87 0.362897005879
16.94 0.3625313048
17.01 0.235296031603
17.08 0.197699417199
17.15 0.188349737389
17.22 0.158864930972
17.29 0.210539740864
17.36 0.321480095485
17.43 0.395943880533
17.5 0.333898242633
17.57 0.25349740381
17.64 0.310798155511
17.71 0.33107331506
17.78 0.30170325886
17.85 0.251341699247
17.92 0.268552949456
17.99 0.229423008509
18.06 0.219704754639
18.13 0.297938384551
18.2 0.301400251383
18.27 0.149811948521
18.34 0.213721946912
18.41 0.352014364862
18.48 0.30174620942
18.55 0.290115905076
18.62 0.235294336644
18.69 0.238747475182
18.76 0.20821092432
18.83 0.118968309356
18.9 0.196144128261
18.97 0.186381683678
19.04 0.138831926888
19.11 0.113072764681
19.18 0.220209270875
19.25 0.181230457147
19.32 0.188215109925
19.39 0.313994192126
19.46 0.483609572222
19.53 0.366667745443
19.6 0.347492472642
19.67 0.338514602723
19.74 0.261388143908
19.81 0.312089053207
19.88 0.25720619784
19.95 0.232861536103
20.02 0.127670912461
20.09 0.270003814503
20.16 0.279912773631
20.23 0.246806371618
20.3 0.106932308367
20.37 0.0775404214923
20.44 0.41861276461
20.51 0.326212145227
20.58 0.135821873505
20.65 0.209591958049
20.72 0.23663073728
20.79 0.148049158822
20.86 0.125737212737
20.93 0.423382334582
21.0 0.330409666527
21.07 0.153400127079
21.14 0.114751865156
21.21 0.13988377323
21.28 0.147897276079
21.35 0.0869806474052
21.42 0.322591337465
21.49 0.421126336659
21.56 0.411715864484
21.63 0.385905699419
21.7 0.235230318389
21.77 0.218380323098
21.84 0.278936019939
21.91 0.283747210848
21.98 0.299403937586
22.05 0.179603179672
22.12 0.117947894315
22.19 0.213613708121
22.26 0.267678661257
22.33 0.198971071394
22.4 0.154592515844
22.47 0.47093664937
22.54 0.376733060813
22.61 0.383389117699
22.68 0.384196887455
22.75 0.399728264268
22.82 0.325253909336
22.89 0.304012568464
22.96 0.346934729225
23.03 0.344384310457
23.1 0.29779436771
23.17 0.273037699209
23.24 0.480278607424
23.31 0.329932354135
23.38 0.270873765893
23.45 0.361862347715
23.52 0.467134674844
23.59 0.384497444449
23.66 0.303963116419
23.73 0.35679451963
23.8 0.274759675686
23.87 0.217786828969
23.94 0.209179521332
24.01 0.261709684097
24.08 0.21065505524
24.15 0.212732413925
24.22 0.435805149081
24.29 0.397370278026
24.36 0.408748555383
24.43 0.243687525227
24.5 0.447384487846
24.57 0.462575518378
24.64 0.496717652194
24.71 0.480552962141
24.78 0.420586047344
24.85 0.257144046028
24.92 0.336237271181
24.99 0.414961102132
25.06 0.407864174473
25.13 0.347494513055
25.2 0.191213251375
25.27 0.388789344149
25.34 0.295612274474
25.41 0.261477265947
25.48 0.201205690963
25.55 0.181703000292
25.62 0.259818517407
25.69 0.288586723975
25.76 0.309079121602
25.83 0.176341293153
25.9 0.0724563894001
25.97 0.102325290433
26.04 0.41343137427
26.11 0.169139223358
26.18 0.0843352960197
26.25 0.0794856802405
26.32 0.0827764605919
26.39 0.0792930662894
26.46 0.135527345793
26.53 0.417555356219
26.6 0.336435981517
26.67 0.201067492155
26.74 0.194554343677
26.81 0.235175997686
26.88 0.181674359958
26.95 0.247577592888
27.02 0.279820853169
27.09 0.209168357467
27.16 0.219528021609
27.23 0.134993078304
27.3 0.211206344392
27.37 0.241695471195
27.44 0.124990762225
27.51 0.143646540024
27.58 0.2906519222
27.65 0.206324119291
27.72 0.144823060294
27.79 0.18981494994
27.86 0.120229992619
27.93 0.136578513654
28.0 0.27219658946
28.07 0.259559618628
28.14 0.175988175031
28.21 0.196888441435
28.28 0.149004842334
28.35 0.188795998728
28.42 0.170283382834
28.49 0.125908535319
28.56 0.28534379018
28.63 0.222904260702
28.7 0.214574675332
28.77 0.131644646978
28.84 0.191536518832
28.91 0.128874492429
28.98 0.128066315088
29.05 0.26457424687
29.12 0.249002325245
29.19 0.243033574245
29.26 0.228661683613
29.33 0.239103682503
29.4 0.238254982717
29.47 0.186513229399
29.54 0.316315257091
29.61 0.340005339071
29.68 0.240151308843
29.75 0.195277032454
29.82 0.154539119664
29.89 0.161038290944
29.96 0.212422813007
30.03 0.196581213957
30.1 0.200197943379
30.17 0.13338791234
30.24 0.138622596963
30.31 0.188310154379
30.38 0.292677107462
30.45 0.186660673437
30.52 0.172388782902
30.59 0.337017692947
30.66 0.280352125899
30.73 0.26036229108
30.8 0.307689006671
30.87 0.230387760797
30.94 0.194416579793
31.01 0.295264037437
31.08 0.373581463439
31.15 0.199835960275
31.22 0.179903577608
31.29 0.185355465515
31.36 0.309644233866
31.43 0.225277180974
31.5 0.185866997688
31.57 0.256578143447
31.64 0.375111969192
31.71 0.319866121698
31.78 0.306107552735
31.85 0.319504464164
31.92 0.200969370927
31.99 0.233268129933
32.06 0.241885853367
32.13 0.186125011708
32.2 0.141486694989
32.27 0.143373808193
32.34 0.293599438554
32.41 0.362718282142
32.48 0.210212390097
32.55 0.176454703806
32.62 0.380865393293
32.69 0.286487837819
32.76 0.105865597583
32.83 0.045185830735
32.9 0.226566065596
32.97 0.0457893455015
33.04 0.0538801528966
33.11 0.258354937682
33.18 0.233735004161
33.25 0.228184174884
33.32 0.102598233513
33.39 0.188649499094
33.46 0.121942303853
33.53 0.0708245862347
33.6 0.147415003073
33.67 0.231989516962
33.74 0.181537197511
33.81 0.0786896111696
33.88 0.275392412341
33.95 0.405650992905
34.02 0.0938377383612
34.09 0.0883212556153
34.16 0.48121132946
34.23 0.309769054426
34.3 0.30118816777
34.37 0.3167016655
34.44 0.177174730851
34.51 0.247480259493
34.58 0.207077642902
34.65 0.369590620274
34.72 0.335194511013
34.79 0.365754003468
34.86 0.358127761478
34.93 0.352644675887
35.0 0.243180439214
35.07 0.140840391206
35.14 0.119662574018
35.21 0.108706726677
35.28 0.0976039323527
35.35 0.119261567091
35.42 0.37682498376
35.49 0.245123140613
35.56 0.266286958234
35.63 0.307549416108
35.7 0.391481475907
35.77 0.319377839292
35.84 0.314328203436
35.91 0.386981990946
35.98 0.335498987289
36.05 0.322072451357
36.12 0.411748936068
36.19 0.327645208234
36.26 0.186164047957
36.33 0.180928135606
36.4 0.142074356173
36.47 0.110110177606
36.54 0.135396026233
36.61 0.130419300953
36.68 0.261690773623
36.75 0.409758191777
36.82 0.330858500128
36.89 0.286841393349
36.96 0.282794017584
37.03 0.312442131564
37.1 0.230947626641
37.17 0.470382700972
37.24 0.323753390937
37.31 0.251787451104
37.38 0.232803827967
37.45 0.173473032287
37.52 0.148791389334
37.59 0.181150831352
37.66 0.254222329337
37.73 0.306382630668
37.8 0.259678556538
37.87 0.136797406925
37.94 0.426526958269
38.01 0.381642360523
38.08 0.289455803034
38.15 0.150148139419
38.22 0.376204077024
38.29 0.491417761353
38.36 0.367917665889
38.43 0.344452909078
38.5 0.411970829069
38.57 0.237962008304
38.64 0.364374873462
38.71 0.280661776523
38.78 0.398483237332
38.85 0.370456239826
38.92 0.336368757255
38.99 0.295853594887
39.06 0.244535091726
39.13 0.156611532648
39.2 0.186544695493
39.27 0.151526339932
39.34 0.0708099181288
39.41 0.0667055475025
39.48 0.420638596044
39.55 0.229569291923
39.62 0.175424501743
39.69 0.271598977227
39.76 0.388343025649
39.83 0.310070612987
39.9 0.291051539857
39.97 0.322125437466
40.04 0.225795244456
40.11 0.155407433257
40.18 0.167675760442
40.25 0.253507208228
40.32 0.150909357448
40.39 0.149033671549
40.46 0.346139393311
40.53 0.337461009232
40.6 0.304717318511
40.67 0.306172013369
40.74 0.598956186572
40.81 0.585304966671
40.88 0.241356772652
40.95 0.19796268758
41.02 0.27147660715
41.09 0.143652636409
41.16 0.119331962567
41.23 0.485956240512
41.3 0.489506123435
41.37 0.163551537421
41.44 0.161552569348
41.51 0.316149066606
41.58 0.215382696101
41.65 0.150196743985
41.72 0.356958980361
41.79 0.602375291724
41.86 0.305411625423
41.93 0.166432614861
42.0 0.293024571577
42.07 0.278381656499
42.14 0.140419512003
42.21 0.246317776068
42.28 0.630802217547
42.35 0.575546411547
42.42 0.65657940547
42.49 0.654737976632
42.56 0.76902001505
42.63 0.616666798552
42.7 0.509917635231
42.77 0.430310628729
42.84 0.40351105494
42.91 0.351717003934
42.98 0.393677971324
43.05 0.32075706871
43.12 0.249208966101
43.19 0.194495723444
43.26 0.229083554442
43.33 0.405101363918
43.4 0.206446437177
43.47 0.182641627347
43.54 0.255616661783
43.61 0.361995702717
43.68 0.322525857867
43.75 0.295652824256
43.82 0.467506012532
43.89 0.324253503262
43.96 0.300665265454
44.03 0.289875623509
44.1 0.232576579193
44.17 0.170861001013
44.24 0.242834386736
44.31 0.258419781049
44.38 0.18434411428
44.45 0.221541866552
44.52 0.267958620274
44.59 0.233612619172
44.66 0.0344921925614
44.73 0.0273070947247
44.8 0.332948464139
44.87 0.206684139027
44.94 0.133434118613
45.01 0.118892560593
45.08 0.449605818638
45.15 0.25034306269
45.22 0.0561130178599
45.29 0.322688606243
45.36 0.379046177861
45.43 0.286134212701
45.5 0.261304874696
45.57 0.193962392905
45.64 0.0924677765424
45.71 0.220047054349
45.78 0.24504326629
45.85 0.343846722638
45.92 0.280988458751
45.99 0.193307211712
46.06 0.253544363122
46.13 0.186021179313
46.2 0.0612584263571
46.27 0.0373274017256
46.34 0.227202791121
46.41 0.223589078825
46.48 0.182448208166
46.55 0.261849314424
46.62 0.303623008724
46.69 0.207461533725
46.76 0.336245236494
46.83 0.314178666794
46.9 0.240839325519
46.97 0.335793746132
47.04 0.346384290038
47.11 0.261023347469
47.18 0.13164869798
47.25 0.0182594705314
47.32 0.230867444144
47.39 0.30037659057
47.46 0.115907958933
47.53 0.121946856881
47.6 0.151609266175
47.67 0.0433174938004
47.74 0.0421883255159
47.81 0.080723246374
47.88 0.199060133786
47.95 0.16759199666
48.02 0.230475640198
48.09 0.28284813698
48.16 0.108343264832
48.23 0.315984526346
48.3 0.254535441951
48.37 0.326701362097
48.44 0.177692642731
48.51 0.178211779852
48.58 0.1280839531
48.65 0.166978848959
48.72 0.198218467335
48.79 0.0883586913453
48.86 0.478266661234
48.93 0.532056839641
49.0 0.210897630718
49.07 0.0907939150315
49.14 0.250914624248
49.21 0.168725397371
49.28 0.197646003622
49.35 0.17756522257
49.42 0.194143728668
49.49 0.128021560217
49.56 0.193632184069
49.63 0.175120572228
49.7 0.163880250121
49.77 0.19536042593
49.84 0.0963189023958
49.91 0.234587131143
49.98 0.208833983306
50.05 0.196076319959
50.12 0.209569796832
50.19 0.169514855605
50.26 0.151680494219
50.33 0.212312091424
50.4 0.173779819871
50.47 0.202255514288
50.54 0.108158163874
50.61 0.187730401348
50.68 0.465756588654
50.75 0.248452825493
50.82 0.224188448149
50.89 0.313104438047
50.96 0.295588875589
51.03 0.224751671602
51.1 0.194649345882
51.17 0.232143022591
51.24 0.138822900362
51.31 0.0998144720712
51.38 0.138171867096
51.45 0.229925007159
51.52 0.125078529788
51.59 0.0638350275203
51.66 0.241327349455
51.73 0.239566803962
51.8 0.2009685483
51.87 0.314168156557
51.94 0.546900878259
52.01 0.47310541158
52.08 0.410850689797
52.15 0.397023504817
52.22 0.421096498421
52.29 0.433531639895
52.36 0.258315352187
52.43 0.455726638777
52.5 0.495491833966
52.57 0.408378241629
52.64 0.433342381068
52.71 0.412637077202
52.78 0.162694767941
52.85 0.155504306876
52.92 0.328801992918
52.99 0.246294113744
53.06 0.213598388872
53.13 0.15915319827
53.2 0.315622607859
53.27 0.113724980938
53.34 0.0456546310526
53.41 0.163836293023
53.48 0.346998429364
53.55 0.111019528095
53.62 0.083059404427
53.69 0.27274813211
53.76 0.191529537688
53.83 0.127298332134
53.9 0.0803632415498
53.97 0.310128085022
54.04 0.256704574467
54.11 0.240667866247
54.18 0.233725778812
54.25 0.0526707002185
54.32 0.234906424642
54.39 0.226997678711
54.46 0.307075165578
54.53 0.199377145801
54.6 0.134911643227
54.67 0.272509137917
54.74 0.289007051447
54.81 0.20320335178
54.88 0.135451611942
54.95 0.285784660953
55.02 0.274023260723
55.09 0.254232074108
55.16 0.318457031675
55.23 0.222831094142
55.3 0.144466519947
55.37 0.0640622738087
55.44 0.251109902416
55.51 0.512279505961
55.58 0.390697843163
55.65 0.320749858921
55.72 0.339879641208
55.79 0.230134630347
55.86 0.20761926184
55.93 0.411128272889
56.0 0.246053198431
56.07 0.119195851392
56.14 0.14546243264
56.21 0.321160767192
56.28 0.0873481751634
56.35 0.247539667559
56.42 0.293537721666
56.49 0.354526962683
56.56 0.256918502155
56.63 0.178597661382
56.7 0.115626277619
56.77 0.225443063284
56.84 0.202930088099
56.91 0.144966266935
56.98 0.49730628015
57.05 0.602801780198
57.12 0.302769266311
57.19 0.154463201903
57.26 0.14698013176
57.33 0.0855867150881
57.4 0.0889450949784
57.47 0.172712251667
57.54 0.104770134627
57.61 0.116970111719
57.68 0.118789742191
57.75 0.176768422828
57.82 0.0491115323004
57.89 0.0614519076699
57.96 0.121838372047
58.03 0.266631005093
58.1 0.116506326691
58.17 0.203130702158
58.24 0.266633410842
58.31 0.0768916349169
58.38 0.108078488373
58.45 0.124592267913
58.52 0.233464757607
58.59 0.119628098253
58.66 0.133556473778
58.73 0.165553567356
58.8 0.0777072407516
58.87 0.0684275687144
58.94 0.161673378671
59.01 0.314258973555
59.08 0.368957433783
59.15 0.45545591008
59.22 0.463277057446
59.29 0.43852056043
59.36 0.445397869115
59.43 0.399583951679
59.5 0.421270433029
59.57 0.356117863156
59.64 0.236714786868
59.71 0.221802852963
59.78 0.221380596916
59.85 0.274543401896
59.92 0.299680300407
59.99 0.405009691984
60.06 0.25044855525
60.13 0.23011734773
60.2 0.305086710227
60.27 0.219306990999
60.34 0.253306047409
60.41 0.311516949859
60.48 0.25501891286
60.55 0.303855725107
60.62 0.340956653466
60.69 0.321060448979
60.76 0.307415345346
60.83 0.246724707896
60.9 0.302945579329
60.97 0.32785647916
61.04 0.337733157023
61.11 0.272215701242
61.18 0.25568419919
61.25 0.193083946837
61.32 0.206327894427
61.39 0.2960512962
61.46 0.238110389292
61.53 0.320332561002
61.6 0.305308041556
61.67 0.297739694097
61.74 0.292524198299
61.81 0.251085166452
61.88 0.259636716896
61.95 0.240008112143
62.02 0.340762093543
62.09 0.320895600544
62.16 0.298943204478
62.23 0.295418060004
62.3 0.277295868728
62.37 0.301920057044
62.44 0.221449816856
62.51 0.154767921736
62.58 0.306636926713
62.65 0.19510138052
62.72 0.123139300322
62.79 0.20160464008
62.86 0.113619582819
62.93 0.0476612662058
63.0 0.0416284870104
63.07 0.285021907022
63.14 0.305607564675
63.21 0.277550164773
63.28 0.27592003917
63.35 0.307579475535
63.42 0.29236975572
63.49 0.40712986454
63.56 0.320645596573
63.63 0.283320670183
63.7 0.246537757891
63.77 0.258530385824
63.84 0.302370036357
63.91 0.198334659013
63.98 0.209721585135
64.05 0.25523846473
64.12 0.363707484587
64.19 0.238566807958
64.26 0.280597479917
64.33 0.320398005806
64.4 0.240214879748
64.47 0.335537939038
64.54 0.257041590477
64.61 0.302455746111
64.68 0.325312962007
64.75 0.292778355168
64.82 0.371777972356
64.89 0.378769129104
64.96 0.393921888852
65.03 0.365231590752
65.1 0.548459567056
65.17 0.384464357954
65.24 0.191127293093
65.31 0.110021952751
65.38 0.121823676603
65.45 0.0577096270154
65.52 0.0402842328986
65.59 0.22457326101
65.66 0.285389099268
65.73 0.25306028332
65.8 0.164511749108
65.87 0.24784911936
65.94 0.221302949402
66.01 0.164785271257
66.08 0.25478201127
66.15 0.340232128069
66.22 0.221895680551
66.29 0.1240011174
66.36 0.209774106498
66.43 0.400805741273
66.5 0.256880760736
66.57 0.0945380497028
66.64 0.292544160045
66.71 0.346635094269
66.78 0.223643347338
66.85 0.109657708044
66.92 0.389458020398
66.99 0.224984432721
67.06 0.158419238761
67.13 0.360639357732
67.2 0.409810230995
67.27 0.384471682066
67.34 0.349830787916
67.41 0.342190807314
67.48 0.255824199824
67.55 0.281763557053
67.62 0.243379539739
67.69 0.194039028912
67.76 0.122493202817
67.83 0.127699987719
67.9 0.422430530588
67.97 0.341021911874
68.04 0.166850263204
68.11 0.300803041765
68.18 0.387785774317
68.25 0.3066471586
68.32 0.289514709073
68.39 0.309567915974
68.46 0.266439154122
68.53 0.269784190559
68.6 0.275498034136
68.67 0.244532062173
68.74 0.12599610903
68.81 0.13388377484
68.88 0.233425008084
68.95 0.305642743773
69.02 0.248627212421
69.09 0.300276230107
69.16 0.376564581389
69.23 0.250599346957
69.3 0.157753413126
69.37 0.210171947181
69.44 0.381525385983
69.51 0.354784842497
69.58 0.273758046855
69.65 0.331773835165
69.72 0.360788670699
69.79 0.309284696274
69.86 0.316692365592
69.93 0.275085990093
70.0 0.194067378469
70.07 0.183778855385
70.14 0.154005836345
70.21 0.420278486838
70.28 0.387058761158
70.35 0.349015373447
70.42 0.355282765293
70.49 0.156878314726
70.56 0.219475766172
70.63 0.361612174745
70.7 0.419509663861
70.77 0.387990394642
70.84 0.262974250282
70.91 0.347926272801
70.98 0.47197216247
71.05 0.378858218834
71.12 0.363363947209
71.19 0.383384751067
71.26 0.352615006648
71.33 0.39036214932
71.4 0.535712498445
71.47 0.495426734616
71.54 0.304147094032
71.61 0.228105970668
71.68 0.235087765376
71.75 0.253369108832
71.82 0.240651274537
71.89 0.114437323507
71.96 0.419742032306
72.03 0.235590099539
72.1 0.170727573937
72.17 0.361144564875
72.24 0.377154352572
72.31 0.398259646887
72.38 0.442443900982
72.45 0.421594622524
72.52 0.294633289003
72.59 0.37857810076
72.66 0.31323609312
72.73 0.28075223067
72.8 0.301819224378
72.87 0.27175314394
72.94 0.324824781498
73.01 0.409152248895
73.08 0.351040198344
73.15 0.426057064429
73.22 0.50093190935
73.29 0.542851966593
73.36 0.575698107895
73.43 0.504697864755
73.5 0.435854752728
73.57 0.494408138798
73.64 0.462436710677
73.71 0.476628364039
73.78 0.577086664557
73.85 0.438356559475
73.92 0.590258469521
73.99 0.62000597222
74.06 0.552819550924
74.13 0.410527735484
74.2 0.548967696884
74.27 0.558613430366
74.34 0.451752837158
74.41 0.40774847488
74.48 0.437290181718
74.55 0.340436072398
74.62 0.391855428107
74.69 0.350172520982
74.76 0.404961470152
74.83 0.342259067936
74.9 0.568696092971
74.97 0.637313735684
75.04 0.462488677823
75.11 0.258853427121
75.18 0.295311521143
75.25 0.725010416294
75.32 0.642080191603
75.39 0.549843590573
75.46 0.581884792849
75.53 0.508123538495
75.6 0.458491626435
75.67 0.654612099828
75.74 0.485606224017
75.81 0.447140898375
75.88 0.436435939764
75.95 0.540410238936
76.02 0.616787570596
76.09 0.35329733701
76.16 0.501759876954
76.23 0.678800681189
76.3 0.66438627989
76.37 0.605726697927
76.44 0.588978621367
76.51 0.618908526014
76.58 0.85619241153
76.65 0.830928299137
76.72 0.752404759159
76.79 0.676738087535
76.86 0.59305358868
76.93 0.46795289519
77.0 0.562156374395
77.07 0.495497323943
77.14 0.35737143696
77.21 0.384876029205
77.28 0.396519306697
77.35 0.431403459776
77.42 0.495421682047
77.49 0.465603202317
77.56 0.439079461986
77.63 0.270675507878
77.7 0.254763831467
77.77 0.298035452022
77.84 0.305848974558
77.91 0.325131228599
77.98 0.360875026625
78.05 0.469715640153
78.12 0.316862815842
78.19 0.345754707199
78.26 0.296806166832
78.33 0.487438700887
78.4 0.392388470354
78.47 0.2966944238
78.54 0.34794136589
78.61 0.542531418029
78.68 0.604080142156
78.75 0.541232694195
78.82 0.416246191735
78.89 0.468351884072
78.96 0.521077772355
79.03 0.486303167808
79.1 0.332399284988
79.17 0.262461144928
79.24 0.215350951655
79.31 0.181866760175
79.38 0.193133041002
79.45 0.219377913354
79.52 0.281893817885
79.59 0.42958294206
79.66 0.23926546162
79.73 0.170666028534
79.8 0.546473537335
79.87 0.569421028439
79.94 0.598387962741
80.01 0.49320985744
80.08 0.385337671925
80.15 0.303598923903
80.22 0.367867585069
80.29 0.512035635654
80.36 0.331343683393
80.43 0.37569652875
80.5 0.41313286763
80.57 0.411758263313
80.64 0.208873876975
80.71 0.156374700646
80.78 0.321281223606
80.85 0.282868685251
80.92 0.17183816726
80.99 0.18006853291
81.06 0.326201674755
81.13 0.144128472546
81.2 0.119617061137
81.27 0.22982615526
81.34 0.439449875151
81.41 0.426595768138
81.48 0.238331591386
81.55 0.328920212582
81.62 0.182323750456
81.69 0.149717761487
81.76 0.188682717309
81.83 0.19845321419
81.9 0.136175329624
81.97 0.196819204099
82.04 0.204721513162
82.11 0.48510537108
82.18 0.154458606625
82.25 0.0877644839418
82.32 0.413213755946
82.39 0.528403024912
82.46 0.421335072603
82.53 0.288507679735
82.6 0.45877505987
82.67 0.360924729683
82.74 0.239493441065
82.81 0.213489789716
82.88 0.221226370556
82.95 0.123350993746
83.02 0.118212653377
83.09 0.34582917853
83.16 0.264770223401
83.23 0.0759593999952
83.3 0.115180662452
83.37 0.616874194932
83.44 0.546230285862
83.51 0.547616004338
83.58 0.451696073427
83.65 0.454944922182
83.72 0.448066944957
83.79 0.414147760385
83.86 0.422676135619
83.93 0.356384513514
84.0 0.397697536838
84.07 0.361147967219
84.14 0.381514073001
84.21 0.318469629545
84.28 0.334282058897
84.35 0.389805827482
84.42 0.378715350191
84.49 0.262356296055
84.56 0.25154145837
84.63 0.362660648565
84.7 0.313822049403
84.77 0.22875701636
84.84 0.297852495857
84.91 0.520232815397
84.98 0.361811998485
85.05 0.167144308772
85.12 0.349062163761
85.19 0.211787354973
85.26 0.0962443714188
85.33 0.101261477482
85.4 0.432525972488
85.47 0.500417429638
85.54 0.477318475803
85.61 0.41724162477
85.68 0.360236578802
85.75 0.123929697991
85.82 0.100244613902
85.89 0.236000495843
85.96 0.245412991033
86.03 0.18658075935
86.1 0.311919264041
86.17 0.265685369557
86.24 0.101333717034
86.31 0.055979379536
86.38 0.431047801702
86.45 0.344501809391
86.52 0.396504308049
86.59 0.2876162978
86.66 0.521030611735
86.73 0.461013307943
86.8 0.342574660858
86.87 0.152279622471
86.94 0.0793044264914
87.01 0.121386138587
87.08 0.0951887250888
87.15 0.207042610435
87.22 0.117405519852
87.29 0.139209552328
87.36 0.207287365501
87.43 0.497483641955
87.5 0.229830216203
87.57 0.180908815061
87.64 0.119681750417
87.71 0.16289754419
87.78 0.108366027486
87.85 0.0979093406081
87.92 0.123523161322
87.99 0.0886068487558
88.06 0.0870505060611
88.13 0.379993558062
88.2 0.464247180418
88.27 0.182568179951
88.34 0.126954046688
88.41 0.160686872752
88.48 0.131012419805
88.55 0.128921660505
88.62 0.111209408241
88.69 0.141783862065
88.76 0.0918558491127
88.83 0.0860359637301
88.9 0.562715698448
88.97 0.310351277823
89.04 0.187792851392
89.11 0.162600677833
89.18 0.145870244256
89.25 0.132239816184
89.32 0.162396897531
89.39 0.175410283473
89.46 0.16915596667
89.53 0.140947655768
89.6 0.272377005671
89.67 0.426930979837
89.74 0.360577029466
89.81 0.167473329646
89.88 0.149502173633
89.95 0.214666220516
90.02 0.219418547635
90.09 0.26070199119
90.16 0.213319478642
90.23 0.471294166432
90.3 0.214043405087
90.37 0.211654275837
90.44 0.446584656066
90.51 0.647907296716
90.58 0.639134422399
90.65 0.505164224531
90.72 0.528282643057
90.79 0.473760105659
90.86 0.500401379719
90.93 0.600272446521
91.0 0.504581553784
91.07 0.390730857585
91.14 0.403582250675
91.21 0.38503240533
91.28 0.212397478092
91.35 0.184898989687
91.42 0.236045720431
91.49 0.668011670504
91.56 0.344907376802
91.63 0.0870456697117
91.7 0.0562938143181
91.77 0.0333452595157
91.84 0.0258540500902
91.91 0.0493113634964
91.98 0.0455557543004
92.05 0.0376525207142
92.12 0.0236701848515
92.19 0.117889311362
92.26 0.409954327366
92.33 0.33256249811
92.4 0.202118182842
92.47 0.537393756141
92.54 0.284351749549
92.61 0.0607748585226
92.68 0.026035641837
92.75 0.0264255718836
92.82 0.0080718422451
92.89 0.0650917104057
92.96 0.0316775142719
93.03 0.0315795496165
93.1 0.0415806081457
93.17 0.0433626711687
93.24 0.181910118321
93.31 0.491570787324
93.38 0.251031725537
93.45 0.155496619914
93.52 0.458257883632
93.59 0.298340171855
93.66 0.0856867872585
93.73 0.0782079719102
93.8 0.0533259509998
93.87 0.0365429886046
93.94 0.0286777225978
94.01 0.0226865370011
94.08 0.0431610505732
94.15 0.0575495677099
94.22 0.102463551372
94.29 0.344606305355
94.36 0.525483636925
94.43 0.26879001259
94.5 0.556576882417
94.57 0.4905346032
94.64 0.186024104485
94.71 0.0576854104746
94.78 0.0764887068707
94.85 0.0629153631305
94.92 0.0693806799643
94.99 0.275511616176
95.06 0.336498923646
95.13 0.260571859592
95.2 0.168999513502
95.27 0.15496692782
95.34 0.154726862472
95.41 0.10893446505
95.48 0.203498346724
95.55 0.446178251117
95.62 0.368554145372
95.69 0.36455844349
95.76 0.298504391515
95.83 0.364012452948
95.9 0.322249641678
95.97 0.102968992131
96.04 0.130541661089
96.11 0.0377281203604
96.18 0.0141999517021
96.25 0.0241779990501
96.32 0.0418904128564
96.39 0.0547107673202
96.46 0.0141737444544
96.53 0.0960613059026
96.6 0.0385539058904
96.67 0.0146812604196
96.74 0.0336291005358
96.81 0.0541602809127
96.88 0.0750750986143
96.95 0.0806855173813
97.02 0.215111753669
97.09 0.361123922163
97.16 0.159893959983
97.23 0.037488644023
97.3 0.0340577412596
97.37 0.0269945164447
97.44 0.0356483608971
97.51 0.0559993487381
97.58 0.487025441544
97.65 0.479365101551
97.72 0.416652121996
97.79 0.380007550173
97.86 0.283568347935
97.93 0.412024632835
98.0 0.127629902903
98.07 0.138080776717
98.14 0.0595633579761
98.21 0.0356995178423
98.28 0.0344262854962
98.35 0.0522564144556
98.42 0.0647552013919
98.49 0.0595782646685
98.56 0.106538297495
98.63 0.142534582284
98.7 0.108363390607
98.77 0.0837908861148
98.84 0.0683772542781
98.91 0.0689996397541
98.98 0.0430603471423
99.05 0.0180364268466
99.12 0.0992882891891
99.19 0.0100781394006
99.26 0.0181034000958
99.33 0.0273418016204
99.4 0.0531257171889
99.47 0.07576540423
99.54 0.0811946264093
99.61 0.141740752448
99.68 0.122973813171
99.75 0.0780266858525
99.82 0.0445252192109
99.89 0.0122555478892
99.96 0.0383440316894
100.03 0.0244248815134
100.1 0.252796739559
100.17 0.286969042155
100.24 0.082338815709
100.31 0.0214958009453
100.38 0.0329791061158
100.45 0.0563739794184
100.52 0.0553575209388
100.59 0.0777972674318
100.66 0.382919012611
100.73 0.209300825225
100.8 0.161671375538
100.87 0.161771248886
100.94 0.131862968637
101.01 0.0894476006249
101.08 0.0440448971484
101.15 0.0958381503804
101.22 0.0195008963003
101.29 0.0264090696433
101.36 0.0495175694284
101.43 0.271117588981
101.5 0.25683250908
101.57 0.159543640284
101.64 0.307460537626
101.71 0.348931542563
101.78 0.275943736287
101.85 0.293339376666
101.92 0.236705464594
101.99 0.330302086335
102.06 0.360365855465
102.13 0.389440176108
102.2 0.280573310597
102.27 0.268783163166
102.34 0.335080881655
102.41 0.31932217654
102.48 0.3654466393
102.55 0.216337711073
102.62 0.264873439447
102.69 0.286054104762
102.76 0.188278521771
102.83 0.274384016101
102.9 0.22626979322
102.97 0.240538626864
103.04 0.195116011346
103.11 0.178522148721
103.18 0.407240563756
103.25 0.247339597776
103.32 0.0988380315245
103.39 0.0432995625256
103.46 0.0391628808108
103.53 0.0479203339831
103.6 0.0297036201601
103.67 0.245577690351
103.74 0.273469307354
103.81 0.237291256849
103.88 0.226937037948
103.95 0.112231533153
104.02 0.322323625894
104.09 0.196126467882
104.16 0.0631394183231
104.23 0.130174603048
104.3 0.0395941186492
104.37 0.0369179050919
104.44 0.0435303354224
104.51 0.043884909916
104.58 0.05519985247
104.65 0.0785288137368
104.72 0.153845409219
104.79 0.093622105773
104.86 0.0977503773098
104.93 0.0633526675305
105.0 0.0194485563631
105.07 0.0256732859406
105.14 0.0378934211154
105.21 0.296197758554
105.28 0.467992025879
105.35 0.134470844528
105.42 0.0320295587534
105.49 0.041510078465
105.56 0.0555503709912
105.63 0.0541620330331
105.7 0.253105030736
105.77 0.406184315988
105.84 0.334227439961
105.91 0.336665059454
105.98 0.182687915634
106.05 0.325137742511
106.12 0.224637721644
106.19 0.0856183750339
106.26 0.12322002461
106.33 0.0535729999767
106.4 0.0532683845247
106.47 0.0708909481056
106.54 0.0819201782258
106.61 0.0894455825799
106.68 0.0838205155892
106.75 0.124219712439
106.82 0.10329868403
106.89 0.108814823807
106.96 0.0971706466459
107.03 0.0463334099528
107.1 0.0142761950351
107.17 0.00100287892519
107.24 0.230143465507
107.31 0.506533174842
107.38 0.204020543222
107.45 0.0701385006196
107.52 0.0907213648204
107.59 0.0970128986482
107.66 0.0880255424262
107.73 0.112150699513
107.8 0.577830132737
107.87 0.230010100564
107.94 0.118102896082
108.01 0.124078424432
108.08 0.122696093389
108.15 0.126651727632
108.22 0.117631794397
108.29 0.113354841154
108.36 0.100322234079
108.43 0.0896526011975
108.5 0.079201871529
108.57 0.0747503449614
108.64 0.0903368651044
108.71 0.0929348222543
108.78 0.0859754000108
108.85 0.0763974350667
108.92 0.0732023950477
108.99 0.0752927939826
109.06 0.0862291965153
109.13 0.0856740303308
109.2 0.0857444904238
109.27 0.0859190811449
109.34 0.0878824948429
109.41 0.0872639739729
109.48 0.0837460343178
109.55 0.0801377772051
109.62 0.0931740202406
109.69 0.097643873242
109.76 0.0936306973761
109.83 0.163847046818
109.9 0.115914557344
109.97 0.107897261962
110.04 0.103347875121
110.11 0.0941611698466
110.18 0.083227878881
110.25 0.0755714258618
110.32 0.0680750172364
110.39 0.0753734039475
110.46 0.0819262696401
110.53 0.0827206959428
110.6 0.0546511057565
110.67 0.0432066852325
110.74 0.0510614733109
110.81 0.0643255789836
110.88 0.0809857587455
110.95 0.0884518966949
111.02 0.0986879282394
111.09 0.0904377449899
111.16 0.0892936898952
111.23 0.0881061374794
111.3 0.0824044195704
111.37 0.0926559393621
111.44 0.10284994984
111.51 0.108058578818
111.58 0.112818267328
111.65 0.120372736999
111.72 0.119087448573
111.79 0.12437793761
111.86 0.426226105526
111.93 0.375347436778
112.0 0.256124871141
112.07 0.345820855337
112.14 0.286198921863
112.21 0.195325977503
112.28 0.434746336508
112.35 0.321068098662
112.42 0.193960379831
112.49 0.197558149074
112.56 0.326785501155
112.63 0.506739378288
112.7 0.342674718116
112.77 0.195499762994
112.84 0.160256594231
112.91 0.540168498511
112.98 0.595592214808
113.05 0.39754104142
113.12 0.35463319337
113.19 0.194142985571
113.26 0.215979570207
113.33 0.587231215535
113.4 0.29756450691
113.47 0.229341431771
113.54 0.235739121728
113.61 0.376195097717
113.68 0.521374186392
113.75 0.26456819522
113.82 0.0861896955199
113.89 0.299548120941
113.96 0.300632024872
114.03 0.282978077211
114.1 0.244297770124
114.17 0.278371837169
114.24 0.240753665471
114.31 0.41072577231
114.38 0.339675726702
114.45 0.653233387349
114.52 0.465344241407
114.59 0.445497516303
114.66 0.5292988207
114.73 0.328145733114
114.8 0.19955055353
114.87 0.238402613152
114.94 0.516591653215
115.01 0.259548439851
115.08 0.230118478531
115.15 0.393995005706
115.22 0.240454915273
115.29 0.20901505563
115.36 0.41414525771
115.43 0.386027860732
115.5 0.18075076883
115.57 0.301663099267
115.64 0.42087527396
115.71 0.491741742085
115.78 0.236312537303
115.85 0.0966586795492
115.92 0.388001727506
115.99 0.411542369771
116.06 0.364576936437
116.13 0.299623293119
116.2 0.148389281429
116.27 0.144317905342
116.34 0.589230419709
116.41 0.39450564815
116.48 0.226357570724
116.55 0.135950151086
116.62 0.241131748201
116.69 0.736593898016
116.76 0.422988572238
116.83 0.148803109901
116.9 0.186409441739
116.97 0.523955243657
117.04 0.530729975013
117.11 0.425782513375
117.18 0.290360873876
117.25 0.234049240121
117.32 0.328327081304
117.39 0.430724054586
117.46 0.255197912463
117.53 0.151034379316
117.6 0.231625351784
117.67 0.474050400944
117.74 0.592919960297
117.81 0.217083232091
117.88 0.0774013503525
117.95 0.465609030292
118.02 0.534241485257
118.09 0.334602353963
118.16 0.207333029984
118.23 0.123303756083
118.3 0.170926097878
118.37 0.274353633588
118.44 0.575457950592
118.51 0.468757354556
118.58 0.233589724798
118.65 0.146791285489
118.72 0.476413777752
118.79 0.34728425115
118.86 0.309315188139
118.93 0.277163164868
119.0 0.246551682899
119.07 0.230996283397
119.14 0.280803255896
119.21 0.611620652025
119.28 0.343036969631
119.35 0.213255455417
119.42 0.225873053514
119.49 0.53857721282
119.56 0.19504524805
119.63 0.11972849848
119.7 0.431091512757
119.77 0.521206646403
119.84 0.183645251855
119.91 0.0983795848716
119.98 0.393871306006
120.05 0.396113214893
120.12 0.405237842914
120.19 0.370742508962
120.26 0.289910713137
120.33 0.249142728494
120.4 0.284453111578
120.47 0.200880504872
120.54 0.212000223933
120.61 0.182391598523
120.68 0.186970567618
120.75 0.365987485317
120.82 0.123957383978
120.89 0.13768608985
120.96 0.314533671241
121.03 0.664153170833
121.1 0.592831017198
121.17 0.539973421651
121.24 0.325762859306
121.31 0.226914958746
121.38 0.383921513774
121.45 0.212194637225
121.52 0.275391117512
121.59 0.18158416925
121.66 0.161128029332
121.73 0.170310534487
121.8 0.155714538957
121.87 0.11126068945
121.94 0.115039215387
122.01 0.321168302552
122.08 0.343784774619
122.15 0.354831051256
122.22 0.34406938359
122.29 0.255844715787
122.36 0.143786508349
122.43 0.126785694013
122.5 0.481149485823
122.57 0.556914137014
122.64 0.520815881303
122.71 0.426776944843
122.78 0.239230563358
122.85 0.191094350744
122.92 0.26055215383
122.99 0.291405356341
123.06 0.318384101217
123.13 0.217206606221
123.2 0.155313196518
123.27 0.397015117007
123.34 0.199076278147
123.41 0.0770122876676
123.48 0.281084462522
123.55 0.4228488425
123.62 0.303128724374
123.69 0.251610827426
123.76 0.40042486012
123.83 0.148915163593
123.9 0.0929685574066
123.97 0.163585155766
124.04 0.495031200269
124.11 0.448508195977
124.18 0.421847785283
124.25 0.444714087352
124.32 0.261444798286
124.39 0.291607128538
124.46 0.125354785742
124.53 0.28652743077
124.6 0.293147354211
124.67 0.222214735463
124.74 0.298422399736
124.81 0.326686050304
124.88 0.123191274924
124.95 0.140984554678
125.02 0.372168829411
125.09 0.496394335031
125.16 0.482394294054
125.23 0.419643642668
125.3 0.336085236835
125.37 0.143135435318
125.44 0.289342302911
125.51 0.186362455089
125.58 0.205397031378
125.65 0.213842982395
125.72 0.231890573107
125.79 0.490179556504
125.86 0.301353669833
125.93 0.159795304421
126.0 0.147685667154
126.07 0.495434550812
126.14 0.580259178024
126.21 0.553597793102
126.28 0.508039193159
126.35 0.452500597411
126.42 0.424925400926
126.49 0.424384097618
126.56 0.453090070361
126.63 0.418675269331
126.7 0.400598648097
126.77 0.410928131033
126.84 0.312027738934
126.91 0.319115727051
126.98 0.338918669026
127.05 0.438768889324
127.12 0.434716438623
127.19 0.383970200354
127.26 0.353330925531
127.33 0.383132020746
127.4 0.328463672137
127.47 0.386324359269
127.54 0.287286889223
127.61 0.205688574272
127.68 0.175811710411
127.75 0.130426828857
127.82 0.318068391487
127.89 0.148313801076
127.96 0.083161561745
128.03 0.136828865564
128.1 0.286294093067
128.17 0.255359129907
128.24 0.245257835179
128.31 0.315352493024
128.38 0.205361424812
128.45 0.139641130649
128.52 0.171997975553
128.59 0.262462695741
128.66 0.235250551031
128.73 0.176692930049
128.8 0.266376512711
128.87 0.134431313709
128.94 0.0953165006439
129.01 0.105964551378
129.08 0.284109313246
129.15 0.3433856739
129.22 0.399262831501
129.29 0.307218312572
129.36 0.329355019279
129.43 0.181678622208
129.5 0.232939240779
129.57 0.265503996515
129.64 0.189318284695
129.71 0.183679106301
129.78 0.179406949642
129.85 0.205164757374
129.92 0.105918369958
129.99 0.174293668323
130.06 0.24906693251
130.13 0.206611698168
130.2 0.156683396923
130.27 0.143829630393
130.34 0.297312514717
130.41 0.131910807737
130.48 0.10525054616
130.55 0.125253948106
130.62 0.429075147743
130.69 0.344803966904
130.76 0.347663310595
130.83 0.360793049757
130.9 0.251667655774
130.97 0.158700427991
131.04 0.293217235234
131.11 0.290355197503
131.18 0.20067246232
131.25 0.208990568194
131.32 0.282835842313
131.39 0.22970111351
131.46 0.138743779078
131.53 0.129094126314
131.6 0.264804164831
131.67 0.157682766637
131.74 0.107553433807
131.81 0.198745728828
131.88 0.349485891091
131.95 0.161317168865
132.02 0.116684369462
132.09 0.223512532288
132.16 0.298681380528
132.23 0.293351984477
132.3 0.278631538692
132.37 0.306276134056
132.44 0.148889530444
132.51 0.157331544782
132.58 0.14066750787
132.65 0.239647095811
132.72 0.184204240396
132.79 0.119890352156
132.86 0.274181893479
132.93 0.12388256968
133.0 0.158783075883
133.07 0.0737484278385
133.14 0.457226324608
133.21 0.41545008787
133.28 0.377380144974
133.35 0.344797947563
133.42 0.225423606049
133.49 0.168305360677
133.56 0.176465059956
133.63 0.204718031288
133.7 0.162751636053
133.77 0.105198986599
133.84 0.138209049328
133.91 0.249248114187
133.98 0.0545027173126
134.05 0.070835546307
134.12 0.40328487235
134.19 0.638184136909
134.26 0.62430212423
134.33 0.601707298927
134.4 0.531283940809
134.47 0.312275160702
134.54 0.653040055152
134.61 0.600243333985
134.68 0.318090040737
134.75 0.216240998997
134.82 0.171402055793
134.89 0.658527166893
134.96 0.612503566621
135.03 0.571027215853
135.1 0.546555511717
135.17 0.529433040579
135.24 0.391966169572
135.31 0.675806988385
135.38 0.701527638738
135.45 0.56827312365
135.52 0.417924014778
135.59 0.226278464352
135.66 0.66700567007
135.73 0.311892358431
135.8 0.14281489421
135.87 0.445829604009
135.94 0.515250279539
136.01 0.222556642499
136.08 0.11948375087
136.15 0.488785298615
136.22 0.629832243692
136.29 0.604871491686
136.36 0.538128640173
136.43 0.471542212005
136.5 0.248138490122
136.57 0.66052379632
136.64 0.457029393731
136.71 0.223985617224
136.78 0.149326300509
136.85 0.100172528438
136.92 0.6060963332
136.99 0.681177379083
137.06 0.598248722602
137.13 0.563355490805
137.2 0.530416119301
137.27 0.345227346296
137.34 0.690900504096
137.41 0.644500274981
137.48 0.366184224828
137.55 0.199718011505
137.62 0.124803436943
137.69 0.787823271682
137.76 0.324814634111
137.83 0.146705535971
137.9 0.428778104931
137.97 0.644753355726
138.04 0.238190333202
138.11 0.122960492086
138.18 0.521415218318
138.25 0.593444473073
138.32 0.77158707772
138.39 0.749786420251
138.46 0.726620326653
138.53 0.856787401796
138.6 0.868435488299
138.67 0.844558496078
138.74 0.63510431434
138.81 0.559139667924
138.88 0.411570691989
138.95 0.828020065074
139.02 0.731083382421
139.09 0.730414176808
139.16 0.79047855175
139.23 0.797244015507
139.3 0.721603143546
139.37 0.693897942212
139.44 0.697164836565
139.51 0.556627169515
139.58 0.343603938397
139.65 0.621592627841
139.72 0.912998605501
139.79 0.613400063257
139.86 0.486550348504
139.93 0.490648563099
140.0 0.412920371461
140.07 0.283308397885
140.14 0.289402429221
140.21 0.746982122964
140.28 0.679499347277
140.35 0.680122530527
140.42 0.628025869687
140.49 0.527967057591
140.56 0.537382430733
140.63 0.519896858115
140.7 0.550124339908
140.77 0.453822118692
140.84 0.3982192835
140.91 0.445945706217
140.98 0.665351322956
141.05 0.631812343541
141.12 0.652292391825
141.19 0.62951821401
141.26 0.552214206993
141.33 0.568949653374
141.4 0.607808863139
141.47 0.573519126226
141.54 0.510400887435
141.61 0.317152146839
141.68 0.562747706333
141.75 0.693989778174
141.82 0.530375281227
141.89 0.514657841653
141.96 0.44343385398
142.03 0.325375819637
142.1 0.235296660378
142.17 0.264599581786
142.24 0.468027475872
142.31 0.530491989842
142.38 0.512200161002
142.45 0.667075543638
142.52 0.576509153246
142.59 0.516146055445
142.66 0.537582565133
142.73 0.529278130768
142.8 0.7062469067
142.87 0.932276833393
142.94 1.0
143.01 0.833244763854
143.08 0.635235519577
143.15 0.605220745201
143.22 0.624562618556
143.29 0.688648447822
143.36 0.60441539362
143.43 0.66199406144
143.5 0.673026256496
143.57 0.638781778966
143.64 0.614340410124
143.71 0.642190204882
143.78 0.721275770411
143.85 0.772203456281
143.92 0.666912064591
143.99 0.721372224017
144.06 0.715859737597
144.13 0.762346623356
144.2 0.675485863236
144.27 0.647764793409
144.34 0.627387528732
144.41 0.663146916901
144.48 0.666652840241
144.55 0.652829338442
144.62 0.568470484481
144.69 0.454838691495
144.76 0.590240570555
144.83 0.560777182257
144.9 0.563699579915
144.97 0.630948461197
145.04 0.655251278322
145.11 0.45651712343
145.18 0.551287151389
145.25 0.522034092098
145.32 0.54278092743
145.39 0.522304828251
145.46 0.52500996795
145.53 0.578275131555
145.6 0.469742814174
145.67 0.534241979827
145.74 0.496969952562
145.81 0.388306241062
145.88 0.206968954275
145.95 0.151228767755
146.02 0.120185642848
146.09 0.106291705809
146.16 0.0955084659376
146.23 0.0895351296015
146.3 0.0802857033874
146.37 0.0705163547044
146.44 0.0680599340893
146.51 0.0586100677862
146.58 0.0287255293894
146.65 0.0138937730108
146.72 0.0312651098639
146.79 0.0337079683215
146.86 0.0500050938241
146.93 0.0
