0.0 0.467149756473
0.07 0.520419432154
0.14 0.429623603216
0.21 0.21436343814
0.28 0.293281671294
0.35 0.509423132597
0.42 0.826035973916
0.49 0.625698277789
0.56 0.677400207849
0.63 0.662513756809
0.7 0.689453333412
0.77 0.856804680042
0.84 0.711119772854
0.91 0.569948241005
0.98 0.484227224631
1.05 0.453419072087
1.12 0.69040630129
1.19 0.849040599106
1.26 0.674668295486
1.33 0.666947942163
1.4 0.668759445365
1.47 0.652301259813
1.54 0.870331936636
1.61 0.653849377506
1.68 0.526879691559
1.75 0.503822433193
1.82 0.481257413675
1.89 0.708597754487
1.96 0.755900552986
2.03 0.647989097382
2.1 0.659490795898
2.17 0.691115980727
2.24 0.725298500144
2.31 0.879968309375
2.38 0.634865636877
2.45 0.505895382366
2.52 0.547625716996
2.59 0.535706656931
2.66 0.725498698066
2.73 0.661735612983
2.8 0.664163157615
2.87 0.707777149964
2.94 0.701280071642
3.01 0.683897232878
3.08 0.903830437945
3.15 0.725150802974
3.22 0.596873533502
3.29 0.607160595308
3.36 0.616140514466
3.43 0.698009776875
3.5 0.770088889143
3.57 0.696415007728
3.64 0.740013073582
3.71 0.729307853258
3.78 0.765616121361
3.85 0.856962193599
3.92 0.736234409991
3.99 0.602963924193
4.06 0.624319803434
4.13 0.65269367222
4.2 0.779495273242
4.27 0.778634234769
4.34 0.698519862377
4.41 0.584184062731
4.48 0.636202893229
4.55 0.624183683738
4.62 0.794823750743
4.69 0.792182700313
4.76 0.687850328093
4.83 0.681213540072
4.9 0.792170771591
4.97 0.848541316717
5.04 0.599354855491
5.11 0.286579325768
5.18 0.891779715406
5.25 0.783278460269
5.32 0.736950366682
5.39 0.696102093758
5.46 0.600028782675
5.53 0.552916012847
5.6 0.877398325803
5.67 0.764336913064
5.74 0.577096479148
5.81 0.395329607213
5.88 0.371324180557
5.95 0.704785820798
6.02 0.767350364426
6.09 0.648925462914
6.16 0.944823105496
6.23 0.844010413674
6.3 0.84463979851
6.37 0.874643788192
6.44 0.76954450483
6.51 0.899444746686
6.58 0.661184354697
6.65 0.41008793168
6.72 0.904328178071
6.79 0.766752120395
6.86 0.668544799422
6.93 0.667198296756
7.0 0.588704958017
7.07 0.788598120496
7.14 0.924119988899
7.21 0.679924387808
7.28 0.816423256755
7.35 0.703385984074
7.42 0.66707049963
7.49 0.764115837255
7.56 0.727477137974
7.63 0.643838625539
7.7 0.683594404989
7.77 0.607272773583
7.84 0.638940766319
7.91 0.831637324946
7.98 0.707092764457
8.05 0.818349581074
8.12 0.76184887052
8.19 0.710742465747
8.26 0.759366148381
8.33 0.762964732113
8.4 0.726931923584
8.47 0.91671538941
8.54 0.602013177659
8.61 0.444191656772
8.68 0.2851814197
8.75 0.196329681795
8.82 0.773065740411
8.89 0.827118882747
8.96 0.779198217133
9.03 0.757895441014
9.1 0.721781101651
9.17 0.699005059298
9.24 0.683850025887
9.31 0.710233368586
9.38 0.436269974265
9.45 0.323129126071
9.52 0.334372837808
9.59 0.395901765996
9.66 0.686300973359
9.73 0.535972571429
9.8 0.457535937926
9.87 0.52344951251
9.94 0.384180352255
10.01 0.606336163388
10.08 0.525078670904
10.15 0.552282429179
10.22 0.642855142644
10.29 0.495240410764
10.36 0.421004429999
10.43 0.708336232614
10.5 0.625166155683
10.57 0.544891592979
10.64 0.524996623291
10.71 0.352332185992
10.78 0.611102889025
10.85 0.659631573069
10.92 0.608557767388
10.99 0.478941065438
11.06 0.286808108857
11.13 0.190598003035
11.2 0.692379410296
11.27 0.580819311185
11.34 0.537126598797
11.41 0.498260360627
11.48 0.461803746149
11.55 0.617600107847
11.62 0.620638360584
11.69 0.614515295707
11.76 0.518852087037
11.83 0.485681043002
11.9 0.380575283749
11.97 0.732077479212
12.04 0.61541004354
12.11 0.600133717157
12.18 0.513769569615
12.25 0.389918524671
12.32 0.571514589707
12.39 0.729516980965
12.46 0.618232217887
12.53 0.425430806332
12.6 0.359317880861
12.67 0.253787675337
12.74 0.563209983347
12.81 0.539762063972
12.88 0.546994216594
12.95 0.481042811335
13.02 0.44041833135
13.09 0.599634344331
13.16 0.610620019227
13.23 0.556262040022
13.3 0.574482723553
13.37 0.513863830987
13.44 0.3320101498
13.51 0.707917135009
13.58 0.674512078723
13.65 0.68597295328
13.72 0.567872456813
13.79 0.507285372827
13.86 0.626835612374
13.93 0.670096771967
14.0 0.612194601678
14.07 0.590743268435
14.14 0.605587837734
14.21 0.497005568542
14.28 0.772032350352
14.35 0.684660644454
14.42 0.604922207282
14.49 0.561019688913
14.56 0.453300788547
14.63 0.506603432332
14.7 0.609117300604
14.77 0.518352740858
14.84 0.533028541305
14.91 0.429071425224
14.98 0.34157437771
15.05 0.72930107618
15.12 0.603798587538
15.19 0.710085175631
15.26 0.662591591056
15.33 0.556400058882
15.4 0.602968894157
15.47 0.71113863288
15.54 0.626442680765
15.61 0.481328547553
15.68 0.413729246609
15.75 0.39003802345
15.82 0.76680418592
15.89 0.673071642517
15.96 0.736885558507
16.03 0.598421269263
16.1 0.478085040532
16.17 0.650052210789
16.24 0.685578311454
16.31 0.628160474095
16.38 0.529069769592
16.45 0.539930131133
16.52 0.469463461868
16.59 0.730279709423
16.66 0.663273946588
16.73 0.699581475859
16.8 0.582571704512
16.87 0.599793941154
16.94 0.693021635485
17.01 0.691852626359
17.08 0.727325058675
17.15 0.802786735229
17.22 0.674712147449
17.29 0.605585413715
17.36 0.761979248313
17.43 0.698745524604
17.5 0.74361564459
17.57 0.662581658394
17.64 0.622546807566
17.71 0.693771461415
17.78 0.7282571632
17.85 0.63337645626
17.92 0.610933466125
17.99 0.523667158195
18.06 0.31494977089
18.13 0.629851444152
18.2 0.532066801096
18.27 0.69968919772
18.34 0.701947816045
18.41 0.556001290088
18.48 0.552526164957
18.55 0.660261867114
18.62 0.584913115743
18.69 0.48132022256
18.76 0.382447496419
18.83 0.337071466347
18.9 0.722124042119
18.97 0.634608581109
19.04 0.672441501891
19.11 0.573281728204
19.18 0.407114085807
19.25 0.657919604811
19.32 0.677614633353
19.39 0.543124045903
19.46 0.550255948165
19.53 0.496860666825
19.6 0.452119045654
19.67 0.772349035197
19.74 0.696569702415
19.81 0.658962107952
19.88 0.640654013606
19.95 0.591720207611
20.02 0.734357411458
20.09 0.733737150201
20.16 0.735094099079
20.23 0.675500885254
20.3 0.626821852315
20.37 0.666657607416
20.44 0.736414014252
20.51 0.663693309042
20.58 0.650277805996
20.65 0.585525168282
20.72 0.544988426943
20.79 0.693861542526
20.86 0.682868296812
20.93 0.568516954217
21.0 0.578455725272
21.07 0.46697284108
21.14 0.601596261832
21.21 0.511536386526
21.28 0.3791305179
21.35 0.678655656406
21.42 0.67831671048
21.49 0.447542955096
21.56 0.75659957627
21.63 0.674112960295
21.7 0.460206708017
21.77 0.469839800014
21.84 0.316644636172
21.91 0.579661277162
21.98 0.784842114451
22.05 0.701624945996
22.12 0.598803790998
22.19 0.542185070635
22.26 0.418586866477
22.33 0.712606846787
22.4 0.617651164845
22.47 0.63095570647
22.54 0.530780362732
22.61 0.529618079813
22.68 0.699611611366
22.75 0.73089307329
22.82 0.645830379784
22.89 0.746790616165
22.96 0.600237445281
23.03 0.627536005124
23.1 0.840011351738
23.17 0.738789553111
23.24 0.697711621802
23.31 0.700284664062
23.38 0.662612779011
23.45 0.797182321473
23.52 0.796170165395
23.59 0.736292489536
23.66 0.761536277922
23.73 0.608714081855
23.8 0.607594930638
23.87 0.779667752408
23.94 0.681064330515
24.01 0.599443902236
24.08 0.66677056732
24.15 0.666500767287
24.22 0.742646855995
24.29 0.752706214295
24.36 0.723726285189
24.43 0.736811892409
24.5 0.681723326003
24.57 0.567396054025
24.64 0.852768452785
24.71 0.727020569017
24.78 0.722623061274
24.85 0.726451892035
24.92 0.694482230933
24.99 0.658482717533
25.06 0.792663419825
25.13 0.702131994612
25.2 0.757028193112
25.27 0.755468422851
25.34 0.641795940261
25.41 0.752987743606
25.48 0.714376521541
25.55 0.625626584336
25.62 0.686330497612
25.69 0.673321873567
25.76 0.673504399247
25.83 0.796648077342
25.9 0.739600059441
25.97 0.660958457497
26.04 0.610172703851
26.11 0.590524681242
26.18 0.780606457982
26.25 0.705890733127
26.32 0.679545947016
26.39 0.670223651002
26.46 0.619268821668
26.53 0.563152499713
26.6 0.83273128559
26.67 0.763040093085
26.74 0.78505422656
26.81 0.76501955444
26.88 0.761806831322
26.95 0.757397461877
27.02 0.788958333509
27.09 0.564639627746
27.16 0.327322421163
27.23 0.130549782703
27.3 0.123981564851
27.37 0.886378521115
27.44 0.784484335146
27.51 0.723619448313
27.58 0.713961282018
27.65 0.670501243099
27.72 0.69434302348
27.79 0.67844391331
27.86 0.646212129579
27.93 0.40618002075
28.0 0.525273954576
28.07 0.232593161274
28.14 0.528279302192
28.21 0.609648351201
28.28 0.498075716959
28.35 0.434114552751
28.42 0.490826191667
28.49 0.391463003915
28.56 0.647917920708
28.63 0.534344272988
28.7 0.428653424968
28.77 0.386571761086
28.84 0.407099472254
28.91 0.469960969444
28.98 0.610913006506
29.05 0.555943120106
29.12 0.442280449865
29.19 0.367787060469
29.26 0.324950115405
29.33 0.655285023813
29.4 0.756143525708
29.47 0.679380419342
29.54 0.430386735408
29.61 0.250871371236
29.68 0.117814056137
29.75 0.679506816318
29.82 0.58377986856
29.89 0.515959235032
29.96 0.40134647715
30.03 0.405197858065
30.1 0.514205062046
30.17 0.566910579335
30.24 0.587257615539
30.31 0.477639322328
30.38 0.40572812461
30.45 0.443705008831
30.52 0.670903129527
30.59 0.626057688179
30.66 0.518719594486
30.73 0.511453161625
30.8 0.376876847738
30.87 0.592732250643
30.94 0.799785739058
31.01 0.736658229667
31.08 0.608612634827
31.15 0.50841485398
31.22 0.44413981653
31.29 0.69666658402
31.36 0.600868508843
31.43 0.463955806175
31.5 0.371798261069
31.57 0.412064699322
31.64 0.597246779853
31.71 0.622514737366
31.78 0.576345799725
31.85 0.492525989769
31.92 0.455213799337
31.99 0.440238773114
32.06 0.533524107728
32.13 0.629513145816
32.2 0.536857639338
32.27 0.41185988753
32.34 0.35472832174
32.41 0.265586450956
32.48 0.762278685645
32.55 0.747166825116
32.62 0.575883584954
32.69 0.491185946038
32.76 0.455535961236
32.83 0.594963476429
32.9 0.6717188198
32.97 0.58922110195
33.04 0.41801343028
33.11 0.384966144416
33.18 0.341246506206
33.25 0.662592081996
33.32 0.68255102736
33.39 0.55976119055
33.46 0.594405694611
33.53 0.584076470065
33.6 0.330031327152
33.67 0.743722184318
33.74 0.655069693945
33.81 0.655812786401
33.88 0.51897843718
33.95 0.282597277987
34.02 0.637699318447
34.09 0.698552902346
34.16 0.672604715363
34.23 0.581839818095
34.3 0.479680145586
34.37 0.578369926163
34.44 0.714437173679
34.51 0.71854647193
34.58 0.698400523477
34.65 0.631052984542
34.72 0.626816151592
34.79 0.669712946172
34.86 0.705318516206
34.93 0.659075784888
35.0 0.706781648718
35.07 0.632369895127
35.14 0.576826352091
35.21 0.817719980645
35.28 0.76233835348
35.35 0.62451999974
35.42 0.767472855681
35.49 0.732119641145
35.56 0.684546581549
35.63 0.705997626526
35.7 0.667745165647
35.77 0.728336079453
35.84 0.58873029555
35.91 0.466667072392
35.98 0.698357365936
36.05 0.688673879065
36.12 0.68879887347
36.19 0.793540310507
36.26 0.733693104446
36.33 0.713059837047
36.4 0.845074207319
36.47 0.760837030162
36.54 0.758315655346
36.61 0.665217914888
36.68 0.550162872155
36.75 0.738030038375
36.82 0.773909593547
36.89 0.697089036653
36.96 0.762144067031
37.03 0.715032811205
37.1 0.684540453676
37.17 0.762823469654
37.24 0.72657443416
37.31 0.751332533069
37.38 0.712853977969
37.45 0.608931223681
37.52 0.61583521734
37.59 0.805928548945
37.66 0.710093449754
37.73 0.728666756101
37.8 0.64597009029
37.87 0.624392011245
37.94 0.729853048268
38.01 0.703388279705
38.08 0.653880038675
38.15 0.68332105775
38.22 0.61629476989
38.29 0.665351044531
38.36 0.721652788553
38.43 0.668079553416
38.5 0.613127797899
38.57 0.477843152239
38.64 0.421599966592
38.71 0.741842564745
38.78 0.753690358506
38.85 0.752343923667
38.92 0.760399679747
38.99 0.581276654503
39.06 0.451684926725
39.13 0.784187063443
39.2 0.736425359175
39.27 0.688539526916
39.34 0.696726487635
39.41 0.564805840154
39.48 0.691452367787
39.55 0.77139465425
39.62 0.624846796505
39.69 0.687781830597
39.76 0.572523181622
39.83 0.397186483647
39.9 0.67043472067
39.97 0.635406869643
40.04 0.51595808116
40.11 0.75374616826
40.18 0.618934396755
40.25 0.589825698331
40.32 0.724659948934
40.39 0.686462967554
40.46 0.683749928137
40.53 0.530682497631
40.6 0.416222095202
40.67 0.686366296699
40.74 0.7146643491
40.81 0.670873975093
40.88 0.641762398855
40.95 0.58521807777
41.02 0.533712337361
41.09 0.811163821516
41.16 0.717991735073
41.23 0.721080214731
41.3 0.575624898908
41.37 0.514873347452
41.44 0.670048910926
41.51 0.692366007945
41.58 0.611617538335
41.65 0.721794468473
41.72 0.672576283613
41.79 0.679066815794
41.86 0.615171390771
41.93 0.571762296613
42.0 0.622804556141
42.07 0.655406602629
42.14 0.591257915322
42.21 0.550353239963
42.28 0.755946975926
42.35 0.670891993738
42.42 0.791649024639
42.49 0.678626485015
42.56 0.602141015965
42.63 0.748865992586
42.7 0.686954002468
42.77 0.681707674047
42.84 0.687690418779
42.91 0.61187486622
42.98 0.606564640447
43.05 0.820213278997
43.12 0.712023907501
43.19 0.760251215483
43.26 0.721846229583
43.33 0.63462511482
43.4 0.709928175624
43.47 0.811512310904
43.54 0.818940624108
43.61 0.761156470894
43.68 0.631048917326
43.75 0.570387219275
43.82 0.803934082416
43.89 0.753340773385
43.96 0.761583936288
44.03 0.64341424871
44.1 0.643501360762
44.17 0.725306728242
44.24 0.757896846815
44.31 0.699822673767
44.38 0.637281759877
44.45 0.604246428574
44.52 0.574257658045
44.59 0.900746010967
44.66 0.744798010041
44.73 0.673697396977
44.8 0.602568478129
44.87 0.600935909798
44.94 0.728498739003
45.01 0.764966136406
45.08 0.750805532731
45.15 0.64958398442
45.22 0.55285274855
45.29 0.533319899922
45.36 0.757500635271
45.43 0.701293801018
45.5 0.650764256107
45.57 0.57087225874
45.64 0.459163881082
45.71 0.581802135994
45.78 0.902747700297
45.85 0.668434195709
45.92 0.553705796322
45.99 0.417933523263
46.06 0.541963376305
46.13 0.707357067249
46.2 0.610760396701
46.27 0.601669432144
46.34 0.831605995195
46.41 0.671733871808
46.48 0.694941381364
46.55 0.939172674955
46.62 0.656286212055
46.69 0.818849821121
46.76 0.633954985158
46.83 0.477030762087
46.9 0.736606077742
46.97 0.676284957509
47.04 0.581867775053
47.11 0.330619252552
47.18 0.18510280011
47.25 0.606370440397
47.32 0.634643982921
47.39 0.50541631574
47.46 0.892690112773
47.53 0.747737138835
47.6 0.623032196664
47.67 0.699663701116
47.74 0.591126600867
47.81 0.433288412229
47.88 0.192495464417
47.95 0.356905998683
48.02 0.72064686209
48.09 0.617362501556
48.16 0.464292334541
48.23 0.659657324833
48.3 0.342024534564
48.37 0.669655733847
48.44 0.703139441537
48.51 0.569407219796
48.58 0.417571369905
48.65 0.19451983794
48.72 0.514503147677
48.79 0.738489896955
48.86 0.702383197045
48.93 0.643008521965
49.0 0.653208090594
49.07 0.453866880017
49.14 0.755940596123
49.21 0.771852948765
49.28 0.605533828633
49.35 0.301256128283
49.42 0.168462891501
49.49 0.638481946143
49.56 0.77584023136
49.63 0.754820005998
49.7 0.55729789205
49.77 0.272810578155
49.84 0.541764834501
49.91 0.806880150588
49.98 0.747092859448
50.05 0.585745171774
50.12 0.313704631275
50.19 0.47186528542
50.26 0.739472218712
50.33 0.726814625963
50.4 0.651257744107
50.47 0.820107001696
50.54 0.571262740492
50.61 0.660909321465
50.68 0.740718293374
50.75 0.632349458924
50.82 0.360292403286
50.89 0.177028057232
50.96 0.499142205932
51.03 0.763142480813
51.1 0.671375763056
51.17 0.531625359242
51.24 0.260692218882
51.31 0.113280280931
51.38 0.81851220348
51.45 0.82290665415
51.52 0.71106340191
51.59 0.505591996516
51.66 0.210269279103
51.73 0.68386166392
51.8 0.881087540531
51.87 0.844027815413
51.94 0.801896493874
52.01 0.361710415303
52.08 0.578851939238
52.15 0.868819478337
52.22 0.763247355542
52.29 0.729525251858
52.36 0.643879606954
52.43 0.408271154906
52.5 0.820933343277
52.57 0.735732390285
52.64 0.630328220799
52.71 0.467395598128
52.78 0.387451882447
52.85 0.670019792022
52.92 0.805403894301
52.99 0.731004609629
53.06 0.680097608229
53.13 0.421363055531
53.2 0.438211436991
53.27 0.874850982014
53.34 0.771509321141
53.41 0.689104668804
53.48 0.444502647354
53.55 0.310313028194
53.62 0.734812474487
53.69 0.744195287793
53.76 0.629997039484
53.83 0.797269152526
53.9 0.854323514702
53.97 0.589492685679
54.04 0.843235965627
54.11 0.681689672359
54.18 0.688582620666
54.25 0.644019318267
54.32 0.432074142917
54.39 0.797019653042
54.46 0.752989854327
54.53 0.669111464195
54.6 0.452753599091
54.67 0.298682753346
54.74 0.65026809458
54.81 0.713594881379
54.88 0.665662954818
54.95 0.660736285146
55.02 0.415957012396
55.09 0.520118535728
55.16 0.837730816314
55.23 0.682830824652
55.3 0.602334427926
55.37 0.62148352101
55.44 0.260819480656
55.51 0.609722344323
55.58 0.703821613775
55.65 0.776992344221
55.72 0.764060339991
55.79 0.552629360153
55.86 0.496068842071
55.93 0.838426360219
56.0 0.769888343203
56.07 0.739938348087
56.14 0.786494292138
56.21 0.587514179559
56.28 0.595346263821
56.35 0.851576099764
56.42 0.786455973753
56.49 0.772638514028
56.56 0.676440638921
56.63 0.501990441302
56.7 0.70073943398
56.77 0.695547645974
56.84 0.680030109571
56.91 0.697156205057
56.98 0.547896863885
57.05 0.363587891856
57.12 0.665100943483
57.19 0.673243403843
57.26 0.700844066469
57.33 0.553009479671
57.4 0.41012827358
57.47 0.58903864975
57.54 0.571207462052
57.61 0.555743770833
57.68 0.636488005275
57.75 0.540934560551
57.82 0.528837838185
57.89 0.727689227473
57.96 0.716660768087
58.03 0.735326989757
58.1 0.692858020702
58.17 0.459412442288
58.24 0.706311219576
58.31 0.657674996967
58.38 0.62826170876
58.45 0.628108272108
58.52 0.544039238014
58.59 0.538383374023
58.66 0.613553141267
58.73 0.663985802959
58.8 0.682576061285
58.87 0.651981493671
58.94 0.493485941437
59.01 0.612125513923
59.08 0.570119939349
59.15 0.510767499511
59.22 0.649019980254
59.29 0.526079126773
59.36 0.555723158602
59.43 0.729354818009
59.5 0.650780382854
59.57 0.703006808486
59.64 0.603976853017
59.71 0.537099602725
59.78 0.609738865922
59.85 0.554226108404
59.92 0.502712143128
59.99 0.640206414002
60.06 0.503569266997
60.13 0.530728076768
60.2 0.703831938866
60.27 0.665168047289
60.34 0.636640046622
60.41 0.581152184145
60.48 0.481375131987
60.55 0.589033579659
60.62 0.62811688779
60.69 0.565550242322
60.76 0.666078611802
60.83 0.607294550991
60.9 0.489564835675
60.97 0.746353863277
61.04 0.744274879897
61.11 0.723666551141
61.18 0.654399769379
61.25 0.624104326607
61.32 0.526537648994
61.39 0.606747513339
61.46 0.556595890825
61.53 0.642291424322
61.6 0.545544566372
61.67 0.511829715364
61.74 0.755727832387
61.81 0.684258471376
61.88 0.618816586391
61.95 0.555490116927
62.02 0.488781887415
62.09 0.621822356312
62.16 0.620952107861
62.23 0.543887858791
62.3 0.510056042838
62.37 0.525771962781
62.44 0.549695443564
62.51 0.662992761259
62.58 0.677001959871
62.65 0.673218386875
62.72 0.639942770911
62.79 0.574091111346
62.86 0.591253267538
62.93 0.525560057384
63.0 0.500522550383
63.07 0.580841351019
63.14 0.497770823567
63.21 0.478477645117
63.28 0.746119166293
63.35 0.705021339784
63.42 0.66352539207
63.49 0.560619647549
63.56 0.52165344567
63.63 0.610356318806
63.7 0.582500382493
63.77 0.534253101795
63.84 0.555965252799
63.91 0.507491543587
63.98 0.479041241511
64.05 0.732157718905
64.12 0.684971747274
64.19 0.678984664017
64.26 0.632262124819
64.33 0.609475961664
64.4 0.627705390072
64.47 0.67469281344
64.54 0.562245698807
64.61 0.645975790206
64.68 0.568298102982
64.75 0.50003424794
64.82 0.653218281646
64.89 0.482240697126
64.96 0.352288354216
65.03 0.432671072391
65.1 0.525953740746
65.17 0.739037101753
65.24 0.629974001619
65.31 0.620957842497
65.38 0.398441455798
65.45 0.154755895798
65.52 0.593254296358
65.59 0.592506794321
65.66 0.442613104808
65.73 0.30053368601
65.8 0.218719795707
65.87 0.275716904376
65.94 0.747718142347
66.01 0.602936855449
66.08 0.574013441016
66.15 0.343166957004
66.22 0.200127678589
66.29 0.607723840454
66.36 0.628725360824
66.43 0.525272107897
66.5 0.292094145316
66.57 0.153846755658
66.64 0.5270842167
66.71 0.734957244587
66.78 0.587901051122
66.85 0.455104896151
66.92 0.394805569474
66.99 0.312701756233
67.06 0.617753328097
67.13 0.555401996348
67.2 0.513986788957
67.27 0.403957216853
67.34 0.436316815474
67.41 0.493411422653
67.48 0.761569396215
67.55 0.592509865121
67.62 0.64910734585
67.69 0.634163750312
67.76 0.574326654556
67.83 0.672590973876
67.9 0.674711676696
67.97 0.538852214068
68.04 0.351504009844
68.11 0.408004052623
68.18 0.512397461336
68.25 0.668281375963
68.32 0.556376250694
68.39 0.437784481918
68.46 0.293651238014
68.53 0.282346725565
68.6 0.681996783058
68.67 0.564991573096
68.74 0.431305284163
68.81 0.332612939068
68.88 0.100005365301
68.95 0.643403224352
69.02 0.654917025195
69.09 0.532407200464
69.16 0.400207591419
69.23 0.330543571822
69.3 0.327245075434
69.37 0.680408399366
69.44 0.612452226711
69.51 0.533262521258
69.58 0.613892143715
69.65 0.340966071822
69.72 0.619636896188
69.79 0.640805632648
69.86 0.595785313148
69.93 0.644322772752
70.0 0.462271211884
70.07 0.531319998326
70.14 0.754738861134
70.21 0.67302455503
70.28 0.552422580562
70.35 0.424472564881
70.42 0.301087889131
70.49 0.708743913431
70.56 0.612443513326
70.63 0.64369999381
70.7 0.814833812858
70.77 0.663007373197
70.84 0.506569146441
70.91 0.577158187455
70.98 0.511538628864
71.05 0.347043320166
71.12 0.425854550914
71.19 0.190973860737
71.26 0.769914543112
71.33 0.631579250891
71.4 0.56183760053
71.47 0.463476648306
71.54 0.210012952478
71.61 0.521903229383
71.68 0.627052872898
71.75 0.474619076124
71.82 0.404922165132
71.89 0.335531730169
71.96 0.281379078729
72.03 0.758103120931
72.1 0.603940558146
72.17 0.473131931941
72.24 0.439663740552
72.31 0.173676421386
72.38 0.6634135279
72.45 0.681084540627
72.52 0.473482613604
72.59 0.216942860203
72.66 0.189605667062
72.73 0.54294767878
72.8 0.800337386544
72.87 0.629005741915
72.94 0.463246785632
73.01 0.510314734535
73.08 0.298830528841
73.15 0.604148451235
73.22 0.578258437465
73.29 0.488722018521
73.36 0.361247317162
73.43 0.408257758207
73.5 0.305548684588
73.57 0.735841047193
73.64 0.628690839959
73.71 0.607170904249
73.78 0.696783679774
73.85 0.616404508805
73.92 0.54322213225
73.99 0.645258705481
74.06 0.482497051204
74.13 0.282761385326
74.2 0.158757465728
74.27 0.169872749708
74.34 0.710634022818
74.41 0.657847642471
74.48 0.57220874073
74.55 0.489507478813
74.62 0.302653170361
74.69 0.602826602177
74.76 0.560647510841
74.83 0.493034507168
74.9 0.461718786807
74.97 0.517976687748
75.04 0.435231470512
75.11 0.627675864204
75.18 0.520828944308
75.25 0.469667099602
75.32 0.484663072349
75.39 0.473368710577
75.46 0.533959630843
75.53 0.603515557952
75.6 0.437807843577
75.67 0.37340715848
75.74 0.378199793338
75.81 0.272168945647
75.88 0.703023222692
75.95 0.593460705322
76.02 0.426241130174
76.09 0.396524297853
76.16 0.574060337132
76.23 0.876263798783
76.3 0.898573723873
76.37 0.639657159044
76.44 0.186130067141
76.51 0.100244128693
76.58 0.161183227471
76.65 0.892198533626
76.72 0.730193887705
76.79 0.646452097713
76.86 0.597037631959
76.93 0.522773225097
77.0 0.638389495921
77.07 0.783181634379
77.14 0.704241669036
77.21 0.560165089995
77.28 0.658325630319
77.35 0.52108020165
77.42 0.545432198342
77.49 0.651881532383
77.56 0.556717732068
77.63 0.543626198841
77.7 0.489377503139
77.77 0.387872497284
77.84 0.764316685187
77.91 0.607281769582
77.98 0.44997981064
78.05 0.522689022352
78.12 0.469872090652
78.19 0.571951535581
78.26 0.752901624739
78.33 0.623574274041
78.4 0.512614635461
78.47 0.444842102791
78.54 0.346266878482
78.61 0.636632118095
78.68 0.633069294691
78.75 0.514532021919
78.82 0.48662473146
78.89 0.408776952753
78.96 0.320035334082
79.03 0.769318411416
79.1 0.622603677525
79.17 0.580869329779
79.24 0.622424867004
79.31 0.38262767156
79.38 0.683367498455
79.45 0.656418707029
79.52 0.553862312656
79.59 0.504259487267
79.66 0.470449381701
79.73 0.521799535172
79.8 0.719042529293
79.87 0.628252110389
79.94 0.57384888634
80.01 0.511868913082
80.08 0.350035924324
80.15 0.724134020913
80.22 0.682835753436
80.29 0.538486641083
80.36 0.63537443689
80.43 0.452215157742
80.5 0.613079264238
80.57 0.633379888806
80.64 0.533322452328
80.71 0.479311024587
80.78 0.470692873625
80.85 0.340516388951
80.92 0.7100608547
80.99 0.653795375673
81.06 0.497101896224
81.13 0.622281158725
81.2 0.462775297092
81.27 0.477591366006
81.34 0.719000480406
81.41 0.597776585334
81.48 0.440266076024
81.55 0.561756969215
81.62 0.429580540149
81.69 0.669678529471
81.76 0.791741005721
81.83 0.767079598662
81.9 0.78940699574
81.97 0.499956394315
82.04 0.393147146831
82.11 0.803993413537
82.18 0.833968545934
82.25 0.79934539536
82.32 0.745176990222
82.39 0.383943731075
82.46 0.523113605893
82.53 0.642709494827
82.6 0.586962840526
82.67 0.493511446116
82.74 0.385739614619
82.81 0.361852419825
82.88 0.7235194951
82.95 0.579328820855
83.02 0.596411396248
83.09 0.5774159328
83.16 0.368215473022
83.23 0.748526353853
83.3 0.628069366693
83.37 0.492643660441
83.44 0.560461920013
83.51 0.443203803861
83.58 0.597586932136
83.65 0.707338628721
83.72 0.64232403068
83.79 0.621714348608
83.86 0.550469501603
83.93 0.462531989271
84.0 0.719620275754
84.07 0.657748950523
84.14 0.487995249027
84.21 0.704483474159
84.28 0.572897052146
84.35 0.562271297153
84.42 0.746347963109
84.49 0.652416276338
84.56 0.709028088006
84.63 0.563394769938
84.7 0.395088351168
84.77 0.786300651664
84.84 0.757499169717
84.91 0.709670732271
84.98 0.651948922841
85.05 0.687086833348
85.12 0.688886373914
85.19 0.694673572547
85.26 0.684652372754
85.33 0.600619300855
85.4 0.580813836553
85.47 0.568335837568
85.54 0.614556648557
85.61 0.569407106751
85.68 0.528751032971
85.75 0.633013249964
85.82 0.48016356204
85.89 0.343272978338
85.96 0.623737013529
86.03 0.440686427625
86.1 0.431905376489
86.17 0.635752753332
86.24 0.52525767441
86.31 0.56055881373
86.38 0.72571637282
86.45 0.645852883105
86.52 0.635761005653
86.59 0.513038787814
86.66 0.434647953886
86.73 0.687927987926
86.8 0.664870392039
86.87 0.602765566491
86.94 0.727101021074
87.01 0.623201045454
87.08 0.591620906025
87.15 0.735341228645
87.22 0.593923247118
87.29 0.655117613931
87.36 0.599449085372
87.43 0.508584628128
87.5 0.774879728192
87.57 0.673190685884
87.64 0.614580322706
87.71 0.590254742324
87.78 0.433275185099
87.85 0.477648202859
87.92 0.806030383558
87.99 0.778414857872
88.06 0.734545244624
88.13 0.642567158436
88.2 0.428517309309
88.27 0.623111828333
88.34 0.806158482676
88.41 0.798756019747
88.48 0.805983332407
88.55 0.786628057259
88.62 0.631953025327
88.69 0.727542880389
88.76 0.564793648197
88.83 0.44313506251
88.9 0.524704255339
88.97 0.502584423519
89.04 0.573361287202
89.11 0.510608068218
89.18 0.440306907249
89.25 0.607063605502
89.32 0.398935575238
89.39 0.312383923169
89.46 0.760194829197
89.53 0.64207862102
89.6 0.37384339136
89.67 0.60873778265
89.74 0.402581635656
89.81 0.583806062816
89.88 0.718639134516
89.95 0.632219382317
90.02 0.622204853823
90.09 0.508312807003
90.16 0.380281727205
90.23 0.730510071113
90.3 0.614592256273
90.37 0.486728262563
90.44 0.657968949978
90.51 0.513192635466
90.58 0.658632804
90.65 0.724090042178
90.72 0.607326356341
90.79 0.779614746182
90.86 0.693027614784
90.93 0.515825041954
91.0 0.765288458184
91.07 0.780865810189
91.14 0.736741033878
91.21 0.654457169037
91.28 0.579314569856
91.35 0.517577296396
91.42 0.797953261072
91.49 0.79164704392
91.56 0.73285071202
91.63 0.766276485508
91.7 0.691211413735
91.77 0.685801837928
91.84 0.52779293848
91.91 0.471321752179
91.98 0.656574553165
92.05 0.496841153558
92.12 0.569177436254
92.19 0.759259393867
92.26 0.716913457069
92.33 0.604833645825
92.4 0.523144955832
92.47 0.364770403459
92.54 0.662138348059
92.61 0.701188889953
92.68 0.686761660401
92.75 0.659335570705
92.82 0.610475888642
92.89 0.535010305558
92.96 0.768432226779
93.03 0.622747646616
93.1 0.581912412682
93.17 0.715278492174
93.24 0.653558587347
93.31 0.70456208196
93.38 0.674891316486
93.45 0.578559818372
93.52 0.57637579877
93.59 0.537965230038
93.66 0.524204377039
93.73 0.84950996239
93.8 0.734897939304
93.87 0.742640895267
93.94 0.837961358876
94.01 0.769178717867
94.08 0.679477732134
94.15 0.779284310968
94.22 0.677791492224
94.29 0.60946846271
94.36 0.52928762199
94.43 0.488641719882
94.5 0.658619344319
94.57 0.675238443675
94.64 0.595818867473
94.71 0.583769952855
94.78 0.545600337368
94.85 0.57541024812
94.92 0.821855201035
94.99 0.691547074074
95.06 0.630075067522
95.13 0.622995906637
95.2 0.566836695221
95.27 0.840315926988
95.34 0.805000252439
95.41 0.690675620072
95.48 0.578880844164
95.55 0.392649242789
95.62 0.693833244008
95.69 0.801634459259
95.76 0.690719070724
95.83 0.644202590855
95.9 0.534051976094
95.97 0.466782055004
96.04 0.883714306048
96.11 0.736731883652
96.18 0.735271155779
96.25 0.796281333529
96.32 0.752839723448
96.39 0.867875772922
96.46 0.885995318686
96.53 0.607435781958
96.6 0.573525099008
96.67 0.661573618787
96.74 0.642608290847
96.81 0.946631352987
96.88 0.800601148332
96.95 0.800948150364
97.02 0.864329016513
97.09 0.772330737976
97.16 0.824040994644
97.23 0.741809836459
97.3 0.471862574751
97.37 0.694570325673
97.44 0.329411634352
97.51 0.379840493677
97.58 0.702441784489
97.65 0.604084914822
97.72 0.574408433283
97.79 0.612486928448
97.86 0.54738209184
97.93 0.703457264911
98.0 0.687094226523
98.07 0.650390333905
98.14 0.701340856205
98.21 0.579902821473
98.28 0.414330464545
98.35 0.689137431811
98.42 0.650065395124
98.49 0.635639858025
98.56 0.695540136523
98.63 0.528243172044
98.7 0.728457762433
98.77 0.767830618837
98.84 0.671566510373
98.91 0.49700387286
98.98 0.351969861451
99.05 0.158990297462
99.12 0.751179328968
99.19 0.676440648611
99.26 0.584579352954
99.33 0.694400813145
99.4 0.608690041923
99.47 0.658422471551
99.54 0.739574955266
99.61 0.666432080037
99.68 0.650323608801
99.75 0.613597403424
99.82 0.531098052067
99.89 0.707492508673
99.96 0.715010873919
100.03 0.638390034502
100.1 0.658519911116
100.17 0.589663797802
100.24 0.515442662334
100.31 0.726447278164
100.38 0.703957942605
100.45 0.495213565688
100.52 0.376351554387
100.59 0.220611038779
100.66 0.593078167438
100.73 0.757542247318
100.8 0.648640269315
100.87 0.637655647357
100.94 0.54906194468
101.01 0.500021636908
101.08 0.678575143789
101.15 0.636747288039
101.22 0.564485091323
101.29 0.676827604958
101.36 0.530389892284
101.43 0.648628738674
101.5 0.754980923032
101.57 0.689231789271
101.64 0.775526874898
101.71 0.643683952654
101.78 0.568346241791
101.85 0.784611311884
101.92 0.728667976992
101.99 0.685603369603
102.06 0.624672016863
102.13 0.609185380639
102.2 0.654394591896
102.27 0.755886711372
102.34 0.691063832032
102.41 0.622269423795
102.48 0.65058282616
102.55 0.51270625399
102.62 0.69678584944
102.69 0.71160090256
102.76 0.483132055209
102.83 0.639557975348
102.9 0.47921126436
102.97 0.438653852652
103.04 0.770530151739
103.11 0.618481658426
103.18 0.843931405369
103.25 0.772969475712
103.32 0.591452739545
103.39 0.723772434397
103.46 0.684868670776
103.53 0.545002350111
103.6 0.544449602047
103.67 0.484436353147
103.74 0.534931407877
103.81 0.840753245104
103.88 0.752619622253
103.95 0.735904016764
104.02 0.675839114148
104.09 0.636670560831
104.16 0.748778487297
104.23 0.746352469587
104.3 0.59834235301
104.37 0.647729397157
104.44 0.630892451055
104.51 0.674566136272
104.58 0.80109211461
104.65 0.748863472479
104.72 0.803911877858
104.79 0.719127235091
104.86 0.680394159671
104.93 0.803508496807
105.0 0.767815820374
105.07 0.772583560998
105.14 0.776802034551
105.21 0.712736339596
105.28 0.652322161117
105.35 0.794209442139
105.42 0.709984802535
105.49 0.736135133436
105.56 0.728517613563
105.63 0.636609089113
105.7 0.718556537017
105.77 0.782600649165
105.84 0.734435965966
105.91 0.710950930524
105.98 0.675104055997
106.05 0.234757471394
106.12 0.764625605421
106.19 0.688548361421
106.26 0.632812166251
106.33 0.808485080103
106.4 0.713663382912
106.47 0.491174345148
106.54 0.635659398746
106.61 0.576075944785
106.68 0.46557064332
106.75 0.518036722981
106.82 0.444359472811
106.89 0.803536809052
106.96 0.712897586884
107.03 0.689030932457
107.1 0.64879982738
107.17 0.542846956858
107.24 0.627437052364
107.31 0.735236306275
107.38 0.696657414415
107.45 0.53454155595
107.52 0.619111003696
107.59 0.513792558224
107.66 0.793708536739
107.73 0.758484475875
107.8 0.720743119522
107.87 0.783452287906
107.94 0.645903662334
108.01 0.662651856417
108.08 0.797569765531
108.15 0.786841483925
108.22 0.714229413015
108.29 0.690014394358
108.36 0.600412615737
108.43 0.722921663685
108.5 0.724829985509
108.57 0.740018564364
108.64 0.786863606121
108.71 0.687402369166
108.78 0.693809636071
108.85 0.729751743354
108.92 0.606437344759
108.99 0.453291203904
109.06 0.516058937122
109.13 0.324809582089
109.2 0.700744215805
109.27 0.70458831013
109.34 0.690021062427
109.41 0.740299451737
109.48 0.529409948521
109.55 0.542574932251
109.62 0.761252615281
109.69 0.642398354864
109.76 0.572256833514
109.83 0.504036242599
109.9 0.345078079935
109.97 0.664622222454
110.04 0.819981210321
110.11 0.779216738023
110.18 0.725765451522
110.25 0.521297790006
110.32 0.434957087292
110.39 0.710548121968
110.46 0.690474919099
110.53 0.723759234721
110.6 0.634628785569
110.67 0.55372512145
110.74 0.670248120507
110.81 0.769187063854
110.88 0.714385397227
110.95 0.83532654129
111.02 0.809178679625
111.09 0.691926158417
111.16 0.83102940745
111.23 0.717986241869
111.3 0.759997080326
111.37 0.764099377023
111.44 0.660959962617
111.51 0.718182154558
111.58 0.825025898683
111.65 0.801952037971
111.72 0.81407478341
111.79 0.667608801288
111.86 0.617951130261
111.93 0.812086225123
112.0 0.731745015639
112.07 0.692293966473
112.14 0.701811488829
112.21 0.689685342335
112.28 0.686767829455
112.35 0.846966588921
112.42 0.77413201702
112.49 0.774021158147
112.56 0.732475616567
112.63 0.6301338641
112.7 0.702379901769
112.77 0.777972306557
112.84 0.696862272233
112.91 0.734895674357
112.98 0.701711177101
113.05 0.675110184678
113.12 0.791548933349
113.19 0.785945398118
113.26 0.761661975631
113.33 0.726502915927
113.4 0.608021343093
113.47 0.706552480466
113.54 0.790316823842
113.61 0.763229510503
113.68 0.706605178239
113.75 0.760529103113
113.82 0.705355485313
113.89 0.749217037609
113.96 0.70738629597
114.03 0.650278076497
114.1 0.79048416509
114.17 0.805705579624
114.24 0.720768616933
114.31 0.856616352706
114.38 0.775103898218
114.45 0.773893880223
114.52 0.609685835472
114.59 0.831025727819
114.66 0.857433581205
114.73 0.858413633169
114.8 0.830209960837
114.87 0.846721645978
114.94 0.876932381338
115.01 0.952580397242
115.08 0.909189205453
115.15 0.846392596378
115.22 0.492323704544
115.29 0.297057237439
115.36 0.151875192954
115.43 0.777100051548
115.5 0.825720590709
115.57 0.718183683095
115.64 0.657358084416
115.71 0.663998914621
115.78 0.675936692597
115.85 0.722967423694
115.92 0.776524007229
115.99 0.58654069473
116.06 0.566243425191
116.13 0.406656820006
116.2 0.441742280632
116.27 0.747976379441
116.34 0.621785937091
116.41 0.61887997746
116.48 0.551139699901
116.55 0.326972430692
116.62 0.703773151171
116.69 0.635309979963
116.76 0.613430192986
116.83 0.649534954973
116.9 0.505876310783
116.97 0.359904503816
117.04 0.720406878614
117.11 0.638359520293
117.18 0.665600899301
117.25 0.509833157493
117.32 0.430952681534
117.39 0.603192421439
117.46 0.772466960221
117.53 0.702077569665
117.6 0.4488883806
117.67 0.327109474132
117.74 0.155613651107
117.81 0.71670160335
117.88 0.639570587995
117.95 0.562684365395
118.02 0.565801494012
118.09 0.537340766719
118.16 0.572610659457
118.23 0.571247064311
118.3 0.594416926488
118.37 0.558808368823
118.44 0.575620804239
118.51 0.425764842853
118.58 0.692012505797
118.65 0.680006336911
118.72 0.598253038186
118.79 0.605246926431
118.86 0.513037466796
118.93 0.63236969649
119.0 0.795062432581
119.07 0.75910289449
119.14 0.694662796081
119.21 0.580770628142
119.28 0.400209050514
119.35 0.719367683668
119.42 0.722327696003
119.49 0.663352028727
119.56 0.641667677226
119.63 0.485710805459
119.7 0.328558906337
119.77 0.698905380624
119.84 0.666928487033
119.91 0.508992194284
119.98 0.533887695957
120.05 0.415136301288
120.12 0.589187985272
120.19 0.782177423785
120.26 0.758346718633
120.33 0.656055793036
120.4 0.55939933757
120.47 0.420065795482
120.54 0.680768062494
120.61 0.757484635296
120.68 0.70228689601
120.75 0.692645060752
120.82 0.717038201159
120.89 0.602064170867
120.96 0.742495780379
121.03 0.642819256351
121.1 0.642057087468
121.17 0.630650832457
121.24 0.575598481791
121.31 0.669262404963
121.38 0.676911928823
121.45 0.5995397414
121.52 0.617325800528
121.59 0.533186807422
121.66 0.359061452496
121.73 0.774775352478
121.8 0.736628916162
121.87 0.708379558915
121.94 0.667078385361
122.01 0.396040692451
122.08 0.585566076217
122.15 0.647667265737
122.22 0.554817058579
122.29 0.531512191011
122.36 0.558172471759
122.43 0.497697136475
122.5 0.799946875723
122.57 0.720458131019
122.64 0.736555912996
122.71 0.789958917765
122.78 0.601082570987
122.85 0.589221303817
122.92 0.746560043727
122.99 0.749731125729
123.06 0.746666154689
123.13 0.698922909943
123.2 0.682469300311
123.27 0.734569571208
123.34 0.797924234218
123.41 0.727502670106
123.48 0.805934986886
123.55 0.723654825093
123.62 0.662686389394
123.69 0.817494736686
123.76 0.739012013728
123.83 0.661523112482
123.9 0.690366366354
123.97 0.561974274149
124.04 0.66752077276
124.11 0.750617160177
124.18 0.689182103353
124.25 0.724144951605
124.32 0.815804907582
124.39 0.745126876346
124.46 0.852532419442
124.53 0.852395703834
124.6 0.796392182712
124.67 0.77137902248
124.74 0.598545318123
124.81 0.556309973734
124.88 0.825923895766
124.95 0.702119134879
125.02 0.71259291393
125.09 0.718199433562
125.16 0.573736593404
125.23 0.673942391599
125.3 0.849837913026
125.37 0.74482577563
125.44 0.744724287421
125.51 0.669663229571
125.58 0.566739656967
125.65 0.740255110449
125.72 0.782692464717
125.79 0.669041300893
125.86 0.881117043791
125.93 0.778870419916
126.0 0.711549120455
126.07 0.846573582217
126.14 0.74765462935
126.21 0.70145562403
126.28 0.603522138007
126.35 0.546322747342
126.42 0.728810709043
126.49 0.76519279424
126.56 0.728376734651
126.63 0.800081428932
126.7 0.544921709914
126.77 0.355416213273
126.84 0.746666395314
126.91 0.821476254769
126.98 0.738561336864
127.05 0.69182958365
127.12 0.521641429741
127.19 0.503917728124
127.26 0.828180478465
127.33 0.742436433916
127.4 0.717771598349
127.47 0.7319283827
127.54 0.577036967155
127.61 0.722630167799
127.68 0.774550452501
127.75 0.660054334155
127.82 0.707645640102
127.89 0.655235109382
127.96 0.55572667674
128.03 0.744829855765
128.1 0.721807055281
128.17 0.474948111996
128.24 0.798310651985
128.31 0.651519920836
128.38 0.549738215943
128.45 0.7741654583
128.52 0.718328388597
128.59 0.521799355914
128.66 0.44545158839
128.73 0.402580657812
128.8 0.712295788378
128.87 0.780956937778
128.94 0.711905061964
129.01 0.605887172517
129.08 0.515696048161
129.15 0.494046039881
129.22 0.789542572011
129.29 0.713615897344
129.36 0.6404127834
129.43 0.583151500326
129.5 0.546834583434
129.57 0.635377156442
129.64 0.810878273438
129.71 0.666467527067
129.78 0.625806946002
129.85 0.68600973344
129.92 0.67464029654
129.99 0.727135534672
130.06 0.667100027114
130.13 0.614843868093
130.2 0.636686531737
130.27 0.591978030473
130.34 0.385304662384
130.41 0.75078843783
130.48 0.708784265828
130.55 0.660864297059
130.62 0.784564087128
130.69 0.669669128931
130.76 0.630626505067
130.83 0.830534442591
130.9 0.725254397867
130.97 0.689698740649
131.04 0.742961116821
131.11 0.754636156878
131.18 0.677026716835
131.25 0.826375996196
131.32 0.667145174255
131.39 0.713185948987
131.46 0.659638529404
131.53 0.606526377777
131.6 0.80970751776
131.67 0.83652185691
131.74 0.827061822226
131.81 0.809084772732
131.88 0.77302393861
131.95 0.60956020236
132.02 0.805845540445
132.09 0.848567114506
132.16 0.87464407565
132.23 0.804310445593
132.3 0.797470157107
132.37 0.677485962547
132.44 0.79163274851
132.51 0.754656808675
132.58 0.754372347449
132.65 0.613983939888
132.72 0.588649205594
132.79 0.759704351436
132.86 0.729304619349
132.93 0.694043930129
133.0 0.678819090317
133.07 0.674161273518
133.14 0.783225802062
133.21 0.897598910759
133.28 0.790475802953
133.35 0.727500484291
133.42 0.639334613597
133.49 0.52139436558
133.56 0.68112349126
133.63 0.859533428746
133.7 0.795528640281
133.77 0.735067769975
133.84 0.679887321805
133.91 0.525133632817
133.98 0.839435601338
134.05 0.888673758914
134.12 0.846318130887
134.19 0.810342092191
134.26 0.750104413261
134.33 0.584948922096
134.4 0.937952209135
134.47 0.926567188105
134.54 0.890605054005
134.61 0.770575315837
134.68 0.541902092727
134.75 0.487464725707
134.82 1.0
134.89 0.965246177715
134.96 0.809937898021
135.03 0.695587314446
135.1 0.724489871178
135.17 0.757473274224
135.24 0.741829169661
135.31 0.771345952635
135.38 0.682364593536
135.45 0.722233065618
135.52 0.70204526207
135.59 0.712303665227
135.66 0.918751366246
135.73 0.945535921137
135.8 0.872220702397
135.87 0.777757969067
135.94 0.674290559614
136.01 0.707469922183
136.08 0.77409558165
136.15 0.764492274719
136.22 0.785941525502
136.29 0.740027148554
136.36 0.620438004399
136.43 0.635786965744
136.5 0.928037690376
136.57 0.822249108873
136.64 0.734020037673
136.71 0.563885984109
136.78 0.364120127008
136.85 0.235443036611
136.92 0.142290540952
136.99 0.0771308086432
137.06 0.047927557352
137.13 0.0306948962996
137.2 0.0226632592838
137.27 0.0263761844974
137.34 0.00657368925479
137.41 0.000883755773558
137.48 0.0
