0.0 0.0
0.07 1.71828819886e-05
0.14 6.82357560352e-05
0.21 0.000246293046243
0.28 0.00100927350145
0.35 0.00123783509497
0.42 0.00184984942118
0.49 0.00233541237644
0.56 0.00162195183987
0.63 0.00490978681797
0.7 0.0063742523227
0.77 0.00756014501783
0.84 0.00714972730415
0.91 0.0175747028859
0.98 0.0254387516158
1.05 0.0306241938852
1.12 0.0854536695897
1.19 0.117220247262
1.26 0.0883768822191
1.33 0.0769685206631
1.4 0.0754192754755
1.47 0.128199666775
1.54 0.493857966707
1.61 0.358090575153
1.68 0.311875352215
1.75 0.268501020501
1.82 0.254107274369
1.89 0.241388340639
1.96 0.31027824356
2.03 0.244963855775
2.1 0.209306048429
2.17 0.280699459938
2.24 0.197964148051
2.31 0.219318514927
2.38 0.303819913152
2.45 0.282179788354
2.52 0.296152566853
2.59 0.305568338735
2.66 0.280232279024
2.73 0.251801663791
2.8 0.231766664119
2.87 0.204500825636
2.94 0.335230287649
3.01 0.553921741483
3.08 0.424706566472
3.15 0.381677052182
3.22 0.414970288783
3.29 0.411605425704
3.36 0.366891349128
3.43 0.43639206811
3.5 0.345570569458
3.57 0.326696816174
3.64 0.295981908556
3.71 0.289359645883
3.78 0.423217354431
3.85 0.507025674252
3.92 0.557841047597
3.99 0.482648185967
4.06 0.578119062315
4.13 0.496490835076
4.2 0.60888699963
4.27 0.588220727488
4.34 0.472724665784
4.41 0.583393754268
4.48 0.536706744391
4.55 0.420421662573
4.62 0.524711813958
4.69 0.379595720229
4.76 0.28019888959
4.83 0.456784954255
4.9 0.351221002833
4.97 0.314997330009
5.04 0.265686462462
5.11 0.250493315432
5.18 0.265569885365
5.25 0.293110550627
5.32 0.300225953332
5.39 0.325248672662
5.46 0.462390580229
5.53 0.334179647619
5.6 0.377630161758
5.67 0.679871709834
5.74 0.46594065976
5.81 0.417073541192
5.88 0.652213606585
5.95 0.556539078946
6.02 0.670905265707
6.09 0.627620266008
6.16 0.679945347177
6.23 0.603561179631
6.3 0.787982201774
6.37 0.664994686309
6.44 0.412338557826
6.51 0.331932956044
6.58 0.406364128553
6.65 0.638112526072
6.72 0.756710406267
6.79 0.594717415787
6.86 0.409381282802
6.93 0.629532682024
7.0 0.516140902754
7.07 0.733003014583
7.14 0.621926746116
7.21 0.692041312169
7.28 0.761006720974
7.35 0.587193683158
7.42 0.424043846491
7.49 0.497718129201
7.56 0.413405813374
7.63 0.312847709501
7.7 0.369632104268
7.77 0.416981269447
7.84 0.347421079312
7.91 0.545936084554
7.98 0.647129277625
8.05 0.30613141393
8.12 0.562163198823
8.19 0.603535739552
8.26 0.737818549253
8.33 0.64057071538
8.4 0.347455787821
8.47 0.481888277687
8.54 0.566720773699
8.61 0.672728540322
8.68 0.295838450597
8.75 0.472518758461
8.82 0.735448340668
8.89 0.639949947189
8.96 0.780664210912
9.03 0.621134006817
9.1 0.526639283006
9.17 0.524137692178
9.24 0.584737088554
9.31 0.719503695582
9.38 0.659381479679
9.45 0.441937163376
9.52 0.291969523501
9.59 0.803265929197
9.66 0.556134557696
9.73 0.409866408153
9.8 0.613809814332
9.87 0.69892116236
9.94 0.694024662051
10.01 0.756458164852
10.08 0.707147812765
10.15 0.542940562606
10.22 0.438303225009
10.29 0.735043538421
10.36 0.313032432866
10.43 0.733189629756
10.5 0.901249502022
10.57 0.544282606453
10.64 0.627617919593
10.71 0.682485940222
10.78 0.609807760841
10.85 0.780254424994
10.92 0.818124258362
10.99 0.843664432026
11.06 0.839066552863
11.13 0.678731189219
11.2 0.741846361406
11.27 0.546606949871
11.34 0.488865360027
11.41 0.514646438573
11.48 0.448711643241
11.55 0.380368489942
11.62 0.342869442961
11.69 0.32444162041
11.76 0.326218777497
11.83 0.302527112701
11.9 0.331647902404
11.97 0.578655128678
12.04 0.595558147419
12.11 0.419999136927
12.18 0.732621970013
12.25 0.618141569572
12.32 0.775845209418
12.39 0.780697374832
12.46 0.722843977681
12.53 0.627172560697
12.6 0.498478171715
12.67 0.398942813096
12.74 0.416502411046
12.81 0.436790698265
12.88 0.445853450114
12.95 0.43735154696
13.02 0.461282326848
13.09 0.421170242375
13.16 0.345370353669
13.23 0.316684729111
13.3 0.330578736254
13.37 0.400723035199
13.44 0.419802162448
13.51 0.364028780859
13.58 0.286482471135
13.65 0.291775070836
13.72 0.354939714618
13.79 0.403127177313
13.86 0.35717085739
13.93 0.322044446844
14.0 0.378118514102
14.07 0.348199682847
14.14 0.350190913175
14.21 0.348929503857
14.28 0.300865856171
14.35 0.321699099642
14.42 0.293860937222
14.49 0.272532759454
14.56 0.311346143433
14.63 0.152509954697
14.7 0.11865289119
14.77 0.439627351265
14.84 0.276298715439
14.91 0.262848457276
14.98 0.25507190871
15.05 0.279662616506
15.12 0.215341565035
15.19 0.300334352878
15.26 0.292907170488
15.33 0.424493761297
15.4 0.497579236998
15.47 0.325039329837
15.54 0.316355200971
15.61 0.309506060003
15.68 0.311687028688
15.75 0.255346620942
15.82 0.242029649359
15.89 0.29950720844
15.96 0.182524381338
16.03 0.184839322093
16.1 0.241846991412
16.17 0.212494951852
16.24 0.275805738278
16.31 0.431945741232
16.38 0.365352031908
16.45 0.390342923396
16.52 0.247400436049
16.59 0.249090013327
16.66 0.18737352827
16.73 0.220713134759
16.8 0.294891603193
16.87 0.304756306392
16.94 0.140051370132
17.01 0.121046301722
17.08 0.143906643814
17.15 0.201156163025
17.22 0.285223783193
17.29 0.359406492535
17.36 0.340627188276
17.43 0.270195287029
17.5 0.260456450834
17.57 0.321813289159
17.64 0.264545730652
17.71 0.168053931952
17.78 0.0832712296972
17.85 0.0832173077893
17.92 0.228295440961
17.99 0.226210828322
18.06 0.236134165947
18.13 0.187168442461
18.2 0.229568863351
18.27 0.238059484562
18.34 0.332418579852
18.41 0.443136960057
18.48 0.301038812559
18.55 0.236638691731
18.62 0.165488775826
18.69 0.251980921136
18.76 0.337407300003
18.83 0.343321999498
18.9 0.391949108078
18.97 0.372840528039
19.04 0.258598441759
19.11 0.249571137602
19.18 0.302198560892
19.25 0.215415558546
19.32 0.211937058995
19.39 0.161703976033
19.46 0.122631929767
19.53 0.33370197227
19.6 0.40388156946
19.67 0.45302890118
19.74 0.380733445192
19.81 0.221311193195
19.88 0.239603235988
19.95 0.247172295057
20.02 0.207745225087
20.09 0.201514677714
20.16 0.276596523125
20.23 0.401210046989
20.3 0.38865662591
20.37 0.423016265224
20.44 0.389448254644
20.51 0.349249685712
20.58 0.316595569811
20.65 0.259948319518
20.72 0.281461209912
20.79 0.405150049345
20.86 0.442231463968
20.93 0.470586507989
21.0 0.46941076072
21.07 0.369516558089
21.14 0.343928431468
21.21 0.353459210802
21.28 0.210422160779
21.35 0.201158587296
21.42 0.323642598052
21.49 0.332184416215
21.56 0.307963299225
21.63 0.243551075835
21.7 0.246639508484
21.77 0.304663130802
21.84 0.481120909561
21.91 0.363895491594
21.98 0.428024452029
22.05 0.322244032627
22.12 0.331661496756
22.19 0.463606724855
22.26 0.479180944197
22.33 0.43704430171
22.4 0.42627471632
22.47 0.302524528244
22.54 0.349435042662
22.61 0.261611974367
22.68 0.222154355362
22.75 0.187678992679
22.82 0.206998601526
22.89 0.475771599459
22.96 0.434947150696
23.03 0.483726737777
23.1 0.453484490516
23.17 0.47895245151
23.24 0.234060151552
23.31 0.209553012646
23.38 0.225239060772
23.45 0.277580822788
23.52 0.396386213957
23.59 0.432172394014
23.66 0.420697631237
23.73 0.461901950468
23.8 0.25174004847
23.87 0.232169984419
23.94 0.332431767027
24.01 0.37539583495
24.08 0.367634458436
24.15 0.384871097672
24.22 0.435183456712
24.29 0.387263780654
24.36 0.309580311244
24.43 0.19812437724
24.5 0.415622755055
24.57 0.408981716587
24.64 0.408180243111
24.71 0.459785066121
24.78 0.487823350366
24.85 0.378504561136
24.92 0.283594716042
24.99 0.40239533563
25.06 0.44405462672
25.13 0.448265251636
25.2 0.465468055781
25.27 0.44909499664
25.34 0.467483851876
25.41 0.458529372498
25.48 0.435646906808
25.55 0.415988193548
25.62 0.311818223003
25.69 0.236876181693
25.76 0.352974333336
25.83 0.380561887525
25.9 0.37856022093
25.97 0.392017512969
26.04 0.305309005277
26.11 0.213950344014
26.18 0.339067837932
26.25 0.348116389585
26.32 0.483067947281
26.39 0.432815036127
26.46 0.378892964428
26.53 0.348138213393
26.6 0.526458688688
26.67 0.60393160627
26.74 0.601995644667
26.81 0.402595499516
26.88 0.314942262635
26.95 0.346929843616
27.02 0.456839067671
27.09 0.38748096992
27.16 0.55993547992
27.23 0.553487663636
27.3 0.586703895403
27.37 0.497000131546
27.44 0.609284905814
27.51 0.581609049635
27.58 0.63298275881
27.65 0.490782854573
27.72 0.481813446554
27.79 0.521793083859
27.86 0.423463983063
27.93 0.507642405571
28.0 0.566535474917
28.07 0.670775633879
28.14 0.632629735198
28.21 0.60661457087
28.28 0.625148018792
28.35 0.390498696007
28.42 0.376690869059
28.49 0.349847336076
28.56 0.268705197096
28.63 0.584667139968
28.7 0.571468017129
28.77 0.474537845086
28.84 0.529117234284
28.91 0.455120826901
28.98 0.310681562965
29.05 0.285978074217
29.12 0.353381686034
29.19 0.128582483237
29.26 0.386769625811
29.33 0.341576244282
29.4 0.202621794578
29.47 0.34378744879
29.54 0.362268353837
29.61 0.221233528824
29.68 0.540476015963
29.75 0.458890693578
29.82 0.398827390413
29.89 0.494917117191
29.96 0.48355228602
30.03 0.465501234019
30.1 0.484538235869
30.17 0.399041989852
30.24 0.33820581227
30.31 0.273470022532
30.38 0.540433181806
30.45 0.583886398529
30.52 0.491801756252
30.59 0.368643997722
30.66 0.337787272488
30.73 0.408047853216
30.8 0.25098956433
30.87 0.340399857163
30.94 0.26070850969
31.01 0.254291901085
31.08 0.477832928715
31.15 0.437248275164
31.22 0.500184924716
31.29 0.561819716583
31.36 0.372745613669
31.43 0.291482926941
31.5 0.337698288588
31.57 0.407201327138
31.64 0.393664520084
31.71 0.581277167921
31.78 0.460180693902
31.85 0.401504074638
31.92 0.324137331893
31.99 0.353601075847
32.06 0.234742424993
32.13 0.514369871224
32.2 0.247028419182
32.27 0.157651691182
32.34 0.409722545702
32.41 0.306305122924
32.48 0.405438933136
32.55 0.414241648139
32.62 0.341831514022
32.69 0.295232559144
32.76 0.474419064756
32.83 0.354644552242
32.9 0.32819882611
32.97 0.499615421489
33.04 0.388273852402
33.11 0.242908523212
33.18 0.222806873538
33.25 0.265349196164
33.32 0.265427091418
33.39 0.554963933703
33.46 0.348527926813
33.53 0.378600212005
33.6 0.33153082327
33.67 0.326652995842
33.74 0.398545395524
33.81 0.550326496593
33.88 0.389023917731
33.95 0.330626290982
34.02 0.452325541325
34.09 0.255534166806
34.16 0.296149927807
34.23 0.374361156269
34.3 0.283751298533
34.37 0.444601749514
34.44 0.536752806435
34.51 0.491744017616
34.58 0.659777631869
34.65 0.455119540937
34.72 0.477171368518
34.79 0.480741831971
34.86 0.448596345843
34.93 0.389795419377
35.0 0.522492947358
35.07 0.482071786679
35.14 0.486065243807
35.21 0.376771839173
35.28 0.292444927606
35.35 0.276854977797
35.42 0.471909126346
35.49 0.346030197457
35.56 0.315918379376
35.63 0.472182701166
35.7 0.324802581742
35.77 0.270557050188
35.84 0.344388439797
35.91 0.362979629935
35.98 0.364984042068
36.05 0.531219811047
36.12 0.440083841761
36.19 0.377174994812
36.26 0.512127200413
36.33 0.500293404802
36.4 0.440977866189
36.47 0.458094268206
36.54 0.451687333417
36.61 0.470192116952
36.68 0.535074595221
36.75 0.335405215491
36.82 0.314757598334
36.89 0.278057964779
36.96 0.467785035107
37.03 0.488821781317
37.1 0.624994534428
37.17 0.455776586388
37.24 0.331164326116
37.31 0.424933182563
37.38 0.312161124456
37.45 0.274181266413
37.52 0.302122252287
37.59 0.262468111619
37.66 0.192760210984
37.73 0.52948734413
37.8 0.529388682833
37.87 0.513500239848
37.94 0.626913249611
38.01 0.471978691916
38.08 0.409092725647
38.15 0.329737028291
38.22 0.378918372292
38.29 0.386458946847
38.36 0.5369414915
38.43 0.282152749097
38.5 0.207075294936
38.57 0.227741184063
38.64 0.250053403764
38.71 0.529937028948
38.78 0.410736488766
38.85 0.408660903831
38.92 0.501275127166
38.99 0.395875461493
39.06 0.342995291173
39.13 0.491346564249
39.2 0.524985071985
39.27 0.47583830226
39.34 0.51006699604
39.41 0.369823397953
39.48 0.393275138671
39.55 0.529496998259
39.62 0.455275916707
39.69 0.397166024705
39.76 0.377128127363
39.83 0.300519221215
39.9 0.258751213787
39.97 0.459149925914
40.04 0.486288293741
40.11 0.544962132565
40.18 0.381554551773
40.25 0.398437503384
40.32 0.36734843115
40.39 0.527872626622
40.46 0.398226649976
40.53 0.388988086128
40.6 0.523348301577
40.67 0.459333549452
40.74 0.420151338012
40.81 0.457341425123
40.88 0.452894284785
40.95 0.47454101391
41.02 0.63198064447
41.09 0.518416225605
41.16 0.409044146263
41.23 0.638830377859
41.3 0.456085260786
41.37 0.370110193059
41.44 0.458607059242
41.51 0.410861276527
41.58 0.384861836402
41.65 0.614945862261
41.72 0.412064028152
41.79 0.390576656589
41.86 0.301140476229
41.93 0.319496295515
42.0 0.21330134904
42.07 0.35396621634
42.14 0.261592761863
42.21 0.189027545993
42.28 0.449612027689
42.35 0.328617024042
42.42 0.314069365787
42.49 0.586099308707
42.56 0.418934141884
42.63 0.503769872941
42.7 0.52880250592
42.77 0.328825597258
42.84 0.27663770978
42.91 0.588499808598
42.98 0.469041227186
43.05 0.569998779148
43.12 0.454167199771
43.19 0.537137570189
43.26 0.539087134199
43.33 0.537021111218
43.4 0.313369833398
43.47 0.366901903522
43.54 0.34519382128
43.61 0.50243503658
43.68 0.554957331166
43.75 0.570210854088
43.82 0.411075332765
43.89 0.545476440448
43.96 0.511147407442
44.03 0.394453579574
44.1 0.387210393894
44.17 0.319965805841
44.24 0.277932539853
44.31 0.442222686836
44.38 0.244850480612
44.45 0.274962584165
44.52 0.474370811114
44.59 0.60306397409
44.66 0.446382746596
44.73 0.387218424683
44.8 0.426748144497
44.87 0.480397118355
44.94 0.582387385596
45.01 0.539731586685
45.08 0.40567308156
45.15 0.314897925054
45.22 0.424103548527
45.29 0.341618746433
45.36 0.594332085564
45.43 0.512294494799
45.5 0.527142723282
45.57 0.621146635577
45.64 0.503968671217
45.71 0.450719373646
45.78 0.46556179426
45.85 0.479472873317
45.92 0.663850983447
45.99 0.625155322926
46.06 0.518856954312
46.13 0.542591724418
46.2 0.745192429897
46.27 0.483462327579
46.34 0.331237928558
46.41 0.41143226349
46.48 0.37695291226
46.55 0.340738546345
46.62 0.598883531303
46.69 0.512992026201
46.76 0.465816148521
46.83 0.481390078812
46.9 0.440147645101
46.97 0.528257838719
47.04 0.532434825421
47.11 0.522943605822
47.18 0.358960492895
47.25 0.493772422784
47.32 0.226745163959
47.39 0.248028498531
47.46 0.412208551036
47.53 0.329845089567
47.6 0.404012826418
47.67 0.617337534907
47.74 0.514976455326
47.81 0.500564124012
47.88 0.590317313823
47.95 0.438157494912
48.02 0.348271366634
48.09 0.506736185511
48.16 0.470838366388
48.23 0.500031012592
48.3 0.575466581423
48.37 0.404344691129
48.44 0.362388836257
48.51 0.31703419999
48.58 0.379708669422
48.65 0.378188919084
48.72 0.638693427578
48.79 0.520866167559
48.86 0.451764766906
48.93 0.456033858008
49.0 0.494053871787
49.07 0.635633030205
49.14 0.476846063388
49.21 0.371863452866
49.28 0.524686729152
49.35 0.380833948183
49.42 0.38303726061
49.49 0.493376394985
49.56 0.580074903119
49.63 0.447104598564
49.7 0.344973135659
49.77 0.331460199038
49.84 0.243066069505
49.91 0.355223376696
49.98 0.366549143008
50.05 0.251404767943
50.12 0.406141645087
50.19 0.250272401613
50.26 0.209502268511
50.33 0.488260361679
50.4 0.424614313519
50.47 0.441428615933
50.54 0.471682282056
50.61 0.437734389375
50.68 0.424405528214
50.75 0.458896945316
50.82 0.48827046594
50.89 0.394311801334
50.96 0.635440881001
51.03 0.743854975968
51.1 0.716668188048
51.17 0.641992361941
51.24 0.646261385031
51.31 0.51453311442
51.38 0.377559504416
51.45 0.333300436391
51.52 0.400103300612
51.59 0.396367268131
51.66 0.383054782657
51.73 0.413253691936
51.8 0.31332168088
51.87 0.344557072052
51.94 0.273600395333
52.01 0.262510952935
52.08 0.265478493301
52.15 0.225423376064
52.22 0.493745599196
52.29 0.381907544064
52.36 0.464371997137
52.43 0.548730142335
52.5 0.460201008917
52.57 0.369082652062
52.64 0.546758168361
52.71 0.348982931783
52.78 0.33416171392
52.85 0.608180888867
52.92 0.606764099797
52.99 0.570234792534
53.06 0.528201011981
53.13 0.618969128347
53.2 0.583467602807
53.27 0.70031690976
53.34 0.512845442374
53.41 0.482081283306
53.48 0.377741307737
53.55 0.443293318824
53.62 0.527596163975
53.69 0.580361798453
53.76 0.634053434648
53.83 0.48941286852
53.9 0.621647588045
53.97 0.478226011414
54.04 0.594524975742
54.11 0.529536067591
54.18 0.465176640331
54.25 0.566922442798
54.32 0.565206086677
54.39 0.515437363025
54.46 0.635467624048
54.53 0.448909005209
54.6 0.417207167832
54.67 0.579077473555
54.74 0.518067498384
54.81 0.518767619613
54.88 0.596233163259
54.95 0.566792264188
55.02 0.600978357379
55.09 0.499141774958
55.16 0.562108731924
55.23 0.491213499602
55.3 0.583939826455
55.37 0.499891102893
55.44 0.418899071837
55.51 0.383518647985
55.58 0.320321285046
55.65 0.276294151474
55.72 0.506244781575
55.79 0.318865479442
55.86 0.269198214528
55.93 0.36081445257
56.0 0.235844815915
56.07 0.230706668855
56.14 0.715943102823
56.21 0.652748826378
56.28 0.457957952406
56.35 0.713033635784
56.42 0.680301634473
56.49 0.521913839222
56.56 0.588807566624
56.63 0.588265959069
56.7 0.588503201146
56.77 0.519352645691
56.84 0.505101668449
56.91 0.562605223339
56.98 0.715986694956
57.05 0.556313563576
57.12 0.515161600186
57.19 0.576872170881
57.26 0.523203801065
57.33 0.593049570144
57.4 0.780852394836
57.47 0.493912533835
57.54 0.455011797349
57.61 0.449906005224
57.68 0.51197263412
57.75 0.559800892163
57.82 0.775480519953
57.89 0.56185563499
57.96 0.521170150917
58.03 0.601847082226
58.1 0.524603788479
58.17 0.575024892493
58.24 0.593034637923
58.31 0.634722440373
58.38 0.599451163303
58.45 0.423183702794
58.52 0.452905344795
58.59 0.591160087606
58.66 0.515920260087
58.73 0.504459957026
58.8 0.603738173786
58.87 0.725116022531
58.94 0.583124450783
59.01 0.482575942871
59.08 0.358173946271
59.15 0.303193557236
59.22 0.287845408099
59.29 0.219044574989
59.36 0.162812804831
59.43 0.788156526456
59.5 0.54845233824
59.57 0.466542700479
59.64 0.361338520179
59.71 0.440744049771
59.78 0.248008099395
59.85 0.14170398645
59.92 0.225173877503
59.99 0.115346367221
60.06 0.10920372719
60.13 0.185429316629
60.2 0.125179519996
60.27 0.0538470445835
60.34 0.179202077683
60.41 0.294749307703
60.48 0.282552951582
60.55 0.262594066323
60.62 0.263246333929
60.69 0.185360393593
60.76 0.0407924786338
60.83 0.0409654699225
60.9 0.151970446567
60.97 0.287031081245
61.04 0.248077574581
61.11 0.230467755114
61.18 0.210992444354
61.25 0.129401644315
61.32 0.257525364917
61.39 0.363898590616
61.46 0.308307304979
61.53 0.236125725296
61.6 0.240881423696
61.67 0.22399283514
61.74 0.178803684676
61.81 0.228372324983
61.88 0.226909415701
61.95 0.345735794847
62.02 0.331365805497
62.09 0.308213708789
62.16 0.643982021728
62.23 0.340946930737
62.3 0.254808056926
62.37 0.768523114567
62.44 0.430386388204
62.51 0.270259240712
62.58 0.165926872647
62.65 0.0937802296704
62.72 0.42736351289
62.79 0.574381299107
62.86 0.530672542386
62.93 0.613362148397
63.0 0.576259888981
63.07 0.562650717124
63.14 0.690314657596
63.21 0.605029412645
63.28 0.680615421407
63.35 0.527402973113
63.42 0.452816974792
63.49 0.494380030646
63.56 0.671059401555
63.63 0.700697125657
63.7 0.588378985223
63.77 0.533082487896
63.84 0.558665348059
63.91 0.50478595749
63.98 0.63028208692
64.05 0.539646247692
64.12 0.514329667164
64.19 0.537096174129
64.26 0.414626571185
64.33 0.602451742304
64.4 0.642371868186
64.47 0.622115097385
64.54 0.507895098012
64.61 0.671051913072
64.68 0.739097243471
64.75 0.516935218858
64.82 0.637251594867
64.89 0.638541241707
64.96 0.577244338985
65.03 0.517089555162
65.1 0.4156507957
65.17 0.503811761194
65.24 0.698890568579
65.31 0.456659335137
65.38 0.466147813671
65.45 0.650607491705
65.52 0.61967365604
65.59 0.501168753663
65.66 0.504862174816
65.73 0.381191168854
65.8 0.360795696462
65.87 0.338604649146
65.94 0.326112571339
66.01 0.355172910873
66.08 0.724809801936
66.15 0.561297147923
66.22 0.445938873227
66.29 0.348832078411
66.36 0.451110361396
66.43 0.236587617379
66.5 0.192232808995
66.57 0.249497815262
66.64 0.253155950699
66.71 0.246041171735
66.78 0.294114585412
66.85 0.153395508943
66.92 0.188028216567
66.99 0.283216556614
67.06 0.293415952393
67.13 0.304884437481
67.2 0.311218897395
67.27 0.167598970832
67.34 0.112447138677
67.41 0.0518479463371
67.48 0.0398360272142
67.55 0.311941829502
67.62 0.25773050263
67.69 0.252123203202
67.76 0.207041331875
67.83 0.197816949431
67.9 0.197774911731
67.97 0.258315429375
68.04 0.322321285347
68.11 0.327674222459
68.18 0.2920312829
68.25 0.292214653183
68.32 0.359066460116
68.39 0.349414591623
68.46 0.327941931241
68.53 0.263486283958
68.6 0.319039325355
68.67 0.324987351641
68.74 0.288594430875
68.81 0.278300160101
68.88 0.364890912119
68.95 0.389850686313
69.02 0.382427729618
69.09 0.330927862598
69.16 0.192418727939
69.23 0.186263268534
69.3 0.186124360223
69.37 0.593039603696
69.44 0.722674763745
69.51 0.52532049122
69.58 0.425316358773
69.65 0.400502218923
69.72 0.212627396335
69.79 0.197778471624
69.86 0.301806939556
69.93 0.208958634914
70.0 0.22756502574
70.07 0.238353426301
70.14 0.091901812511
70.21 0.301765222228
70.28 0.30887267558
70.35 0.213610789469
70.42 0.266638416139
70.49 0.282756200171
70.56 0.295136799992
70.63 0.311541751407
70.7 0.237854393384
70.77 0.0554471878283
70.84 0.232956972227
70.91 0.285898849148
70.98 0.240809066947
71.05 0.235287304284
71.12 0.201481050239
71.19 0.176527257524
71.26 0.295945846966
71.33 0.259309879833
71.4 0.160125252104
71.47 0.114948641806
71.54 0.0213811582466
71.61 0.060075334136
71.68 0.179618955645
71.75 0.20274435763
71.82 0.227925680124
71.89 0.241651433552
71.96 0.242945447481
72.03 0.231298141758
72.1 0.173777249168
72.17 0.238398499486
72.24 0.260598305141
72.31 0.199211333906
72.38 0.208468930384
72.45 0.24636041574
72.52 0.302917079376
72.59 0.210831267471
72.66 0.410192658292
72.73 0.793887529927
72.8 0.508303062818
72.87 0.355281937741
72.94 0.399386139684
73.01 0.303955665168
73.08 0.190348624236
73.15 0.285199051871
73.22 0.251661369287
73.29 0.253616721478
73.36 0.165763485373
73.43 0.516161013733
73.5 0.434336545829
73.57 0.254272777175
73.64 0.19193844755
73.71 0.271347891414
73.78 0.362394595803
73.85 0.435119046633
73.92 0.388835896678
73.99 0.395852445684
74.06 0.309390902209
74.13 0.491898533794
74.2 0.601860747275
74.27 0.519716720364
74.34 0.470704988528
74.41 0.389474135907
74.48 0.377335810157
74.55 0.489118177754
74.62 0.554807455914
74.69 0.458056757781
74.76 0.467547321421
74.83 0.131810753098
74.9 0.109561381885
74.97 0.488645816292
75.04 0.623995035866
75.11 0.467538689262
75.18 0.521487281179
75.25 0.305807777779
75.32 0.299820692004
75.39 0.387689649628
75.46 0.451807416714
75.53 0.478186716568
75.6 0.546323524045
75.67 0.418795105602
75.74 0.35556141171
75.81 0.350329873391
75.88 0.463024696676
75.95 0.522614968998
76.02 0.426651794714
76.09 0.339057242373
76.16 0.311909080814
76.23 0.337468161823
76.3 0.69957433381
76.37 0.450248658791
76.44 0.315179934261
76.51 0.623883573094
76.58 0.335790756014
76.65 0.207749417671
76.72 0.540365164405
76.79 0.580087555147
76.86 0.445808231957
76.93 0.306814322746
77.0 0.21742039665
77.07 0.248374810429
77.14 0.260346321456
77.21 0.356244213138
77.28 0.481562636972
77.35 0.533204746683
77.42 0.421311508735
77.49 0.542077790602
77.56 0.424646336448
77.63 0.521487452104
77.7 0.690863359879
77.77 0.498465148306
77.84 0.514397621923
77.91 0.480682182734
77.98 0.503958612595
78.05 0.58686375679
78.12 0.516964363803
78.19 0.354601575797
78.26 0.415875144127
78.33 0.416523884951
78.4 0.538432166694
78.47 0.688059175465
78.54 0.373859582745
78.61 0.322317220733
78.68 0.503127808036
78.75 0.365711067426
78.82 0.293126019784
78.89 0.45285211822
78.96 0.35922664635
79.03 0.321227936445
79.1 0.60284008027
79.17 0.579865314198
79.24 0.528297678556
79.31 0.638889731781
79.38 0.34517017636
79.45 0.331498475494
79.52 0.426301719781
79.59 0.437446262664
79.66 0.523250715049
79.73 0.629897897688
79.8 0.48539322497
79.87 0.393648681335
79.94 0.418091531867
80.01 0.366639438825
80.08 0.327328908368
80.15 0.631651976324
80.22 0.357994878644
80.29 0.289801190735
80.36 0.486105212509
80.43 0.344942674323
80.5 0.423117684588
80.57 0.577679681319
80.64 0.415569238534
80.71 0.459259322373
80.78 0.408327815798
80.85 0.373053292049
80.92 0.428827175674
80.99 0.542916966011
81.06 0.327755445828
81.13 0.30579582556
81.2 0.368989785212
81.27 0.374018148324
81.34 0.44385877086
81.41 0.446150558887
81.48 0.41929323915
81.55 0.332657347725
81.62 0.446540065586
81.69 0.344984071278
81.76 0.531569450166
81.83 0.332550311999
81.9 0.301127726657
81.97 0.430809687933
82.04 0.301658631266
82.11 0.302964477498
82.18 0.394732170282
82.25 0.290514678119
82.32 0.252953673071
82.39 0.520946090646
82.46 0.488341496454
82.53 0.483680232761
82.6 0.680876317352
82.67 0.497398662367
82.74 0.462350949797
82.81 0.380723267549
82.88 0.283353437988
82.95 0.290626376248
83.02 0.562921678851
83.09 0.491734549625
83.16 0.475799604308
83.23 0.312609449929
83.3 0.31013116396
83.37 0.297906712606
83.44 0.556641762796
83.51 0.47356232524
83.58 0.498512940182
83.65 0.4990695426
83.72 0.386141339606
83.79 0.38467914445
83.86 0.513365071303
83.93 0.467627476285
84.0 0.449384393207
84.07 0.564537012046
84.14 0.425482981093
84.21 0.36178003013
84.28 0.618778001113
84.35 0.450709342766
84.42 0.441843194014
84.49 0.507963218327
84.56 0.490691787357
84.63 0.463577270276
84.7 0.597962135611
84.77 0.374210098861
84.84 0.382687455936
84.91 0.421484667369
84.98 0.524557263774
85.05 0.47878945799
85.12 0.576858507621
85.19 0.375996978089
85.26 0.254034216023
85.33 0.495245237661
85.4 0.262944775737
85.47 0.298335715502
85.54 0.541720892988
85.61 0.354977275158
85.68 0.492591858295
85.75 0.431799120714
85.82 0.671809305802
85.89 0.707839992695
85.96 0.590311789636
86.03 0.472257370323
86.1 0.357087903293
86.17 0.440467999671
86.24 0.473116215528
86.31 0.61154597567
86.38 0.433745171365
86.45 0.269327039161
86.52 0.300488432347
86.59 0.431230485536
86.66 0.318179349898
86.73 0.523493079505
86.8 0.383085350486
86.87 0.340229511185
86.94 0.53494165944
87.01 0.343742532212
87.08 0.371950618339
87.15 0.618322535272
87.22 0.495617394132
87.29 0.462879797936
87.36 0.532311133907
87.43 0.413063716432
87.5 0.384926153412
87.57 0.574854813193
87.64 0.436583371639
87.71 0.38660514587
87.78 0.292816072845
87.85 0.272382922683
87.92 0.228438105147
87.99 0.562524991513
88.06 0.446113288294
88.13 0.42646959048
88.2 0.518516344686
88.27 0.436733160981
88.34 0.393154596293
88.41 0.61450465568
88.48 0.457014504708
88.55 0.424196784969
88.62 0.542915018719
88.69 0.421956032813
88.76 0.384262621762
88.83 0.524137085439
88.9 0.450265973223
88.97 0.387605099933
89.04 0.562494923036
89.11 0.425919602232
89.18 0.505117630694
89.25 0.66540628081
89.32 0.395651556933
89.39 0.42841223337
89.46 0.469098140729
89.53 0.518644681601
89.6 0.388433671729
89.67 0.692813315852
89.74 0.479035617697
89.81 0.37915411005
89.88 0.436199121554
89.95 0.401805341989
90.02 0.399712425619
90.09 0.618344122828
90.16 0.318947365034
90.23 0.245408296508
90.3 0.385127290944
90.37 0.328670303416
90.44 0.497565762561
90.51 0.539418328633
90.58 0.50602430715
90.65 0.549443157213
90.72 0.552852237957
90.79 0.413967898815
90.86 0.294723577677
90.93 0.60586750523
91.0 0.457725516811
91.07 0.566937171877
91.14 0.610327017494
91.21 0.564991503346
91.28 0.646536635095
91.35 0.383158236118
91.42 0.379375182266
91.49 0.340053580165
91.56 0.484382652081
91.63 0.555494778353
91.7 0.620092695174
91.77 0.503217596447
91.84 0.412397041014
91.91 0.639914916518
91.98 0.538138690301
92.05 0.427152770449
92.12 0.49736598706
92.19 0.396145705513
92.26 0.253803779624
92.33 0.422737592186
92.4 0.279614737825
92.47 0.312721886347
92.54 0.645130812965
92.61 0.621948767696
92.68 0.533022053836
92.75 0.461988701605
92.82 0.465865279161
92.89 0.50749978076
92.96 0.677126527648
93.03 0.470790578986
93.1 0.310839657829
93.17 0.430575724752
93.24 0.422641672849
93.31 0.388467275042
93.38 0.641177735296
93.45 0.576951832658
93.52 0.478923470331
93.59 0.551133402083
93.66 0.524765587313
93.73 0.462652133922
93.8 0.62866943841
93.87 0.505378311864
93.94 0.467913535788
94.01 0.58431727802
94.08 0.582380880604
94.15 0.605755139509
94.22 0.721863749792
94.29 0.516458413347
94.36 0.41967803333
94.43 0.355557473276
94.5 0.494097310893
94.57 0.490209606211
94.64 0.745308259757
94.71 0.505342052502
94.78 0.562529691503
94.85 0.662715271103
94.92 0.57195421009
94.99 0.510660046643
95.06 0.574343990927
95.13 0.53341462734
95.2 0.473344124743
95.27 0.430989130521
95.34 0.389390343293
95.41 0.618082518125
95.48 0.601859200897
95.55 0.418511232329
95.62 0.363459160402
95.69 0.515241868702
95.76 0.513895936536
95.83 0.613902599747
95.9 0.596630317731
95.97 0.539988378641
96.04 0.62625095739
96.11 0.632668156627
96.18 0.495997610923
96.25 0.570761711279
96.32 0.572141648566
96.39 0.47723025262
96.46 0.366692766523
96.53 0.422284373427
96.6 0.3546049585
96.67 0.65507629298
96.74 0.555721079441
96.81 0.515984093854
96.88 0.50059392581
96.95 0.394925973252
97.02 0.415459308718
97.09 0.606651368959
97.16 0.493233550029
97.23 0.413613182061
97.3 0.624806834642
97.37 0.424289666138
97.44 0.384347173246
97.51 0.692281447442
97.58 0.565682880555
97.65 0.437773180395
97.72 0.378705926865
97.79 0.310758975871
97.86 0.309068208383
97.93 0.41883579738
98.0 0.291136864718
98.07 0.277254757892
98.14 0.498594590417
98.21 0.215314159765
98.28 0.224714498286
98.35 0.516344233673
98.42 0.412871313077
98.49 0.396311431148
98.56 0.484748033301
98.63 0.601444774948
98.7 0.516133529712
98.77 0.487738299529
98.84 0.334546614593
98.91 0.417660961115
98.98 1.0
99.05 0.775744833503
99.12 0.737407361035
99.19 0.597801809774
99.26 0.649815043247
99.33 0.491761018834
99.4 0.410635108778
99.47 0.43941130478
99.54 0.446739341735
99.61 0.457556290346
99.68 0.497871703949
99.75 0.470361322834
99.82 0.408482509165
99.89 0.367870342957
99.96 0.3059548887
100.03 0.313344065787
100.1 0.305312292227
100.17 0.4893972526
100.24 0.502065745563
100.31 0.483213187871
100.38 0.591907417239
100.45 0.563315712824
100.52 0.497213914841
100.59 0.472749411425
100.66 0.490558053329
100.73 0.410271488712
100.8 0.481338705566
100.87 0.625118167774
100.94 0.605042836072
101.01 0.645397949909
101.08 0.544568812718
101.15 0.541696316482
101.22 0.777055935454
101.29 0.624924327218
101.36 0.550191948211
101.43 0.362176560861
101.5 0.413043085519
101.57 0.386039441473
101.64 0.610110159339
101.71 0.621169388287
101.78 0.563528274587
101.85 0.670928311048
101.92 0.495066300688
101.99 0.532117188648
102.06 0.593184524809
102.13 0.536522109622
102.2 0.51687933176
102.27 0.616097526111
102.34 0.487286151065
102.41 0.607344756997
102.48 0.512843118331
102.55 0.574608864682
102.62 0.521262426241
102.69 0.580814006876
102.76 0.5125075407
102.83 0.485633685984
102.9 0.668896631458
102.97 0.605444053368
103.04 0.551668735527
103.11 0.510362987984
103.18 0.526642551163
103.25 0.376692822615
103.32 0.654971082841
103.39 0.395552233414
103.46 0.438688138211
103.53 0.415309664349
103.6 0.371923564763
103.67 0.311964899004
103.74 0.401177171226
103.81 0.230671465469
103.88 0.366692411249
103.95 0.228078051238
104.02 0.24752535536
104.09 0.301404246578
104.16 0.725381687373
104.23 0.548472195069
104.3 0.536634075325
104.37 0.697954062583
104.44 0.504112848671
104.51 0.522342816166
104.58 0.552057560315
104.65 0.637879839012
104.72 0.598538255692
104.79 0.529372837819
104.86 0.520590541639
104.93 0.654635450621
105.0 0.563520172206
105.07 0.570886242205
105.14 0.491881212203
105.21 0.421331385252
105.28 0.48791089259
105.35 0.548330288858
105.42 0.745146926268
105.49 0.517883462299
105.56 0.478942035826
105.63 0.492566215074
105.7 0.355497115282
105.77 0.637528138949
105.84 0.526036043127
105.91 0.525579309219
105.98 0.685598792769
106.05 0.60169148233
106.12 0.517598163457
106.19 0.563987824729
106.26 0.604318166079
106.33 0.613197417885
106.4 0.533382550718
106.47 0.44702914011
106.54 0.415729665495
106.61 0.717837136798
106.68 0.441280355967
106.75 0.450409677277
106.82 0.611048754021
106.89 0.515019792414
106.96 0.44857848821
107.03 0.41935789443
107.1 0.276296885379
107.17 0.265488939413
107.24 0.253386631404
107.31 0.207850293833
107.38 0.226319185808
107.45 0.867612122748
107.52 0.627342761703
107.59 0.55209140525
107.66 0.405564129864
107.73 0.436236666881
107.8 0.212380140382
107.87 0.181348659126
107.94 0.184946165416
108.01 0.083966088943
108.08 0.115976101367
108.15 0.139635355744
108.22 0.0895620303615
108.29 0.0909581625666
108.36 0.246113574123
108.43 0.307151032419
108.5 0.350686719995
108.57 0.330372427123
108.64 0.347583426718
108.71 0.110939452421
108.78 0.182182100942
108.85 0.173407550974
108.92 0.324981005045
108.99 0.336665219824
109.06 0.363096823615
109.13 0.272657757515
109.2 0.217288626022
109.27 0.226600420036
109.34 0.167354764681
109.41 0.315665257385
109.48 0.381020677902
109.55 0.394520258212
109.62 0.350675869391
109.69 0.12141169189
109.76 0.185710209901
109.83 0.37862829829
109.9 0.347852902023
109.97 0.393787203051
110.04 0.441870528587
110.11 0.465942604367
110.18 0.668812205259
110.25 0.448538044318
110.32 0.302277640987
110.39 0.685269288791
110.46 0.432132862915
110.53 0.228799039633
110.6 0.191213678223
110.67 0.103526498864
110.74 0.436477536862
110.81 0.56983286827
110.88 0.500778406658
110.95 0.707840884011
111.02 0.535641193618
111.09 0.542723560373
111.16 0.690749660764
111.23 0.56099730256
111.3 0.649720132456
111.37 0.537236814063
111.44 0.555128187235
111.51 0.572525526374
111.58 0.63034533274
111.65 0.549624217772
111.72 0.536334424154
111.79 0.488361207414
111.86 0.419864716515
111.93 0.487761192737
112.0 0.684120950372
112.07 0.502207789588
112.14 0.535033780843
112.21 0.423076054065
112.28 0.469990063943
112.35 0.478590736676
112.42 0.738075373426
112.49 0.60399263991
112.56 0.635526896534
112.63 0.5255068773
112.7 0.581563498577
112.77 0.551137699369
112.84 0.51981018053
112.91 0.634505128506
112.98 0.49824296642
113.05 0.44354213637
113.12 0.425925499591
113.19 0.58130701178
113.26 0.509934388685
113.33 0.443555347707
113.4 0.559740820535
113.47 0.610633745495
113.54 0.486390592786
113.61 0.445130588704
113.68 0.421103138661
113.75 0.342621908695
113.82 0.309669129589
113.89 0.286099584871
113.96 0.284110383271
114.03 0.658310960447
114.1 0.615451393012
114.17 0.542759390186
114.24 0.367353501626
114.31 0.490680015906
114.38 0.239743945724
114.45 0.139318030395
114.52 0.168559204079
114.59 0.0470935535894
114.66 0.0806529275369
114.73 0.211938657278
114.8 0.273299334703
114.87 0.0827653606759
114.94 0.223893955489
115.01 0.290452618929
115.08 0.32577130307
115.15 0.456026079579
115.22 0.415241527031
115.29 0.211389884298
115.36 0.0756316511002
115.43 0.0504851364482
115.5 0.0489101988205
115.57 0.240856090109
115.64 0.184619579691
115.71 0.179277996114
115.78 0.124337527458
115.85 0.191404942376
115.92 0.172345715806
115.99 0.217267752593
116.06 0.154092540994
116.13 0.137449527779
116.2 0.281785364207
116.27 0.273896158184
116.34 0.203279620377
116.41 0.334441609385
116.48 0.370296944256
116.55 0.456600045648
116.62 0.487239822342
116.69 0.510328055751
116.76 0.529754141909
116.83 0.490819400302
116.9 0.486288146083
116.97 0.494861755396
117.04 0.454471959897
117.11 0.43022103753
117.18 0.390752422053
117.25 0.281733653585
117.32 0.302239055793
117.39 0.780874925611
117.46 0.66959049916
117.53 0.565792183945
117.6 0.432164180666
117.67 0.371982422018
117.74 0.281817594751
117.81 0.191898232751
117.88 0.321083051128
117.95 0.381486236371
118.02 0.226422289364
118.09 0.217750791049
118.16 0.100223974182
118.23 0.188240509861
118.3 0.427589129383
118.37 0.303043793846
118.44 0.100437570444
118.51 0.183590915601
118.58 0.173535512928
118.65 0.178556518212
118.72 0.227010852068
118.79 0.173090088706
118.86 0.0937914811873
118.93 0.36785384467
119.0 0.395666537478
119.07 0.404045089178
119.14 0.331834788729
119.21 0.159317219942
119.28 0.028690103508
119.35 0.268143847259
119.42 0.259737362302
119.49 0.272413103022
119.56 0.20504383907
119.63 0.0599526010545
119.7 0.219186287007
119.77 0.38245468744
119.84 0.336570837021
119.91 0.335015155748
119.98 0.218331104609
120.05 0.282484426775
120.12 0.30996561283
120.19 0.336571975328
120.26 0.291463885362
120.33 0.24821924096
120.4 0.178026270456
120.47 0.26020924231
120.54 0.317422627445
120.61 0.0818913693708
120.68 0.689189543495
120.75 0.68389403807
120.82 0.479326266222
120.89 0.401446252777
120.96 0.398977107268
121.03 0.233902068322
121.1 0.201793812518
121.17 0.241820021062
121.24 0.195352273923
121.31 0.461110467602
121.38 0.435516610072
121.45 0.363784674937
121.52 0.389405569934
121.59 0.297087712609
121.66 0.0820101094302
121.73 0.268756311718
121.8 0.520899311791
121.87 0.370661087835
121.94 0.232514153939
122.01 0.309220229593
122.08 0.276228999527
122.15 0.612778723286
122.22 0.604189066713
122.29 0.484087434221
122.36 0.433544986002
122.43 0.387882534436
122.5 0.144373067646
122.57 0.686221775825
122.64 0.639323125928
122.71 0.44996549338
122.78 0.501612332612
122.85 0.349353711905
122.92 0.187145856202
122.99 0.739171440124
123.06 0.603184916486
123.13 0.611725322504
123.2 0.492833697448
123.27 0.489539663531
123.34 0.452698401184
123.41 0.603428761099
123.48 0.518459327335
123.55 0.488514315028
123.62 0.601780539612
123.69 0.473129492192
123.76 0.578348500011
123.83 0.635228733574
123.9 0.610986928399
123.97 0.668152471543
124.04 0.613816167192
124.11 0.514589755914
124.18 0.480871439637
124.25 0.489774305042
124.32 0.505958955641
124.39 0.722172816154
124.46 0.541113332555
124.53 0.271085773042
124.6 0.240456188308
124.67 0.218010258742
124.74 0.167245738709
124.81 0.501391183435
124.88 0.372271080296
124.95 0.397047006334
125.02 0.467161949138
125.09 0.433781582859
125.16 0.264665067606
125.23 0.634291251248
125.3 0.357104202019
125.37 0.235892456554
125.44 0.479052983138
125.51 0.47860308086
125.58 0.470137251825
125.65 0.530463007159
125.72 0.410117948865
125.79 0.256263507257
125.86 0.270627559872
125.93 0.466303012654
126.0 0.573012887174
126.07 0.752294717914
126.14 0.56046180893
126.21 0.52839781464
126.28 0.431070223236
126.35 0.406530307899
126.42 0.446501228031
126.49 0.407302268628
126.56 0.266870315691
126.63 0.209032555044
126.7 0.363418512474
126.77 0.382539333783
126.84 0.272637004002
126.91 0.639969037093
126.98 0.379851214587
127.05 0.349903092519
127.12 0.327067454903
127.19 0.233526002949
127.26 0.442351853319
127.33 0.587307468183
127.4 0.55840499621
127.47 0.352430614724
127.54 0.424523481661
127.61 0.488817971749
127.68 0.40834166251
127.75 0.542800648432
127.82 0.272680107522
127.89 0.264662185149
127.96 0.364494079809
128.03 0.528339701043
128.1 0.539063231549
128.17 0.502567246602
128.24 0.397012993158
128.31 0.382478131903
128.38 0.456801865089
128.45 0.447926944575
128.52 0.51869859098
128.59 0.365516158365
128.66 0.333259209465
128.73 0.540638332942
128.8 0.632282247407
128.87 0.569097310087
128.94 0.401713752154
129.01 0.352160821731
129.08 0.249176588169
129.15 0.589959508786
129.22 0.621357686757
129.29 0.568687037347
129.36 0.662031318839
129.43 0.573228127358
129.5 0.537490936547
129.57 0.650682542983
129.64 0.631613661388
129.71 0.557448798045
129.78 0.535764811751
129.85 0.527784532248
129.92 0.47345046603
129.99 0.626313518616
130.06 0.667114939042
130.13 0.631525804161
130.2 0.626379092954
130.27 0.495406163973
130.34 0.485578354617
130.41 0.699901417991
130.48 0.666706669077
130.55 0.615001715353
130.62 0.595792207248
130.69 0.568284684428
130.76 0.574962926373
130.83 0.578929623451
130.9 0.522801742567
130.97 0.513314546417
131.04 0.654973202848
131.11 0.578954480059
131.18 0.584236004537
131.25 0.446403711305
131.32 0.470713865888
131.39 0.568918672905
131.46 0.612262387571
131.53 0.538737529086
131.6 0.504531832321
131.67 0.569033290182
131.74 0.590555304927
131.81 0.527509599872
131.88 0.709565237809
131.95 0.542650093955
132.02 0.503165083104
132.09 0.559631115337
132.16 0.472546536902
132.23 0.480000196555
132.3 0.810116465307
132.37 0.511224432859
132.44 0.524423010707
132.51 0.506109558442
132.58 0.551500973111
132.65 0.665606780281
132.72 0.633691433447
132.79 0.570774862658
132.86 0.564643121555
132.93 0.594348860374
133.0 0.573430702986
133.07 0.692848966686
133.14 0.697633686536
133.21 0.501524748327
133.28 0.488852577344
133.35 0.495261993678
133.42 0.454300790615
133.49 0.688418076749
133.56 0.590353346777
133.63 0.436832042421
133.7 0.590645219519
133.77 0.437379394308
133.84 0.393607798944
133.91 0.573980323432
133.98 0.629332791082
134.05 0.485222778763
134.12 0.548818314565
134.19 0.575251820903
134.26 0.448130079512
134.33 0.584990367152
134.4 0.524643101223
134.47 0.340107050151
134.54 0.403620300343
134.61 0.563761723203
134.68 0.482423467053
134.75 0.699761678322
134.82 0.520409057795
134.89 0.290855273427
134.96 0.465230825338
135.03 0.375848131072
135.1 0.311201979402
135.17 0.419471411881
135.24 0.365925025225
135.31 0.292735796275
135.38 0.625727398976
135.45 0.567109178781
135.52 0.570141111329
135.59 0.697602811758
135.66 0.521917103799
135.73 0.456603450724
135.8 0.444479245525
135.87 0.55954073898
135.94 0.558210096993
136.01 0.67216155533
136.08 0.486515453928
136.15 0.509560934616
136.22 0.344416643313
136.29 0.4969278795
136.36 0.337097827358
136.43 0.548624875817
136.5 0.323271298891
136.57 0.310507040511
136.64 0.540646957942
136.71 0.387447508
136.78 0.397594560466
136.85 0.470337070281
136.92 0.364055714519
136.99 0.305715931109
137.06 0.535159815192
137.13 0.40734121536
137.2 0.364633959976
137.27 0.592577619439
137.34 0.427627039827
137.41 0.378046784675
137.48 0.404652752524
137.55 0.424532298168
137.62 0.445376164044
137.69 0.490323744719
137.76 0.434816097774
137.83 0.336349525868
137.9 0.422750186046
137.97 0.321672327958
138.04 0.512400139857
138.11 0.386120284512
138.18 0.278759436405
138.25 0.441808711914
138.32 0.29863710098
138.39 0.254964042522
138.46 0.30639478605
138.53 0.358103416898
138.6 0.207456504167
138.67 0.543908187687
138.74 0.426913726053
138.81 0.457071139938
138.88 0.695792294769
138.95 0.517126563551
139.02 0.412552794832
139.09 0.276735357161
139.16 0.345072079742
139.23 0.340745782467
139.3 0.59455887616
139.37 0.513477934586
139.44 0.44496762561
139.51 0.297791130632
139.58 0.320116354949
139.65 0.370050714747
139.72 0.607337783974
139.79 0.551014930492
139.86 0.43468761678
139.93 0.491124349251
140.0 0.39001285116
140.07 0.377102881475
140.14 0.469388731981
140.21 0.382897263211
140.28 0.344787419856
140.35 0.543988920654
140.42 0.394225650671
140.49 0.481863623325
140.56 0.473511650907
140.63 0.518888917283
140.7 0.52035174155
140.77 0.587166164237
140.84 0.677911976236
140.91 0.499791816959
140.98 0.668374075327
141.05 0.417200521446
141.12 0.308768257423
141.19 0.479452549353
141.26 0.540337985544
141.33 0.519918110256
141.4 0.575572665875
141.47 0.388288109872
141.54 0.448716927597
141.61 0.370209152356
141.68 0.269703651315
141.75 0.316534416256
141.82 0.435252973063
141.89 0.347858280343
141.96 0.486716846505
142.03 0.673491952117
142.1 0.555926369286
142.17 0.687073194295
142.24 0.483494416729
142.31 0.458188529303
142.38 0.393073215422
142.45 0.533621145876
142.52 0.481525932847
142.59 0.636697227002
142.66 0.405134191802
142.73 0.317127767543
142.8 0.278184627346
142.87 0.31875896723
142.94 0.331151045871
143.01 0.580138757468
143.08 0.454011189118
143.15 0.437894931777
143.22 0.543245666373
143.29 0.35552773591
143.36 0.497823136199
143.43 0.544658115201
143.5 0.517906470054
143.57 0.524211505815
143.64 0.544599009166
143.71 0.519250153348
143.78 0.380781544017
143.85 0.642619626176
143.92 0.511709345225
143.99 0.413752113639
144.06 0.305725468902
144.13 0.318362571628
144.2 0.309730837085
144.27 0.615652251336
144.34 0.563087711435
144.41 0.479922082946
144.48 0.480670517775
144.55 0.453934168176
144.62 0.49577890481
144.69 0.696600573027
144.76 0.499665299366
144.83 0.477215838543
144.9 0.576471750041
144.97 0.455826807904
145.04 0.387850022
145.11 0.535446658623
145.18 0.485872436854
145.25 0.557882963592
145.32 0.592549286163
145.39 0.484696931207
145.46 0.476233974786
145.53 0.646365543668
145.6 0.461943274042
145.67 0.468846826426
145.74 0.456797705616
145.81 0.534082143064
145.88 0.45598522851
145.95 0.601408921868
146.02 0.509372746218
146.09 0.34332710219
146.16 0.448701110325
146.23 0.419907692065
146.3 0.53353720292
146.37 0.558793908698
146.44 0.341684006662
146.51 0.333927712259
146.58 0.473040850142
146.65 0.401220121719
146.72 0.539162296443
146.79 0.592445210751
146.86 0.482891164322
146.93 0.650544240515
147.0 0.535301624754
147.07 0.445686451938
147.14 0.474164177137
147.21 0.640717187345
147.28 0.53455420921
147.35 0.544810523006
147.42 0.595651270209
147.49 0.597358388326
147.56 0.663683035787
147.63 0.414895659896
147.7 0.334283551212
147.77 0.375646339372
147.84 0.480248707151
147.91 0.496329932031
147.98 0.616015522393
148.05 0.554181910773
148.12 0.452205808827
148.19 0.663450068625
148.26 0.44660183125
148.33 0.542731767457
148.4 0.455799462593
148.47 0.294207674196
148.54 0.240630916588
148.61 0.447966160671
148.68 0.256048605343
148.75 0.228600150973
148.82 0.629191771712
148.89 0.506994628549
148.96 0.424165921825
149.03 0.488223140304
149.1 0.498248974746
149.17 0.486846856874
149.24 0.572253899741
149.31 0.363827849154
149.38 0.310098210341
149.45 0.347387698828
149.52 0.573433539804
149.59 0.385356633781
149.66 0.68712394201
149.73 0.465480408914
149.8 0.570775021055
149.87 0.580719930127
149.94 0.440887183778
150.01 0.439766730291
150.08 0.565956375729
150.15 0.316741252479
150.22 0.380067357721
150.29 0.339870424657
150.36 0.211880490882
150.43 0.325379567187
150.5 0.744267490421
150.57 0.544592675993
150.64 0.563389660696
150.71 0.436211191005
150.78 0.516658264914
150.85 0.532493620928
150.92 0.591198781978
150.99 0.358671618947
151.06 0.537601134832
151.13 0.673010152195
151.2 0.415947953692
151.27 0.420478807893
151.34 0.607456906153
151.41 0.536243473275
151.48 0.599806814328
151.55 0.512163764934
151.62 0.493777316071
151.69 0.519893881864
151.76 0.689320358375
151.83 0.577470256164
151.9 0.495286573763
151.97 0.440792866302
152.04 0.626558564178
152.11 0.594475854052
152.18 0.491663528955
152.25 0.429019530704
152.32 0.541246739946
152.39 0.762943884421
152.46 0.649402102824
152.53 0.609123372763
152.6 0.56851923824
152.67 0.459431311379
152.74 0.628374710953
152.81 0.453722266845
152.88 0.379004429885
152.95 0.680533577875
153.02 0.563280974783
153.09 0.498363351297
153.16 0.453893445971
153.23 0.282054962113
153.3 0.247123560856
153.37 0.574618764012
153.44 0.478317726535
153.51 0.428868436605
153.58 0.528662708082
153.65 0.373653389951
153.72 0.332632519753
153.79 0.723235761888
153.86 0.542547030669
153.93 0.419761743613
154.0 0.372593866296
154.07 0.298133758247
154.14 0.266894351681
154.21 0.428930435837
154.28 0.289334587924
154.35 0.284793618723
154.42 0.546064641614
154.49 0.269109047174
154.56 0.326234090943
154.63 0.518942194866
154.7 0.449230818458
154.77 0.489861907224
154.84 0.526185506727
154.91 0.416174269994
154.98 0.314749831539
155.05 0.566338304456
155.12 0.384857083614
155.19 0.414957082815
155.26 0.688572387101
155.33 0.540957605584
155.4 0.521974952507
155.47 0.502168914447
155.54 0.456849920959
155.61 0.398668102654
155.68 0.309881046132
155.75 0.269890921551
155.82 0.350253669488
155.89 0.486066783026
155.96 0.394935923591
156.03 0.419776328615
156.1 0.532047327762
156.17 0.450819868583
156.24 0.396422797271
156.31 0.477154068405
156.38 0.453978154958
156.45 0.38436972192
156.52 0.513687207609
156.59 0.486597691214
156.66 0.365269644279
156.73 0.352346444465
156.8 0.336151843527
156.87 0.489335055596
156.94 0.517332184507
157.01 0.512878329771
157.08 0.676971425314
157.15 0.669022302481
157.22 0.615009657547
157.29 0.466331154422
157.36 0.44753463596
157.43 0.302980683155
157.5 0.373327633794
157.57 0.434906346161
157.64 0.240923746867
157.71 0.465589783001
157.78 0.345448628359
157.85 0.24595026381
157.92 0.386758147885
157.99 0.533412398156
158.06 0.476135618648
158.13 0.483745003483
158.2 0.492846574989
158.27 0.505271534763
158.34 0.547225846836
158.41 0.595244287998
158.48 0.545915426794
158.55 0.618112671618
158.62 0.365239272433
158.69 0.35406097142
158.76 0.545563129837
158.83 0.440046455726
158.9 0.52054328849
158.97 0.463253915122
159.04 0.463726274795
159.11 0.501102917121
159.18 0.490952402305
159.25 0.395576801866
159.32 0.361598406683
159.39 0.525803868842
159.46 0.386565315876
159.53 0.323936648073
159.6 0.615508885552
159.67 0.481063445658
159.74 0.470220865459
159.81 0.427537114497
159.88 0.388675831255
159.95 0.400105439412
160.02 0.504948491929
160.09 0.381129711034
160.16 0.530409138049
160.23 0.51295853833
160.3 0.564154897182
160.37 0.660974305366
160.44 0.635676382506
160.51 0.694565857953
160.58 0.471944075582
160.65 0.54561038925
160.72 0.497877750756
160.79 0.410102756229
160.86 0.579649681154
160.93 0.508038549707
161.0 0.521056847345
161.07 0.492328405634
161.14 0.41255968284
161.21 0.416064741985
161.28 0.457144581299
161.35 0.463722510865
161.42 0.682876124356
161.49 0.520422532232
161.56 0.406724389182
161.63 0.4777644227
161.7 0.377325823127
161.77 0.349744092916
161.84 0.894702555516
161.91 0.89792362863
161.98 0.782956414171
162.05 0.793583352377
162.12 0.737190074225
162.19 0.649710732477
162.26 0.708674629196
162.33 0.698800521543
162.4 0.680342211704
162.47 0.648658948771
162.54 0.610958849273
162.61 0.663943887883
162.68 0.624173215757
162.75 0.687328029116
162.82 0.551710295353
162.89 0.523975568496
162.96 0.569527145236
163.03 0.519705203063
163.1 0.694804096943
163.17 0.683814838058
163.24 0.540085720862
163.31 0.80392010293
163.38 0.65712380595
163.45 0.600639372882
163.52 0.748298023055
163.59 0.578921050355
163.66 0.379557143983
163.73 0.872019163729
163.8 0.601329303045
163.87 0.431303419491
163.94 0.231682978893
164.01 0.189321800946
164.08 0.29709892475
164.15 0.534766132913
164.22 0.323894754451
164.29 0.326839274535
164.36 0.337254724852
164.43 0.274733484739
164.5 0.192186435528
164.57 0.26359424232
164.64 0.185653861933
164.71 0.247363362333
164.78 0.450259154122
164.85 0.460692236559
164.92 0.521328990333
164.99 0.550551832985
165.06 0.453583967063
165.13 0.508409373679
165.2 0.636440213112
165.27 0.546552585885
165.34 0.464778811108
165.41 0.735798111337
165.48 0.625042066784
165.55 0.645965008282
165.62 0.598636375578
165.69 0.565606867265
165.76 0.547923287854
165.83 0.667970503561
165.9 0.460490397429
165.97 0.414237590685
166.04 0.443457202765
166.11 0.451728666835
166.18 0.613640794588
166.25 0.621933444406
166.32 0.575927420215
166.39 0.69452064427
166.46 0.521344404902
166.53 0.526454594543
166.6 0.62887818076
166.67 0.519926047976
166.74 0.406608757094
166.81 0.60934107033
166.88 0.583975490712
166.95 0.494870819789
167.02 0.641089195264
167.09 0.44728521078
167.16 0.440223512523
167.23 0.454266834713
167.3 0.509840772807
167.37 0.549453534418
167.44 0.636267247775
167.51 0.559827869672
167.58 0.483080113381
167.65 0.373882523382
167.72 0.300404868827
167.79 0.284797466772
167.86 0.609156676287
167.93 0.280721989818
168.0 0.208899345425
168.07 0.472779462004
168.14 0.255046183159
168.21 0.265931157226
168.28 0.456204110917
168.35 0.410676037703
168.42 0.408224237052
168.49 0.548488556437
168.56 0.454836958102
168.63 0.293448427244
168.7 0.686043020517
168.77 0.521588328266
168.84 0.553032017921
168.91 0.565356369106
168.98 0.555303465876
169.05 0.508146687048
169.12 0.619443795059
169.19 0.299183373623
169.26 0.277559792751
169.33 0.440881181716
169.4 0.583261163022
169.47 0.481526800895
169.54 0.733107700314
169.61 0.514290610359
169.68 0.595947493036
169.75 0.633522792244
169.82 0.411602519084
169.89 0.422164665986
169.96 0.542236180781
170.03 0.437262267745
170.1 0.544832037181
170.17 0.580882701713
170.24 0.596002455707
170.31 0.684972963052
170.38 0.612134457833
170.45 0.481386476859
170.52 0.370850155916
170.59 0.563171288378
170.66 0.575806501086
170.73 0.641641787656
170.8 0.553413619115
170.87 0.455695243997
170.94 0.380391887871
171.01 0.430945293187
171.08 0.560955842963
171.15 0.683361210332
171.22 0.479698939943
171.29 0.378021152193
171.36 0.466839579264
171.43 0.294543652741
171.5 0.279094280223
171.57 0.423677033439
171.64 0.404883459181
171.71 0.305279147995
171.78 0.488211546043
171.85 0.306397750838
171.92 0.286752791222
171.99 0.604578988643
172.06 0.683745624182
172.13 0.519169388165
172.2 0.590960244093
172.27 0.525064262153
172.34 0.526007068211
172.41 0.577047559594
172.48 0.364160799373
172.55 0.302927359037
172.62 0.357053925913
172.69 0.513632857942
172.76 0.522515454866
172.83 0.669768698739
172.9 0.661704187228
172.97 0.534525476812
173.04 0.61947899218
173.11 0.521170216244
173.18 0.431072166948
173.25 0.593554967555
173.32 0.349354017959
173.39 0.322082461095
173.46 0.48230706983
173.53 0.513218202899
173.6 0.484609579596
173.67 0.56708584439
173.74 0.366399291919
173.81 0.331496438713
173.88 0.507496130482
173.95 0.596699176335
174.02 0.405210887002
174.09 0.685776668396
174.16 0.525715711824
174.23 0.496010350651
174.3 0.574140486398
174.37 0.51753467333
174.44 0.612793811219
174.51 0.598606515611
174.58 0.422857411489
174.65 0.445895453808
174.72 0.432626801194
174.79 0.392751539987
174.86 0.628672978615
174.93 0.434840455925
175.0 0.401740155141
175.07 0.5740825133
175.14 0.618352349599
175.21 0.59176951837
175.28 0.744367103886
175.35 0.836274688471
175.42 0.692942252347
175.49 0.438948645772
175.56 0.354129787963
175.63 0.20419729778
175.7 0.177314368827
175.77 0.275387986898
175.84 0.219051393196
175.91 0.255050586938
175.98 0.244695382752
176.05 0.234485307294
176.12 0.271144035191
176.19 0.312969107399
176.26 0.282948226775
176.33 0.264255585953
176.4 0.278025722602
176.47 0.350094230492
176.54 0.360565384454
176.61 0.199836881732
176.68 0.149969109293
176.75 0.283912516581
176.82 0.469943053311
176.89 0.4069970879
176.96 0.734426772202
177.03 0.757990744407
177.1 0.534566132794
177.17 0.519150215931
177.24 0.522411490421
177.31 0.485582736023
177.38 0.412284549113
177.45 0.539091060999
177.52 0.410451052111
177.59 0.338701734532
177.66 0.553734407709
177.73 0.442932759299
177.8 0.497260903101
177.87 0.510700168372
177.94 0.437263781012
178.01 0.317886895475
178.08 0.344409570957
178.15 0.206007369111
178.22 0.221678069785
178.29 0.141935785774
178.36 0.118743828646
178.43 0.348748914908
178.5 0.596154177127
178.57 0.510793978442
178.64 0.767951493124
178.71 0.75650786017
178.78 0.559647463282
178.85 0.475498826465
178.92 0.537136079294
178.99 0.440130537391
179.06 0.431491236508
179.13 0.472448454603
179.2 0.307847133779
179.27 0.387456030982
179.34 0.454765685967
179.41 0.248079418065
179.48 0.517007473588
179.55 0.487359773195
179.62 0.389890981652
179.69 0.436553116128
179.76 0.502093341446
179.83 0.417590352097
179.9 0.311409194166
179.97 0.333196207951
180.04 0.515229376861
180.11 0.484439539671
180.18 0.394628019698
180.25 0.618816267725
180.32 0.573302981759
180.39 0.518438506704
180.46 0.497658994529
180.53 0.483455938922
180.6 0.4434607027
180.67 0.665327345688
180.74 0.494283865212
180.81 0.515278778653
180.88 0.562700723866
180.95 0.558516765036
181.02 0.413627287398
181.09 0.620563888797
181.16 0.638281375786
181.23 0.539552762469
181.3 0.566348747882
181.37 0.605411977641
181.44 0.510570715523
181.51 0.628227366465
181.58 0.601943368471
181.65 0.575857491318
181.72 0.666140203125
181.79 0.48317653207
181.86 0.426834455345
181.93 0.674388010641
182.0 0.546533992648
182.07 0.539659936904
182.14 0.525164350807
182.21 0.457827640457
182.28 0.359375689349
182.35 0.437598245394
182.42 0.346388680825
182.49 0.334091785917
182.56 0.500210670849
182.63 0.375038097029
182.7 0.402250232854
182.77 0.640478028403
182.84 0.610737814643
182.91 0.513480493091
182.98 0.548847010273
183.05 0.5552723978
183.12 0.54016734067
183.19 0.471516939436
183.26 0.504667774055
183.33 0.544677623916
183.4 0.493583658073
183.47 0.470558036004
183.54 0.589671665757
183.61 0.512003423883
183.68 0.527610209355
183.75 0.406893836686
183.82 0.396105624053
183.89 0.412783573976
183.96 0.439750870065
184.03 0.545362120276
184.1 0.462706978467
184.17 0.44498679516
184.24 0.476942816768
184.31 0.466456208862
184.38 0.526967942203
184.45 0.545959706207
184.52 0.629397526008
184.59 0.624948086684
184.66 0.617390517175
184.73 0.656407857605
184.8 0.583143897749
184.87 0.623807007654
184.94 0.592338280623
185.01 0.721638453671
185.08 0.597414921538
185.15 0.497151060984
185.22 0.633115737546
185.29 0.730489584292
185.36 0.605605830726
185.43 0.57933158351
185.5 0.526788302738
185.57 0.540393179993
185.64 0.725149215983
185.71 0.520871168233
185.78 0.537848003295
185.85 0.530864041896
185.92 0.55777384455
185.99 0.519820271368
186.06 0.695285105777
186.13 0.646751684666
186.2 0.653672176521
186.27 0.676014726008
186.34 0.605215692231
186.41 0.585439246564
186.48 0.640917476516
186.55 0.559664512825
186.62 0.526718157276
186.69 0.652026000764
186.76 0.625443318087
186.83 0.502009595367
186.9 0.739996502141
186.97 0.542705428903
187.04 0.449308132926
187.11 0.525229353307
187.18 0.579542325951
187.25 0.456600509203
187.32 0.683425906777
187.39 0.619336098901
187.46 0.577901739709
187.53 0.457589335245
187.6 0.407402723294
187.67 0.384259325863
187.74 0.643800521776
187.81 0.403834719908
187.88 0.390450524695
187.95 0.579539259146
188.02 0.488420235594
188.09 0.509109367833
188.16 0.600341677058
188.23 0.480004222688
188.3 0.448686303389
188.37 0.524826826779
188.44 0.478858969867
188.51 0.502505220523
188.58 0.762172159051
188.65 0.493658492786
188.72 0.494021384408
188.79 0.688306523593
188.86 0.489430994622
188.93 0.665497509108
189.0 0.514232587147
189.07 0.532385977568
189.14 0.512338197899
189.21 0.499531091939
189.28 0.519573755493
189.35 0.611268566224
189.42 0.618208700133
189.49 0.57488476086
189.56 0.5969961813
189.63 0.542524643972
189.7 0.491695004208
189.77 0.539541260382
189.84 0.576394001549
189.91 0.468936511924
189.98 0.57214208617
190.05 0.600899166317
190.12 0.483546519315
190.19 0.681341191226
190.26 0.573742579319
190.33 0.4315738058
190.4 0.500793264602
190.47 0.539869335212
190.54 0.400527481813
190.61 0.612398059047
190.68 0.509089711461
190.75 0.451015212563
190.82 0.452618070919
190.89 0.425899374022
190.96 0.438677354724
191.03 0.70322672223
191.1 0.493298963286
191.17 0.409108646727
191.24 0.618858997179
191.31 0.524049143196
191.38 0.462425749609
191.45 0.566166798693
191.52 0.591985924602
191.59 0.520405461212
191.66 0.633094396087
191.73 0.561082900178
191.8 0.44316778651
191.87 0.690877106364
191.94 0.701793705131
192.01 0.574337576319
192.08 0.571243539837
192.15 0.517833617534
192.22 0.526411780073
192.29 0.709913316231
192.36 0.509276200453
192.43 0.465208851188
192.5 0.512743691899
192.57 0.576106098563
192.64 0.564736427799
192.71 0.671106642176
192.78 0.628800391104
192.85 0.608465872706
192.92 0.630038617268
192.99 0.574466703426
193.06 0.586743297637
193.13 0.583264262044
193.2 0.510374389843
193.27 0.499060342183
193.34 0.645391603313
193.41 0.593114725671
193.48 0.563879739292
193.55 0.528442257819
193.62 0.414436945585
193.69 0.503203988671
193.76 0.632278448577
193.83 0.527457308463
193.9 0.675026077156
193.97 0.628462849177
194.04 0.579961199529
194.11 0.686876249347
194.18 0.540958091512
194.25 0.588325407849
194.32 0.653388484911
194.39 0.479648126006
194.46 0.524703076202
194.53 0.732267823307
194.6 0.713662578842
194.67 0.631864887096
194.74 0.785805910706
194.81 0.624100971766
194.88 0.562362197555
194.95 0.536769243869
195.02 0.371947526476
195.09 0.321551971718
195.16 0.717925156002
195.23 0.548952425344
195.3 0.43164064194
195.37 0.460579853834
195.44 0.409844681888
195.51 0.449238263986
195.58 0.320127842718
195.65 0.44349702202
195.72 0.392194272662
195.79 0.433547668003
195.86 0.480030600618
195.93 0.467761653286
196.0 0.463350680136
196.07 0.478236331345
196.14 0.399056628547
196.21 0.753411149742
196.28 0.571077152874
196.35 0.400498128357
196.42 0.675879042004
196.49 0.567471334799
196.56 0.451203990697
196.63 0.616592528421
196.7 0.574702470716
196.77 0.446577307543
196.84 0.27188889044
196.91 0.156648916409
196.98 0.120191169437
197.05 0.0902946246515
197.12 0.0610320862405
197.19 0.0447563209962
197.26 0.0284618622869
197.33 0.0199451548824
197.4 0.0116753123622
197.47 0.00777280700903
197.54 0.00623569212532
197.61 0.0047334423571
197.68 0.00447898160272
197.75 0.00392160510057
197.82 0.00289814393124
197.89 0.00265970090535
197.96 0.0026686784936
198.03 0.00180537134188
198.1 0.0016287700461
198.17 0.0012533651056
198.24 0.000900240369914
198.31 0.000717010585675
198.38 0.000529736770204
198.45 0.000509572097538
198.52 0.000465059117329
198.59 0.000299220725652
198.66 0.000252171612556
198.73 0.000196231716035
198.8 0.000111729450656
198.87 0.000134781055111
198.94 8.55850885237e-05
199.01 3.67470800009e-05
199.08 1.49268512874e-06
199.15 0.0
199.22 0.0
199.29 0.0
199.36 0.0
199.43 0.0
199.5 0.0
199.57 0.0
199.64 0.0
199.71 0.0
199.78 0.0
199.85 0.0
199.92 0.0
199.99 0.0
200.06 0.0
200.13 0.0
200.2 0.0
200.27 0.0
200.34 0.0
200.41 0.0
200.48 0.0
200.55 0.0
200.62 0.0
200.69 0.0
200.76 0.0
200.83 0.0
200.9 0.0
200.97 0.0
201.04 0.0
201.11 0.0
201.18 0.0
201.25 0.0
201.32 0.0
201.39 0.0
201.46 0.0
201.53 0.0
201.6 0.0
201.67 0.0
201.74 0.0
201.81 0.0
201.88 1.09499371914e-05
