-4.0 0.0
-0.23900523804 0.0
2.07981676806 0.177083333333
6.66593289313 0.302083333333
24.814216371 0.294715447155
37.251569044 0.586890243902
66.5808146652 0.572916666667
92.6111782086 0.614075203252
96.576875738 1.0
97.8316451662 1.0
104.702847533 0.487804878049
110.651634564 0.519054878049
110.687084551 0.0
133.654250897 0.0
133.721931859 0.78125
168.649145036 0.75
168.976693197 0.0
185.355661514 0.0
196.617356761 0.0
200.287790037 0.0
202.651520096 0.0
203.704905615 0.0
210.38663887 0.0
279.749393614 0.0
357.075749638 0.0
361.477838771 0.0606060606061
361.650987044 1.0
362.707534931 1.0
372.175910437 1.0
374.727603171 0.0
376.923151927 0.0
