0.0 0.0315133067307
0.07 0.0993858858781
0.14 0.146021780506
0.21 0.177750601642
0.28 0.1919736438
0.35 0.224841963493
0.42 0.261211976037
0.49 0.244836164655
0.56 0.257858870274
0.63 0.370542622789
0.7 0.350903077187
0.77 0.337299834211
0.84 0.308683325635
0.91 0.248313689995
0.98 0.226630470068
1.05 0.197699375515
1.12 0.191351649729
1.19 0.241042222287
1.26 0.347910166608
1.33 0.275513897773
1.4 0.251857099585
1.47 0.236225428855
1.54 0.241544266644
1.61 0.206931405394
1.68 0.21170917132
1.75 0.263003798674
1.82 0.158241212979
1.89 0.226666293232
1.96 0.267118421297
2.03 0.263804875943
2.1 0.270616122811
2.17 0.259315657882
2.24 0.271898098359
2.31 0.343418836708
2.38 0.374262506427
2.45 0.44215913642
2.52 0.392327894196
2.59 0.362050205367
2.66 0.453174123363
2.73 0.333996682943
2.8 0.279931203546
2.87 0.248980859239
2.94 0.283314990304
3.01 0.183033332512
3.08 0.211174411248
3.15 0.451706052837
3.22 0.469099938927
3.29 0.446503154641
3.36 0.377856972901
3.43 0.40776610817
3.5 0.365199947711
3.57 0.312475251078
3.64 0.247717656917
3.71 0.3450703199
3.78 0.261740281949
3.85 0.259099793481
3.92 0.317319724832
3.99 0.302240391086
4.06 0.292348127615
4.13 0.274936722947
4.2 0.302320326583
4.27 0.229863319623
4.34 0.18785147847
4.41 0.291708267935
4.48 0.344690094867
4.55 0.371062708741
4.62 0.298433206218
4.69 0.258584592641
4.76 0.254751471498
4.83 0.315113527849
4.9 0.391069682775
4.97 0.469986852188
5.04 0.406080006036
5.11 0.360400628368
5.18 0.291071612596
5.25 0.315794973761
5.32 0.234238521091
5.39 0.245067661216
5.46 0.504861711051
5.53 0.347842426588
5.6 0.524998603749
5.67 0.565597625278
5.74 0.485166779097
5.81 0.264027964694
5.88 0.495094948783
5.95 0.43985473989
6.02 0.358075376433
6.09 0.557973688989
6.16 0.282036583923
6.23 0.443432486646
6.3 0.325958552249
6.37 0.444010163726
6.44 0.470549182839
6.51 0.35689391792
6.58 0.225932232263
6.65 0.217624570147
6.72 0.176419488257
6.79 0.152841270074
6.86 0.127518920641
6.93 0.111553903562
7.0 0.12418451395
7.07 0.265874486544
7.14 0.288863837665
7.21 0.278958269408
7.28 0.277702881683
7.35 0.235146771247
7.42 0.233734027752
7.49 0.349929860284
7.56 0.427701285593
7.63 0.48658692985
7.7 0.47134448913
7.77 0.484143852894
7.84 0.401152072109
7.91 0.384256576182
7.98 0.388359650918
8.05 0.410410061003
8.12 0.333766668426
8.19 0.203810869909
8.26 0.334259556535
8.33 0.430725797636
8.4 0.473860543191
8.47 0.503075688063
8.54 0.534506811018
8.61 0.49237474134
8.68 0.417131964012
8.75 0.497444613423
8.82 0.363236073433
8.89 0.391985931424
8.96 0.470405148663
9.03 0.447613679669
9.1 0.483119300297
9.17 0.475367639245
9.24 0.451803226125
9.31 0.357659638685
9.38 0.224151513591
9.45 0.194133065912
9.52 0.273663365801
9.59 0.352611474255
9.66 0.451094133506
9.73 0.506873873884
9.8 0.463090042204
9.87 0.498028952289
9.94 0.440076363404
10.01 0.483907097496
10.08 0.439155011143
10.15 0.327618168396
10.22 0.330844645852
10.29 0.322649092157
10.36 0.323327600675
10.43 0.354368474281
10.5 0.272399952887
10.57 0.294763249392
10.64 0.350875361271
10.71 0.275865238259
10.78 0.279561572316
10.85 0.271297119859
10.92 0.22710291209
10.99 0.308905922019
11.06 0.265360266483
11.13 0.223166348383
11.2 0.238899441786
11.27 0.233075188212
11.34 0.273252563587
11.41 0.243654173238
11.48 0.226300684977
11.55 0.202722661566
11.62 0.288089217712
11.69 0.153745013786
11.76 0.124371645075
11.83 0.0658045227651
11.9 0.0421152609777
11.97 0.111870482735
12.04 0.0497404825616
12.11 0.206083374302
12.18 0.153213474862
12.25 0.178231520684
12.32 0.205490716607
12.39 0.222612365232
12.46 0.199285395638
12.53 0.222946778375
12.6 0.360864729811
12.67 0.49056578077
12.74 0.488143521647
12.81 0.31155202624
12.88 0.284907820515
12.95 0.418364529831
13.02 0.474090444009
13.09 0.4251817642
13.16 0.203919280635
13.23 0.329117016807
13.3 0.631118007752
13.37 0.594395445556
13.44 0.563064871273
13.51 0.608718968166
13.58 0.676495385454
13.65 0.613888408142
13.72 0.557275229719
13.79 0.50276852022
13.86 0.605676337411
13.93 0.689572233655
14.0 0.671214594392
14.07 0.528065553285
14.14 0.446776185034
14.21 0.536744500709
14.28 0.408134415546
14.35 0.322919295889
14.42 0.478796753433
14.49 0.42922634909
14.56 0.311745955589
14.63 0.398540083587
14.7 0.405497582261
14.77 0.402837509843
14.84 0.260537762385
14.91 0.193618300095
14.98 0.164325615319
15.05 0.807914231958
15.12 0.36745729056
15.19 0.216027551849
15.26 0.259506829778
15.33 0.391006305839
15.4 0.454870080747
15.47 0.518378506036
15.54 0.516048890029
15.61 0.445704581721
15.68 0.644420024905
15.75 0.672940515971
15.82 0.60620127387
15.89 0.491977948848
15.96 0.522859406257
16.03 0.52115965033
16.1 0.468621413501
16.17 0.500344548688
16.24 0.63977273823
16.31 0.554763936195
16.38 0.412410175674
16.45 0.324032203658
16.52 0.526675650481
16.59 0.412890860396
16.66 0.330122175283
16.73 0.648062278668
16.8 0.413905590368
16.87 0.300255345023
16.94 0.252678511218
17.01 0.436358590617
17.08 0.645723051616
17.15 0.267644864519
17.22 0.209766651733
17.29 0.200318719882
17.36 0.587724103109
17.43 0.790549948203
17.5 0.575957318118
17.57 0.38502536386
17.64 0.438409561466
17.71 0.484857358032
17.78 0.596178466884
17.85 0.636829308564
17.92 0.595846328714
17.99 0.534882427771
18.06 0.526320861448
18.13 0.639123358465
18.2 0.638444046144
18.27 0.506428848204
18.34 0.402352659775
18.41 0.594936857527
18.48 0.563427630127
18.55 0.460924009718
18.62 0.382123577769
18.69 0.593634052282
18.76 0.686266691737
18.83 0.680162538358
18.9 0.603388254247
18.97 0.630139384698
19.04 0.508713395817
19.11 0.431797243747
19.18 0.346682821065
19.25 0.560399899902
19.32 0.525051607361
19.39 0.499026280348
19.46 0.723701528154
19.53 0.485157441919
19.6 0.383792460897
19.67 0.300891480311
19.74 0.27601726895
19.81 0.226935312515
19.88 0.593524267278
19.95 0.355977278739
20.02 0.259684934173
20.09 0.268762277743
20.16 0.573587067986
20.23 0.896236087969
20.3 0.914562100063
20.37 0.753068666147
20.44 0.57803509529
20.51 0.557452606439
20.58 0.567639988602
20.65 0.568118126461
20.72 0.285144616449
20.79 0.340078582911
20.86 0.242932268199
20.93 0.240880390722
21.0 0.392253204682
21.07 0.531063254062
21.14 0.469349801373
21.21 0.355473468583
21.28 0.243915383856
21.35 0.339550235475
21.42 0.455537389397
21.49 0.425715690808
21.56 0.33031698852
21.63 0.55107353526
21.7 0.672786408044
21.77 0.55413594968
21.84 0.472672343797
21.91 0.396998747259
21.98 0.565987552314
22.05 0.460303395857
22.12 0.405188629834
22.19 0.44943236795
22.26 0.42978353065
22.33 0.485430481211
22.4 0.296513103175
22.47 0.315290405281
22.54 0.380808952749
22.61 0.582940987387
22.68 0.766304314592
22.75 0.520673933181
22.82 0.395202964923
22.89 0.385045938475
22.96 0.51501463444
23.03 0.577171065234
23.1 0.545399188673
23.17 0.390183793795
23.24 0.335709712018
23.31 0.46172903581
23.38 0.494846311322
23.45 0.353877391517
23.52 0.555619017628
23.59 0.590666182226
23.66 0.441690438562
23.73 0.410428651321
23.8 0.415491292133
23.87 0.373477732638
23.94 0.406999336429
24.01 0.615139845066
24.08 0.589558411685
24.15 0.519616145807
24.22 0.4128833691
24.29 0.575713505459
24.36 0.534074728265
24.43 0.430864497835
24.5 0.253507764143
24.57 0.190261062601
24.64 0.496031942102
24.71 0.694133197902
24.78 0.335173625125
24.85 0.176220563062
24.92 0.29086137779
24.99 0.700170146142
25.06 0.842710928043
25.13 0.669200881295
25.2 0.450934562084
25.27 0.394143923891
25.34 0.501238875138
25.41 0.554111518189
25.48 0.511864098178
25.55 0.354201052669
25.62 0.397335272242
25.69 0.396763197073
25.76 0.399122844505
25.83 0.512046504358
25.9 0.597167857749
25.97 0.528296552536
26.04 0.515375303205
26.11 0.544200806772
26.18 0.395605358337
26.25 0.384447699632
26.32 0.30258398816
26.39 0.26883579566
26.46 0.203852840741
26.53 0.572653237483
26.6 0.610390739254
26.67 0.62535429061
26.74 0.505975910047
26.81 0.572110372139
26.88 0.396289505347
26.95 0.405254646569
27.02 0.379854521923
27.09 0.547765816249
27.16 0.531131348033
27.23 0.613873120045
27.3 0.485477304528
27.37 0.302956941385
27.44 0.419901488245
27.51 0.535143378364
27.58 0.380014830907
27.65 0.266975697134
27.72 0.472797334836
27.79 0.437407793205
27.86 0.362958082787
27.93 0.403204456783
28.0 0.419260424342
28.07 0.444144248725
28.14 0.339078424236
28.21 0.265101881538
28.28 0.418976559896
28.35 0.552750015473
28.42 0.498934833546
28.49 0.645394291796
28.56 0.309269259256
28.63 0.514784960032
28.7 0.310264590164
28.77 0.525554763993
28.84 0.60442856259
28.91 0.70388996156
28.98 0.385847283678
29.05 0.467067822375
29.12 0.637733703822
29.19 0.431746484459
29.26 0.378325854655
29.33 0.35699081833
29.4 0.320282287606
29.47 0.466586337803
29.54 0.612401005782
29.61 0.416904403421
29.68 0.316869243567
29.75 0.323707042665
29.82 0.5219550634
29.89 0.441867177578
29.96 0.454529804679
30.03 0.573611300751
30.1 0.455700661481
30.17 0.484168511783
30.24 0.497013980088
30.31 0.366657177264
30.38 0.460874627674
30.45 0.376759253371
30.52 0.346986010425
30.59 0.4529389558
30.66 0.425516939623
30.73 0.564955201928
30.8 0.505799453797
30.87 0.428474058675
30.94 0.435503171052
31.01 0.461194203563
31.08 0.273083936764
31.15 0.233626715459
31.22 0.225046591445
31.29 0.296306877501
31.36 0.229723662373
31.43 0.252299958059
31.5 0.206242506745
31.57 0.349222250698
31.64 0.288653412042
31.71 0.269122315725
31.78 0.267535065673
31.85 0.313200233905
31.92 0.460010981229
31.99 0.416894536305
32.06 0.287204297648
32.13 0.380629126058
32.2 0.543086599866
32.27 0.451612027534
32.34 0.36809414858
32.41 0.305026250437
32.48 0.305067633988
32.55 0.565454739958
32.62 0.512299196433
32.69 0.373268934397
32.76 0.428877169878
32.83 0.458452576176
32.9 0.43657621785
32.97 0.35055480658
33.04 0.255112751273
33.11 0.372488838095
33.18 0.476040662516
33.25 0.424144164865
33.32 0.328848501756
33.39 0.47500797301
33.46 0.327390426875
33.53 0.246749215381
33.6 0.475786421167
33.67 0.748347345459
33.74 0.722765121127
33.81 0.480090585338
33.88 0.648086847587
33.95 0.456331533979
34.02 0.446182699807
34.09 0.372680904755
34.16 0.321602634169
34.23 0.299198124168
34.3 0.861635045507
34.37 0.522954229432
34.44 0.327509371092
34.51 0.268915653051
34.58 0.316610373176
34.65 0.486411398023
34.72 0.437172577196
34.79 0.362210163366
34.86 0.225287254141
34.93 0.459413814125
35.0 0.462797282524
35.07 0.424076295327
35.14 0.390570706319
35.21 0.417455322624
35.28 0.517559144944
35.35 0.430967084195
35.42 0.32347362607
35.49 0.347592673886
35.56 0.633968553063
35.63 0.636978972334
35.7 0.583163854672
35.77 0.570346681655
35.84 0.641182444473
35.91 0.649351225461
35.98 0.599537451392
36.05 0.574645224141
36.12 0.62857808773
36.19 0.640075055566
36.26 0.602751307245
36.33 0.560855638025
36.4 0.558791086545
36.47 0.414705905357
36.54 0.304540856589
36.61 0.240722379451
36.68 0.484868380924
36.75 0.485035499008
36.82 0.419642212491
36.89 0.445332544022
36.96 0.433415911365
37.03 0.433147831337
37.1 0.34820815052
37.17 0.37461464083
37.24 0.388094213656
37.31 0.406263054864
37.38 0.520386516376
37.45 0.440573542423
37.52 0.4413409054
37.59 0.476742707761
37.66 0.554499521237
37.73 0.392098922745
37.8 0.311494763356
37.87 0.293984136837
37.94 0.587763220585
38.01 0.585711076162
38.08 0.554396422736
38.15 0.544476606483
38.22 0.552041025677
38.29 0.625570652322
38.36 0.647236545476
38.43 0.503885872145
38.5 0.592872460282
38.57 0.576876705855
38.64 0.657250035059
38.71 0.639228277142
38.78 0.54582586231
38.85 0.520471947995
38.92 0.444477534763
38.99 0.262669848237
39.06 0.241325882074
39.13 0.479515661756
39.2 0.486179091726
39.27 0.537255616287
39.34 0.463454892135
39.41 0.417414210963
39.48 0.417973097022
39.55 0.53361420983
39.62 0.407050333002
39.69 0.379164947011
39.76 0.411376458919
39.83 0.428277724835
39.9 0.399879334871
39.97 0.419922404947
40.04 0.401857175368
40.11 0.351068081455
40.18 0.318893495099
40.25 0.244425846899
40.32 0.46703383916
40.39 0.402679169339
40.46 0.343274859876
40.53 0.318058339702
40.6 0.273230930085
40.67 0.324934616594
40.74 0.321071961337
40.81 0.300256963507
40.88 0.293015082314
40.95 0.336764764679
41.02 0.266119211763
41.09 0.280089119903
41.16 0.244212824978
41.23 0.2210408383
41.3 0.236902194314
41.37 0.154812292574
41.44 0.165521131011
41.51 0.46772486349
41.58 0.455774048892
41.65 0.407920546319
41.72 0.346769080217
41.79 0.364188755268
41.86 0.451646335039
41.93 0.417081137493
42.0 0.407307556237
42.07 0.362523485798
42.14 0.499440811897
42.21 0.447202919969
42.28 0.465789015575
42.35 0.433268858722
42.42 0.447175336538
42.49 0.415093011664
42.56 0.386774951684
42.63 0.303052497179
42.7 0.357085636561
42.77 0.52265111719
42.84 0.514231474191
42.91 0.460648256476
42.98 0.441751089683
43.05 0.471041851459
43.12 0.462386311245
43.19 0.472217078266
43.26 0.520543738673
43.33 0.597605004567
43.4 0.721978065444
43.47 0.580604395191
43.54 0.547105719097
43.61 0.407487380951
43.68 0.338325065048
43.75 0.249301923105
43.82 0.127738830757
43.89 0.522800370654
43.96 0.55388139986
44.03 0.549419500262
44.1 0.279982124979
44.17 0.46790213442
44.24 0.53760938697
44.31 0.387869691306
44.38 0.382321505377
44.45 0.178747933656
44.52 0.875910293405
44.59 0.469456084441
44.66 0.389925443455
44.73 0.795195348459
44.8 0.408717846795
44.87 0.403632904128
44.94 0.438338829674
45.01 0.878840069278
45.08 0.458404833378
45.15 0.411501581454
45.22 0.421821151322
45.29 0.560380434595
45.36 0.580677441504
45.43 0.381036560797
45.5 0.366891882121
45.57 0.38592158266
45.64 0.402517948784
45.71 0.377506416445
45.78 0.311044600449
45.85 0.315423137754
45.92 0.5202312764
45.99 0.440334892697
46.06 0.489699077299
46.13 0.461046700078
46.2 0.507558661564
46.27 0.416122643156
46.34 0.595799292828
46.41 0.486608490189
46.48 0.463870814769
46.55 0.471638573653
46.62 0.504833778612
46.69 0.409652542402
46.76 0.530361291867
46.83 0.427423216841
46.9 0.433170732338
46.97 0.511598148775
47.04 0.430591885657
47.11 0.558006970235
47.18 0.631960083972
47.25 0.487302281859
47.32 0.376741418412
47.39 0.210785675581
47.46 0.179966777463
47.53 0.400848655351
47.6 0.599594540266
47.67 0.589024637335
47.74 0.608071767472
47.81 0.642095395845
47.88 0.701565825855
47.95 0.564100060185
48.02 0.652530021417
48.09 0.720762950973
48.16 0.737532768722
48.23 0.700846675304
48.3 0.684007745235
48.37 0.598578690109
48.44 0.592029257946
48.51 0.455812254797
48.58 0.410374957604
48.65 0.298905208275
48.72 0.164225743899
48.79 0.510632164131
48.86 0.51987208177
48.93 0.55754075102
49.0 0.470576878981
49.07 0.522169788831
49.14 0.459346752346
49.21 0.409888476199
49.28 0.330860984924
49.35 0.433519427093
49.42 0.453791750395
49.49 0.477190609537
49.56 0.378626475401
49.63 0.405523944661
49.7 0.360032861804
49.77 0.317938300017
49.84 0.353405469545
49.91 0.217693211851
49.98 0.433443332652
50.05 0.411914278984
50.12 0.375420042624
50.19 0.332232541618
50.26 0.327473181124
50.33 0.385577451694
50.4 0.361127961308
50.47 0.350352969697
50.54 0.306976824872
50.61 0.381138853516
50.68 0.391470120562
50.75 0.38871621267
50.82 0.353172287269
50.89 0.285425839119
50.96 0.228074130853
51.03 0.193838854837
51.1 0.166166769577
51.17 0.486842994342
51.24 0.495509917331
51.31 0.476849149019
51.38 0.506881976189
51.45 0.494679300016
51.52 0.525643291196
51.59 0.478152082793
51.66 0.38769234919
51.73 0.420675937155
51.8 0.477148984746
51.87 0.628688616228
51.94 0.536825170802
52.01 0.580775090352
52.08 0.441825434144
52.15 0.345154373286
52.22 0.293745509851
52.29 0.201051905862
52.36 0.631180454332
52.43 0.611093983779
52.5 0.607768226139
52.57 0.657118822201
52.64 0.659828446717
52.71 0.588756021438
52.78 0.590086794714
52.85 0.5461647117
52.92 0.805630958766
52.99 0.646478924051
53.06 0.582764489612
53.13 0.558758646674
53.2 0.329413368394
53.27 0.263214243083
53.34 0.239102043915
53.41 0.163157412158
53.48 0.208370267084
53.55 0.484542070086
53.62 0.415215494399
53.69 0.291681401303
53.76 0.178467614648
53.83 0.504230349152
53.9 0.574680815953
53.97 0.569961372785
54.04 0.360999451526
54.11 0.593311985886
54.18 0.488151617032
54.25 0.405112467173
54.32 0.833461230294
54.39 0.475308896294
54.46 0.371080493277
54.53 0.285071268586
54.6 0.82602025484
54.67 0.790912398586
54.74 0.796150633512
54.81 0.70922697145
54.88 0.763937169932
54.95 0.604963224782
55.02 0.917610245725
55.09 0.425711611477
55.16 0.246941610285
55.23 0.692427015497
55.3 0.568392059527
55.37 0.493302447905
55.44 0.473911781993
55.51 0.443256280533
55.58 0.439473367978
55.65 0.400878994258
55.72 0.333398277011
55.79 0.183858131393
55.86 0.27940824051
55.93 0.527721355088
56.0 0.538446328928
56.07 0.433246359129
56.14 0.336767640775
56.21 0.324145813899
56.28 0.372413048171
56.35 0.289631799788
56.42 0.254500472059
56.49 0.206445109863
56.56 0.376230010182
56.63 0.313369411428
56.7 0.306637318004
56.77 0.289730955397
56.84 0.273641943878
56.91 0.405700660937
56.98 0.386806739021
57.05 0.33483542036
57.12 0.285896283001
57.19 0.553372756993
57.26 0.75441094183
57.33 0.661421156308
57.4 0.51619777669
57.47 0.449676026373
57.54 0.494512292665
57.61 0.308370754607
57.68 0.40482170069
57.75 0.560026060811
57.82 0.558550110435
57.89 0.597901333414
57.96 0.551108498266
58.03 0.47077890767
58.1 0.316200818688
58.17 0.261281175362
58.24 0.265093395622
58.31 0.212688564563
58.38 0.423618487877
58.45 0.557459942511
58.52 0.55571669317
58.59 0.529960646455
58.66 0.758191661473
58.73 0.618165851018
58.8 0.548735250429
58.87 0.895756047873
58.94 0.472369361073
59.01 0.494943645766
59.08 0.510947661678
59.15 0.825668094731
59.22 0.736638333516
59.29 0.836205096073
59.36 0.64342036354
59.43 0.463325719931
59.5 0.278941965928
59.57 0.642883719027
59.64 0.491326730122
59.71 0.492714011912
59.78 0.547894869811
59.85 0.78841737196
59.92 0.698684496727
59.99 0.571087130543
60.06 0.928056358874
60.13 0.644058378326
60.2 0.572848414558
60.27 0.617912983946
60.34 0.764792112949
60.41 0.715501139771
60.48 0.840501181667
60.55 0.600456866811
60.62 0.448601417446
60.69 0.236255987252
60.76 0.52540695698
60.83 0.586881843982
60.9 0.445511667755
60.97 0.502806428529
61.04 0.476404883641
61.11 0.668809632381
61.18 0.473812848839
61.25 0.778208967306
61.32 0.57155801637
61.39 0.556903106992
61.46 0.572378306829
61.53 0.721875134032
61.6 0.826386457298
61.67 0.817829573405
61.74 0.737961071717
61.81 0.706218100466
61.88 0.716971895576
61.95 0.808218988389
62.02 0.885407010132
62.09 0.762576110149
62.16 0.742622532236
62.23 0.7410531122
62.3 0.787751975435
62.37 0.653521009015
62.44 0.605936550441
62.51 0.593002396743
62.58 0.819062555463
62.65 0.735418599889
62.72 0.673034149752
62.79 0.891546541765
62.86 0.726103884969
62.93 0.488285843414
63.0 0.184659761338
63.07 0.944135879968
63.14 0.621358780282
63.21 0.411524120595
63.28 0.289817665391
63.35 0.274627639024
63.42 0.237493467844
63.49 0.211540870764
63.56 0.410639462533
63.63 0.355782808576
63.7 0.330068163208
63.77 0.308250159279
63.84 0.4709710643
63.91 0.458287677699
63.98 0.396103621948
64.05 0.42443584984
64.12 0.270329324925
64.19 0.226648107289
64.26 0.252858221244
64.33 0.30588853348
64.4 0.424065158735
64.47 0.390607092048
64.54 0.358239273369
64.61 0.316143973031
64.68 0.393967778089
64.75 0.30693111383
64.82 0.266229805514
64.89 0.220891687659
64.96 0.158753527836
65.03 0.380710313235
65.1 0.397315461882
65.17 0.343631927837
65.24 0.315102224168
65.31 0.478288318191
65.38 0.294054343635
65.45 0.193052831346
65.52 0.17082752615
65.59 0.283796943514
65.66 0.407354884775
65.73 0.27296345118
65.8 0.247965534076
65.87 0.252777889283
65.94 0.446018755415
66.01 0.399732277284
66.08 0.433858871674
66.15 0.319906267468
66.22 0.451793128646
66.29 0.504187824654
66.36 0.43790410811
66.43 0.362865608737
66.5 0.50819199392
66.57 0.307388897551
66.64 0.241258054061
66.71 0.292772089278
66.78 0.206546750047
66.85 0.525193926161
66.92 0.414092541552
66.99 0.379263448109
67.06 0.275311908631
67.13 0.48430610564
67.2 0.334625733287
67.27 0.229474276475
67.34 0.145096605973
67.41 0.306497202002
67.48 0.411542353007
67.55 0.456846801061
67.62 0.370599941039
67.69 0.420024080724
67.76 0.435516657757
67.83 0.312390296007
67.9 0.197646835599
67.97 0.187202829346
68.04 0.467058857932
68.11 0.646249269417
68.18 0.502755102723
68.25 0.41235067341
68.32 0.51219968885
68.39 0.574636215208
68.46 0.56285632218
68.53 0.434414186589
68.6 0.332276516522
68.67 0.668498894382
68.74 0.752380117494
68.81 0.67705968854
68.88 0.685057187086
68.95 0.61485935106
69.02 0.514164883028
69.09 0.407422375645
69.16 0.35888505925
69.23 0.528758816007
69.3 0.627386291486
69.37 0.518327165399
69.44 0.503452956915
69.51 0.506259156563
69.58 0.319373695364
69.65 0.311010452123
69.72 0.386362462767
69.79 0.268854114088
69.86 0.547903364626
69.93 0.588053672665
70.0 0.585085782836
70.07 0.489695400365
70.14 0.337629446281
70.21 0.293574093936
70.28 0.197329676065
70.35 0.124330650079
70.42 0.548267544226
70.49 0.5742877874
70.56 0.408687215236
70.63 0.284916270839
70.7 0.530341240268
70.77 0.517723790317
70.84 0.44818633421
70.91 0.294159194093
70.98 0.375557905403
71.05 0.566929794583
71.12 0.512018570931
71.19 0.767724681868
71.26 0.539724214269
71.33 0.462975540166
71.4 0.311957543911
71.47 0.906351416463
71.54 0.782040253442
71.61 0.564847985538
71.68 0.441127001568
71.75 0.393983880865
71.82 0.344458605227
71.89 0.874496522662
71.96 0.588388450635
72.03 0.484107511656
72.1 0.501240317635
72.17 0.460028548253
72.24 0.438558018048
72.31 0.455958871428
72.38 0.458583705984
72.45 0.548767038754
72.52 0.588338440773
72.59 0.281847202543
72.66 0.13952142686
72.73 0.110741037168
72.8 0.291214339725
72.87 0.53931771483
72.94 0.322901959229
73.01 0.292502534126
73.08 0.266362823718
73.15 0.463470500567
73.22 0.423648729893
73.29 0.369004218912
73.36 0.295678086194
73.43 0.462547420078
73.5 0.44594105732
73.57 0.461731737897
73.64 0.367935476866
73.71 0.377298421019
73.78 0.375812508613
73.85 0.318602487376
73.92 0.308908607298
73.99 0.337142510079
74.06 0.45688606684
74.13 0.460581295543
74.2 0.422816132234
74.27 0.357056087616
74.34 0.508888949394
74.41 0.345183072947
74.48 0.285473152826
74.55 0.275552492233
74.62 0.342703458993
74.69 0.435519244167
74.76 0.416129937703
74.83 0.420005115694
74.9 0.41263549985
74.97 0.476324846309
75.04 0.314859654291
75.11 0.269738371731
75.18 0.178972710099
75.25 0.367291011873
75.32 0.332404703004
75.39 0.260920296994
75.46 0.249070598575
75.53 0.450801339221
75.6 0.417400855753
75.67 0.253238970281
75.74 0.195617021703
75.81 0.362384421761
75.88 0.610292946058
75.95 0.6320329454
76.02 0.648903709274
76.09 0.608171439177
76.16 0.517606147214
76.23 0.297530616306
76.3 0.244256002999
76.37 0.170496573417
76.44 0.385484887673
76.51 0.45695017936
76.58 0.376686841796
76.65 0.329870585597
76.72 0.44519135035
76.79 0.345407139512
76.86 0.312966192458
76.93 0.225872416585
77.0 0.110696078517
77.07 0.423547089708
77.14 0.447440038216
77.21 0.448492061534
77.28 0.394017754335
77.35 0.435753873884
77.42 0.3355098624
77.49 0.231572142816
77.56 0.13494617507
77.63 0.400793653599
77.7 0.604573590398
77.77 0.521243253863
77.84 0.507468700762
77.91 0.649483886748
77.98 0.70117062713
78.05 0.743489124974
78.12 0.596504917127
78.19 0.262931677774
78.26 0.589534683152
78.33 0.711664514714
78.4 0.624914926163
78.47 0.591419090572
78.54 0.674954978494
78.61 0.673492127257
78.68 0.600256022571
78.75 0.578780793127
78.82 0.586699304329
78.89 0.606135659532
78.96 0.630056685815
79.03 0.599789043055
79.1 0.52547456847
79.17 0.54657023827
79.24 0.45547635862
79.31 0.390273832704
79.38 0.323587294643
79.45 0.471576249671
79.52 0.4661439015
79.59 0.40170948601
79.66 0.419402079732
79.73 0.523046167612
79.8 0.624027927875
79.87 0.605621495826
79.94 0.3030318494
80.01 0.286486646937
80.08 0.827295177081
80.15 0.830278176054
80.22 0.457193841739
80.29 0.321613102407
80.36 0.489395531023
80.43 0.437222388331
80.5 0.336426654828
80.57 0.112832038053
80.64 0.416211809053
80.71 0.538445514248
80.78 0.352697943997
80.85 0.553937987469
80.92 0.394208807589
80.99 0.179261711773
81.06 0.0696025573166
81.13 0.729614698476
81.2 0.659289465931
81.27 0.516455674211
81.34 0.471239408308
81.41 0.437868786211
81.48 0.339606330717
81.55 0.929234886913
81.62 0.681863511361
81.69 0.599432299384
81.76 0.566749516061
81.83 0.59938410871
81.9 0.596178307705
81.97 0.527130384097
82.04 0.532740783274
82.11 0.443213949818
82.18 0.424459153237
82.25 0.416956119759
82.32 0.303359011499
82.39 0.250956520667
82.46 0.399401288959
82.53 0.675804746713
82.6 0.547354126193
82.67 0.413999193501
82.74 0.453594663174
82.81 0.472725232721
82.88 0.468572936107
82.95 0.381392619306
83.02 0.254753673308
83.09 0.420900980544
83.16 0.65263720518
83.23 0.522962025244
83.3 0.357246679152
83.37 0.362425431588
83.44 0.318258546237
83.51 0.214491525769
83.58 0.198544717374
83.65 0.188127302898
83.72 0.443228432133
83.79 0.465407605105
83.86 0.331960951744
83.93 0.261549680526
84.0 0.340127947159
84.07 0.466470874759
84.14 0.521635665474
84.21 0.225710207342
84.28 0.21717423323
84.35 0.569058116497
84.42 0.484539659663
84.49 0.461194905533
84.56 0.349898880706
84.63 0.385993179555
84.7 0.413602960607
84.77 0.30902214932
84.84 0.10919343453
84.91 0.521593759896
84.98 0.587054843776
85.05 0.49829459421
85.12 0.280352001405
85.19 0.393345336142
85.26 0.284864829356
85.33 0.203317782084
85.4 0.162563846847
85.47 0.312376095468
85.54 0.555075763729
85.61 0.502797176378
85.68 0.38705816063
85.75 0.353465706405
85.82 0.300633269376
85.89 0.271289022497
85.96 0.186328395316
86.03 0.256311565231
86.1 0.476793302927
86.17 0.436220343237
86.24 0.392005074418
86.31 0.34259791151
86.38 0.424944801178
86.45 0.291468091674
86.52 0.204263603407
86.59 0.120376627114
86.66 0.147409401416
86.73 0.466492531001
86.8 0.361310895449
86.87 0.319706214179
86.94 0.387214587032
87.01 0.503048215365
87.08 0.384733964615
87.15 0.255842030942
87.22 0.31793956455
87.29 0.506320340587
87.36 0.508742200279
87.43 0.481996274286
87.5 0.381858225534
87.57 0.501746086383
87.64 0.36769528083
87.71 0.342171959616
87.78 0.289682713311
87.85 0.195106004005
87.92 0.476910867923
87.99 0.463512589053
88.06 0.387820762081
88.13 0.411264833966
88.2 0.578779116311
88.27 0.398659975957
88.34 0.323536477023
88.41 0.209194129677
88.48 0.591325992659
88.55 0.657240745338
88.62 0.492460214484
88.69 0.507162989257
88.76 0.68175244304
88.83 0.354862853333
88.9 0.226728681479
88.97 0.689820365896
89.04 0.583794783525
89.11 0.485517192193
89.18 0.404630707746
89.25 0.354462030945
89.32 0.365863696092
89.39 0.788565665408
89.46 0.351559418311
89.53 0.372819665264
89.6 0.240643369367
89.67 0.483835005268
89.74 0.587153078916
89.81 0.635433756391
89.88 0.557857058304
89.95 0.464936178466
90.02 0.66664069315
90.09 0.58032192183
90.16 0.347495549044
90.23 0.11465103085
90.3 0.60525647683
90.37 0.424220599414
90.44 0.258751121466
90.51 0.828853272674
90.58 0.341428800732
90.65 0.243420390828
90.72 0.0984841966617
90.79 0.958757254995
90.86 0.491620900661
90.93 0.345144735547
91.0 0.100732677892
91.07 0.0780453405787
91.14 0.0681111191286
91.21 0.882713598136
91.28 0.666744533168
91.35 0.566807107189
91.42 0.54073907376
91.49 0.520907757117
91.56 0.54043955738
91.63 0.497494103234
91.7 0.513984017225
91.77 0.633378200991
91.84 0.714029620698
91.91 0.401518249849
91.98 0.227525265156
92.05 0.24611708626
92.12 0.556095347176
92.19 0.51486066394
92.26 0.46685725438
92.33 0.355538356236
92.4 0.484094116899
92.47 0.507187332755
92.54 0.381303647193
92.61 0.200215513615
92.68 0.230516124206
92.75 0.456043859125
92.82 0.363895702936
92.89 0.323564291807
92.96 0.272423205862
93.03 0.446547891825
93.1 0.295333525148
93.17 0.274062127761
93.24 0.203994440764
93.31 0.389243811669
93.38 0.491059021841
93.45 0.364224819673
93.52 0.275650233028
93.59 0.462646616223
93.66 0.513689631152
93.73 0.45577273789
93.8 0.274815420706
93.87 0.13653123122
93.94 0.549396550816
94.01 0.474450103323
94.08 0.376838272354
94.15 0.282416221674
94.22 0.564121777725
94.29 0.436718006714
94.36 0.387848729124
94.43 0.275003335861
94.5 0.329320106359
94.57 0.646398920334
94.64 0.478316460232
94.71 0.348939350223
94.78 0.38501698571
94.85 0.45271813609
94.92 0.328813553581
94.99 0.236032330004
95.06 0.195756090683
95.13 0.428832585941
95.2 0.477116438096
95.27 0.352215963104
95.34 0.306556567827
95.41 0.42741787891
95.48 0.249333757899
95.55 0.225758094488
95.62 0.229015533725
95.69 0.218499323523
95.76 0.50800480644
95.83 0.459665014267
95.9 0.375699193001
95.97 0.339830288526
96.04 0.523425527541
96.11 0.276920450098
96.18 0.237551485097
96.25 0.154584006285
96.32 0.328372052577
96.39 0.373354059522
96.46 0.368583709751
96.53 0.286735717444
96.6 0.440232729496
96.67 0.299010192205
96.74 0.128327537651
96.81 0.246455859521
96.88 0.1868940272
96.95 0.545205334464
97.02 0.561280816764
97.09 0.469155035593
97.16 0.352743398969
97.23 0.496323069457
97.3 0.347430208572
97.37 0.348688499088
97.44 0.269051031255
97.51 0.551713213021
97.58 0.600736282157
97.65 0.600033109807
97.72 0.396839379507
97.79 0.54872051501
97.86 0.539908138087
97.93 0.460524042547
98.0 0.385280623559
98.07 0.27211995026
98.14 0.597330668115
98.21 0.498280137601
98.28 0.462454523858
98.35 0.488299612884
98.42 0.401430910061
98.49 0.26611515715
98.56 0.260975712018
98.63 0.610724384186
98.7 0.627847675023
98.77 0.611747516037
98.84 0.522621772904
98.91 0.548488008997
98.98 0.521435021939
99.05 0.489051097517
99.12 0.446190897027
99.19 0.45259884682
99.26 0.3028853524
99.33 0.54683132629
99.4 0.750921934846
99.47 0.710703680151
99.54 0.638713360056
99.61 0.572723223804
99.68 0.508604279167
99.75 0.556813186726
99.82 0.216251270395
99.89 0.151879504166
99.96 0.696446594468
100.03 0.383194051999
100.1 0.592029833363
100.17 0.461943522968
100.24 0.355715641008
100.31 0.186837150894
100.38 0.398367467404
100.45 0.694307753893
100.52 0.55060775008
100.59 0.361435569119
100.66 0.331634108003
100.73 0.786422737593
100.8 0.856242105486
100.87 0.396250051717
100.94 0.13704373294
101.01 0.699308861674
101.08 0.680073993358
101.15 0.620823660327
101.22 0.500566602281
101.29 0.500176776092
101.36 0.49241297394
101.43 0.49101024784
101.5 0.414748619684
101.57 0.34401778543
101.64 0.269989377101
101.71 0.516299419841
101.78 0.606027842019
101.85 0.464022532046
101.92 0.417089271436
101.99 0.374021502633
102.06 0.577711916619
102.13 0.310196330094
102.2 0.260661748916
102.27 0.175623978296
102.34 0.354885074116
102.41 0.472751738481
102.48 0.403118497205
102.55 0.378122621743
102.62 0.377335630325
102.69 0.297217581583
102.76 0.280930610819
102.83 0.266450059694
102.9 0.145826565861
102.97 0.388919291347
103.04 0.353667708399
103.11 0.330596634231
103.18 0.278590441546
103.25 0.404850246116
103.32 0.423519854295
103.39 0.318132676254
103.46 0.209629882443
103.53 0.233340008532
103.6 0.376139484838
103.67 0.374651931209
103.74 0.302592262498
103.81 0.368915900322
103.88 0.396435286536
103.95 0.163392294979
104.02 0.153946107175
104.09 0.354189600686
104.16 0.505035727217
104.23 0.397042004376
104.3 0.373347671603
104.37 0.390850116722
104.44 0.561386064675
104.51 0.419636903232
104.58 0.349397738033
104.65 0.304465036015
104.72 0.388565140019
104.79 0.437380677424
104.86 0.38168055023
104.93 0.376946990562
105.0 0.430449687476
105.07 0.321124886842
105.14 0.272577581723
105.21 0.304432135415
105.28 0.303477346684
105.35 0.494498166278
105.42 0.427244360054
105.49 0.422291487437
105.56 0.367357413208
105.63 0.38606691103
105.7 0.359734913485
105.77 0.320715696191
105.84 0.321759427375
105.91 0.280491947352
105.98 0.502547515625
106.05 0.38869180293
106.12 0.42680161429
106.19 0.659758175654
106.26 0.474157302118
106.33 0.211559810089
106.4 0.192507098804
106.47 0.525194644938
106.54 0.597431176251
106.61 0.583760709351
106.68 0.305807065515
106.75 0.256427398045
106.82 0.535797969508
106.89 0.62346695766
106.96 0.296839610762
107.03 0.208660482868
107.1 0.146116994213
107.17 0.551108078073
107.24 0.48735644718
107.31 0.317249243178
107.38 0.260211929083
107.45 0.761467021685
107.52 0.5305881495
107.59 0.327851370446
107.66 0.163478421646
107.73 0.479375350983
107.8 0.601030407217
107.87 0.47123888628
107.94 0.481126446558
108.01 0.713965028664
108.08 0.670453712271
108.15 0.364084884601
108.22 0.653456303281
108.29 0.698193485149
108.36 0.686913008544
108.43 0.678799214478
108.5 0.701655617592
108.57 0.50221704735
108.64 0.770685712174
108.71 0.381126049006
108.78 0.490838775571
108.85 0.318541856029
108.92 0.319115674257
108.99 0.569636152471
109.06 0.386646383569
109.13 0.222214646339
109.2 0.137973137083
109.27 0.639281781031
109.34 0.477400392513
109.41 0.268455830653
109.48 0.171614267429
109.55 0.733331141476
109.62 0.565931651844
109.69 0.44180317678
109.76 0.799360617659
109.83 0.46614039462
109.9 0.272092109769
109.97 0.118879253827
110.04 0.87708907356
110.11 0.549152657084
110.18 0.259742125871
110.25 0.115430862182
110.32 0.105535647475
110.39 0.0766224531353
110.46 0.490132135888
110.53 0.606207206993
110.6 0.57925958451
110.67 0.597297853531
110.74 0.493656376779
110.81 0.569532711884
110.88 0.588901648391
110.95 0.542928268261
111.02 0.553638406824
111.09 0.566780054683
111.16 0.626574379176
111.23 0.643420261705
111.3 0.559623332231
111.37 0.706800327492
111.44 0.592772756939
111.51 0.467300904793
111.58 0.344177980714
111.65 0.477957657122
111.72 0.350598074572
111.79 0.273459594053
111.86 0.193842773011
111.93 0.0947220544832
112.0 0.415879126115
112.07 0.402558017379
112.14 0.335913627126
112.21 0.302717263423
112.28 0.484279247906
112.35 0.293454887716
112.42 0.246504206408
112.49 0.160975068283
112.56 0.366317351048
112.63 0.432496911195
112.7 0.376986518344
112.77 0.360810253053
112.84 0.562439576958
112.91 0.554484299383
112.98 0.334486682103
113.05 0.275442901012
113.12 0.192413817984
113.19 0.77903657604
113.26 0.449390873665
113.33 0.798746356124
113.4 0.481036253413
113.47 0.291233787236
113.54 0.236041145154
113.61 0.461701442492
113.68 0.842789806632
113.75 0.35631952131
113.82 0.441387896794
113.89 0.382091214027
113.96 0.41217920114
114.03 0.491822959011
114.1 0.370647843016
114.17 0.360894534826
114.24 0.31293340358
114.31 0.381197085315
114.38 0.576091452552
114.45 0.489739217079
114.52 0.449730800727
114.59 0.368589104038
114.66 0.509719074343
114.73 0.33821386622
114.8 0.353857341895
114.87 0.398205736686
114.94 0.272669574281
115.01 0.503210636188
115.08 0.397540570525
115.15 0.369770061286
115.22 0.345383834137
115.29 0.53403131098
115.36 0.290088828151
115.43 0.373389893562
115.5 0.374247401238
115.57 0.442759928058
115.64 0.418404070466
115.71 0.356137881363
115.78 0.570931183655
115.85 0.453535134215
115.92 0.258890307111
115.99 0.23549597221
116.06 0.506435754196
116.13 0.420096950062
116.2 0.685616232324
116.27 0.481568652497
116.34 0.321190053304
116.41 0.299610906725
116.48 0.700347079929
116.55 0.641938980318
116.62 0.320651436357
116.69 0.172703880699
116.76 0.453470688507
116.83 0.626577953286
116.9 0.400416292798
116.97 0.280188129186
117.04 0.532732170805
117.11 0.528216755455
117.18 0.478171560953
117.25 0.32622214363
117.32 0.141908449111
117.39 0.655747522566
117.46 0.561419271769
117.53 0.424712526518
117.6 0.587755446524
117.67 0.645723360087
117.74 0.455652690296
117.81 0.373211570667
117.88 0.796596241529
117.95 0.595724613201
118.02 0.574628776313
118.09 0.534556568764
118.16 0.504789617834
118.23 0.546010582022
118.3 0.849967464572
118.37 0.560261746447
118.44 0.464541964475
118.51 0.183610580501
118.58 0.435615990342
118.65 0.48728443899
118.72 0.32057856603
118.79 0.13585093812
118.86 0.57314971651
118.93 0.521535803941
119.0 0.390195322897
119.07 0.201308810739
119.14 0.14351761444
119.21 0.785990109083
119.28 0.471211970214
119.35 0.685783765657
119.42 0.750517128042
119.49 0.457958089357
119.56 0.199340340046
119.63 0.142114954583
119.7 1.0
119.77 0.438667431304
119.84 0.307096693514
119.91 0.274514517195
119.98 0.208848481073
120.05 0.328220713968
120.12 0.455458301206
120.19 0.437312527098
120.26 0.420733950453
120.33 0.281956948987
120.4 0.361374885372
120.47 0.368128162444
120.54 0.389867888908
120.61 0.476849324017
120.68 0.494550937548
120.75 0.452704674102
120.82 0.344680849638
120.89 0.319515778856
120.96 0.531080189314
121.03 0.709987007254
121.1 0.414300926521
121.17 0.292508048044
121.24 0.190750097789
121.31 0.523415677234
121.38 0.589021196698
121.45 0.608050658964
121.52 0.631742189792
121.59 0.46559784269
121.66 0.261483969296
121.73 0.219505269983
121.8 0.275842421297
121.87 0.357780255764
121.94 0.411614596504
122.01 0.376932628867
122.08 0.219409599502
122.15 0.115362241241
122.22 0.346805615238
122.29 0.670013895993
122.36 0.402072116334
122.43 0.328722974848
122.5 0.32632568704
122.57 0.671763943558
122.64 0.647116392092
122.71 0.505270174027
122.78 0.56307491042
122.85 0.359870680244
122.92 0.223626908342
122.99 0.178879721931
123.06 0.357742065678
123.13 0.298486830727
123.2 0.473069867918
123.27 0.249797211751
123.34 0.178541077199
123.41 0.250045107695
123.48 0.621855578656
123.55 0.502890602536
123.62 0.277271382256
123.69 0.195297568411
123.76 0.502243200149
123.83 0.653380245422
123.9 0.404446570372
123.97 0.165526525298
124.04 0.319740416883
124.11 0.467310103554
124.18 0.403152633666
124.25 0.265581507375
124.32 0.431120590999
124.39 0.341791862125
124.46 0.25538547715
124.53 0.249078398342
124.6 0.617360149652
124.67 0.643552056901
124.74 0.627438948068
124.81 0.607179275039
124.88 0.504541024864
124.95 0.563253438962
125.02 0.695759528848
125.09 0.592778898675
125.16 0.599090424605
125.23 0.568374661569
125.3 0.589616227246
125.37 0.655876128252
125.44 0.514625386633
125.51 0.635347291592
125.58 0.669930023536
125.65 0.403120811725
125.72 0.235985061777
125.79 0.1860903042
125.86 0.404899149635
125.93 0.530600265883
126.0 0.275599257217
126.07 0.202751143716
126.14 0.229470960412
126.21 0.509732635199
126.28 0.520496782871
126.35 0.375973341602
126.42 0.564082709683
126.49 0.339133438841
126.56 0.224469658848
126.63 0.18943829943
126.7 0.316262708635
126.77 0.383249696399
126.84 0.434122491726
126.91 0.262688855781
126.98 0.123041429419
127.05 0.411097968986
127.12 0.480199392528
127.19 0.270053617162
127.26 0.219174138298
127.33 0.273828818933
127.4 0.448879879696
127.47 0.426838918511
127.54 0.336676291853
127.61 0.5412111559
127.68 0.240271454265
127.75 0.12532446236
127.82 0.195685989674
127.89 0.37722574843
127.96 0.33484959717
128.03 0.396172132157
128.1 0.209845329618
128.17 0.127899424483
128.24 0.396649382173
128.31 0.594442786946
128.38 0.292285455614
128.45 0.20921193893
128.52 0.253564228166
128.59 0.619536757154
128.66 0.461354345459
128.73 0.236664139779
128.8 0.187022530062
128.87 0.393393171877
128.94 0.402905889545
129.01 0.222541025396
129.08 0.18666918056
129.15 0.351513473938
129.22 0.423050602772
129.29 0.253245610316
129.36 0.17552102711
129.43 0.560604242123
129.5 0.577927674241
129.57 0.660745608915
129.64 0.445292193651
129.71 0.435179464421
129.78 0.396042892721
129.85 0.322217710384
129.92 0.62180377729
129.99 0.722108015747
130.06 0.561819068886
130.13 0.424801032959
130.2 0.448544552016
130.27 0.542576388939
130.34 0.935520179961
130.41 0.573874348353
130.48 0.399515058379
130.55 0.251645148415
130.62 0.202242875562
130.69 0.55079677751
130.76 0.42399853099
130.83 0.270362251232
130.9 0.272569883791
130.97 0.438851639864
131.04 0.365602288725
131.11 0.160823996619
131.18 0.205986804114
131.25 0.309808220268
131.32 0.487181571843
131.39 0.427549713653
131.46 0.314664834133
131.53 0.378215073053
131.6 0.330065268327
131.67 0.303721761455
131.74 0.259689564204
131.81 0.339347491964
131.88 0.486624888583
131.95 0.33294810224
132.02 0.2851645237
132.09 0.269045043756
132.16 0.628725310428
132.23 0.60423694084
132.3 0.277819263219
132.37 0.194519642282
132.44 0.595114109672
132.51 0.527925814963
132.58 0.369577837425
132.65 0.773408334983
132.72 0.491202209699
132.79 0.283077166133
132.86 0.251685581836
132.93 0.816069852508
133.0 0.583885234717
133.07 0.630785334701
133.14 0.711141669332
133.21 0.423287833729
133.28 0.407077425055
133.35 0.596170964713
133.42 0.477024680846
133.49 0.475221445773
133.56 0.609558595403
133.63 0.392165973649
133.7 0.456119596649
133.77 0.428734080889
133.84 0.469015333852
133.91 0.461082887081
133.98 0.60776903192
134.05 0.578596562816
134.12 0.415934177301
134.19 0.444035002557
134.26 0.586084262718
134.33 0.487648774803
134.4 0.530352224601
134.47 0.55946287791
134.54 0.654090358368
134.61 0.505353752842
134.68 0.515198594839
134.75 0.328418734512
134.82 0.33560123505
134.89 0.445204649204
134.96 0.311724427877
135.03 0.2863710435
135.1 0.331105337407
135.17 0.5747614376
135.24 0.229151116588
135.31 0.197479813417
135.38 0.270915690603
135.45 0.314295730862
135.52 0.467873870771
135.59 0.468719399492
135.66 0.385455489009
135.73 0.546327014869
135.8 0.490195162828
135.87 0.377753491778
135.94 0.346882666729
136.01 0.236518286416
136.08 0.418737915114
136.15 0.483310479114
136.22 0.497684983467
136.29 0.33996194926
136.36 0.587057079202
136.43 0.379672870112
136.5 0.394250610344
136.57 0.250963513663
136.64 0.195239059779
136.71 0.61766452346
136.78 0.468529946925
136.85 0.414907387301
136.92 0.568082399199
136.99 0.499059777128
137.06 0.355020507687
137.13 0.574410489624
137.2 0.541095119416
137.27 0.532285539495
137.34 0.48387686339
137.41 0.461751014364
137.48 0.400243868421
137.55 0.776190091275
137.62 0.495099999005
137.69 0.448452077966
137.76 0.347479497679
137.83 0.193669098931
137.9 0.631365080119
137.97 0.498325502603
138.04 0.329451468509
138.11 0.248769962011
138.18 0.604279020428
138.25 0.47113250731
138.32 0.36364801165
138.39 0.236584365438
138.46 0.542637096415
138.53 0.611993360452
138.6 0.48218363973
138.67 0.800475316932
138.74 0.511355536384
138.81 0.368081816664
138.88 0.190717215974
138.95 0.701047196242
139.02 0.80776437045
139.09 0.426526762732
139.16 0.336817042593
139.23 0.163275234214
139.3 0.129925658336
139.37 0.34638154383
139.44 0.433796003913
139.51 0.353313722182
139.58 0.302237943092
139.65 0.199977351313
139.72 0.430725357669
139.79 0.350686321977
139.86 0.290648147255
139.93 0.329702865401
140.0 0.495478208101
140.07 0.358967470424
140.14 0.389769155469
140.21 0.680902653069
140.28 0.651456045251
140.35 0.632710085572
140.42 0.394223288915
140.49 0.29553441289
140.56 0.292392857878
140.63 0.714196828753
140.7 0.613692123735
140.77 0.440855850673
140.84 0.667088909329
140.91 0.40351357531
140.98 0.258687870094
141.05 0.247008688872
141.12 0.275915045439
141.19 0.301117035841
141.26 0.360915351671
141.33 0.270699753039
141.4 0.199708408159
141.47 0.219366756646
141.54 0.609257790761
141.61 0.497822257977
141.68 0.194636375791
141.75 0.161851891973
141.82 0.517242970145
141.89 0.707080698901
141.96 0.615515038661
142.03 0.853325568158
142.1 0.540894734917
142.17 0.260166361401
142.24 0.213848503274
142.31 0.323319591306
142.38 0.302691615845
142.45 0.391737989011
142.52 0.288977762309
142.59 0.189756688893
142.66 0.159326282234
142.73 0.607874120652
142.8 0.635326427291
142.87 0.381729770129
142.94 0.245484721831
143.01 0.48253846831
143.08 0.741894582354
143.15 0.507506882938
143.22 0.266034546378
143.29 0.178950992559
143.36 0.484273499669
143.43 0.472152705721
143.5 0.327247670085
143.57 0.524585375293
143.64 0.378456178682
143.71 0.230100036462
143.78 0.283646597548
143.85 0.746275365959
143.92 0.657034554269
143.99 0.573503664169
144.06 0.657419923449
144.13 0.651889977841
144.2 0.621678735828
144.27 0.836479097358
144.34 0.657561568952
144.41 0.647126661604
144.48 0.72924794433
144.55 0.536417480981
144.62 0.664288314559
144.69 0.422219097614
144.76 0.332785472803
144.83 0.336819249346
144.9 0.244653782203
144.97 0.243237013755
145.04 0.204631768412
145.11 0.279376773508
145.18 0.42343402028
145.25 0.243603797562
145.32 0.149481540095
145.39 0.17532823673
145.46 0.444447091055
145.53 0.382491952376
145.6 0.339334923751
145.67 0.505696338488
145.74 0.359641705828
145.81 0.215105295926
145.88 0.198464897553
145.95 0.288915320674
146.02 0.313974559229
146.09 0.351742792418
146.16 0.262725949411
146.23 0.205620024262
146.3 0.150720855694
146.37 0.535470512779
146.44 0.365632782857
146.51 0.176189113857
146.58 0.148217108832
146.65 0.414149855847
146.72 0.387973762676
146.79 0.298207633881
146.86 0.431560471541
146.93 0.403961996147
147.0 0.305577729238
147.07 0.239899218828
147.14 0.285173923165
147.21 0.346393255839
147.28 0.424232211565
147.35 0.316278463393
147.42 0.194399508671
147.49 0.15291530211
147.56 0.539632050668
147.63 0.420413169352
147.7 0.269231197067
147.77 0.219646061259
147.84 0.489046375539
147.91 0.700688158813
147.98 0.426283587777
148.05 0.181106257234
148.12 0.1754950938
148.19 0.514264145416
148.26 0.4550310393
148.33 0.238388574369
148.4 0.0989623602272
148.47 0.530833713127
148.54 0.633578724896
148.61 0.317541574756
148.68 0.225618120858
148.75 0.739585489551
148.82 0.860429731908
148.89 0.628579860449
148.96 0.432795633658
149.03 0.65122188615
149.1 0.404549110263
149.17 0.337206476273
149.24 0.774882401907
149.31 0.573317224137
149.38 0.341444063123
149.45 0.357165992251
149.52 0.562777225091
149.59 0.666987279031
149.66 0.905582767202
149.73 0.529644518124
149.8 0.36209756752
149.87 0.181652120283
149.94 0.356784367236
150.01 0.425623795141
150.08 0.309938973386
150.15 0.278326043396
150.22 0.370179418036
150.29 0.422399332633
150.36 0.362311791686
150.43 0.269001986354
150.5 0.203175666954
150.57 0.501087278481
150.64 0.508272995224
150.71 0.359222770659
150.78 0.346615621859
150.85 0.483731357056
150.92 0.322226548274
150.99 0.283594622173
151.06 0.358758215408
151.13 0.378841641788
151.2 0.444954990427
151.27 0.316669548184
151.34 0.282737304325
151.41 0.258766370015
151.48 0.683110653422
151.55 0.424205047338
151.62 0.271414570167
151.69 0.189925186198
151.76 0.760750285512
151.83 0.558794462918
151.9 0.409291113334
151.97 0.915308571055
152.04 0.45678394813
152.11 0.300201471365
152.18 0.287290867248
152.25 0.903326433804
152.32 0.486621390601
152.39 0.697805700602
152.46 0.680467810885
152.53 0.429587981828
152.6 0.422986663272
152.67 0.608679085445
152.74 0.402090116404
152.81 0.365118648812
152.88 0.405969986713
152.95 0.47711552257
153.02 0.418835779495
153.09 0.417279519897
153.16 0.542751415546
153.23 0.651191540322
153.3 0.581928468123
153.37 0.558643242951
153.44 0.403642491444
153.51 0.421203639966
153.58 0.556429028689
153.65 0.593425739487
153.72 0.483896249601
153.79 0.476539259315
153.86 0.673359893083
153.93 0.442608931535
154.0 0.468853336188
154.07 0.386675780256
154.14 0.419395912291
154.21 0.41253145814
154.28 0.320744760679
154.35 0.34240092118
154.42 0.34725725228
154.49 0.519631756216
154.56 0.230400820341
154.63 0.226899567456
154.7 0.186327333465
154.77 0.38452352515
154.84 0.514832365687
154.91 0.454735120758
154.98 0.397836788639
155.05 0.597538606198
155.12 0.4144127591
155.19 0.370250484994
155.26 0.356236786834
155.33 0.173385483812
155.4 0.537646775229
155.47 0.522907842126
155.54 0.409217089208
155.61 0.377278641309
155.68 0.683842754809
155.75 0.425874562238
155.82 0.356607261416
155.89 0.195800015164
155.96 0.45214948475
156.03 0.52760235056
156.1 0.418542695525
156.17 0.374869524827
156.24 0.538472347265
156.31 0.572788701703
156.38 0.299277315182
156.45 0.57437505007
156.52 0.4732060173
156.59 0.437761053725
156.66 0.405265996717
156.73 0.371751315727
156.8 0.382345958619
156.87 0.909722443201
156.94 0.513531086978
157.01 0.418674663741
157.08 0.227873783924
157.15 0.163062956775
157.22 0.616345938741
157.29 0.38348441312
157.36 0.234309611778
157.43 0.179697893631
157.5 0.699764143024
157.57 0.498016232806
157.64 0.34057442028
157.71 0.211864457764
157.78 0.733637289981
157.85 0.599312682858
157.92 0.515906769955
157.99 0.934574753126
158.06 0.519759490867
158.13 0.280759933454
158.2 0.183010045923
158.27 0.90884868148
158.34 0.642410350602
158.41 0.547272393259
158.48 0.562238656589
158.55 0.552852378389
158.62 0.507749078102
158.69 0.503329918537
158.76 0.472509838935
158.83 0.487609255919
158.9 0.498182550052
158.97 0.489883950258
159.04 0.694443626442
159.11 0.313342663439
159.18 0.18702528356
159.25 0.181855549944
159.32 0.136305823005
159.39 0.0825273184703
159.46 0.06363677787
159.53 0.0665799307036
159.6 0.0509355978346
159.67 0.0254758493166
159.74 0.322589782688
159.81 0.291076193192
159.88 0.257580681891
159.95 0.21074623777
160.02 0.210862566906
160.09 0.17990992093
160.16 0.882951991791
160.23 0.622649941738
160.3 0.354948835651
160.37 0.178622637113
160.44 0.107716448007
160.51 0.074723129366
160.58 0.447158507075
160.65 0.615459106552
160.72 0.388703391353
160.79 0.199438869815
160.86 0.187139698594
160.93 0.729273635411
161.0 0.41046374681
161.07 0.48503030938
161.14 0.226333023013
161.21 0.168945702174
161.28 0.100739589816
161.35 0.193206908623
161.42 0.253405559417
161.49 0.230185083481
161.56 0.218533021006
161.63 0.228477429907
161.7 0.216087551423
161.77 0.802704129186
161.84 0.590160161362
161.91 0.357130519082
161.98 0.23926395062
162.05 0.223608863781
162.12 0.11355602626
162.19 0.497807443463
162.26 0.546381599395
162.33 0.395885331304
162.4 0.263499081388
162.47 0.216804765133
162.54 0.500558028371
162.61 0.663282996904
162.68 0.448808740564
162.75 0.379265136789
162.82 0.368818751751
162.89 0.450319102258
162.96 0.461244718645
163.03 0.561710299266
163.1 0.476859408644
163.17 0.578039305127
163.24 0.443302540298
163.31 0.469269771951
163.38 0.818915127118
163.45 0.841939521329
163.52 0.709986242008
163.59 0.558223619655
163.66 0.369413288943
163.73 0.430333863561
163.8 0.527660546766
163.87 0.567856949459
163.94 0.522466185898
164.01 0.583858661726
164.08 0.540650100658
164.15 0.636786917539
164.22 0.901462571339
164.29 0.633404223283
164.36 0.568327279642
164.43 0.531992930095
164.5 0.54506044705
164.57 0.586434257598
164.64 0.578809911993
164.71 0.575681544113
164.78 0.542241137388
164.85 0.380226541826
164.92 0.402222748031
164.99 0.51302583828
165.06 0.794554792743
165.13 0.581474489865
165.2 0.580224309564
165.27 0.477163571862
165.34 0.433445584885
165.41 0.379667840652
165.48 0.52423388156
165.55 0.428905894257
165.62 0.398797330551
165.69 0.313941668516
165.76 0.320825252808
165.83 0.431553023748
165.9 0.802450398
165.97 0.293091140173
166.04 0.163296669977
166.11 0.142937001943
166.18 0.384920830771
166.25 0.266512970957
166.32 0.454113413407
166.39 0.449073369079
166.46 0.356235508459
166.53 0.30494872042
166.6 0.285402728516
166.67 0.34582857112
166.74 0.742552649728
166.81 0.398385380469
166.88 0.290502004206
166.95 0.211894290463
167.02 0.123787956767
167.09 0.159949673323
167.16 0.504649184463
167.23 0.460760577467
167.3 0.360202206416
167.37 0.313780522113
167.44 0.28407504687
167.51 0.480283762295
167.58 0.687310300323
167.65 0.377223808622
167.72 0.25708734986
167.79 0.221408285517
167.86 0.147881109832
167.93 0.350126572793
168.0 0.502452219857
168.07 0.481108865692
168.14 0.370642722596
168.21 0.356035582712
168.28 0.380912197575
168.35 0.782991710291
168.42 0.466475663968
168.49 0.395855175304
168.56 0.333487216498
168.63 0.390618860412
168.7 0.392166494688
168.77 0.504063213272
168.84 0.489132492319
168.91 0.436923025198
168.98 0.446129434193
169.05 0.444175002882
169.12 0.456636891533
169.19 0.735052495312
169.26 0.336174469951
169.33 0.292027659928
169.4 0.179069490878
169.47 0.151989382106
169.54 0.304456144736
169.61 0.48854566789
169.68 0.376645587763
169.75 0.297849550536
169.82 0.263752294501
169.89 0.25568847767
169.96 0.542135848941
170.03 0.642150974003
170.1 0.539151055497
170.17 0.307350574981
170.24 0.236334584064
170.31 0.185982981032
170.38 0.208161260229
170.45 0.604308427002
170.52 0.559598448909
170.59 0.430421824246
170.66 0.382661608425
170.73 0.359133618604
170.8 0.342138183038
170.87 0.828658309156
170.94 0.464481907556
171.01 0.345355401422
171.08 0.277841933855
171.15 0.260466445288
171.22 0.158492266795
171.29 0.510526491084
171.36 0.571707751326
171.43 0.454397335197
171.5 0.317760242091
171.57 0.484038953991
171.64 0.503224257355
171.71 0.789081231074
171.78 0.476320028428
171.85 0.467513652847
171.92 0.378169809886
171.99 0.512321352951
172.06 0.583899199948
172.13 0.598023218981
172.2 0.516497942639
172.27 0.497795249963
172.34 0.448251895159
172.41 0.434056348439
172.48 0.689037134462
172.55 0.591677511109
172.62 0.358555623166
172.69 0.232467925605
172.76 0.178584609172
172.83 0.143329992926
172.9 0.186548082978
172.97 0.402838373957
173.04 0.387843372407
173.11 0.416864142031
173.18 0.512282169232
173.25 0.501230999242
173.32 0.803735865596
173.39 0.651907548821
173.46 0.568312052845
173.53 0.557465875633
173.6 0.496859989815
173.67 0.448196834086
173.74 0.286676000635
173.81 0.340289370395
173.88 0.396695575696
173.95 0.371363809001
174.02 0.381870850103
174.09 0.340783248182
174.16 0.73975552921
174.23 0.59547722742
174.3 0.507444522375
174.37 0.399892002941
174.44 0.364556103616
174.51 0.227882097809
174.58 0.162133670286
174.65 0.380155678538
174.72 0.425296431349
174.79 0.620502523298
174.86 0.497968427721
174.93 0.620125050775
175.0 0.847035765699
175.07 0.628917799257
175.14 0.52076217762
175.21 0.53188012267
175.28 0.444066741448
175.35 0.308933595421
175.42 0.209106463621
175.49 0.324592442243
175.56 0.4038176011
175.63 0.423846766256
175.7 0.338983809675
175.77 0.412777631789
175.84 0.821404006076
175.91 0.562991004348
175.98 0.499091207548
176.05 0.393626676465
176.12 0.178660576072
176.19 0.0863925779346
176.26 0.0758591388394
176.33 0.138280937688
176.4 0.365024113346
176.47 0.601350144262
176.54 0.595847292685
176.61 0.775748908629
176.68 0.660307879759
176.75 0.511541232921
176.82 0.520983967234
176.89 0.552012154973
176.96 0.387093524054
177.03 0.711402619924
177.1 0.798672432844
177.17 0.535689697198
177.24 0.536573932101
177.31 0.87039165741
177.38 0.574781438777
177.45 0.647817422942
177.52 0.351308243874
177.59 0.30169900482
177.66 0.497895404148
177.73 0.480782355139
177.8 0.590410457843
177.87 0.76287058817
177.94 0.447639196741
178.01 0.542128741256
178.08 0.349727500384
178.15 0.517417959181
178.22 0.561840920888
178.29 0.643636622428
178.36 0.565154677822
178.43 0.501953186057
178.5 0.858318478719
178.57 0.798596713116
178.64 0.865824490128
178.71 0.604470354469
178.78 0.609997579205
178.85 0.583634432028
178.92 0.699409780116
178.99 0.655429451462
179.06 0.729870975536
179.13 0.546966931893
179.2 0.716184393995
179.27 0.66550097115
179.34 0.852250816859
179.41 0.635482411749
179.48 0.493437657044
179.55 0.387532166758
179.62 0.15359135769
179.69 0.0828530855293
179.76 0.0837879768962
179.83 0.0700486577011
179.9 0.0576893049871
179.97 0.0509416209273
180.04 0.0405088778187
180.11 0.0388687556512
180.18 0.0302290443461
180.25 0.0334438770239
180.32 0.402395559975
180.39 0.646530203389
180.46 0.45487513888
180.53 0.406563815015
180.6 0.41382811374
180.67 0.372221110041
180.74 0.71146515944
180.81 0.390531554239
180.88 0.296904009013
180.95 0.223432339311
181.02 0.656243289738
181.09 0.442820266753
181.16 0.39030460268
181.23 0.38721545609
181.3 0.331412289717
181.37 0.324334974802
181.44 0.424760675667
181.51 0.601937498629
181.58 0.396311529381
181.65 0.379451782468
181.72 0.395602524755
181.79 0.382652117011
181.86 0.347598449807
181.93 0.381359232271
182.0 0.40793737677
182.07 0.451046016983
182.14 0.431173903081
182.21 0.391215405631
182.28 0.340278159652
182.35 0.411984133809
182.42 0.416704447023
182.49 0.395658117743
182.56 0.358503493555
182.63 0.364884073473
182.7 0.762584478411
182.77 0.493503309941
182.84 0.461993114614
182.91 0.433927442192
182.98 0.423848634878
183.05 0.68141658641
183.12 0.456327096743
183.19 0.377851368023
183.26 0.366238070063
183.33 0.421960774956
183.4 0.380536933784
183.47 0.536093588476
183.54 0.368351472662
183.61 0.875439442183
183.68 0.384227253647
183.75 0.229591674383
183.82 0.14577617041
183.89 0.102444833955
183.96 0.0744679616149
184.03 0.0601837571843
184.1 0.0767883314035
184.17 0.0337792126141
184.24 0.0388963815963
184.31 0.035913963972
184.38 0.0619107742302
184.45 0.0326586514047
184.52 0.0254974719428
184.59 0.0364893621242
184.66 0.00657321803986
184.73 0.0101449782846
184.8 0.0249447127888
184.87 0.00382252833024
184.94 0.00502900264992
185.01 0.0133801512591
185.08 0.0180023657724
185.15 0.0430489036306
185.22 0.0365414442779
185.29 0.0
185.36 0.00182923759088
185.43 0.00359419161844
