0.0 7.29648702364e-07
0.07 1.49840568127e-06
0.14 3.486223509e-07
0.21 0.0
0.28 0.200498426046
0.35 0.397271186483
0.42 0.138414283974
0.49 0.318817976924
0.56 0.319567265803
0.63 0.174827092951
0.7 0.469850483751
0.77 0.194233239918
0.84 0.319943980187
0.91 0.319026655335
0.98 0.180338268155
1.05 0.480443834244
1.12 0.222004400296
1.19 0.293487928351
1.26 0.34943354818
1.33 0.195968381405
1.4 0.460142764764
1.47 0.293817831245
1.54 0.10074694741
1.61 0.433031261564
1.68 0.184846733966
1.75 0.365199875557
1.82 0.603823850847
1.89 0.49309601649
1.96 0.466586798627
2.03 0.417277889083
2.1 0.278947829811
2.17 0.378463985007
2.24 0.116286402089
2.31 0.0653256215164
2.38 0.520959206464
2.45 0.440160901506
2.52 0.671486023163
2.59 0.354434683298
2.66 0.398850721725
2.73 0.706495346716
2.8 0.383318985903
2.87 0.473972543029
2.94 0.341476753663
3.01 0.157678568461
3.08 0.391717168721
3.15 0.561246193054
3.22 0.549454639832
3.29 0.618658693942
3.36 0.546172779416
3.43 0.463516054744
3.5 0.443092689213
3.57 0.418386799795
3.64 0.492279831228
3.71 0.449579019236
3.78 0.402964276629
3.85 0.396288472592
3.92 0.402631543412
3.99 0.492108512394
4.06 0.492377498003
4.13 0.482475570666
4.2 0.533877284765
4.27 0.486951851482
4.34 0.403699478706
4.41 0.512808303045
4.48 0.377279060096
4.55 0.408782757965
4.62 0.529283728284
4.69 0.351156816395
4.76 0.358752525312
4.83 0.320727162533
4.9 0.310764656476
4.97 0.546234359308
5.04 0.316740620138
5.11 0.438494169333
5.18 0.450643933137
5.25 0.329672480196
5.32 0.308534568462
5.39 0.289346196492
5.46 0.29094230694
5.53 0.481285360551
5.6 0.41848573703
5.67 0.427867470655
5.74 0.459918944745
5.81 0.326436044601
5.88 0.453336273158
5.95 0.293161338485
6.02 0.442951340728
6.09 0.489741701845
6.16 0.397925659021
6.23 0.444026492058
6.3 0.351508047827
6.37 0.352308216573
6.44 0.563940315295
6.51 0.433043368369
6.58 0.441004732967
6.65 0.47912495343
6.72 0.344341667335
6.79 0.337594639306
6.86 0.358351772746
6.93 0.350308715427
7.0 0.562896297505
7.07 0.396533701599
7.14 0.498393085053
7.21 0.446659780817
7.28 0.389440940762
7.35 0.479603029763
7.42 0.372646048951
7.49 0.296980767863
7.56 0.311090954705
7.63 0.31584972466
7.7 0.414698654667
7.77 0.441865505017
7.84 0.304451033072
7.91 0.32964528877
7.98 0.314552453962
8.05 0.292006106813
8.12 0.45229788696
8.19 0.341204021482
8.26 0.315922824733
8.33 0.233966524824
8.4 0.238406679649
8.47 0.469013211307
8.54 0.392871468498
8.61 0.327824570551
8.68 0.502570988715
8.75 0.338792707949
8.82 0.433597227603
8.89 0.327734496369
8.96 0.26859359626
9.03 0.629690400167
9.1 0.385800937923
9.17 0.387386177386
9.24 0.379010958949
9.31 0.395092808549
9.38 0.571528921031
9.45 0.51615767999
9.52 0.38397227402
9.59 0.59510377451
9.66 0.390341733987
9.73 0.391463558251
9.8 0.475317482246
9.87 0.350034258012
9.94 0.484221595428
10.01 0.440071171476
10.08 0.448403112695
10.15 0.557683820143
10.22 0.358320985593
10.29 0.414823002226
10.36 0.382706059763
10.43 0.281259533446
10.5 0.323453164724
10.57 0.39680762379
10.64 0.340310410771
10.71 0.539797305714
10.78 0.428062232107
10.85 0.323995583111
10.92 0.395936348375
10.99 0.346776597797
11.06 0.506608569646
11.13 0.404640353445
11.2 0.44380842766
11.27 0.382982080392
11.34 0.429361524143
11.41 0.473689257199
11.48 0.46283063415
11.55 0.374883459152
11.62 0.496843425182
11.69 0.386211465323
11.76 0.442189012032
11.83 0.453003108633
11.9 0.372343197809
11.97 0.476487515842
12.04 0.596720246961
12.11 0.542965580052
12.18 0.535470205094
12.25 0.452860751154
12.32 0.484047558011
12.39 0.603254730446
12.46 0.477333472559
12.53 0.597105901498
12.6 0.629722587396
12.67 0.485703108569
12.74 0.288811261195
12.81 0.33649553248
12.88 0.3662032889
12.95 0.602187838784
13.02 0.484028455294
13.09 0.472687607082
13.16 0.493203188811
13.23 0.378649234208
13.3 0.532782887693
13.37 0.427260414108
13.44 0.369076842149
13.51 0.371409265349
13.58 0.354541095801
13.65 0.518265031706
13.72 0.470574848367
13.79 0.417602342519
13.86 0.440215539121
13.93 0.434967982752
14.0 0.506195035377
14.07 0.447595372586
14.14 0.433788088284
14.21 0.354302813542
14.28 0.332009222067
14.35 0.372150671116
14.42 0.594226646262
14.49 0.437602782207
14.56 0.394733136434
14.63 0.391107962336
14.7 0.45001422396
14.77 0.539726088425
14.84 0.383255594739
14.91 0.260609699707
14.98 0.52386081599
15.05 0.372977612272
15.12 0.341142640483
15.19 0.357378393443
15.26 0.311386328344
15.33 0.489759406721
15.4 0.425040329991
15.47 0.394996596602
15.54 0.343995298738
15.61 0.271519480852
15.68 0.235694378763
15.75 0.168617788081
15.82 0.0727434503484
15.89 0.475371539941
15.96 0.326576166204
16.03 0.190478615189
16.1 0.115536913199
16.17 0.0727229766069
16.24 0.275330903089
16.31 0.108839017456
16.38 0.0493669283485
16.45 0.442677512397
16.52 0.221435478788
16.59 0.173108483091
16.66 0.14753885945
16.73 0.0715082813591
16.8 0.402429546929
16.87 0.267088286292
16.94 0.208056637947
17.01 0.28774337283
17.08 0.0806939238504
17.15 0.128990417327
17.22 0.259231672653
17.29 0.242503719686
17.36 0.518630414747
17.43 0.37973277594
17.5 0.252113936153
17.57 0.130510880076
17.64 0.0722540773102
17.71 0.230575576898
17.78 0.15109489235
17.85 0.0535999411588
17.92 0.449346264653
17.99 0.355086428313
18.06 0.234256274693
18.13 0.219164888008
18.2 0.166994064956
18.27 0.341777735429
18.34 0.400460423975
18.41 0.215286096737
18.48 0.356015833153
18.55 0.195974238708
18.62 0.0913416851293
18.69 0.143259946932
18.76 0.211182886531
18.83 0.402773580203
18.9 0.454648729041
18.97 0.285583084151
19.04 0.267040033383
19.11 0.181540543732
19.18 0.184199862959
19.25 0.336318354109
19.32 0.184461496212
19.39 0.367181938882
19.46 0.393334601
19.53 0.257749728204
19.6 0.259738680172
19.67 0.233275529625
19.74 0.368976586406
19.81 0.405623194717
19.88 0.292110681227
19.95 0.387194266369
20.02 0.288535399234
20.09 0.178403106829
20.16 0.14898843342
20.23 0.18868262681
20.3 0.375663692734
20.37 0.397098161411
20.44 0.308244627521
20.51 0.497781240536
20.58 0.402361698538
20.65 0.219890593479
20.72 0.412282016822
20.79 0.230982250457
20.86 0.425305055032
20.93 0.381827840953
21.0 0.266392468483
21.07 0.233351675674
21.14 0.240320272203
21.21 0.193820524688
21.28 0.528705320226
21.35 0.335044347249
21.42 0.483559494541
21.49 0.332531450527
21.56 0.249772333682
21.63 0.204122205654
21.7 0.0545789587583
21.77 0.0937747529202
21.84 0.490208868087
21.91 0.38767241198
21.98 0.455411997453
22.05 0.522022516925
22.12 0.200782317494
22.19 0.376664100326
22.26 0.15358778463
22.33 0.233444691916
22.4 0.399539180473
22.47 0.18249374093
22.54 0.171704028898
22.61 0.109517369508
22.68 0.0831933874385
22.75 0.445911464058
22.82 0.246631695487
22.89 0.311689386201
22.96 0.272088691761
23.03 0.0895002931584
23.1 0.0705115600015
23.17 0.208112554961
23.24 0.310518474345
23.31 0.429996524112
23.38 0.233179460702
23.45 0.168317890173
23.52 0.088520807377
23.59 0.0688491945469
23.66 0.349506448242
23.73 0.180422222451
23.8 0.0585142067379
23.87 0.523593328787
23.94 0.340766032249
24.01 0.290284715796
24.08 0.238496637624
24.15 0.203422690438
24.22 0.416731596741
24.29 0.363103174701
24.36 0.268952778963
24.43 0.401211012366
24.5 0.195505125992
24.57 0.162384865164
24.64 0.253875090232
24.71 0.268889297291
24.78 0.420927154997
24.85 0.262529951842
24.92 0.176090409843
24.99 0.109223568022
25.06 0.0638971928331
25.13 0.353129120528
25.2 0.279536490941
25.27 0.0947920005361
25.34 0.481018357174
25.41 0.362011124126
25.48 0.262523476629
25.55 0.391802411355
25.62 0.369508160626
25.69 0.511668092303
25.76 0.469061340186
25.83 0.232421818295
25.9 0.441043269146
25.97 0.267466705797
26.04 0.115873949443
26.11 0.0962376424481
26.18 0.0468500101779
26.25 0.404801858336
26.32 0.325849364584
26.39 0.233873843795
26.46 0.267332092875
26.53 0.326035604901
26.6 0.346148671957
26.67 0.331985721345
26.74 0.21608740968
26.81 0.515532705148
26.88 0.447630395724
26.95 0.351247485024
27.02 0.308359749996
27.09 0.236304108081
27.16 0.488731495954
27.23 0.3835781274
27.3 0.371839692158
27.37 0.471520566945
27.44 0.443514733443
27.51 0.387729244127
27.58 0.341861253947
27.65 0.376506699569
27.72 0.431669367233
27.79 0.453337417355
27.86 0.386965605863
27.93 0.325530776272
28.0 0.331208815318
28.07 0.251243296527
28.14 0.410231301711
28.21 0.212753432457
28.28 0.191439893275
28.35 0.19348384377
28.42 0.144826908304
28.49 0.49237382406
28.56 0.414187563127
28.63 0.481377438195
28.7 0.382155863299
28.77 0.247555493318
28.84 0.355023717633
28.91 0.331459650217
28.98 0.225458382941
29.05 0.182623988251
29.12 0.192947445823
29.19 0.344589449554
29.26 0.473943310151
29.33 0.342136540458
29.4 0.420106338197
29.47 0.361147805569
29.54 0.289125577765
29.61 0.387500706533
29.68 0.337658089691
29.75 0.545953117166
29.82 0.599565774101
29.89 0.561208796602
29.96 0.531647447044
30.03 0.485814098975
30.1 0.503127241376
30.17 0.620231273498
30.24 0.624577105864
30.31 0.639242693924
30.38 0.572507520731
30.45 0.57587934471
30.52 0.782942575446
30.59 0.456500964061
30.66 0.487056518639
30.73 0.75917180738
30.8 0.383872810499
30.87 0.246511158192
30.94 0.131783422052
31.01 0.112263700181
31.08 0.645263464498
31.15 0.16543467718
31.22 0.0870411971334
31.29 0.0580797584807
31.36 0.0466453588015
31.43 0.531778582682
31.5 0.381600926911
31.57 0.34828399503
31.64 0.266838416809
31.71 0.264525219238
31.78 0.389240942153
31.85 0.536034106216
31.92 0.309477424314
31.99 0.288342021097
32.06 0.224962779396
32.13 0.0634659626283
32.2 0.330115112139
32.27 0.399812524979
32.34 0.439672902845
32.41 0.414265095844
32.48 0.233351601927
32.55 0.329900483683
32.62 0.191964377723
32.69 0.102475173438
32.76 0.0851012835923
32.83 0.0518534739142
32.9 0.387480352351
32.97 0.325557382191
33.04 0.210026851463
33.11 0.15442278656
33.18 0.085274296373
33.25 0.293654916222
33.32 0.280403314717
33.39 0.0621748386344
33.46 0.0847903493288
33.53 0.303674433207
33.6 0.395535596926
33.67 0.707842944178
33.74 0.530603087336
33.81 0.209490231158
33.88 0.435211009404
33.95 0.186175295754
34.02 0.329525868854
34.09 0.233924971721
34.16 0.0916450022179
34.23 0.512528412931
34.3 0.315270185814
34.37 0.290502865114
34.44 0.280512267023
34.51 0.223965787633
34.58 0.482836524415
34.65 0.379217715468
34.72 0.274573359012
34.79 0.452754759903
34.86 0.197985582957
34.93 0.124926938895
35.0 0.413532191098
35.07 0.498930921068
35.14 0.638410965916
35.21 0.423538053708
35.28 0.17063617629
35.35 0.120314038343
35.42 0.0724017479277
35.49 0.309834010228
35.56 0.236502794887
35.63 0.117342199291
35.7 0.532840950075
35.77 0.407491264119
35.84 0.273972931877
35.91 0.274298114962
35.98 0.303560338721
36.05 0.288217334973
36.12 0.302282950671
36.19 0.217834396506
36.26 0.464882169417
36.33 0.329383470032
36.4 0.150407333092
36.47 0.105988592842
36.54 0.104536275706
36.61 0.446087761934
36.68 0.464513239814
36.75 0.379581877213
36.82 0.452502017638
36.89 0.314033684908
36.96 0.327274209832
37.03 0.355332438368
37.1 0.226876561904
37.17 0.448578765843
37.24 0.315874692501
37.31 0.245823351993
37.38 0.269659066616
37.45 0.270126813894
37.52 0.365800136203
37.59 0.395419437523
37.66 0.288309347808
37.73 0.448354891072
37.8 0.52540861319
37.87 0.462878408821
37.94 0.453336175946
38.01 0.135099291026
38.08 0.282338629125
38.15 0.435554523097
38.22 0.335246038688
38.29 0.243217163036
38.36 0.156254498674
38.43 0.115567490284
38.5 0.340484282817
38.57 0.0908508058637
38.64 0.287887115859
38.71 0.377205618105
38.78 0.191316189326
38.85 0.168158226723
38.92 0.104605527525
38.99 0.0989628535343
39.06 0.4516085723
39.13 0.26132556777
39.2 0.359139178786
39.27 0.238084979436
39.34 0.0899253889507
39.41 0.0678912585432
39.48 0.485640184469
39.55 0.437634722496
39.62 0.510601958224
39.69 0.298914367093
39.76 0.328738208052
39.83 0.35551807977
39.9 0.176848375173
39.97 0.37303351029
40.04 0.42959735152
40.11 0.481767907519
40.18 0.543969473867
40.25 0.343659138519
40.32 0.301610774375
40.39 0.255095548922
40.46 0.401163987456
40.53 0.515030786175
40.6 0.316653966254
40.67 0.335315611194
40.74 0.646027763133
40.81 0.416571023745
40.88 0.174224234399
40.95 0.126884111478
41.02 0.406875278594
41.09 0.586506523861
41.16 0.252319880338
41.23 0.154259993331
41.3 0.080821190004
41.37 0.0833990824472
41.44 0.352019658948
41.51 0.625714822615
41.58 0.270381555151
41.65 0.568627848965
41.72 0.351160501512
41.79 0.286093700805
41.86 0.428870134236
41.93 0.361111544375
42.0 0.52859448737
42.07 0.345500926042
42.14 0.306223635819
42.21 0.632695784064
42.28 0.516339623983
42.35 0.116212542197
42.42 0.34950100437
42.49 0.0560857369629
42.56 0.476535684948
42.63 0.385718343477
42.7 0.266710067915
42.77 0.430861553377
42.84 0.555033117028
42.91 0.477136994812
42.98 0.3037550376
43.05 0.117295036945
43.12 0.526835912203
43.19 0.424874379048
43.26 0.380583241282
43.33 0.413617812524
43.4 0.373447432289
43.47 0.513204095564
43.54 0.49261096324
43.61 0.384896109841
43.68 0.467902425632
43.75 0.369652888067
43.82 0.341264199063
43.89 0.3184412536
43.96 0.281378181252
44.03 0.510459453251
44.1 0.420441488306
44.17 0.258930846203
44.24 0.275365903879
44.31 0.241008810285
44.38 0.433045063433
44.45 0.37724291064
44.52 0.310194355005
44.59 0.539637184138
44.66 0.3046180053
44.73 0.32470271662
44.8 0.7259208858
44.87 0.821558431858
44.94 0.770147883758
45.01 0.275775284849
45.08 0.286355244667
45.15 0.6639818589
45.22 0.676509113667
45.29 0.502798396639
45.36 0.378585381566
45.43 0.610116294327
45.5 0.72374821544
45.57 0.452064964769
45.64 0.315122567713
45.71 0.605117914666
45.78 0.707728659738
45.85 0.676892082024
45.92 0.587826657257
45.99 0.270804151366
46.06 0.442659309171
46.13 0.506464731639
46.2 0.434342701749
46.27 0.399979796664
46.34 0.36236157004
46.41 0.428532476728
46.48 0.482480439088
46.55 0.398428179145
46.62 0.605926756511
46.69 0.514011446825
46.76 0.404550081486
46.83 0.45912966486
46.9 0.454385697947
46.97 0.520756539553
47.04 0.620602196505
47.11 0.442985011837
47.18 0.389288686654
47.25 0.2847581364
47.32 0.299640144076
47.39 0.478265964718
47.46 0.17336301875
47.53 0.549356390903
47.6 0.210948701702
47.67 0.124072901291
47.74 0.711501280978
47.81 0.793245683305
47.88 0.823034578225
47.95 0.799299067946
48.02 0.468870348772
48.09 0.647134757539
48.16 0.711277972719
48.23 0.662063158805
48.3 0.686987740589
48.37 0.45590955306
48.44 0.228078415111
48.51 0.632001444548
48.58 0.580463074957
48.65 0.722726585463
48.72 0.651767367546
48.79 0.500764331598
48.86 0.525326861249
48.93 0.463299193763
49.0 0.27038998913
49.07 0.666530216772
49.14 0.405143036706
49.21 0.437206358369
49.28 0.627469712665
49.35 0.41449822028
49.42 0.471977686829
49.49 0.468715970527
49.56 0.480198818656
49.63 0.431421383886
49.7 0.308728814802
49.77 0.368376695613
49.84 0.438371173803
49.91 0.403955166384
49.98 0.345544903858
50.05 0.268144417591
50.12 0.415590746859
50.19 0.433648742142
50.26 0.26430511674
50.33 0.421050749442
50.4 0.218958194062
50.47 0.274269945829
50.54 0.705721801766
50.61 0.701473580306
50.68 0.696397664577
50.75 0.787931788126
50.82 0.749373103545
50.89 0.51239068699
50.96 0.334619979988
51.03 0.355760812552
51.1 0.700694640649
51.17 0.690963910352
51.24 0.656964867555
51.31 0.328571410135
51.38 0.13793246889
51.45 0.470367504106
51.52 0.548172842604
51.59 0.552655114808
51.66 0.555337211813
51.73 0.33217841341
51.8 0.443233566164
51.87 0.416599472223
51.94 0.253073123622
52.01 0.632144732804
52.08 0.547822137458
52.15 0.401903191987
52.22 0.391965772213
52.29 0.303052077503
52.36 0.623655714869
52.43 0.631107630474
52.5 0.570705605772
52.57 0.605247727327
52.64 0.351468212136
52.71 0.314484229015
52.78 0.456181100819
52.85 0.364163319627
52.92 0.453400237538
52.99 0.279313235199
53.06 0.317846900539
53.13 0.453567215353
53.2 0.335546658423
53.27 0.44301033277
53.34 0.359580781623
53.41 0.256184060757
53.48 0.541921054971
53.55 0.526660770815
53.62 0.441320136748
53.69 0.343981167242
53.76 0.30479158124
53.83 0.531634066426
53.9 0.581899633692
53.97 0.51393306043
54.04 0.573644206141
54.11 0.502084658301
54.18 0.335273576501
54.25 0.367235323914
54.32 0.210701128433
54.39 0.413091733575
54.46 0.811400413469
54.53 0.314543652365
54.6 0.584713403795
54.67 0.402769677197
54.74 0.480691003021
54.81 0.540937039334
54.88 0.114816437063
54.95 0.513551431811
55.02 0.420894512994
55.09 0.421526024505
55.16 0.626182892816
55.23 0.398076372263
55.3 0.413212695474
55.37 0.663788782456
55.44 0.520705620577
55.51 0.639962435942
55.58 0.5026287427
55.65 0.294500109769
55.72 0.474464116187
55.79 0.520608651047
55.86 0.449834694623
55.93 0.375438007809
56.0 0.313416424454
56.07 0.680169214808
56.14 0.655022038771
56.21 0.574824335259
56.28 0.446918290994
56.35 0.196051668626
56.42 0.621071499176
56.49 0.712559583345
56.56 0.678256165301
56.63 0.670870690188
56.7 0.607204374741
56.77 0.487389893231
56.84 0.506100967681
56.91 0.3094974444
56.98 0.600212455154
57.05 0.734008028203
57.12 0.642662070215
57.19 0.527025779533
57.26 0.318789575376
57.33 0.397416587703
57.4 0.421523760694
57.47 0.318237327403
57.54 0.445999789542
57.61 0.717229312692
57.68 0.386201401088
57.75 0.596942938427
57.82 0.539121085621
57.89 0.340675207188
57.96 0.649776221045
58.03 0.61690143393
58.1 0.673596042064
58.17 0.691178161134
58.24 0.320455891884
58.31 0.237577605416
58.38 0.263046617987
58.45 0.314687346229
58.52 0.650521925371
58.59 0.448788276702
58.66 0.697421407519
58.73 0.816081588133
58.8 0.754464986625
58.87 0.690888240306
58.94 0.47337682453
59.01 0.617713135149
59.08 0.498720136396
59.15 0.475216313604
59.22 0.64595445411
59.29 0.260108227686
59.36 0.488831034339
59.43 0.720864977865
59.5 0.795164219145
59.57 0.747897435416
59.64 0.729463343659
59.71 0.771724511579
59.78 0.718824409677
59.85 0.388426402791
59.92 0.472440971294
59.99 0.615419841456
60.06 0.616091757403
60.13 0.676619992335
60.2 0.409527889076
60.27 0.12141031373
60.34 0.533077444528
60.41 0.50407664954
60.48 0.662087155644
60.55 0.745570070592
60.62 0.405311121844
60.69 0.440723573511
60.76 0.327701496805
60.83 0.207681086754
60.9 0.54080519863
60.97 0.333191961383
61.04 0.370627498722
61.11 0.577805264192
61.18 0.395084802527
61.25 0.432477480546
61.32 0.518637292217
61.39 0.433903807439
61.46 0.61823021696
61.53 0.433926901435
61.6 0.312026375516
61.67 0.2098019163
61.74 0.206314705028
61.81 0.461386562156
61.88 0.283663201869
61.95 0.26171964176
62.02 0.532111331542
62.09 0.301493737829
62.16 0.348721674748
62.23 0.300502717341
62.3 0.229691976789
62.37 0.604160074757
62.44 0.761233004625
62.51 0.71056078503
62.58 0.550398817544
62.65 0.611873681719
62.72 0.681371183106
62.79 0.57486747951
62.86 0.468585455034
62.93 0.700990383023
63.0 0.688033105938
63.07 0.705686286982
63.14 0.494291040274
63.21 0.332358477972
63.28 0.56524636189
63.35 0.667471604388
63.42 0.60701097314
63.49 0.623397836011
63.56 0.409024627012
63.63 0.422500478727
63.7 0.463181709148
63.77 0.229689400112
63.84 0.509723547225
63.91 0.475950684352
63.98 0.40420572529
64.05 0.429756990388
64.12 0.388842622122
64.19 0.411215776592
64.26 0.55865085385
64.33 0.458260757171
64.4 0.570478187792
64.47 0.347244666881
64.54 0.269897085174
64.61 0.282701758411
64.68 0.267225250181
64.75 0.47565274521
64.82 0.36279562051
64.89 0.239616156735
64.96 0.474424034673
65.03 0.334131937749
65.1 0.211968710362
65.17 0.484876120484
65.24 0.255898362506
65.31 0.541543981908
65.38 0.797028134131
65.45 0.695912825864
65.52 0.6502469372
65.59 0.478201080735
65.66 0.375996779042
65.73 0.500018588164
65.8 0.312846562113
65.87 0.483063137882
65.94 0.427510352869
66.01 0.309820531281
66.08 0.279305980055
66.15 0.0989723110329
66.22 0.387091344559
66.29 0.594000580311
66.36 0.49728127139
66.43 0.581796145371
66.5 0.588243604002
66.57 0.390846085495
66.64 0.625563930593
66.71 0.566078993858
66.78 0.462838393232
66.85 0.648279945089
66.92 0.387651902482
66.99 0.442584636945
67.06 0.451264664172
67.13 0.329340460984
67.2 0.533636926415
67.27 0.385843150279
67.34 0.439149970436
67.41 0.464132652592
67.48 0.325467076711
67.55 0.398576529129
67.62 0.548787133064
67.69 0.498712915891
67.76 0.531054561102
67.83 0.319818100702
67.9 0.371257752064
67.97 0.497306096207
68.04 0.477760321519
68.11 0.590348660621
68.18 0.333929955792
68.25 0.36671551905
68.32 0.55862013374
68.39 0.501065085418
68.46 0.408831322623
68.53 0.292376124744
68.6 0.283179949835
68.67 0.476792395027
68.74 0.324619355653
68.81 0.395202360888
68.88 0.642543730805
68.95 0.507606476543
69.02 0.628556102597
69.09 0.514640010689
69.16 0.31212798664
69.23 0.262521811733
69.3 0.228413297049
69.37 0.342473755483
69.44 0.67449906893
69.51 0.587007551166
69.58 0.493422425339
69.65 0.618133981547
69.72 0.323970842098
69.79 0.674585692645
69.86 0.717201882147
69.93 0.798517081196
70.0 0.772616828364
70.07 0.488560674354
70.14 0.41745253212
70.21 0.37570382453
70.28 0.27859464073
70.35 0.687194942942
70.42 0.876322103476
70.49 0.884044401414
70.56 0.608258255638
70.63 0.324115991908
70.7 0.222111665359
70.77 0.174493203247
70.84 0.192496496108
70.91 0.611628908603
70.98 0.550394664246
71.05 0.518633479718
71.12 0.621043180314
71.19 0.281134190302
71.26 0.810366741495
71.33 0.835802091896
71.4 0.838855408014
71.47 0.783415882804
71.54 0.673016277507
71.61 0.469155719632
71.68 0.314044065362
71.75 0.214710107805
71.82 0.393962091063
71.89 0.333103866079
71.96 0.315033829916
72.03 0.387770546937
72.1 0.302701944455
72.17 0.391249774534
72.24 0.453418380426
72.31 0.365973974727
72.38 0.624805506021
72.45 0.47976602412
72.52 0.455674235208
72.59 0.745037060539
72.66 0.363650784432
72.73 0.676564571438
72.8 0.571324302059
72.87 0.455619276905
72.94 0.432650209513
73.01 0.419390521534
73.08 0.268286511368
73.15 0.352583735499
73.22 0.264039182694
73.29 0.322290233191
73.36 0.376657117822
73.43 0.181812923939
73.5 0.46791409219
73.57 0.289673178558
73.64 0.241780389764
73.71 0.418003920828
73.78 0.232302350332
73.85 0.348943949431
73.92 0.306385861419
73.99 0.186618743385
74.06 0.336701248719
74.13 0.225723705781
74.2 0.536021685428
74.27 0.480660648294
74.34 0.317470791774
74.41 0.53150444372
74.48 0.39753659983
74.55 0.317825893808
74.62 0.32641619771
74.69 0.289940946223
74.76 0.451837807139
74.83 0.389015437126
74.9 0.43158605096
74.97 0.265074763153
75.04 0.0901954584173
75.11 0.201818156068
75.18 0.471733130484
75.25 0.308728271756
75.32 0.254764478366
75.39 0.121840745008
75.46 0.0668263636379
75.53 0.342091098875
75.6 0.201102252248
75.67 0.310909220779
75.74 0.37241299044
75.81 0.194052849081
75.88 0.172457646505
75.95 0.205603576888
76.02 0.176037167836
76.09 0.124282958549
76.16 0.112238813909
76.23 0.319032054512
76.3 0.226823304253
76.37 0.0646196065043
76.44 0.122550483128
76.51 0.39073054065
76.58 0.352216732258
76.65 0.561910206894
76.72 0.274239080459
76.79 0.180195483838
76.86 0.0972468169983
76.93 0.0592201133643
77.0 0.357892574537
77.07 0.308541512975
77.14 0.237462262818
77.21 0.546412077373
77.28 0.442420414587
77.35 0.456088426495
77.42 0.324564659934
77.49 0.241408579557
77.56 0.179581574404
77.63 0.338743706396
77.7 0.396318998278
77.77 0.500420846957
77.84 0.249320766056
77.91 0.14803365513
77.98 0.467211024824
78.05 0.492252655445
78.12 0.686195954422
78.19 0.389206133552
78.26 0.202549108752
78.33 0.104957052827
78.4 0.079506639035
78.47 0.320915597384
78.54 0.261715481757
78.61 0.132015554255
78.68 0.523885901156
78.75 0.369007071866
78.82 0.330689537857
78.89 0.36260901481
78.96 0.559839502985
79.03 0.713413750565
79.1 0.464205687857
79.17 0.298280769435
79.24 0.485870591439
79.31 0.314723811904
79.38 0.268095933385
79.45 0.243705039903
79.52 0.0991347679311
79.59 0.388853970226
79.66 0.499824761958
79.73 0.285683787963
79.8 0.351175877769
79.87 0.280130066306
79.94 0.337709747255
80.01 0.413939149589
80.08 0.296872780972
80.15 0.490259204908
80.22 0.477964210843
80.29 0.366551601737
80.36 0.322215143065
80.43 0.284361408634
80.5 0.289157828685
80.57 0.452578704499
80.64 0.339175020404
80.71 0.472300683202
80.78 0.583739490384
80.85 0.418089231623
80.92 0.203346776803
80.99 0.0710217419949
81.06 0.314013611189
81.13 0.386902200173
81.2 0.256937577799
81.27 0.183656176346
81.34 0.124060687218
81.41 0.129550029947
81.48 0.350283426898
81.55 0.14358562725
81.62 0.326920268755
81.69 0.335942084442
81.76 0.160492849205
81.83 0.191884802437
81.9 0.146847189354
81.97 0.196453855907
82.04 0.454544450732
82.11 0.302019119534
82.18 0.404841435912
82.25 0.210885068066
82.32 0.0670122408068
82.39 0.307344522602
82.46 0.438742582871
82.53 0.557404060763
82.6 0.545117905169
82.67 0.407879218222
82.74 0.44729026769
82.81 0.0896964077567
82.88 0.152941673441
82.95 0.532064515583
83.02 0.287346052853
83.09 0.342196844303
83.16 0.457935834436
83.23 0.325914181524
83.3 0.321695808618
83.37 0.409597444822
83.44 0.300825704775
83.51 0.492739361299
83.58 0.349883384986
83.65 0.392559648153
83.72 0.385451985945
83.79 0.228689242813
83.86 0.238766379699
83.93 0.405469350578
84.0 0.365143361863
84.07 0.513641615497
84.14 0.378824168881
84.21 0.348726561048
84.28 0.374190586755
84.35 0.16462192339
84.42 0.381390314316
84.49 0.456362712951
84.56 0.335066379735
84.63 0.438588913044
84.7 0.364155480093
84.77 0.372066867666
84.84 0.481738386357
84.91 0.219926314979
84.98 0.474195021075
85.05 0.403831075822
85.12 0.401001388651
85.19 0.439505112695
85.26 0.253811659959
85.33 0.0869444946567
85.4 0.0843991939337
85.47 0.158043458737
85.54 0.549880796018
85.61 0.38012114906
85.68 0.223287016563
85.75 0.483394103405
85.82 0.460138377932
85.89 0.500689223594
85.96 0.646757065448
86.03 0.429687074846
86.1 0.687319614541
86.17 0.491187062178
86.24 0.41155782093
86.31 0.318391003934
86.38 0.288395794978
86.45 0.535116598114
86.52 0.421002845155
86.59 0.320826923277
86.66 0.553443390169
86.73 0.317949267012
86.8 0.29213709384
86.87 0.296272268916
86.94 0.295368348147
87.01 0.476501515488
87.08 0.444895028777
87.15 0.287295007613
87.22 0.426417536889
87.29 0.411328053101
87.36 0.504804339477
87.43 0.45137142865
87.5 0.260702836627
87.57 0.554698502145
87.64 0.292242801277
87.71 0.244146753361
87.78 0.492553433848
87.85 0.469683310395
87.92 0.58198834132
87.99 0.556215413862
88.06 0.395927180277
88.13 0.515346800045
88.2 0.301697526589
88.27 0.23593153247
88.34 0.40546195241
88.41 0.338990043843
88.48 0.507853633029
88.55 0.525519244918
88.62 0.415359946571
88.69 0.439354941382
88.76 0.510949358162
88.83 0.403337832182
88.9 0.501009403054
88.97 0.437381746698
89.04 0.753819284397
89.11 0.542474488484
89.18 0.560990879698
89.25 0.447421935201
89.32 0.602486439415
89.39 0.535579357411
89.46 0.687060250686
89.53 0.71777679616
89.6 0.790622722484
89.67 0.633273203241
89.74 0.477442639402
89.81 0.913084491281
89.88 0.453023732103
89.95 0.524050245308
90.02 0.685645804887
90.09 0.371990003142
90.16 0.236402676582
90.23 0.102864358893
90.3 0.162394871296
90.37 0.283534678664
90.44 0.111141899381
90.51 0.0314250891159
90.58 0.0276502308827
90.65 0.0215222857536
90.72 0.119579952528
90.79 0.211720251011
90.86 0.103176561382
90.93 0.0789823724751
91.0 0.0587506900167
91.07 0.0486482299636
91.14 0.136590629283
91.21 0.118111544012
91.28 0.0445393557621
91.35 0.0354952025458
91.42 0.0312471252274
91.49 0.131567799128
91.56 0.176767391988
91.63 0.0732733462653
91.7 0.0285472060223
91.77 0.0177774503856
91.84 0.0527441123956
91.91 0.123903659666
91.98 0.0501152965068
92.05 0.137850544872
92.12 0.0981531703027
92.19 0.0594084353591
92.26 0.188991819079
92.33 0.0996485411817
92.4 0.148618216596
92.47 0.0980314731677
92.54 0.114038018105
92.61 0.0757483615937
92.68 0.038431921248
92.75 0.127483062555
92.82 0.255599203186
92.89 0.153835704287
92.96 0.134560252711
93.03 0.126153280588
93.1 0.080424709179
93.17 0.0318795708671
93.24 0.0197556799813
93.31 0.0481238784829
93.38 0.0613814769626
93.45 0.041311596618
93.52 0.144842535972
93.59 0.25458521273
93.66 0.191092045268
93.73 0.22569275996
93.8 0.188608535622
93.87 0.14454137766
93.94 0.111860475972
94.01 0.114329562485
94.08 0.301692933042
94.15 0.261878396781
94.22 0.135203686659
94.29 0.057100978883
94.36 0.0353920259733
94.43 0.137022042738
94.5 0.304638034324
94.57 0.215615274453
94.64 0.174203227668
94.71 0.0671273766903
94.78 0.0602714097631
94.85 0.213239901426
94.92 0.182591840131
94.99 0.19962854065
95.06 0.283326415917
95.13 0.113841144807
95.2 0.235307101792
95.27 0.165488791861
95.34 0.184759745985
95.41 0.432994299773
95.48 0.431810602863
95.55 0.337657009185
95.62 0.0913434416496
95.69 0.0662009351403
95.76 0.422925289588
95.83 0.464828988865
95.9 0.427727095407
95.97 0.311422849888
96.04 0.207105071005
96.11 0.180010582141
96.18 0.204915428771
96.25 0.141618790454
96.32 0.112081808704
96.39 0.0342822749921
96.46 0.0299253783356
96.53 0.0705414878895
96.6 0.0856601475684
96.67 0.127762168268
96.74 0.095706488362
96.81 0.107428096989
96.88 0.117942477815
96.95 0.0818702739917
97.02 0.0942110504402
97.09 0.140456769585
97.16 0.0590620578233
97.23 0.101288172436
97.3 0.0708212215699
97.37 0.121921359457
97.44 0.202921999464
97.51 0.0665421682617
97.58 0.175467409411
97.65 0.0744549704371
97.72 0.0958029025548
97.79 0.158916064951
97.86 0.0433553292248
97.93 0.15574679838
98.0 0.0338681194609
98.07 0.0388914446148
98.14 0.224934814744
98.21 0.0662964118519
98.28 0.132919078355
98.35 0.262587373966
98.42 0.172029161701
98.49 0.134687968051
98.56 0.078164651934
98.63 0.0530827453753
98.7 0.319199140713
98.77 0.297742840678
98.84 0.118301946567
98.91 0.0934939621989
98.98 0.228097983776
99.05 0.671200184122
99.12 0.607339445789
99.19 0.512983929376
99.26 0.229102467567
99.33 0.165224179675
99.4 0.60156825865
99.47 0.793955843795
99.54 0.670395240813
99.61 0.749730019086
99.68 0.701620742516
99.75 0.449205237973
99.82 0.6030302143
99.89 0.357526561294
99.96 0.560810409528
100.03 0.60367050506
100.1 0.45685189827
100.17 0.383574016562
100.24 0.303043139586
100.31 0.186877644645
100.38 0.0751583517862
100.45 0.117466399356
100.52 0.566283885471
100.59 0.711074510234
100.66 0.535024816576
100.73 0.763662810786
100.8 0.609876936031
100.87 0.453590450139
100.94 0.570715522514
101.01 0.699193058259
101.08 0.785764649912
101.15 0.718694498686
101.22 0.568101727555
101.29 0.538228893982
101.36 0.485479219273
101.43 0.719587834521
101.5 0.738549426534
101.57 0.436507871141
101.64 0.381380462382
101.71 0.33667061353
101.78 0.118489803732
101.85 0.563868411935
101.92 0.47218634401
101.99 0.574291611255
102.06 0.645232072843
102.13 0.643622535966
102.2 0.653453606927
102.27 0.557884627735
102.34 0.259071614769
102.41 0.597303753621
102.48 0.602826933948
102.55 0.658718764254
102.62 0.609257960399
102.69 0.560876525981
102.76 0.525248240204
102.83 0.486984432029
102.9 0.337047790509
102.97 0.547309881608
103.04 0.442134658232
103.11 0.464689931007
103.18 0.289792342594
103.25 0.109775645036
103.32 0.373369556536
103.39 0.345834832507
103.46 0.334494480411
103.53 0.449897205292
103.6 0.355412336577
103.67 0.325325782978
103.74 0.340826323803
103.81 0.271605924669
103.88 0.438059136686
103.95 0.414539794613
104.02 0.411842939262
104.09 0.350137309438
104.16 0.272799911526
104.23 0.505392778249
104.3 0.389535762689
104.37 0.300872229098
104.44 0.422387240154
104.51 0.299201791695
104.58 0.25810557553
104.65 0.223518312967
104.72 0.149355519347
104.79 0.451698054271
104.86 0.290160864353
104.93 0.208312113322
105.0 0.468230919512
105.07 0.297970986072
105.14 0.361195002554
105.21 0.343629150293
105.28 0.257492415858
105.35 0.558236539651
105.42 0.596196469813
105.49 0.446736820769
105.56 0.468413798752
105.63 0.476472817834
105.7 0.626025574746
105.77 0.416038443883
105.84 0.251784027671
105.91 0.602333821041
105.98 0.628715648722
106.05 0.391029902216
106.12 0.140366866362
106.19 0.0511889527834
106.26 0.495417701674
106.33 0.488274486691
106.4 0.263566903325
106.47 0.548138725661
106.54 0.507165316188
106.61 0.391309466055
106.68 0.453031345926
106.75 0.16126835739
106.82 0.364367262585
106.89 0.444189002591
106.96 0.362150194275
107.03 0.597933528724
107.1 0.399447442513
107.17 0.554990048759
107.24 0.603570582296
107.31 0.44113263491
107.38 0.45139939442
107.45 0.330868127478
107.52 0.295582126277
107.59 0.345564310502
107.66 0.283960838201
107.73 0.423656399822
107.8 0.412743149215
107.87 0.248597543402
107.94 0.493034610909
108.01 0.358212821039
108.08 0.295408168194
108.15 0.47107100725
108.22 0.305118261613
108.29 0.372557771514
108.36 0.451665587697
108.43 0.340190623238
108.5 0.352878318033
108.57 0.320115101245
108.64 0.265550034864
108.71 0.53686180272
108.78 0.312729372486
108.85 0.459835737976
108.92 0.399371340041
108.99 0.301647023278
109.06 0.291379925202
109.13 0.124369806857
109.2 0.278492420634
109.27 0.452719762465
109.34 0.240158070067
109.41 0.443089263328
109.48 0.489884776682
109.55 0.313142186045
109.62 0.419099126883
109.69 0.153346902229
109.76 0.25278970259
109.83 0.563354825287
109.9 0.357580766483
109.97 0.338044036981
110.04 0.35974070207
110.11 0.41163271775
110.18 0.537311650699
110.25 0.339176887545
110.32 0.34468622019
110.39 0.364079911729
110.46 0.281128102819
110.53 0.285948307406
110.6 0.306072191811
110.67 0.253415395906
110.74 0.482907070159
110.81 0.322674197133
110.88 0.275143762164
110.95 0.258379239606
111.02 0.119929408443
111.09 0.431014848882
111.16 0.265555366998
111.23 0.221077855947
111.3 0.631502360366
111.37 0.5740492338
111.44 0.574687708819
111.51 0.59559271177
111.58 0.416568213536
111.65 0.399700703242
111.72 0.297947284222
111.79 0.281304506846
111.86 0.467906547645
111.93 0.336598722461
112.0 0.504428693307
112.07 0.462380880031
112.14 0.377898334068
112.21 0.317170212265
112.28 0.264920849737
112.35 0.203415900123
112.42 0.595595044858
112.49 0.517506170238
112.56 0.480490865857
112.63 0.718112202148
112.7 0.442781439849
112.77 0.726301267424
112.84 0.828070325285
112.91 0.784795518884
112.98 0.762018859743
113.05 0.742222003216
113.12 0.300133226814
113.19 0.0585460710443
113.26 0.0861407894045
113.33 0.357775120091
113.4 0.156667583756
113.47 0.0696763480043
113.54 0.0192729095376
113.61 0.0376274639995
113.68 0.31607170212
113.75 0.213155457718
113.82 0.0972442436737
113.89 0.0218127652711
113.96 0.0102302167361
114.03 0.201708065152
114.1 0.201686343298
114.17 0.137241853599
114.24 0.0351893076631
114.31 0.0079865603849
114.38 0.0312512762916
114.45 0.146292389286
114.52 0.156080342814
114.59 0.19467986761
114.66 0.190847198405
114.73 0.0874292450966
114.8 0.100135481685
114.87 0.130824313917
114.94 0.112135431738
115.01 0.119674372198
115.08 0.0594684241032
115.15 0.0936032888273
115.22 0.145821970354
115.29 0.133555537622
115.36 0.0865731984444
115.43 0.0310296586275
115.5 0.0596098575093
115.57 0.18311130196
115.64 0.105689180994
115.71 0.0917479363191
115.78 0.0982668368324
115.85 0.0803774473855
115.92 0.180069883697
115.99 0.201706848326
116.06 0.146043208109
116.13 0.164624363747
116.2 0.138648140294
116.27 0.0802464357764
116.34 0.0774120712556
116.41 0.0654089556668
116.48 0.0205512551815
116.55 0.0408017219039
116.62 0.0962899648526
116.69 0.182308300656
116.76 0.304613884405
116.83 0.189182374715
116.9 0.118310595083
116.97 0.0693467322758
117.04 0.106793840078
117.11 0.085597754224
117.18 0.118852363155
117.25 0.0751968175696
117.32 0.0289897418711
117.39 0.11747458416
117.46 0.121521419226
117.53 0.102875193003
117.6 0.120803193492
117.67 0.101760528905
117.74 0.162311881298
117.81 0.132665063395
117.88 0.100161703226
117.95 0.0575487138978
118.02 0.0390842160141
118.09 0.0875036938466
118.16 0.137671796583
118.23 0.11961217663
118.3 0.14055537049
118.37 0.126913096298
118.44 0.100939738923
118.51 0.0592488668866
118.58 0.0484426723926
118.65 0.0461958873792
118.72 0.0313282391451
118.79 0.048932205216
118.86 0.121453188692
118.93 0.175854645039
119.0 0.167436234304
119.07 0.164450683891
119.14 0.143000968572
119.21 0.107181759542
119.28 0.161667039452
119.35 0.101860151094
119.42 0.126784672539
119.49 0.0981575850684
119.56 0.0775718308001
119.63 0.103427654395
119.7 0.0883638088768
119.77 0.0508332451302
119.84 0.0560337162508
119.91 0.0491499299305
119.98 0.116331153131
120.05 0.109942249646
120.12 0.0957861899122
120.19 0.0676483559202
120.26 0.0493740829284
120.33 0.212738776909
120.4 0.200433821407
120.47 0.142425322676
120.54 0.152946650249
120.61 0.198019713309
120.68 0.0985356872382
120.75 0.0618384091267
120.82 0.0469281786837
120.89 0.0400395015941
120.96 0.0377681878697
121.03 0.0853311910937
121.1 0.225891758515
121.17 0.381045159193
121.24 0.328929304499
121.31 0.282789162057
121.38 0.212637924486
121.45 0.370115799327
121.52 0.259545250636
121.59 0.0612838303004
121.66 0.302113076609
121.73 0.139224882339
121.8 0.198991340562
121.87 0.250135785892
121.94 0.120242455671
122.01 0.113614818506
122.08 0.0621047901242
122.15 0.0850493332751
122.22 0.235316847575
122.29 0.205828097503
122.36 0.155818354235
122.43 0.136142342282
122.5 0.101471022625
122.57 0.209387142858
122.64 0.233984104553
122.71 0.210376416882
122.78 0.209745788101
122.85 0.171083693416
122.92 0.125005047063
122.99 0.0596705077419
123.06 0.0505854159817
123.13 0.0448506554086
123.2 0.0368137961932
123.27 0.104731329911
123.34 0.189236727398
123.41 0.224193388863
123.48 0.266126308727
123.55 0.190964575751
123.62 0.102187123103
123.69 0.149080336752
123.76 0.191791312426
123.83 0.179830655017
123.9 0.230612924185
123.97 0.15308697745
124.04 0.11196802038
124.11 0.198788251282
124.18 0.171305396001
124.25 0.181963582429
124.32 0.0939850548839
124.39 0.0958821929095
124.46 0.168818672772
124.53 0.103496781068
124.6 0.0976261717503
124.67 0.0578596928564
124.74 0.0771568707557
124.81 0.171185233028
124.88 0.212492114305
124.95 0.19766623371
125.02 0.160161889269
125.09 0.141800538906
125.16 0.128386359826
125.23 0.136556693355
125.3 0.115846906629
125.37 0.105851968637
125.44 0.116690758203
125.51 0.144258427044
125.58 0.242505387933
125.65 0.228425394915
125.72 0.170053819413
125.79 0.159488889464
125.86 0.150940161013
125.93 0.183236852936
126.0 0.130918421839
126.07 0.151304561877
126.14 0.152512286913
126.21 0.0737271061895
126.28 0.149814919802
126.35 0.220030236843
126.42 0.178673851192
126.49 0.164714596597
126.56 0.0794371693273
126.63 0.162145743753
126.7 0.131263888711
126.77 0.0917261284267
126.84 0.107139006374
126.91 0.0443271196148
126.98 0.116568371645
127.05 0.186144514188
127.12 0.132206169113
127.19 0.126144920356
127.26 0.137611520673
127.33 0.080356422776
127.4 0.0647201214792
127.47 0.0410742909481
127.54 0.0143207647992
127.61 0.0108010612534
127.68 0.0426422937183
127.75 0.205877629812
127.82 0.265911792009
127.89 0.206296222456
127.96 0.164760779002
128.03 0.132986688744
128.1 0.135394842328
128.17 0.177923205815
128.24 0.120195628538
128.31 0.135790457184
128.38 0.108812693116
128.45 0.0765885828024
128.52 0.110475016111
128.59 0.0775206492399
128.66 0.0422990057363
128.73 0.0583674680148
128.8 0.104062681181
128.87 0.174747399223
128.94 0.148328290181
129.01 0.071323304798
129.08 0.021566913884
129.15 0.11364684595
129.22 0.304276797878
129.29 0.27357341625
129.36 0.322758950355
129.43 0.253753025479
129.5 0.179751686468
129.57 0.114814415724
129.64 0.0888535986975
129.71 0.0740800885545
129.78 0.069471399405
129.85 0.0693449187692
129.92 0.0671159470171
129.99 0.307463415115
130.06 0.337356552588
130.13 0.308957600455
130.2 0.274453895518
130.27 0.173939176406
130.34 0.246172855956
130.41 0.196650494556
130.48 0.134036094537
130.55 0.259059369409
130.62 0.235698340991
130.69 0.215286710178
130.76 0.272951016967
130.83 0.0859368822027
130.9 0.0411019717862
130.97 0.106602012864
131.04 0.22991024008
131.11 0.344567310917
131.18 0.405169485074
131.25 0.290812828375
131.32 0.0793219071799
131.39 0.107076693481
131.46 0.23405017184
131.53 0.234214922718
131.6 0.185074119542
131.67 0.17623401767
131.74 0.112407582883
131.81 0.25080960697
131.88 0.22862730536
131.95 0.202206891219
132.02 0.311717697241
132.09 0.242799768222
132.16 0.270504328322
132.23 0.557136504283
132.3 0.604512882811
132.37 0.598304957904
132.44 0.432801789841
132.51 0.512684688487
132.58 0.410922982982
132.65 0.403232116923
132.72 0.285658331827
132.79 0.356923868114
132.86 0.38891930563
132.93 0.373150188157
133.0 0.397009768884
133.07 0.506212679914
133.14 0.534484144653
133.21 0.442466693087
133.28 0.33739828894
133.35 0.439155561802
133.42 0.43751668813
133.49 0.416030158515
133.56 0.323356882382
133.63 0.0725957138055
133.7 0.330368515893
133.77 0.382065852807
133.84 0.382442747089
133.91 0.396071098735
133.98 0.405953917768
134.05 0.342797720624
134.12 0.349741636479
134.19 0.295886552924
134.26 0.393540599936
134.33 0.286916724428
134.4 0.282941819539
134.47 0.455879593885
134.54 0.556454205647
134.61 0.602742816515
134.68 0.557151798971
134.75 0.444960039023
134.82 0.386594632573
134.89 0.346533627014
134.96 0.259842196428
135.03 0.353431897923
135.1 0.278938168949
135.17 0.305125069805
135.24 0.402213236816
135.31 0.261630650318
135.38 0.138652437735
135.45 0.143191477279
135.52 0.197948319474
135.59 0.360168833782
135.66 0.191326235684
135.73 0.0982565412992
135.8 0.0710889154881
135.87 0.211615866552
135.94 0.406029412385
136.01 0.3931690836
136.08 0.421483852374
136.15 0.376623994229
136.22 0.285345980726
136.29 0.284954883435
136.36 0.31739462226
136.43 0.301603259999
136.5 0.350189597204
136.57 0.267033206195
136.64 0.444994770525
136.71 0.528828543701
136.78 0.541959990054
136.85 0.494968126336
136.92 0.397323834045
136.99 0.369910297625
137.06 0.421853383127
137.13 0.337343174205
137.2 0.314173153962
137.27 0.332984926637
137.34 0.222534843728
137.41 0.259069445935
137.48 0.248887180416
137.55 0.218687317848
137.62 0.183460733293
137.69 0.0715757051453
137.76 0.27924252967
137.83 0.392553923819
137.9 0.25778271436
137.97 0.148558693799
138.04 0.0704447585956
138.11 0.144840343673
138.18 0.334618157543
138.25 0.303199481067
138.32 0.273592392703
138.39 0.272172209161
138.46 0.215366193839
138.53 0.143902705983
138.6 0.102796994328
138.67 0.0866306261551
138.74 0.0528963609162
138.81 0.0455630741217
138.88 0.202519355175
138.95 0.285885900653
139.02 0.294458670639
139.09 0.211525260497
139.16 0.101504937322
139.23 0.126846363052
139.3 0.195335676534
139.37 0.10976327006
139.44 0.227899728278
139.51 0.142053109095
139.58 0.268242435223
139.65 0.404148651788
139.72 0.425731292786
139.79 0.353440073787
139.86 0.218013405144
139.93 0.205827529875
140.0 0.399844052954
140.07 0.451240947796
140.14 0.396006922053
140.21 0.29441386261
140.28 0.300889235612
140.35 0.379335117397
140.42 0.33961331915
140.49 0.342565149291
140.56 0.322994120713
140.63 0.326827434646
140.7 0.520672762921
140.77 0.772839882978
140.84 0.697267822612
140.91 0.605720134078
140.98 0.395021589026
141.05 0.617265386725
141.12 0.767023141401
141.19 0.734724288466
141.26 0.866169756905
141.33 0.760051987191
141.4 0.660595996167
141.47 0.850024506084
141.54 0.756114487692
141.61 0.661306622604
141.68 0.778275508813
141.75 0.661197854665
141.82 0.801503831675
141.89 0.776744562811
141.96 0.803209839732
142.03 0.703209446973
142.1 0.720959846722
142.17 0.780693884183
142.24 0.781274629799
142.31 0.789163191547
142.38 0.79656913705
142.45 0.726450623049
142.52 0.754335692428
142.59 0.781102999217
142.66 0.85617586478
142.73 0.825596560304
142.8 0.817502021968
142.87 0.8674072601
142.94 0.875490102827
143.01 0.580231827718
143.08 0.744266141431
143.15 1.0
143.22 0.636233860678
143.29 0.550512380158
143.36 0.593126677937
143.43 0.612849781841
143.5 0.576507606881
143.57 0.678856239344
143.64 0.601990470486
143.71 0.632694558298
143.78 0.636697199895
143.85 0.672561068342
143.92 0.66406410137
143.99 0.569871372599
144.06 0.416653741102
144.13 0.738104877168
144.2 0.626782802605
144.27 0.465182143306
144.34 0.41874762728
144.41 0.805531815435
144.48 0.80736426055
144.55 0.770510866668
144.62 0.695064347222
144.69 0.615358769971
144.76 0.624175526437
144.83 0.440217930312
144.9 0.423163079083
144.97 0.506586439948
145.04 0.511406890359
145.11 0.372264270603
145.18 0.594730455841
145.25 0.616371211738
145.32 0.4172044348
145.39 0.373074838799
145.46 0.620084815237
145.53 0.557903924876
145.6 0.453828915648
145.67 0.341531968963
145.74 0.376048962892
145.81 0.432381629513
145.88 0.440063721908
145.95 0.478367900999
146.02 0.488556912138
146.09 0.377246288478
146.16 0.506475921076
146.23 0.520341777285
146.3 0.566738979546
146.37 0.615170979849
146.44 0.501624320364
146.51 0.576452049663
146.58 0.526056773653
146.65 0.432975040623
146.72 0.416015928689
146.79 0.372360818881
146.86 0.218135797289
146.93 0.150375473256
147.0 0.328163738756
147.07 0.577972621916
147.14 0.528375970433
147.21 0.497949021747
147.28 0.462656927477
147.35 0.642056984726
147.42 0.571674230626
147.49 0.595244073776
147.56 0.559804469791
147.63 0.557889280502
147.7 0.614436480603
147.77 0.565200461064
147.84 0.431344176326
147.91 0.48676896889
147.98 0.450367614168
148.05 0.381840109778
148.12 0.44233232934
148.19 0.581317208656
148.26 0.529148916467
148.33 0.427190544379
148.4 0.349655097684
148.47 0.374151589099
148.54 0.367915969946
148.61 0.375058303317
148.68 0.368913681301
148.75 0.567777953486
148.82 0.689723462862
148.89 0.430781204864
148.96 0.336426313065
149.03 0.419771862986
149.1 0.344556758386
149.17 0.34765333161
149.24 0.356384548219
149.31 0.290334531918
149.38 0.332084609415
149.45 0.294450542821
149.52 0.336206458626
149.59 0.4510332348
149.66 0.365326757333
149.73 0.299288912644
149.8 0.270545298153
149.87 0.345381625686
149.94 0.603122820464
150.01 0.527507939888
150.08 0.343554552931
150.15 0.408167462981
150.22 0.472652968322
150.29 0.531603804442
150.36 0.542397366963
150.43 0.506676575587
150.5 0.522766345171
150.57 0.380652722164
150.64 0.389394227602
150.71 0.413704377018
150.78 0.484271736708
150.85 0.557271452419
150.92 0.493067802662
150.99 0.469140756805
151.06 0.346483125938
151.13 0.343070261734
151.2 0.324135376204
151.27 0.291502994479
151.34 0.231982892699
151.41 0.249056607526
151.48 0.248218755162
151.55 0.265775069474
151.62 0.289838105982
151.69 0.322797048521
151.76 0.333219473497
151.83 0.34138008806
151.9 0.32884165056
151.97 0.330021784148
152.04 0.248667429893
152.11 0.219272135194
152.18 0.42191894089
152.25 0.38926382273
152.32 0.341690928464
152.39 0.362899092071
152.46 0.387865863863
152.53 0.298529365106
152.6 0.462784290842
152.67 0.47705434785
152.74 0.394946915682
152.81 0.427119846671
152.88 0.386406899437
152.95 0.246018582745
153.02 0.526376781036
153.09 0.404219375196
153.16 0.261160641464
153.23 0.437775503352
153.3 0.339640239053
153.37 0.312698120504
153.44 0.456643020965
153.51 0.417121923041
153.58 0.382830494478
153.65 0.334132099769
153.72 0.316978712443
153.79 0.3922956103
153.86 0.593731381283
153.93 0.398279560989
154.0 0.255470928039
154.07 0.310646112586
154.14 0.348307928178
154.21 0.392015600627
154.28 0.351995682223
154.35 0.374708966961
154.42 0.492071248911
154.49 0.493430944239
154.56 0.640342607498
154.63 0.534193546693
154.7 0.247436952779
154.77 0.3183524577
154.84 0.349442488332
154.91 0.399493509828
154.98 0.524228175675
155.05 0.324893014142
155.12 0.280382653256
155.19 0.548342575876
155.26 0.513355512754
155.33 0.59178245943
155.4 0.523228726795
155.47 0.345599779474
155.54 0.257224211297
155.61 0.23192193407
155.68 0.372619406158
155.75 0.584883008568
155.82 0.489505901285
155.89 0.515485003107
155.96 0.454908578956
156.03 0.325860674698
156.1 0.290004788808
156.17 0.281561166643
156.24 0.250873468551
156.31 0.534716046676
156.38 0.671487038861
156.45 0.531486337705
156.52 0.655249758444
156.59 0.379890006855
156.66 0.394447053805
156.73 0.691945872246
156.8 0.756492099332
156.87 0.735470697858
156.94 0.70723490769
157.01 0.731585615741
157.08 0.748909347546
157.15 0.746345821249
157.22 0.72724913137
157.29 0.675585319189
157.36 0.595886732263
157.43 0.739991965484
157.5 0.700427907677
157.57 0.689015067832
157.64 0.708233182205
157.71 0.625076892878
157.78 0.700041493323
157.85 0.621316192958
157.92 0.652978225713
157.99 0.634490205877
158.06 0.569888846177
158.13 0.65701107119
158.2 0.709151855734
158.27 0.702221531682
158.34 0.633247878956
158.41 0.610030296344
158.48 0.51130747712
158.55 0.557822914874
158.62 0.523246186964
158.69 0.647448782474
158.76 0.607058544447
158.83 0.590848047613
158.9 0.548179594927
158.97 0.459104760709
159.04 0.557698817609
159.11 0.611416375233
159.18 0.558822127988
159.25 0.574575821157
159.32 0.527059163476
159.39 0.559034818909
159.46 0.562064706934
159.53 0.421326135399
159.6 0.560219311393
159.67 0.514102116571
159.74 0.455964504658
159.81 0.530412051227
159.88 0.475596653885
159.95 0.498655446837
160.02 0.449769945843
160.09 0.499753811723
160.16 0.600494280568
160.23 0.508500898471
160.3 0.452541474537
160.37 0.42593131486
160.44 0.535521278269
160.51 0.6238418211
160.58 0.57090637202
160.65 0.544726668205
160.72 0.533306906195
160.79 0.487566435813
160.86 0.48000170959
160.93 0.374092092002
161.0 0.267913236277
161.07 0.390465178703
161.14 0.632114484228
161.21 0.608537368056
161.28 0.682167970662
161.35 0.699453586423
161.42 0.677689207029
161.49 0.4496376012
161.56 0.295104432088
161.63 0.470039590146
161.7 0.597834297618
161.77 0.610151443728
161.84 0.634515636313
161.91 0.499334707319
161.98 0.401520304081
162.05 0.581186128887
162.12 0.332406631434
162.19 0.379091539877
162.26 0.35391783055
162.33 0.270299537274
162.4 0.515146247216
162.47 0.213014802008
162.54 0.264383403688
162.61 0.592477534181
162.68 0.62140543581
162.75 0.729018655737
162.82 0.465689034618
162.89 0.323918777808
162.96 0.537554453875
163.03 0.542295441855
163.1 0.560397886488
163.17 0.484052484536
163.24 0.328797407926
163.31 0.218927508591
163.38 0.341666228794
163.45 0.515913256614
163.52 0.539384035147
163.59 0.443019318734
163.66 0.430315248744
163.73 0.447745764022
163.8 0.289338973752
163.87 0.419362485369
163.94 0.211498151757
164.01 0.340886858946
164.08 0.480482074316
164.15 0.36332697349
164.22 0.230753434636
164.29 0.165359406039
164.36 0.179343318961
164.43 0.623318969143
164.5 0.383778375185
164.57 0.435211910012
164.64 0.447369491002
164.71 0.168417941436
164.78 0.278366962401
164.85 0.153838139056
164.92 0.357839548183
164.99 0.515967712095
165.06 0.187877609755
165.13 0.417098480423
165.2 0.290528569308
165.27 0.235694606709
165.34 0.485380653007
165.41 0.189727784327
165.48 0.337120528552
165.55 0.303861043377
165.62 0.134631033105
165.69 0.356772344772
165.76 0.256018207026
165.83 0.115307485053
165.9 0.522525952182
165.97 0.516694366221
166.04 0.564497327773
166.11 0.379722310565
166.18 0.187943489323
166.25 0.260229211933
166.32 0.406777751491
166.39 0.276499217038
166.46 0.315363377485
166.53 0.166597583014
166.6 0.391560971381
166.67 0.593006363
166.74 0.630904987029
166.81 0.52681485072
166.88 0.225547129677
166.95 0.370582072783
167.02 0.685877207442
167.09 0.666363091463
167.16 0.592254586835
167.23 0.459198602695
167.3 0.264612873176
167.37 0.342473632571
167.44 0.307397418222
167.51 0.357124663414
167.58 0.535472109109
167.65 0.481781675867
167.72 0.404052018589
167.79 0.302993532413
167.86 0.249284333903
167.93 0.314244120958
168.0 0.269908789722
168.07 0.219592474439
168.14 0.55845482082
168.21 0.389030931825
168.28 0.296459931657
168.35 0.368409590143
168.42 0.248630284852
168.49 0.46258321508
168.56 0.505487460504
168.63 0.750711620066
168.7 0.625636078659
168.77 0.35687776616
168.84 0.258507451062
168.91 0.344207059999
168.98 0.169643028311
169.05 0.543089261652
169.12 0.501239580962
169.19 0.463650317927
169.26 0.489923413424
169.33 0.349171446746
169.4 0.422296196086
169.47 0.327141544501
169.54 0.236591540505
169.61 0.385518773942
169.68 0.362924921411
169.75 0.573152955906
169.82 0.381963096369
169.89 0.357586384666
169.96 0.477210434569
170.03 0.2872033434
170.1 0.259853756835
170.17 0.482866880259
170.24 0.499530174955
170.31 0.368326234762
170.38 0.551909829499
170.45 0.390752151884
170.52 0.451375575244
170.59 0.303861674696
170.66 0.375546693061
170.73 0.38505191945
170.8 0.293242718339
170.87 0.421053358522
170.94 0.370333338557
171.01 0.325431139557
171.08 0.525042544078
171.15 0.437676744897
171.22 0.379816056456
171.29 0.551953857597
171.36 0.384386363626
171.43 0.411422555458
171.5 0.528692442429
171.57 0.561842474711
171.64 0.765616221152
171.71 0.720458562421
171.78 0.61457905597
171.85 0.483430723278
171.92 0.338183545142
171.99 0.52163310129
172.06 0.414008228214
172.13 0.427435119718
172.2 0.597684147536
172.27 0.557053279635
172.34 0.664677452115
172.41 0.604731596406
172.48 0.424511229648
172.55 0.64020861919
172.62 0.509159734375
172.69 0.487908466744
172.76 0.558411668748
172.83 0.442136352179
172.9 0.529179882401
172.97 0.648391801464
173.04 0.572109929231
173.11 0.682419823494
173.18 0.658952054063
173.25 0.757376331878
173.32 0.625779865266
173.39 0.760363165043
173.46 0.626862437112
173.53 0.723869832124
173.6 0.699801294758
173.67 0.771878527794
173.74 0.708704049207
173.81 0.690755053159
173.88 0.647173747374
173.95 0.628012605938
174.02 0.684411540975
174.09 0.705435723606
174.16 0.677950146389
174.23 0.707676684838
174.3 0.761054464169
174.37 0.677978080873
174.44 0.666209159052
174.51 0.753445633867
174.58 0.701674808032
174.65 0.766256338718
174.72 0.695825729497
174.79 0.714313048736
174.86 0.688607984195
174.93 0.707591460082
175.0 0.641371926163
175.07 0.685993291981
175.14 0.649774549445
175.21 0.723617038459
175.28 0.555079770967
175.35 0.591108960156
175.42 0.498411088269
175.49 0.320541820589
175.56 0.255522301788
175.63 0.259629409413
175.7 0.370757680118
175.77 0.284398479928
175.84 0.38108189639
175.91 0.760440374837
175.98 0.752378196924
176.05 0.664094762259
176.12 0.743554205426
176.19 0.618991323242
176.26 0.721461794748
176.33 0.687814004612
176.4 0.687950791955
176.47 0.700404547745
176.54 0.653678200172
176.61 0.691476747238
176.68 0.745811063614
176.75 0.649011408415
176.82 0.698249959935
176.89 0.657558705504
176.96 0.647129102483
177.03 0.616290598407
177.1 0.634128809645
177.17 0.704470360382
177.24 0.632921412002
177.31 0.66275382326
177.38 0.727524319552
177.45 0.647868283548
177.52 0.752769302037
177.59 0.615591213923
177.66 0.638780458678
177.73 0.677345576012
177.8 0.699568529
177.87 0.725783283888
177.94 0.680112307796
178.01 0.722685069234
178.08 0.663906681618
178.15 0.689365779683
178.22 0.698742609129
178.29 0.755503405227
178.36 0.778968825927
178.43 0.755446549615
178.5 0.658999030925
178.57 0.731584364276
178.64 0.694436766652
178.71 0.698245906083
178.78 0.668174654993
178.85 0.760877692525
178.92 0.681889172228
178.99 0.741121166687
179.06 0.709981781409
179.13 0.722402212478
179.2 0.604317126891
179.27 0.680932829608
179.34 0.62418144743
179.41 0.708298324303
179.48 0.707002440273
179.55 0.650045766461
179.62 0.665653011425
179.69 0.663411417756
179.76 0.659643736451
179.83 0.573538219359
179.9 0.641758465664
179.97 0.655297438137
180.04 0.655595125868
180.11 0.690769479644
180.18 0.593285741354
180.25 0.574719858057
180.32 0.662523961571
180.39 0.649191633879
180.46 0.558246516731
180.53 0.531377579823
180.6 0.467803745394
180.67 0.395998372984
180.74 0.541672070453
180.81 0.7163315755
180.88 0.514612395776
180.95 0.635799759925
181.02 0.662502047528
181.09 0.299428290072
181.16 0.692642628653
181.23 0.713596325878
181.3 0.720752163896
181.37 0.718255349614
181.44 0.656993528334
181.51 0.395220835638
181.58 0.265850961878
181.65 0.57617534855
181.72 0.615510363707
181.79 0.60759885434
181.86 0.533418286566
181.93 0.523850640017
182.0 0.38451859653
182.07 0.312121235434
182.14 0.291346065256
182.21 0.150279856872
182.28 0.0467415484011
182.35 0.0409069499849
182.42 0.0240293732209
182.49 0.0219213365511
182.56 0.088209715563
182.63 0.537882047147
182.7 0.425182864016
182.77 0.473983286631
182.84 0.45407914381
182.91 0.441807763323
182.98 0.371375021024
183.05 0.182090402748
183.12 0.381435988313
183.19 0.522476812074
183.26 0.41351923285
183.33 0.346508956396
183.4 0.130712910081
183.47 0.382542458669
183.54 0.518248140283
183.61 0.520229451611
183.68 0.361627175827
183.75 0.125740757548
183.82 0.344637992981
183.89 0.366050706283
183.96 0.27537953479
184.03 0.316853977154
184.1 0.104221852984
184.17 0.384525931008
184.24 0.491112463699
184.31 0.320394562285
184.38 0.319177744016
184.45 0.128776795629
184.52 0.314289920102
184.59 0.522442824747
184.66 0.457626663397
184.73 0.341449732079
184.8 0.140950091442
184.87 0.40127242912
184.94 0.450931794635
185.01 0.326214538675
185.08 0.308840356076
185.15 0.157784904982
185.22 0.399217606524
185.29 0.468096641803
185.36 0.280064010192
185.43 0.473581114993
185.5 0.422847141195
185.57 0.405418062867
185.64 0.441397029207
185.71 0.381822004881
185.78 0.377808783937
185.85 0.178047372358
185.92 0.268799642126
185.99 0.513992489367
186.06 0.369625838548
186.13 0.365370446864
186.2 0.147903954207
186.27 0.249612109308
186.34 0.455409217413
186.41 0.343285418711
186.48 0.38856549417
186.55 0.156557545357
186.62 0.311841536392
186.69 0.562270679053
186.76 0.464472523628
186.83 0.358267603913
186.9 0.207893395531
186.97 0.181412734532
187.04 0.519360290277
187.11 0.375483679571
187.18 0.405617079299
187.25 0.195230404875
187.32 0.0975390608578
187.39 0.541924305428
187.46 0.406198466291
187.53 0.380988746063
187.6 0.217927742375
187.67 0.131753486342
187.74 0.667568507993
187.81 0.510638480885
187.88 0.459446321223
187.95 0.434047678967
188.02 0.470682836375
188.09 0.514853061406
188.16 0.342494428118
188.23 0.533957275716
188.3 0.516222710349
188.37 0.281616086955
188.44 0.179957025032
188.51 0.111887070717
188.58 0.190954400895
188.65 0.112855355888
188.72 0.103480877408
188.79 0.312000332756
188.86 0.189256951964
188.93 0.108180598334
189.0 0.0857154097979
189.07 0.126823909314
189.14 0.270202765519
189.21 0.229954482715
189.28 0.206738575055
189.35 0.171103810713
189.42 0.131796511033
189.49 0.23008903083
189.56 0.120501108873
189.63 0.336815431478
189.7 0.234479473448
189.77 0.154092740641
189.84 0.039145641708
189.91 0.0182941701655
189.98 0.117856603861
190.05 0.102903601255
190.12 0.0602479503841
190.19 0.331731029252
190.26 0.182906602536
190.33 0.0870866733547
190.4 0.0676280967156
190.47 0.0294169685057
190.54 0.24678570388
190.61 0.20653048215
190.68 0.260391083324
190.75 0.359970167089
190.82 0.259475152962
190.89 0.316813879997
190.96 0.252229170366
191.03 0.233209845598
191.1 0.509785619881
191.17 0.223571607492
191.24 0.0964121357563
191.31 0.0414240608476
191.38 0.0700309237523
191.45 0.136459629965
191.52 0.0537769049928
191.59 0.337975398603
191.66 0.247226733502
191.73 0.0977694767667
191.8 0.102110120024
191.87 0.0558510247304
191.94 0.237235244859
192.01 0.243472778084
192.08 0.129773112496
192.15 0.256264542238
192.22 0.141499456577
192.29 0.226380656667
192.36 0.151990641725
192.43 0.142546428717
192.5 0.348751194793
192.57 0.174717246742
192.64 0.124117523835
192.71 0.0531245577098
192.78 0.0389514635281
192.85 0.148676737104
192.92 0.039851158369
192.99 0.279104280795
193.06 0.213088374732
193.13 0.102567747198
193.2 0.109524118479
193.27 0.0714634398092
193.34 0.316862222296
193.41 0.3288367218
193.48 0.162318702899
193.55 0.405738982032
193.62 0.237376981075
193.69 0.158057432683
193.76 0.349817927787
193.83 0.240849810558
193.9 0.37115997802
193.97 0.219047250312
194.04 0.134328823339
194.11 0.0761543267344
194.18 0.121132307518
194.25 0.258572313815
194.32 0.0971809932994
194.39 0.109311141509
194.46 0.2744613138
194.53 0.17517077872
194.6 0.167308634054
194.67 0.267942693748
194.74 0.100531660818
194.81 0.19107730033
194.88 0.176468957847
194.95 0.252507355359
195.02 0.171444459445
195.09 0.144112430261
195.16 0.237923991891
195.23 0.125556845849
195.3 0.300360667141
195.37 0.251092343049
195.44 0.201168822357
195.51 0.0585688119484
195.58 0.102731677919
195.65 0.160177844329
195.72 0.110832156244
195.79 0.0645665488642
195.86 0.364803453954
195.93 0.245843594437
196.0 0.134731721273
196.07 0.0824279669543
196.14 0.0964368264874
196.21 0.290952427044
196.28 0.214323109061
196.35 0.294318721112
196.42 0.23901876552
196.49 0.21175774691
196.56 0.428681692681
196.63 0.438701561641
196.7 0.423320512244
196.77 0.421039496314
196.84 0.345701450937
196.91 0.305042488768
196.98 0.0925409080255
197.05 0.160942765345
197.12 0.222122060339
197.19 0.18035651049
197.26 0.352827086191
197.33 0.170082406446
197.4 0.111414662849
197.47 0.335261071909
197.54 0.192213368946
197.61 0.25813060371
197.68 0.181689451288
197.75 0.254712833093
197.82 0.181763525716
197.89 0.116932360197
197.96 0.229345896476
198.03 0.243662859951
198.1 0.342040935248
198.17 0.229685475876
198.24 0.172726195218
198.31 0.096796998071
198.38 0.0494614765179
198.45 0.0740879683136
198.52 0.123988265394
198.59 0.0467477029265
198.66 0.329489370775
198.73 0.195766656445
198.8 0.0892831841199
198.87 0.15584272763
198.94 0.104269055557
199.01 0.303825682791
199.08 0.208078900613
199.15 0.237179646299
199.22 0.233449514525
199.29 0.169150824951
199.36 0.353009135219
199.43 0.291472919097
199.5 0.41939379322
199.57 0.477885505995
199.64 0.305847577336
199.71 0.331747544119
199.78 0.233568940028
199.85 0.29107117318
199.92 0.116956263175
199.99 0.134291135252
200.06 0.32958403627
200.13 0.233176072808
200.2 0.11132786594
200.27 0.169258477746
200.34 0.0967605905003
200.41 0.16820885965
200.48 0.203963363478
200.55 0.119561513534
200.62 0.285864719611
200.69 0.141989714579
200.76 0.206320725467
200.83 0.177531550951
200.9 0.130404101073
200.97 0.345073547444
201.04 0.188132643765
201.11 0.116181566208
201.18 0.114050099211
201.25 0.076728547972
201.32 0.143616013264
201.39 0.0738522672004
201.46 0.317521510739
201.53 0.327583487022
201.6 0.211126025332
201.67 0.23715016201
201.74 0.136409092015
201.81 0.165875692276
201.88 0.203516513428
201.95 0.135689945561
202.02 0.289960651208
202.09 0.183206809958
202.16 0.187839659083
202.23 0.333201422234
202.3 0.445566911202
202.37 0.561836666574
202.44 0.492334409621
202.51 0.407867977386
202.58 0.376865631979
202.65 0.179317099655
202.72 0.233942444182
202.79 0.285037559449
202.86 0.217961046983
202.93 0.31031096136
203.0 0.175024061227
203.07 0.333562184911
203.14 0.302051749245
203.21 0.219894277479
203.28 0.325645347879
203.35 0.18294045466
203.42 0.285085825767
203.49 0.259832522158
203.56 0.128198687029
203.63 0.309343305273
203.7 0.303349599862
203.77 0.42884974318
203.84 0.257964049382
203.91 0.240998240994
203.98 0.150628234516
204.05 0.152945446831
204.12 0.148805123989
204.19 0.121392777578
204.26 0.105468809208
204.33 0.316983099274
204.4 0.188572038661
204.47 0.132972475679
204.54 0.0646505020427
204.61 0.211497253384
204.68 0.436062327307
204.75 0.221279457995
204.82 0.483460299191
204.89 0.258980807585
204.96 0.190833413296
205.03 0.344595594022
205.1 0.183861056786
205.17 0.398650890723
205.24 0.500994568726
205.31 0.40810350754
205.38 0.445542989228
205.45 0.41353652206
205.52 0.395735563131
205.59 0.320024003543
205.66 0.213239205299
205.73 0.381459915874
205.8 0.486566463999
205.87 0.319537782632
205.94 0.21552269734
206.01 0.204211123349
206.08 0.422377568118
206.15 0.400034275611
206.22 0.340152250197
206.29 0.291938222667
206.36 0.190858024693
206.43 0.572236927214
206.5 0.461834481538
206.57 0.296379369725
206.64 0.224542316259
206.71 0.128160281584
206.78 0.389747384278
206.85 0.388855238452
206.92 0.30506867567
206.99 0.31852762814
207.06 0.131832610207
207.13 0.447027410907
207.2 0.344151273719
207.27 0.394394389482
207.34 0.482551981534
207.41 0.271748070963
207.48 0.334705668457
207.55 0.498963598826
207.62 0.370130481692
207.69 0.601103824401
207.76 0.424784578623
207.83 0.302637870572
207.9 0.588658783053
207.97 0.490637621061
208.04 0.633125953875
208.11 0.467627234099
208.18 0.242539295926
208.25 0.254424732476
208.32 0.432827723097
208.39 0.480506423129
208.46 0.35324399718
208.53 0.410427771636
208.6 0.452048120276
208.67 0.399629209961
208.74 0.385124674252
208.81 0.154405052633
208.88 0.360433706317
208.95 0.511966946579
209.02 0.467559871768
209.09 0.383355316375
209.16 0.233889760864
209.23 0.400266515083
209.3 0.519455065275
209.37 0.416791831309
209.44 0.621973415367
209.51 0.497904491946
209.58 0.622385625541
209.65 0.481095998276
209.72 0.529052940287
209.79 0.570099353739
209.86 0.469531175847
209.93 0.595826327854
210.0 0.349215329584
210.07 0.255535658941
210.14 0.527389222804
210.21 0.362798942479
210.28 0.30362663172
210.35 0.524024438315
210.42 0.251663771956
210.49 0.614967460378
210.56 0.483801505495
210.63 0.523863644077
210.7 0.631806957971
210.77 0.46693894184
210.84 0.452823597174
210.91 0.271774175179
210.98 0.381535447365
211.05 0.461027046474
211.12 0.238335971885
211.19 0.530376744275
211.26 0.355415379201
211.33 0.243694081764
211.4 0.262719249309
211.47 0.339386332479
211.54 0.380294158489
211.61 0.329214679828
211.68 0.345122420498
211.75 0.506962060418
211.82 0.306102375579
211.89 0.379908169856
211.96 0.268326253199
212.03 0.32638211317
212.1 0.657284100594
212.17 0.436134179268
212.24 0.445676694839
212.31 0.267192236091
212.38 0.20187286296
212.45 0.386872053279
212.52 0.36829218151
212.59 0.52064767552
212.66 0.328425331783
212.73 0.275991078732
212.8 0.559255481214
212.87 0.444464675715
212.94 0.356075038615
213.01 0.201437039208
213.08 0.216396506972
213.15 0.606521935316
213.22 0.265163218252
213.29 0.672628476485
213.36 0.328776008994
213.43 0.437276137591
213.5 0.674298672534
213.57 0.542887838385
213.64 0.564759993485
213.71 0.252035046938
213.78 0.251132396629
213.85 0.416174795448
213.92 0.245486973885
213.99 0.473199607051
214.06 0.412088095639
214.13 0.25632836918
214.2 0.439759550025
214.27 0.353693527823
214.34 0.3979142327
214.41 0.24766781117
214.48 0.153571196017
214.55 0.539980972706
214.62 0.400153636306
214.69 0.317614118021
214.76 0.280726323381
214.83 0.21688259268
214.9 0.481726202453
214.97 0.404112300087
215.04 0.365726830532
215.11 0.422127085194
215.18 0.308338837125
215.25 0.45884038429
215.32 0.422373280734
215.39 0.458841040192
215.46 0.315886049544
215.53 0.238709869356
215.6 0.320515592344
215.67 0.51154045518
215.74 0.467171532169
215.81 0.271817960806
215.88 0.197531952649
215.95 0.420478962974
216.02 0.702706571523
216.09 0.336103268645
216.16 0.457959354154
216.23 0.193753760156
216.3 0.477489905665
216.37 0.597415278134
216.44 0.665034530792
216.51 0.466419500124
216.58 0.231609200825
216.65 0.335225287836
216.72 0.507283385192
216.79 0.332867721367
216.86 0.672106668159
216.93 0.385061477512
217.0 0.196414350961
217.07 0.383909907492
217.14 0.322159068501
217.21 0.436841736263
217.28 0.136614951278
217.35 0.371274718351
217.42 0.606208721598
217.49 0.476767326622
217.56 0.375590610539
217.63 0.218313042702
217.7 0.411940907729
217.77 0.531153601136
217.84 0.379980224062
217.91 0.318782268833
217.98 0.286408468797
218.05 0.326536092512
218.12 0.24618196595
218.19 0.577769535988
218.26 0.640274637313
218.33 0.437108161956
218.4 0.401752649704
218.47 0.691586698482
218.54 0.561919427508
218.61 0.532282752057
218.68 0.164169811601
218.75 0.384049862606
218.82 0.583820951807
218.89 0.36828329164
218.96 0.574213404758
219.03 0.53406981928
219.1 0.557262619535
219.17 0.577953495734
219.24 0.319971131388
219.31 0.509113788855
219.38 0.626594974491
219.45 0.719856231271
219.52 0.723743533621
219.59 0.634969466632
219.66 0.626494067316
219.73 0.548957132273
219.8 0.505324024781
219.87 0.544097514365
219.94 0.479823206008
220.01 0.41342971624
220.08 0.262145718612
220.15 0.210941139278
220.22 0.395898746326
220.29 0.295326206185
220.36 0.450765679437
220.43 0.446614931445
220.5 0.388076360251
220.57 0.420385653978
220.64 0.330044032288
220.71 0.456052966462
220.78 0.632957817338
220.85 0.538781592259
220.92 0.490582673933
220.99 0.22511263449
221.06 0.585370791576
221.13 0.571587495173
221.2 0.641350787581
221.27 0.457485283625
221.34 0.295317342015
221.41 0.478733933238
221.48 0.597683051386
221.55 0.550415983843
221.62 0.561874064142
221.69 0.408437619603
221.76 0.446113901906
221.83 0.501096786587
221.9 0.361221259851
221.97 0.580697838589
222.04 0.456090602033
222.11 0.442977252755
222.18 0.33745301371
222.25 0.301244755545
222.32 0.435872284548
222.39 0.302031195052
222.46 0.648981785572
222.53 0.590966791514
222.6 0.297309303085
222.67 0.45141363095
222.74 0.33161405081
222.81 0.446210624495
222.88 0.333753814349
222.95 0.276284434384
223.02 0.471725637339
223.09 0.362976814742
223.16 0.596095684432
223.23 0.576454435268
223.3 0.446724611165
223.37 0.446326244204
223.44 0.274912922769
223.51 0.383823604465
223.58 0.556420306593
223.65 0.417598092008
223.72 0.578962967507
223.79 0.361949201198
223.86 0.287309106706
223.93 0.317118038472
224.0 0.270489561037
224.07 0.458818766352
224.14 0.458873562635
224.21 0.427015953858
224.28 0.314622909198
224.35 0.303870466237
224.42 0.482575228611
224.49 0.511756737357
224.56 0.368825603876
224.63 0.539302484334
224.7 0.318129010885
224.77 0.518611612605
224.84 0.317838876638
224.91 0.249824878445
224.98 0.689205776549
225.05 0.483213425402
225.12 0.492932828825
225.19 0.435877649086
225.26 0.339315112955
225.33 0.527025375042
225.4 0.339602476101
225.47 0.388423907683
225.54 0.305734562238
225.61 0.262447425557
225.68 0.491169428814
225.75 0.256070354002
225.82 0.407108197433
225.89 0.276691563834
225.96 0.3086150086
226.03 0.527828512666
226.1 0.317146854567
226.17 0.405250223553
226.24 0.326585498556
226.31 0.331866677986
226.38 0.596910773545
226.45 0.309089788664
226.52 0.458634803254
226.59 0.35040570954
226.66 0.339811373519
226.73 0.471441703429
226.8 0.30694648862
226.87 0.463377005825
226.94 0.592613166153
227.01 0.433209266796
227.08 0.311401821926
227.15 0.266075891454
227.22 0.356136431904
227.29 0.545009961856
227.36 0.362835045005
227.43 0.491227209617
227.5 0.506304191047
227.57 0.48266434073
227.64 0.576993422183
227.71 0.292027819728
227.78 0.659005324005
227.85 0.621369515417
227.92 0.382943273808
227.99 0.44669200045
228.06 0.297456402722
228.13 0.578493462591
228.2 0.466234030799
228.27 0.305533856328
228.34 0.375950488251
228.41 0.294599931968
228.48 0.557447746943
228.55 0.466659219333
228.62 0.327155082669
228.69 0.600578154413
228.76 0.404189930015
228.83 0.636277309973
228.9 0.352558695028
228.97 0.351185559861
229.04 0.365685617113
229.11 0.257150134634
229.18 0.61158453747
229.25 0.358820436276
229.32 0.256714863986
229.39 0.588547419442
229.46 0.517765819026
229.53 0.543404234125
229.6 0.376354332606
229.67 0.226099034615
229.74 0.637618498148
229.81 0.584619560692
229.88 0.625223526567
229.95 0.49425161131
230.02 0.229246982706
230.09 0.580819647462
230.16 0.536593374684
230.23 0.589589896366
230.3 0.492732151967
230.37 0.292522974087
230.44 0.679776420218
230.51 0.577902911972
230.58 0.643121782419
230.65 0.607463738596
230.72 0.613182875972
230.79 0.685159123616
230.86 0.451366902146
230.93 0.635237753879
231.0 0.618590129311
231.07 0.526060638668
231.14 0.575948987611
231.21 0.482714295408
231.28 0.521937135736
231.35 0.518391305627
231.42 0.389590706466
231.49 0.48098702027
231.56 0.39170435238
231.63 0.408485787591
231.7 0.487553340128
231.77 0.349673809318
231.84 0.47398019149
231.91 0.41989491215
231.98 0.472756158303
232.05 0.722264569223
232.12 0.669044252104
232.19 0.565345492432
232.26 0.36211217656
232.33 0.576988159327
232.4 0.739434709417
232.47 0.548079343654
232.54 0.610103866834
232.61 0.374839387476
232.68 0.414430109306
232.75 0.730206678023
232.82 0.661501793017
232.89 0.729371552064
232.96 0.637849775556
233.03 0.576314890233
233.1 0.643971161669
233.17 0.453704672006
233.24 0.597534703637
233.31 0.851110701592
233.38 0.551175969394
233.45 0.377920666012
233.52 0.24152381377
233.59 0.215484567888
233.66 0.360208311911
233.73 0.277847871542
233.8 0.507578651563
233.87 0.454917672189
233.94 0.213432343198
234.01 0.363999371027
234.08 0.384058177025
234.15 0.516168471639
234.22 0.293657734253
234.29 0.535239318768
234.36 0.468724693907
234.43 0.425753527518
234.5 0.549491826217
234.57 0.486681238969
234.64 0.334334181173
234.71 0.381785238631
234.78 0.320100127244
234.85 0.716446602998
234.92 0.418192151198
234.99 0.366152263773
235.06 0.513578102538
235.13 0.327420433443
235.2 0.561655853368
235.27 0.268459863832
235.34 0.422259143787
235.41 0.700413270008
235.48 0.592155859667
235.55 0.535304882118
235.62 0.426573064918
235.69 0.469337723964
235.76 0.569223761887
235.83 0.348829278378
235.9 0.358234026664
235.97 0.194637669779
236.04 0.54762370318
236.11 0.790344648112
236.18 0.743867308523
236.25 0.733031427495
236.32 0.642788358662
236.39 0.374171297436
236.46 0.227952407127
236.53 0.139670736805
236.6 0.49635247217
236.67 0.456987607341
236.74 0.170197132252
236.81 0.28260236752
236.88 0.134226996561
236.95 0.48809582891
237.02 0.580356061304
237.09 0.622731477908
237.16 0.751804090776
237.23 0.559780883031
237.3 0.641960078886
237.37 0.400243562994
237.44 0.204951210609
237.51 0.42335147706
237.58 0.226839707382
237.65 0.621341851339
237.72 0.377390337669
237.79 0.34860822499
237.86 0.471468309348
237.93 0.499465252981
238.0 0.347267716182
238.07 0.507912544619
238.14 0.358631452792
238.21 0.640928005881
238.28 0.636530521538
238.35 0.54615165536
238.42 0.445665322152
238.49 0.295803524935
238.56 0.682466100876
238.63 0.398830925116
238.7 0.369547776193
238.77 0.293036574144
238.84 0.235000429213
238.91 0.798753977905
238.98 0.708239043977
239.05 0.777783804922
239.12 0.596020802139
239.19 0.352332699472
239.26 0.433778665424
239.33 0.181715355493
239.4 0.483318545097
239.47 0.512400459589
239.54 0.272308684755
239.61 0.474300160883
239.68 0.357892827064
239.75 0.30490899099
239.82 0.506477409425
239.89 0.310641633012
239.96 0.690037249795
240.03 0.469554241909
240.1 0.565581557811
240.17 0.582755852421
240.24 0.310866539123
240.31 0.612611690654
240.38 0.482288274425
240.45 0.588458947581
240.52 0.605504084315
240.59 0.217290331102
240.66 0.354326067323
240.73 0.395672670318
240.8 0.51209223944
240.87 0.431780655979
240.94 0.392542152227
241.01 0.674907624156
241.08 0.646987606503
241.15 0.618990286314
241.22 0.561277797011
241.29 0.167741764921
241.36 0.654056791754
241.43 0.695348504607
241.5 0.505708039005
241.57 0.470854285942
241.64 0.300229040974
241.71 0.804699327609
241.78 0.836696356273
241.85 0.782428321722
241.92 0.795891284466
241.99 0.788991530795
242.06 0.851037462963
242.13 0.828866036806
242.2 0.708852973524
242.27 0.806577662375
242.34 0.704046350682
242.41 0.797935798121
242.48 0.729492521785
242.55 0.723314443198
242.62 0.76782696733
242.69 0.710042404825
242.76 0.698237777148
242.83 0.530798680118
242.9 0.478129286878
242.97 0.528117872569
243.04 0.399055341815
243.11 0.494071473001
243.18 0.305132584181
243.25 0.365653727107
243.32 0.718738736851
243.39 0.523470967929
243.46 0.601438537614
243.53 0.52815260854
243.6 0.443118571071
243.67 0.711586678928
243.74 0.599176536129
243.81 0.707852322343
243.88 0.557654255404
243.95 0.488947901043
244.02 0.725186187661
244.09 0.630897824627
244.16 0.732210986135
244.23 0.606851775637
244.3 0.416785427608
244.37 0.740888550658
244.44 0.533847303243
244.51 0.533692210992
244.58 0.568352836212
244.65 0.559374229584
244.72 0.755592318453
244.79 0.719980080479
244.86 0.778418620523
244.93 0.790418417495
245.0 0.451227339233
245.07 0.660555262104
245.14 0.708341990369
245.21 0.713616162713
245.28 0.696864087761
245.35 0.434849020962
245.42 0.637496204332
245.49 0.828871232619
245.56 0.712224377368
245.63 0.747364266695
245.7 0.409106187882
245.77 0.536357243379
245.84 0.455094307514
245.91 0.343677236712
245.98 0.63642037587
246.05 0.542358522388
246.12 0.632397981242
246.19 0.643253480099
246.26 0.570044804397
246.33 0.648810638814
246.4 0.498821665952
246.47 0.600986819142
246.54 0.572381129486
246.61 0.581124134447
246.68 0.647516983956
246.75 0.452294252125
246.82 0.520550293677
246.89 0.589322756668
246.96 0.542065719839
247.03 0.654038508076
247.1 0.494752305635
247.17 0.45364363516
247.24 0.51283818959
247.31 0.372808382937
247.38 0.54239443049
247.45 0.517534814258
247.52 0.591716950832
247.59 0.735201714484
247.66 0.742072966043
247.73 0.750761206009
247.8 0.595644219605
247.87 0.550823295426
247.94 0.638362838154
248.01 0.699309718247
248.08 0.820434759447
248.15 0.491479883722
248.22 0.529133716756
248.29 0.739872360083
248.36 0.725439524372
248.43 0.819806444759
248.5 0.550034052414
248.57 0.490862851213
248.64 0.593557357274
248.71 0.426983733108
248.78 0.669431277665
248.85 0.586827811761
248.92 0.580349514578
248.99 0.74335070942
249.06 0.609861978791
249.13 0.744078790439
249.2 0.60695796243
249.27 0.506505400895
249.34 0.624397541888
249.41 0.648253571584
249.48 0.746324652497
249.55 0.507854532519
249.62 0.506964925379
249.69 0.666873003051
249.76 0.60985006641
249.83 0.723131657817
249.9 0.509707835754
249.97 0.469355798692
250.04 0.668710912151
250.11 0.526253115079
250.18 0.570806796761
250.25 0.598572405999
250.32 0.624431485638
250.39 0.767251074493
250.46 0.694127768807
250.53 0.744492131401
250.6 0.645491871359
250.67 0.645394561028
250.74 0.719577656313
250.81 0.610727733235
250.88 0.698435841573
250.95 0.717734769289
251.02 0.706698200229
251.09 0.662771467797
251.16 0.601080952764
251.23 0.776036676189
251.3 0.738326838985
251.37 0.52559790507
251.44 0.697698931023
251.51 0.543279875392
251.58 0.733808186027
251.65 0.672996058528
251.72 0.571578437696
251.79 0.718402572163
251.86 0.657916313819
251.93 0.674380250164
252.0 0.64878892143
252.07 0.678435471162
252.14 0.68165263755
252.21 0.617772494808
252.28 0.723559758243
252.35 0.644598645027
252.42 0.714289759199
252.49 0.705779022762
252.56 0.677939797222
252.63 0.719077270384
252.7 0.637366769345
252.77 0.633188089105
252.84 0.655834677471
252.91 0.633265542488
252.98 0.748789250498
253.05 0.68517416019
253.12 0.605171642734
253.19 0.70139740744
253.26 0.633967987473
253.33 0.768791953997
253.4 0.713285334628
253.47 0.683901543349
253.54 0.676939365048
253.61 0.69883415937
253.68 0.70356546414
253.75 0.643278459114
253.82 0.629650040425
253.89 0.730084360743
253.96 0.60512035614
254.03 0.719872215382
254.1 0.689360329106
254.17 0.643965135642
254.24 0.698156769381
254.31 0.674507972208
254.38 0.751349346441
254.45 0.72078849772
254.52 0.65115815334
254.59 0.757292575358
254.66 0.656695348956
254.73 0.625681406269
254.8 0.724157723791
254.87 0.613110732375
254.94 0.718733960055
255.01 0.618046457225
255.08 0.711193707791
255.15 0.707599381184
255.22 0.6905049859
255.29 0.693509358569
255.36 0.63658707434
255.43 0.722898470808
255.5 0.679448576653
255.57 0.679856448043
255.64 0.697860872809
255.71 0.691835288566
255.78 0.772410988096
255.85 0.668881297972
255.92 0.623142631041
255.99 0.757523063897
256.06 0.709908748379
256.13 0.551476089661
256.2 0.487546310694
256.27 0.360680145446
256.34 0.276177882208
256.41 0.239917221187
256.48 0.379855315579
256.55 0.634909530405
256.62 0.555730527102
256.69 0.30651577241
256.76 0.335964772829
256.83 0.428362278626
256.9 0.284064941081
256.97 0.474200983411
257.04 0.70103101764
257.11 0.692893846813
257.18 0.538306601011
257.25 0.358599619773
257.32 0.440535229168
257.39 0.425707170801
257.46 0.359727305809
257.53 0.558558099074
257.6 0.712002158553
257.67 0.617129562564
257.74 0.438870502691
257.81 0.290434326184
257.88 0.453353630529
257.95 0.335849452578
258.02 0.512010890873
258.09 0.559466598864
258.16 0.744507018246
258.23 0.516486827536
258.3 0.385319260276
258.37 0.285326499218
258.44 0.504201832899
258.51 0.757448894491
258.58 0.540989052225
258.65 0.364756524022
258.72 0.326453328225
258.79 0.405217784913
258.86 0.752603563395
258.93 0.620787136193
259.0 0.567251898001
259.07 0.540645730721
259.14 0.514592224844
259.21 0.494546332399
259.28 0.47501446685
259.35 0.545275199774
259.42 0.619273515157
259.49 0.497793499305
259.56 0.667083265906
259.63 0.560243055704
259.7 0.613494762242
259.77 0.637882266712
259.84 0.592323997322
259.91 0.648048757071
259.98 0.702578337719
260.05 0.65477693938
260.12 0.630265804709
260.19 0.623266455666
260.26 0.723145903287
260.33 0.765577468202
260.4 0.632818362811
260.47 0.609735261271
260.54 0.754820401525
260.61 0.615721566279
260.68 0.640044746573
260.75 0.528503880197
260.82 0.611963711207
260.89 0.601067696175
260.96 0.68210187544
261.03 0.654227394348
261.1 0.65165456922
261.17 0.844457516665
261.24 0.67828242595
261.31 0.606341131049
261.38 0.504330037651
261.45 0.530357705248
261.52 0.473296446966
261.59 0.4200119811
261.66 0.3488263866
261.73 0.314534270848
261.8 0.193174795643
261.87 0.143800178607
261.94 0.097387147551
262.01 0.0749445825944
262.08 0.0622147111984
262.15 0.0524760709725
262.22 0.0446882510273
262.29 0.0400034772845
262.36 0.0358792391172
262.43 0.0297370038239
262.5 0.0280051664268
262.57 0.0268013633927
262.64 0.0210715941531
262.71 0.0180459979816
262.78 0.0173832132584
262.85 0.0167055830333
262.92 0.0162704967525
262.99 0.0130011532193
263.06 0.0121260798319
263.13 0.011380319637
263.2 0.0108663150888
263.27 0.00951499451828
263.34 0.00803726035461
263.41 0.00678659778358
263.48 0.00637274841431
263.55 0.00617392193636
263.62 0.00537881268334
263.69 0.00484279464504
263.76 0.00471101651378
