0.0 0.0
0.07 0.0
0.14 0.0
0.21 0.0
0.28 0.0
0.35 0.0
0.42 0.0
0.49 0.0
0.56 0.0
0.63 0.0
0.7 0.0
0.77 0.0
0.84 0.0
0.91 0.0
0.98 0.0
1.05 0.0
1.12 0.0
1.19 0.0
1.26 0.0
1.33 0.0
1.4 0.0
1.47 0.0
1.54 0.0
1.61 0.0
1.68 0.0
1.75 0.0
1.82 0.0
1.89 0.0
1.96 0.0
2.03 0.0
2.1 0.0
2.17 0.0
2.24 0.0
2.31 0.0
2.38 0.0
2.45 0.0
2.52 0.0
2.59 0.0
2.66 0.0
2.73 0.0
2.8 0.0
2.87 0.0
2.94 0.0
3.01 0.0
3.08 0.0
3.15 0.0
3.22 0.0
3.29 0.0
3.36 0.0
3.43 0.0
3.5 0.0
3.57 0.0
3.64 0.0
3.71 0.0
3.78 0.0
3.85 0.0
3.92 0.0
3.99 0.0893494808252
4.06 0.431046762119
4.13 0.52778065798
4.2 0.588265881564
4.27 0.38061987828
4.34 0.605454821758
4.41 0.443151953118
4.48 0.494862573853
4.55 0.44680163815
4.62 0.33132215617
4.69 0.171933896837
4.76 0.165105031528
4.83 0.450190903232
4.9 0.40855642865
4.97 0.364142513726
5.04 0.37615353546
5.11 0.379282845127
5.18 0.367573980838
5.25 0.331462418891
5.32 0.354871870273
5.39 0.463323238014
5.46 0.376543393436
5.53 0.423066741633
5.6 0.47186938078
5.67 0.329441816438
5.74 0.406325443294
5.81 0.547865239732
5.88 0.367413595237
5.95 0.391611637206
6.02 0.358164201227
6.09 0.242143577607
6.16 0.124509027223
6.23 0.0909429021486
6.3 0.0748663134217
6.37 0.0662247543451
6.44 0.0476409263219
6.51 0.035389800039
6.58 0.0297630560263
6.65 0.0190407991136
6.72 0.0153229302967
6.79 0.0101340231872
6.86 0.00866305569302
6.93 0.00753139614865
7.0 0.218153338747
7.07 0.462216798831
7.14 0.465392583271
7.21 0.229422248393
7.28 0.183487086722
7.35 0.103819304602
7.42 0.0778547430564
7.49 0.416758759698
7.56 0.522221356233
7.63 0.434724719294
7.7 0.288364264077
7.77 0.242208498456
7.84 0.250353075435
7.91 0.21014620125
7.98 0.467960457012
8.05 0.529746489832
8.12 0.287721186468
8.19 0.206218987906
8.26 0.160085233122
8.33 0.0937421225573
8.4 0.266343794452
8.47 0.478082454415
8.54 0.36106884784
8.61 0.125598868539
8.68 0.130910346233
8.75 0.112943498551
8.82 0.0962560839713
8.89 0.289747586933
8.96 0.46384478093
9.03 0.348295357628
9.1 0.162636022101
9.17 0.152058363998
9.24 0.164577857037
9.31 0.113286481805
9.38 0.464184560869
9.45 0.545141694071
9.52 0.357103321407
9.59 0.178409010091
9.66 0.194614973497
9.73 0.187718410054
9.8 0.181956217609
9.87 0.527057365834
9.94 0.516398885819
10.01 0.27347718833
10.08 0.168068178697
10.15 0.138992480304
10.22 0.0987841901514
10.29 0.281066047901
10.36 0.460706785423
10.43 0.382208677837
10.5 0.139730373059
10.57 0.112268321961
10.64 0.0799296279749
10.71 0.0750130448765
10.78 0.209713248191
10.85 0.563224111994
10.92 0.386721789802
10.99 0.190221769104
11.06 0.159623466374
11.13 0.149755576689
11.2 0.119452519249
11.27 0.380136022446
11.34 0.456654246569
11.41 0.418111974622
11.48 0.124345419676
11.55 0.116074240333
11.62 0.114951913751
11.69 0.218744558424
11.76 0.413716702172
11.83 0.389479201919
11.9 0.22458641144
11.97 0.153062336845
12.04 0.0975158525188
12.11 0.0944966119366
12.18 0.402782470015
12.25 0.400771124757
12.32 0.300173031056
12.39 0.144192193478
12.46 0.135492317672
12.53 0.127406485939
12.6 0.323608398363
12.67 0.648979575168
12.74 0.717762296452
12.81 0.416429898852
12.88 0.227767334351
12.95 0.238367152339
13.02 0.274398903424
13.09 0.407422056411
13.16 0.392328091722
13.23 0.240269571222
13.3 0.171477356748
13.37 0.137539760155
13.44 0.112601094105
13.51 0.404368012847
13.58 0.438759153642
13.65 0.282597611335
13.72 0.157687939945
13.79 0.184743935148
13.86 0.167357024122
13.93 0.37072980511
14.0 0.493643160368
14.07 0.310874717942
14.14 0.192604559796
14.21 0.169671005023
14.28 0.131013318094
14.35 0.286521656142
14.42 0.610649547995
14.49 0.442868949734
14.56 0.211224414246
14.63 0.224623978041
14.7 0.195528078518
14.77 0.19566690043
14.84 0.325463435756
14.91 0.25292411026
14.98 0.230488266684
15.05 0.110468579325
15.12 0.0896391019923
15.19 0.179670102692
15.26 0.571391953064
15.33 0.509155522222
15.4 0.286446602433
15.47 0.184005249949
15.54 0.142387843981
15.61 0.204492850718
15.68 0.536570384352
15.75 0.567952344141
15.82 0.266120691445
15.89 0.194456752835
15.96 0.188202816128
16.03 0.265303423797
16.1 0.429370412322
16.17 0.395860666337
16.24 0.16892493568
16.31 0.12008850957
16.38 0.13951962747
16.45 0.336240745222
16.52 0.49883656131
16.59 0.343018762408
16.66 0.242114132943
16.73 0.161433811375
16.8 0.11925520299
16.87 0.507052999861
16.94 0.549390122037
17.01 0.370944653278
17.08 0.243505484582
17.15 0.173224040364
17.22 0.24431637044
17.29 0.41753040712
17.36 0.257118158879
17.43 0.131798258218
17.5 0.123920480494
17.57 0.167985862567
17.64 0.421035864724
17.71 0.434766963555
17.78 0.21988156635
17.85 0.104036692815
17.92 0.0998240006293
17.99 0.22528163266
18.06 0.47780545026
18.13 0.388153092829
18.2 0.190759308723
18.27 0.179730891153
18.34 0.135491747559
18.41 0.354402851041
18.48 0.38602473031
18.55 0.336663323216
18.62 0.141885740802
18.69 0.126789044787
18.76 0.290546428377
18.83 0.471915223337
18.9 0.356501642204
18.97 0.196324982322
19.04 0.159159453953
19.11 0.133180550151
19.18 0.396988479171
19.25 0.532582178846
19.32 0.454446823403
19.39 0.405433285892
19.46 0.178794679785
19.53 0.13388714258
19.6 0.102788686731
19.67 0.0865335408258
19.74 0.0956065264493
19.81 0.104342742927
19.88 0.0618452935279
19.95 0.0514690468093
20.02 0.0642288394028
20.09 0.0561959238513
20.16 0.190647852238
20.23 0.398031463154
20.3 0.253550932816
20.37 0.170826888784
20.44 0.0698507914847
20.51 0.141452678441
20.58 0.255961064094
20.65 0.247341199124
20.72 0.396305475016
20.79 0.583948539473
20.86 0.331537314856
20.93 0.153603551768
21.0 0.160201583387
21.07 0.121724907979
21.14 0.141140714803
21.21 0.0962425279493
21.28 0.0453885325372
21.35 0.0360009513163
21.42 0.0191908829326
21.49 6.90755954495e-05
21.56 5.711812584e-05
21.63 0.00268496428385
21.7 0.204664344208
21.77 0.836333094224
21.84 0.700297197957
21.91 0.839359905262
21.98 0.73904538009
22.05 0.760978147942
22.12 0.816117242385
22.19 0.775573708356
22.26 0.590653844263
22.33 0.590740492756
22.4 0.646486737747
22.47 0.707211059798
22.54 0.605696745949
22.61 0.819425053337
22.68 0.848969905106
22.75 0.777411672167
22.82 0.537953489845
22.89 0.683331383128
22.96 0.786645288081
23.03 0.788027239685
23.1 0.785955223963
23.17 0.821497819273
23.24 0.884047812306
23.31 0.644491606555
23.38 0.687846864976
23.45 0.758260790306
23.52 0.775562275043
23.59 0.807211296165
23.66 0.565805287131
23.73 0.645186297408
23.8 0.811779456957
23.87 0.810128306406
23.94 0.606287153308
24.01 0.770492803517
24.08 0.590970266955
24.15 0.456100643176
24.22 0.723276556783
24.29 0.81294506866
24.36 0.727818845123
24.43 0.761864711033
24.5 0.733151691499
24.57 0.790382822693
24.64 0.729674622794
24.71 0.835482568739
24.78 0.761879748852
24.85 0.753339109726
24.92 0.448011341082
24.99 0.55694915066
25.06 0.900363651033
25.13 0.636639103844
25.2 0.636380720899
25.27 0.840539717625
25.34 0.777399298602
25.41 0.703896632304
25.48 0.829915521403
25.55 0.807832376601
25.62 0.812557994178
25.69 0.772605769256
25.76 0.842575334297
25.83 0.742835856968
25.9 0.652236634878
25.97 0.271532230814
26.04 0.331250323165
26.11 0.457607977426
26.18 0.450073092284
26.25 0.574654156213
26.32 0.802571406703
26.39 0.62676222401
26.46 0.6346421232
26.53 0.792065407714
26.6 0.770466543537
26.67 0.756648193807
26.74 0.584206875219
26.81 0.612334368753
26.88 0.839904422866
26.95 0.556539959765
27.02 0.682418509134
27.09 0.790352938335
27.16 0.417862600457
27.23 0.383453329073
27.3 0.710632395293
27.37 0.781136102874
27.44 0.671524117819
27.51 0.758715417598
27.58 0.865702948605
27.65 0.730453937555
27.72 0.68776354649
27.79 0.844853262689
27.86 0.817533288986
27.93 0.859703201594
28.0 0.750580234443
28.07 0.80989055435
28.14 0.835955146519
28.21 0.716887008931
28.28 0.704788304055
28.35 0.772948491674
28.42 0.805475753975
28.49 0.731704309794
28.56 0.806592598032
28.63 0.780522535758
28.7 0.652210827014
28.77 0.479956930305
28.84 0.805150271577
28.91 0.688728623714
28.98 0.648924979699
29.05 0.499744881852
29.12 0.67778205277
29.19 0.571394619802
29.26 0.251908587345
29.33 0.702368018802
29.4 0.770060512485
29.47 0.576319214293
29.54 0.259249085043
29.61 0.600933667348
29.68 0.808722333044
29.75 0.593791740405
29.82 0.671215193543
29.89 0.801651480198
29.96 0.484763661681
30.03 0.373597681293
30.1 0.719578814572
30.17 0.547741993458
30.24 0.341333993817
30.31 0.361439657331
30.38 0.854560241375
30.45 0.720711337359
30.52 0.750310005815
30.59 0.461523125239
30.66 0.24819583464
30.73 0.2360455041
30.8 0.269351684939
30.87 0.672079612895
30.94 0.815188916959
31.01 0.70202288303
31.08 0.389987811094
31.15 0.638796381901
31.22 0.788617008617
31.29 0.644399090494
31.36 0.510535019483
31.43 0.57729222466
31.5 0.700992400546
31.57 0.734086067079
31.64 0.799874424088
31.71 0.717646300178
31.78 0.828070085259
31.85 0.79644965922
31.92 0.67131093155
31.99 0.511623520598
32.06 0.324810467493
32.13 0.685199103364
32.2 0.762072024764
32.27 0.72534998723
32.34 0.404874849579
32.41 0.758189608149
32.48 0.746119752981
32.55 0.390632268651
32.62 0.144507728086
32.69 0.837397528867
32.76 0.799572933638
32.83 0.721140641198
32.9 0.905854396373
32.97 0.659160094243
33.04 0.422553535533
33.11 0.0773729838471
33.18 0.852467578617
33.25 0.867275898025
33.32 0.573603134753
33.39 0.459797642625
33.46 0.784200259423
33.53 0.798313492999
33.6 0.560145339932
33.67 0.534677666086
33.74 0.832138053186
33.81 0.545665132396
33.88 0.32879056845
33.95 0.851212220682
34.02 0.630470920093
34.09 0.232494786474
34.16 0.482683378699
34.23 0.854843176445
34.3 0.584973304679
34.37 0.269128463935
34.44 0.569722922823
34.51 0.746223232851
34.58 0.431583161511
34.65 0.332819233353
34.72 0.790185059287
34.79 0.933344688561
34.86 0.872387115739
34.93 0.592260930911
35.0 0.855092210281
35.07 0.876807832124
35.14 0.742581739313
35.21 0.632117693566
35.28 0.602678389725
35.35 0.573563523695
35.42 0.625869742426
35.49 0.925283477267
35.56 0.799483761246
35.63 0.524454061864
35.7 0.254601843731
35.77 0.828530074595
35.84 0.986316826687
35.91 0.514561248674
35.98 0.256453866605
36.05 0.652309383293
36.12 0.74870065983
36.19 0.719448464863
36.26 0.584269133057
36.33 0.841092447838
36.4 0.737904052223
36.47 0.513417276426
36.54 0.711575046827
36.61 0.861278733291
36.68 0.66909575907
36.75 0.76767426882
36.82 0.777553897369
36.89 0.830207117471
36.96 0.620422203956
37.03 0.764742682812
37.1 0.774255016946
37.17 0.666971587317
37.24 0.519966804961
37.31 0.636496032789
37.38 0.865748425991
37.45 0.843097113209
37.52 0.835872319896
37.59 0.790189041384
37.66 0.837026954128
37.73 0.780499551134
37.8 0.59917049641
37.87 0.625077354811
37.94 0.553867859666
38.01 0.46815493761
38.08 0.724503033956
38.15 0.730840925092
38.22 0.560601386917
38.29 0.454099968597
38.36 0.80296367058
38.43 0.870029906852
38.5 0.73682739679
38.57 0.725941999352
38.64 0.804756594217
38.71 0.843222669745
38.78 0.48642410669
38.85 0.751587860237
38.92 0.820116653904
38.99 0.799169153228
39.06 0.667095198761
39.13 0.760038935717
39.2 0.561770631694
39.27 0.463942432978
39.34 0.707268892118
39.41 0.610527427043
39.48 0.308136416413
39.55 0.30630565416
39.62 0.870008159337
39.69 0.699725322378
39.76 0.648991484196
39.83 0.753800197057
39.9 0.821245988281
39.97 0.820829050556
40.04 0.758160922394
40.11 0.672344798693
40.18 0.691997294355
40.25 0.64879457037
40.32 0.541218039276
40.39 0.589473860494
40.46 0.725009481918
40.53 0.691276636653
40.6 0.570315798188
40.67 0.803099563676
40.74 0.658931572057
40.81 0.291326741767
40.88 0.447701872776
40.95 0.536075413176
41.02 0.230499083927
41.09 0.40980111839
41.16 0.830883106379
41.23 0.7377937931
41.3 0.736182780248
41.37 0.430377198472
41.44 0.316128921008
41.51 0.262857977802
41.58 0.150268618835
41.65 0.0667221090658
41.72 0.0639203746944
41.79 0.296795888641
41.86 0.483258981749
41.93 0.73125053084
42.0 0.833576932878
42.07 0.684422344797
42.14 0.424990627322
42.21 0.272604265722
42.28 0.122216282102
42.35 0.101521350212
42.42 0.0951847284787
42.49 0.0750999616575
42.56 0.291264413131
42.63 0.679297012127
42.7 0.892899817631
42.77 0.740626902322
42.84 0.46441152425
42.91 0.235258832521
42.98 0.595544665455
43.05 0.830810631221
43.12 0.482005460846
43.19 0.167479605885
43.26 0.55371076681
43.33 0.78148759932
43.4 0.676378429417
43.47 0.775173333719
43.54 0.868529277331
43.61 0.798301222526
43.68 0.750206566933
43.75 0.598793924925
43.82 0.677403057995
43.89 0.625452514054
43.96 0.832823388719
44.03 0.900918000914
44.1 0.788930709919
44.17 0.836732882601
44.24 0.798873635924
44.31 0.800592310717
44.38 0.779505440374
44.45 0.613333952103
44.52 0.825409674342
44.59 0.759058271676
44.66 0.773444526067
44.73 0.771571135752
44.8 0.756532623565
44.87 0.685599764921
44.94 0.503606651432
45.01 0.243452147336
45.08 0.873452181357
45.15 0.546091109954
45.22 0.632490325184
45.29 0.751413014382
45.36 0.812896954346
45.43 0.732594027759
45.5 0.677023248417
45.57 0.740743419026
45.64 0.750586352911
45.71 0.744823099733
45.78 0.34774376764
45.85 0.811234053753
45.92 0.688759362621
45.99 0.779455003377
46.06 0.765159255367
46.13 0.831327296503
46.2 0.777668861477
46.27 0.73730471185
46.34 0.769563529145
46.41 0.702053166095
46.48 0.625744416916
46.55 0.711667375335
46.62 0.77550641514
46.69 0.758455419953
46.76 0.709527901201
46.83 0.747329909271
46.9 0.727486999568
46.97 0.75589091224
47.04 0.802188847168
47.11 0.750182813464
47.18 0.674401480981
47.25 0.710321458852
47.32 0.776749818089
47.39 0.765491329464
47.46 0.830807871327
47.53 0.597283552557
47.6 0.711994727058
47.67 0.594751676675
47.74 0.662798548421
47.81 0.635366043837
47.88 0.699665921316
47.95 0.671760719713
48.02 0.776163367985
48.09 0.706457370316
48.16 0.753049708406
48.23 0.645874590325
48.3 0.735940526907
48.37 0.842222768424
48.44 0.759381709615
48.51 0.766264836275
48.58 0.806311711146
48.65 0.741400779272
48.72 0.804135895098
48.79 0.839181499617
48.86 0.742936923483
48.93 0.722471857707
49.0 0.763463029863
49.07 0.75732738603
49.14 0.792785891525
49.21 0.904077767537
49.28 0.848653427763
49.35 0.674018676758
49.42 0.754324681211
49.49 0.72763553576
49.56 0.728190974942
49.63 0.587785314749
49.7 0.876192691298
49.77 0.806691512029
49.84 0.771830735933
49.91 0.764113464291
49.98 0.821412692324
50.05 0.753529978366
50.12 0.760546397213
50.19 0.771362356371
50.26 0.676873381962
50.33 0.673131348548
50.4 0.709610630943
50.47 0.73806187542
50.54 0.712192710311
50.61 0.538103372448
50.68 0.443254732457
50.75 0.515463746363
50.82 0.33800481915
50.89 0.360341912683
50.96 0.534060135505
51.03 0.889210259461
51.1 0.726118760488
51.17 0.557135249726
51.24 0.787861752876
51.31 0.758591217409
51.38 0.798132169716
51.45 0.738452207869
51.52 0.822854825015
51.59 0.673643154828
51.66 0.79988720878
51.73 0.77193247938
51.8 0.678593729832
51.87 0.790397543783
51.94 0.572020164261
52.01 0.714538238712
52.08 0.72390650316
52.15 0.756070641938
52.22 0.616739310768
52.29 0.76839165365
52.36 0.710492807019
52.43 0.652701672013
52.5 0.812813578725
52.57 0.907553186765
52.64 0.786314305769
52.71 0.630371491876
52.78 0.725912143561
52.85 0.789200660322
52.92 0.787986623786
52.99 0.645154915105
53.06 0.836555291757
53.13 0.900260178615
53.2 0.577318326896
53.27 0.67839590929
53.34 0.74301996747
53.41 0.585894811105
53.48 0.738722937054
53.55 0.754170094865
53.62 0.769604511456
53.69 0.686070699434
53.76 0.68003696797
53.83 0.672566362767
53.9 0.700359778735
53.97 0.523307446478
54.04 0.438981280377
54.11 0.797200489442
54.18 0.433316141298
54.25 0.30927563275
54.32 0.678561798531
54.39 0.697618822889
54.46 0.485550462436
54.53 0.244586371768
54.6 0.828977486666
54.67 0.564355828674
54.74 0.338572363608
54.81 0.53223177667
54.88 0.812566113631
54.95 0.417111529272
55.02 0.266945586683
55.09 0.698693432622
55.16 0.733367903466
55.23 0.445233414831
55.3 0.582061232934
55.37 0.706651257202
55.44 0.52339994515
55.51 0.485351617182
55.58 0.770104054715
55.65 0.431350367824
55.72 0.211868859381
55.79 0.490301608409
55.86 0.722028682359
55.93 0.453924629638
56.0 0.335313125296
56.07 0.220848101772
56.14 0.190575927319
56.21 0.111820718611
56.28 0.14557245089
56.35 0.135345153975
56.42 0.109320535551
56.49 0.120119058439
56.56 0.738209041602
56.63 0.682438279264
56.7 0.742641522935
56.77 0.573548518169
56.84 0.412439102375
56.91 0.3315329502
56.98 0.248342679124
57.05 0.137786888646
57.12 0.131999178983
57.19 0.0871240848134
57.26 0.0668136004143
57.33 0.600747563313
57.4 0.671549762971
57.47 0.551480398767
57.54 0.553958220725
57.61 0.372891044149
57.68 0.294089125916
57.75 0.310120201237
57.82 0.247120600143
57.89 0.743923230278
57.96 0.63678644019
58.03 0.551298219693
58.1 0.382046426638
58.17 0.743356090736
58.24 0.505104738423
58.31 0.606465609878
58.38 0.622909291804
58.45 0.794985668469
58.52 0.575114771556
58.59 0.471387334651
58.66 0.718743687108
58.73 0.629893304879
58.8 0.565774074993
58.87 0.623571901065
58.94 0.735458998724
59.01 0.649593616757
59.08 0.443669019591
59.15 0.714281937486
59.22 0.621374294029
59.29 0.530319386398
59.36 0.552116833751
59.43 0.689642703765
59.5 0.675751003212
59.57 0.51938718131
59.64 0.588021555198
59.71 0.717662139136
59.78 0.636816416462
59.85 0.845172952042
59.92 0.799800070909
59.99 0.705074088448
60.06 0.758604338704
60.13 0.72804533403
60.2 0.774791282194
60.27 0.591574313555
60.34 0.616361967955
60.41 0.632751815805
60.48 0.714084489567
60.55 0.728111556576
60.62 0.71749503887
60.69 0.732893763154
60.76 0.74425864556
60.83 0.666987061105
60.9 0.786012530884
60.97 0.8180021542
61.04 0.713663330024
61.11 0.663210706636
61.18 0.744328989316
61.25 0.805365077514
61.32 0.731194783967
61.39 0.809844818612
61.46 0.80931736217
61.53 0.811487372752
61.6 0.71611997458
61.67 0.696275135933
61.74 0.819681391825
61.81 0.695110707929
61.88 0.548339177586
61.95 0.696377476819
62.02 0.775013869739
62.09 0.808552891465
62.16 0.762917897431
62.23 0.752544175854
62.3 0.579953511241
62.37 0.615571577599
62.44 0.7061129624
62.51 0.822468062294
62.58 0.702677608832
62.65 0.794612619513
62.72 0.666408669593
62.79 0.776689705317
62.86 0.71936340747
62.93 0.76833715879
63.0 0.712241554966
63.07 0.725962404183
63.14 0.656401690949
63.21 0.654762066868
63.28 0.676615385302
63.35 0.775307003499
63.42 0.647596104504
63.49 0.779384701852
63.56 0.849607000875
63.63 0.69780606715
63.7 0.793687677504
63.77 0.689948724068
63.84 0.786586945267
63.91 0.79109234518
63.98 0.881705756751
64.05 0.646378995071
64.12 0.692397678928
64.19 0.782385631744
64.26 0.788253026819
64.33 0.676430217793
64.4 0.701983494302
64.47 0.817701623876
64.54 0.813113309152
64.61 0.72136556012
64.68 0.767565374739
64.75 0.741076996035
64.82 0.729404664939
64.89 0.712824928447
64.96 0.762315619548
65.03 0.752450863622
65.1 0.527478874401
65.17 0.57334546476
65.24 0.57625273588
65.31 0.51052411281
65.38 0.535305746865
65.45 0.722607453946
65.52 0.765509787961
65.59 0.548903563445
65.66 0.534215171482
65.73 0.710931155658
65.8 0.568411765849
65.87 0.497070748475
65.94 0.361629703717
66.01 0.255175368787
66.08 0.189310749529
66.15 0.177140420317
66.22 0.205124409311
66.29 0.0923980691887
66.36 0.0890885938537
66.43 0.281398787751
66.5 0.783198727256
66.57 0.706241041594
66.64 0.539942601935
66.71 0.449741751013
66.78 0.387597038819
66.85 0.242992396479
66.92 0.166875416446
66.99 0.199849312035
67.06 0.103931692644
67.13 0.104571771881
67.2 0.188722238821
67.27 0.778876945983
67.34 0.739234165768
67.41 0.767205532782
67.48 0.696786765838
67.55 0.72364017341
67.62 0.910914507611
67.69 0.690618349818
67.76 0.653246255447
67.83 0.709242478253
67.9 0.774500329521
67.97 0.672116671487
68.04 0.630222096167
68.11 0.778800537169
68.18 0.827916372093
68.25 0.722025461655
68.32 0.697204530786
68.39 0.745129513773
68.46 0.691263433381
68.53 0.679242596759
68.6 0.649159364486
68.67 0.721455886401
68.74 0.697038589378
68.81 0.692966700216
68.88 0.810229779081
68.95 0.70047636748
69.02 0.798496370119
69.09 0.792055120837
69.16 0.799411980409
69.23 0.770035185305
69.3 0.775544946835
69.37 0.808600107757
69.44 0.706924738828
69.51 0.580130612706
69.58 0.529318067868
69.65 0.710526543057
69.72 0.723369974592
69.79 0.688404449224
69.86 0.795289323858
69.93 0.78109663217
70.0 0.813273330825
70.07 0.646869191705
70.14 0.797310235588
70.21 0.80706153777
70.28 0.560039375909
70.35 0.292932801218
70.42 0.664446607443
70.49 0.465742847577
70.56 0.332756546998
70.63 0.745458332387
70.7 0.847576351266
70.77 0.901574830793
70.84 0.831934126597
70.91 0.602466706368
70.98 0.687864219267
71.05 0.686712631849
71.12 0.701075721515
71.19 0.71497641967
71.26 0.672272466373
71.33 0.635070454493
71.4 0.61288094572
71.47 0.652908170942
71.54 0.801751582862
71.61 0.617258617948
71.68 0.725458995582
71.75 0.625038947324
71.82 0.701813667679
71.89 0.762626116293
71.96 0.850670318891
72.03 0.896477606312
72.1 0.850627611336
72.17 0.779182970012
72.24 0.539072565913
72.31 0.684533682042
72.38 0.784100471004
72.45 0.788166919872
72.52 0.787855284142
72.59 0.822849951107
72.66 0.885919585437
72.73 0.644345327216
72.8 0.689077269595
72.87 0.759967040608
72.94 0.775275479599
73.01 0.8098274519
73.08 0.566549375362
73.15 0.648831596668
73.22 0.814156931563
73.29 0.81170283699
73.36 0.608120306557
73.43 0.772313061529
73.5 0.594868490235
73.57 0.458878231582
73.64 0.724407632551
73.71 0.817472732793
73.78 0.730115660528
73.85 0.764001332117
73.92 0.734417106526
73.99 0.790817696002
74.06 0.731153879906
74.13 0.835641463848
74.2 0.766397147223
74.27 0.756574450488
74.34 0.448481300565
74.41 0.558412013606
74.48 0.903402726333
74.55 0.638528452357
74.62 0.638647363784
74.69 0.842175200624
74.76 0.778454659877
74.83 0.707251207434
74.9 0.833021441529
74.97 0.811024047199
75.04 0.815299957348
75.11 0.774523122865
75.18 0.847947838932
75.25 0.745520457323
75.32 0.65540649834
75.39 0.273761117061
75.46 0.330513595478
75.53 0.461237406676
75.6 0.452492231101
75.67 0.57592291491
75.74 0.806331865078
75.81 0.629224570939
75.88 0.636695326433
75.95 0.796555327629
76.02 0.773467365368
76.09 0.760412875241
76.16 0.585736940709
76.23 0.615093743351
76.3 0.84480234004
76.37 0.558894891926
76.44 0.683285669748
76.51 0.795038286552
76.58 0.4213468819
76.65 0.385728291386
76.72 0.714875613991
76.79 0.784977323541
76.86 0.675431657915
76.93 0.761455508959
77.0 0.870121723625
77.07 0.735374726324
77.14 0.69225056864
77.21 0.850017604011
77.28 0.82202445843
77.35 0.863172017943
77.42 0.755637419349
77.49 0.814800215357
77.56 0.840966021848
77.63 0.720808583248
77.7 0.70932904601
77.77 0.778453948167
77.84 0.810938974902
77.91 0.734711504719
77.98 0.813432651966
78.05 0.784822795573
78.12 0.657411141354
78.19 0.482501194657
78.26 0.810181981496
78.33 0.692030651559
78.4 0.654696517527
78.47 0.502756273754
78.54 0.682225835756
78.61 0.575244903901
78.68 0.253781719307
78.75 0.707235028147
78.82 0.772515600719
78.89 0.584385569026
78.96 0.260844304893
79.03 0.604410159729
79.1 0.815647145031
79.17 0.598225739555
79.24 0.676391123438
79.31 0.807578629085
79.38 0.488700296174
79.45 0.37624615834
79.52 0.724903719112
79.59 0.552545263168
79.66 0.343626737695
79.73 0.364183302273
79.8 0.861475392491
79.87 0.726091718
79.94 0.756258365641
80.01 0.466776035304
80.08 0.250164331988
80.15 0.238239830813
80.22 0.271636633547
80.29 0.678139405606
80.36 0.822129258627
80.43 0.707811790054
80.5 0.393854947686
80.57 0.64271876481
80.64 0.796367269808
80.71 0.650194725846
80.78 0.514941917768
80.85 0.580991012699
80.92 0.708616472984
80.99 0.741348343774
81.06 0.806433258259
81.13 0.724916467784
81.2 0.836122077863
81.27 0.80381065118
81.34 0.676969642884
81.41 0.517358333953
81.48 0.328101468183
81.55 0.692049312515
81.62 0.769263726677
81.69 0.731042162586
81.76 0.411786078218
81.83 0.764574952813
81.9 0.754672271326
81.97 0.394669857872
82.04 0.144934527898
82.11 0.844464296524
82.18 0.808899179884
82.25 0.728834750598
82.32 0.915292368634
82.39 0.665524924774
82.46 0.428250302846
82.53 0.0775596194907
82.6 0.860621529546
82.67 0.876568210743
82.74 0.58120796867
82.81 0.464814673685
82.88 0.790629941248
82.95 0.806906167674
83.02 0.569375090503
83.09 0.539249156885
83.16 0.841003730046
83.23 0.554009761928
83.3 0.329165722725
83.37 0.860458314495
83.44 0.639852237522
83.51 0.235167469107
83.58 0.483555414463
83.65 0.867223365645
83.72 0.5917085609
83.79 0.272678396569
83.86 0.576070949302
83.93 0.754984002695
84.0 0.437205457648
84.07 0.337014645771
84.14 0.799701550651
84.21 0.943803040257
84.28 0.883518405803
84.35 0.599638333184
84.42 0.863145572894
84.49 0.889183847948
84.56 0.753240924827
84.63 0.639970383831
84.7 0.610102978481
84.77 0.580667137549
84.84 0.634161116689
84.91 0.935724263518
84.98 0.811420678218
85.05 0.531005939166
85.12 0.256518412348
85.19 0.839058003685
85.26 1.0
85.33 0.520573867323
85.4 0.261453955742
85.47 0.660742430035
85.54 0.758809999232
85.61 0.728300842811
85.68 0.59252469329
85.75 0.852800619049
85.82 0.74691786781
85.89 0.522414933841
85.96 0.719104577377
86.03 0.874422805694
86.1 0.67924894377
86.17 0.778437793721
86.24 0.787265839392
86.31 0.841337138133
86.38 0.631458414312
86.45 0.772755882885
86.52 0.788075719169
86.59 0.675659003855
86.66 0.528304970728
86.73 0.644895662706
86.8 0.878284176567
86.87 0.855242125177
86.94 0.848279636045
87.01 0.80300940756
87.08 0.849366847885
87.15 0.789857156083
87.22 0.61090115293
87.29 0.634590265268
87.36 0.562449410305
87.43 0.475220366309
87.5 0.735321304617
87.57 0.742204222608
87.64 0.56904366477
87.71 0.460833166697
87.78 0.815425497737
87.85 0.883020909486
87.92 0.748606286864
87.99 0.737756387969
88.06 0.816633121433
88.13 0.855524601921
88.2 0.49709144892
88.27 0.761192018595
88.34 0.835599256849
88.41 0.812044949548
88.48 0.677869159589
88.55 0.770115792337
88.62 0.573720255107
88.69 0.470678246891
88.76 0.717724305061
88.83 0.622564395753
88.9 0.313479369565
88.97 0.311422576731
89.04 0.884471700691
89.11 0.710577484337
89.18 0.660276655107
89.25 0.766989739394
89.32 0.835097762288
89.39 0.83236162694
89.46 0.773346163552
89.53 0.683929199473
89.6 0.704215957729
89.67 0.660007272333
89.74 0.549778628634
89.81 0.599794826118
89.88 0.737488700629
89.95 0.703796450147
90.02 0.580291241754
90.09 0.817600758577
90.16 0.669562502817
90.23 0.298831635731
90.3 0.454415198896
90.37 0.546715288129
90.44 0.234107928245
90.51 0.414527404203
90.58 0.847055756054
90.65 0.751265922726
90.72 0.749767771147
90.79 0.438436809972
90.86 0.321971381399
90.93 0.267709895919
91.0 0.153029148564
91.07 0.067918249765
91.14 0.0650616230687
91.21 0.301823763028
91.28 0.492455530376
91.35 0.74484666689
91.42 0.849299990638
91.49 0.697566502904
91.56 0.433152343714
91.63 0.278054436152
91.7 0.124637208267
91.77 0.103155491769
91.84 0.0973063862686
91.91 0.0764675362271
91.98 0.296086466762
92.05 0.692208143036
92.12 0.91008605755
92.19 0.756059268245
92.26 0.473611914619
92.33 0.239886128571
92.4 0.60462373601
92.47 0.848966207444
92.54 0.491874808729
92.61 0.171597710226
92.68 0.564505548565
92.75 0.797378242997
92.82 0.689789092407
92.89 0.79115166675
92.96 0.886018140474
93.03 0.81319149041
93.1 0.767241232542
93.17 0.610533116995
93.24 0.689613233018
93.31 0.640807874966
93.38 0.849956544777
93.45 0.919606081379
93.52 0.804600044148
93.59 0.853446805576
93.66 0.816407360382
93.73 0.817140651244
93.8 0.797305864721
93.87 0.622777267776
93.94 0.845415361885
94.01 0.775184694992
94.08 0.788623014056
94.15 0.789502032774
94.22 0.772662761932
94.29 0.699402397416
94.36 0.516428763967
94.43 0.248642569779
94.5 0.892032983682
94.57 0.55789888203
94.64 0.644559944357
94.71 0.769871039939
94.78 0.83017689651
94.85 0.749666815176
94.92 0.69007061772
94.99 0.759031000646
95.06 0.766032871053
95.13 0.761698112566
95.2 0.35790311925
95.27 0.828761787676
95.34 0.704068011523
95.41 0.797240520323
95.48 0.782758939051
95.55 0.848791980144
95.62 0.796315996893
95.69 0.754870242159
95.76 0.787233318106
95.83 0.718801017629
95.9 0.6398502738
95.97 0.72857792149
96.04 0.793240773443
96.11 0.77631842632
96.18 0.725407050704
96.25 0.762236488102
96.32 0.745792494415
96.39 0.774584582048
96.46 0.820387806637
96.53 0.766289033166
96.6 0.69086477281
96.67 0.726697568095
96.74 0.794316166926
96.81 0.779844075118
96.88 0.851187586581
96.95 0.610942129031
97.02 0.728691191407
97.09 0.608170867762
97.16 0.677439289364
97.23 0.649272607077
97.3 0.71498116316
97.37 0.686573494449
97.44 0.793657593171
97.51 0.721836943023
97.58 0.769512330755
97.65 0.659154901122
97.72 0.750307763867
97.79 0.862306241002
97.86 0.775674315303
97.93 0.782812806663
98.0 0.823944399284
98.07 0.756787117569
98.14 0.821768799358
98.21 0.855963484653
98.28 0.757678306152
98.35 0.739358390798
98.42 0.779651401741
98.49 0.772845031677
98.56 0.809959828678
98.63 0.921794398925
98.7 0.867521994351
98.77 0.687749589277
98.84 0.770413679523
98.91 0.742539885064
98.98 0.743331393289
99.05 0.598188300888
99.12 0.892026541032
99.19 0.826567100762
99.26 0.787495675695
99.33 0.779592639106
99.4 0.835549586214
99.47 0.770341544693
99.54 0.776515784809
99.61 0.786461259555
99.68 0.689813596091
99.75 0.687535454062
99.82 0.72226612638
99.89 0.75357794363
99.96 0.725573149856
100.03 0.550099772458
100.1 0.450558376506
100.17 0.526075924253
100.24 0.345508495879
100.31 0.366198885496
100.38 0.544486902439
100.45 0.906630881683
100.52 0.739796560578
100.59 0.567688746959
100.66 0.803110484012
100.73 0.77219873709
100.8 0.812893506342
100.87 0.752570230891
100.94 0.839073058894
101.01 0.686114988153
101.08 0.814533339093
101.15 0.786580589562
101.22 0.691158395947
101.29 0.804367081539
101.36 0.582830387509
101.43 0.727765194874
101.5 0.737279645506
101.57 0.769862958989
101.64 0.627798308259
101.71 0.782179098036
101.78 0.721963126808
101.85 0.665875451158
101.92 0.826779198972
101.99 0.920675515379
102.06 0.803872009754
102.13 0.641071364088
102.2 0.737715829206
102.27 0.80456599635
102.34 0.801876216535
102.41 0.656011395763
102.48 0.849324078226
102.55 0.916243576833
102.62 0.589442346531
102.69 0.688126068848
102.76 0.757452285507
102.83 0.592439417291
102.9 0.753542622703
102.97 0.767090065632
103.04 0.782563430013
103.11 0.697586135164
103.18 0.691509224156
103.25 0.683617341412
103.32 0.712061989222
103.39 0.531913582777
103.46 0.4425280482
103.53 0.811675696378
103.6 0.441518196605
103.67 0.313805470516
103.74 0.689211541781
103.81 0.709071282861
103.88 0.493765534704
103.95 0.242147678943
104.02 0.84392435473
104.09 0.571004214071
104.16 0.347695418574
104.23 0.54024376075
104.3 0.824743407166
104.37 0.425264373511
104.44 0.270825843328
104.51 0.708954286715
104.58 0.744484279919
104.65 0.452237021661
104.72 0.588102014423
104.79 0.720399948803
104.86 0.530821079692
104.93 0.493196609056
105.0 0.781434453354
105.07 0.438173394133
105.14 0.215101461365
105.21 0.492231364152
105.28 0.736174393748
105.35 0.460671265763
105.42 0.340228288701
105.49 0.223938754295
105.56 0.193607409807
105.63 0.113050555601
105.7 0.147915051716
105.77 0.137166747219
105.84 0.110802269364
105.91 0.12206397124
105.98 0.746750191221
106.05 0.693308773028
106.12 0.752914926968
106.19 0.582505491372
106.26 0.416834664229
106.33 0.337736266083
106.4 0.251211647092
106.47 0.140579767012
106.54 0.13372634461
106.61 0.0883923392269
106.68 0.0678443586393
106.75 0.60866548743
106.82 0.68021424581
106.89 0.558925483026
106.96 0.561377764167
107.03 0.378107243404
107.1 0.297793928089
107.17 0.31431851142
107.24 0.250337920861
107.31 0.753147767854
107.38 0.645294430096
107.45 0.556523052621
107.52 0.389570211342
107.59 0.752499504576
107.66 0.511780044584
107.73 0.613787567103
107.8 0.628469420775
107.87 0.80634848406
107.94 0.582696644447
108.01 0.476883588601
108.08 0.726786689562
108.15 0.637837733665
108.22 0.573305088582
108.29 0.629910839271
108.36 0.744717545595
108.43 0.657411528881
108.5 0.448636924045
108.57 0.722971429534
108.64 0.628866379701
108.71 0.534838965855
108.78 0.556193085086
108.85 0.700454301992
108.92 0.683553227912
108.99 0.525346473892
109.06 0.592818346237
109.13 0.72672624764
109.2 0.644336869918
109.27 0.854382316413
109.34 0.808872123733
109.41 0.710554407799
109.48 0.768934501904
109.55 0.735419854686
109.62 0.783246076451
109.69 0.597439901409
109.76 0.623803549558
109.83 0.63878173161
109.9 0.722060716752
109.97 0.734642978122
110.04 0.724727836124
110.11 0.741565908362
110.18 0.751895034428
110.25 0.673732293684
110.32 0.794235461769
110.39 0.825533241072
110.46 0.721491358861
110.53 0.669870401139
110.6 0.748602825197
110.67 0.816091050719
110.74 0.737690595181
110.81 0.818240737206
110.88 0.816841092223
110.95 0.819291762391
111.02 0.722806642014
111.09 0.701875713122
111.16 0.828373438823
111.23 0.701497859815
111.3 0.552656292378
111.37 0.703299822041
111.44 0.781531704211
111.51 0.815436880126
111.58 0.770593411706
111.65 0.759259265723
111.72 0.584736631987
111.79 0.621148333004
111.86 0.712085156431
111.93 0.828255743389
112.0 0.710818483181
112.07 0.801063841427
112.14 0.672305472069
112.21 0.783079199759
112.28 0.725209939388
112.35 0.77315168047
112.42 0.7174112869
112.49 0.734152836139
112.56 0.659381165213
112.63 0.66237316706
112.7 0.682047702126
112.77 0.779859993569
112.84 0.654670474911
112.91 0.784984084163
112.98 0.856108067315
113.05 0.703471838446
113.12 0.799931573265
113.19 0.694762562605
113.26 0.79270975721
113.33 0.796589836238
113.4 0.888423137008
113.47 0.650699728031
113.54 0.697677564409
113.61 0.785811390272
113.68 0.795974310367
113.75 0.680575610553
113.82 0.707079871688
113.89 0.823514276918
113.96 0.818583997443
114.03 0.725153290767
114.1 0.772497034161
114.17 0.745865006836
114.24 0.735595952553
114.31 0.716145582469
114.38 0.76778152957
114.45 0.757867151449
114.52 0.530327613912
114.59 0.577164052311
114.66 0.579885101399
114.73 0.512483992632
114.8 0.539536481453
114.87 0.725339360024
114.94 0.771470891492
115.01 0.551443027172
115.08 0.537587528178
115.15 0.71538378347
115.22 0.571601322432
115.29 0.498689698195
115.36 0.365305192887
115.43 0.256406993125
115.5 0.190595078895
115.57 0.178071855902
115.64 0.206141135799
115.71 0.0930112562293
115.78 0.0895805120059
115.85 0.282730768137
115.92 0.786400945567
115.99 0.710382617453
116.06 0.54257690068
116.13 0.451966171994
116.2 0.38948483101
116.27 0.244369583478
116.34 0.167136799006
116.41 0.201270426308
116.48 0.104396803061
116.55 0.104982606043
116.62 0.188104257365
116.69 0.780695656368
116.76 0.741109431618
116.83 0.772961678799
116.9 0.700242036102
116.97 0.72612379835
117.04 0.914503401698
117.11 0.693191222916
117.18 0.6541838095
117.25 0.713803904506
117.32 0.777571490139
117.39 0.674280665451
117.46 0.631777331094
117.53 0.782326352405
117.6 0.830816350983
117.67 0.723008761382
117.74 0.700655600348
117.81 0.747666261079
117.88 0.693531874793
117.95 0.681382519283
118.02 0.651387572559
118.09 0.723485830511
118.16 0.699168129384
118.23 0.694815521017
118.3 0.812395895754
118.37 0.702265172391
118.44 0.801050752426
118.51 0.794007160672
118.58 0.801672198032
118.65 0.771910520711
118.72 0.776774216196
118.79 0.810674880889
118.86 0.709278456238
118.93 0.581263513085
119.0 0.5300505874
119.07 0.712031655232
119.14 0.725191390219
119.21 0.689495133909
119.28 0.796374943356
119.35 0.780664580859
119.42 0.817065731679
119.49 0.647985653203
119.56 0.798080821035
119.63 0.809175991517
119.7 0.560746706131
119.77 0.293480448855
119.84 0.664380453211
119.91 0.467861883344
119.98 0.333541951659
120.05 0.746332805106
120.12 0.847963681616
120.19 0.902606207572
120.26 0.833390046335
120.33 0.600348670473
120.4 0.687952097415
120.47 0.689358534072
120.54 0.702884218306
120.61 0.716672792981
120.68 0.669994125612
120.75 0.636633857313
120.82 0.613058089416
120.89 0.652804319691
120.96 0.801720965679
121.03 0.614697671267
121.1 0.72546303233
121.17 0.623208002487
121.24 0.7033432736
121.31 0.762575366293
121.38 0.816651863124
121.45 0.780077114736
121.52 0.663099836411
121.59 0.725940127542
121.66 0.649243332578
121.73 0.640600687926
121.8 0.744497419845
121.87 0.803670142528
121.94 0.515678916228
122.01 0.554175405238
122.08 0.625661300889
122.15 0.839047804996
122.22 0.765968751342
122.29 0.775599835433
122.36 0.79785800619
122.43 0.834500037857
122.5 0.773672326607
122.57 0.755739768929
122.64 0.815206565623
122.71 0.599623418331
122.78 0.770076771265
122.85 0.563491560855
122.92 0.796400922626
122.99 0.792553282908
123.06 0.855833110102
123.13 0.872739054364
123.2 0.75070635364
123.27 0.771513566753
123.34 0.815577684392
123.41 0.743846661235
123.48 0.729792017646
123.55 0.580396332597
123.62 0.634291665131
123.69 0.789997035002
123.76 0.867875512897
123.83 0.797291716228
123.9 0.862334759076
123.97 0.739001929773
124.04 0.698015749521
124.11 0.755643422304
124.18 0.672585018755
124.25 0.629648711466
124.32 0.7497423918
124.39 0.782079618894
124.46 0.776596016735
124.53 0.746027933725
124.6 0.797919089024
124.67 0.788029522621
124.74 0.773987653788
124.81 0.712628336319
124.88 0.668225893212
124.95 0.839266581851
125.02 0.840975218182
125.09 0.597722642715
125.16 0.752763938918
125.23 0.841348545363
125.3 0.731240991693
125.37 0.812643024245
125.44 0.76885814153
125.51 0.973350331464
125.58 0.979436928184
125.65 0.867540926079
125.72 0.724248900154
125.79 0.747269223901
125.86 0.761450099716
125.93 0.738854879105
126.0 0.698823438276
126.07 0.739316635915
126.14 0.717808362582
126.21 0.849730530343
126.28 0.747934688696
126.35 0.830843212127
126.42 0.677721992165
126.49 0.735456330744
126.56 0.737615593639
126.63 0.752178518495
126.7 0.832291372614
126.77 0.826390965632
126.84 0.761917951396
126.91 0.710611155786
126.98 0.743836696056
127.05 0.772897785146
127.12 0.705731438758
127.19 0.778994722153
127.26 0.805815563723
127.33 0.802897482813
127.4 0.73839009287
127.47 0.680988609654
127.54 0.833060325973
127.61 0.768683329212
127.68 0.768810117888
127.75 0.732859484329
127.82 0.786269546303
127.89 0.737101031192
127.96 0.739514694936
128.03 0.836645306277
128.1 0.760405519665
128.17 0.734688898929
128.24 0.644520017811
128.31 0.832219729647
128.38 0.766030784365
128.45 0.671587630155
128.52 0.786230316562
128.59 0.788892282559
128.66 0.697120944012
128.73 0.70566974358
128.8 0.744082458263
128.87 0.79636929936
128.94 0.70958561304
129.01 0.628837821881
129.08 0.794644748304
129.15 0.809455495972
129.22 0.795044609963
129.29 0.73192686753
129.36 0.767501659945
129.43 0.655911396191
129.5 0.706522184347
129.57 0.692594131944
129.64 0.834980468044
129.71 0.749590848541
129.78 0.732751842261
129.85 0.828266201672
129.92 0.855026701929
129.99 0.82407179782
130.06 0.775106424305
130.13 0.722968289564
130.2 0.709936622592
130.27 0.730014767903
130.34 0.676503382304
130.41 0.805905309955
130.48 0.724344364905
130.55 0.641833402807
130.62 0.767886727232
130.69 0.781808884741
130.76 0.731192450105
130.83 0.729187697789
130.9 0.772744737733
130.97 0.784646184728
131.04 0.740069046059
131.11 0.747938477029
131.18 0.819676989906
131.25 0.696467488854
131.32 0.554210596989
131.39 0.63776422013
131.46 0.835882118637
131.53 0.784410641084
131.6 0.732272885176
131.67 0.798402660422
131.74 0.749377336848
131.81 0.675577543515
131.88 0.814165552815
131.95 0.642177819418
132.02 0.788191501806
132.09 0.788856782773
132.16 0.628498390965
132.23 0.823462288567
132.3 0.632647649067
132.37 0.459345082148
132.44 0.626712067723
132.51 0.676572059193
132.58 0.729697590029
132.65 0.768797408962
132.72 0.752419395616
132.79 0.745357586328
132.86 0.697705348416
132.93 0.787229676337
133.0 0.678700866375
133.07 0.847915341244
133.14 0.686710360091
133.21 0.662516322576
133.28 0.476640265832
133.35 0.796180306256
133.42 0.767882007342
133.49 0.743151535656
133.56 0.755381239847
133.63 0.641727243779
133.7 0.784042448647
133.77 0.687200360477
133.84 0.642290151566
133.91 0.69805411602
133.98 0.72834087866
134.05 0.823527095146
134.12 0.701987283878
134.19 0.584967483067
134.26 0.761847969085
134.33 0.699867430825
134.4 0.719571106246
134.47 0.695763272518
134.54 0.780183899772
134.61 0.74916309854
134.68 0.758680743793
134.75 0.725276545736
134.82 0.670528233374
134.89 0.699927911251
134.96 0.625652795149
135.03 0.585378704757
135.1 0.733847484074
135.17 0.688146725821
135.24 0.722533946622
135.31 0.652033694497
135.38 0.550963573256
135.45 0.681503096334
135.52 0.599750287742
135.59 0.757640217879
135.66 0.648813017689
135.73 0.670640410263
135.8 0.708409211419
135.87 0.764927326165
135.94 0.862545513359
136.01 0.723395648311
136.08 0.776854604623
136.15 0.734498161949
136.22 0.601495392678
136.29 0.730457647637
136.36 0.625111467198
136.43 0.849482028115
136.5 0.776815713969
136.57 0.669487290122
136.64 0.817237486005
136.71 0.68942561365
136.78 0.818911957782
136.85 0.692600815557
136.92 0.618401800235
136.99 0.707691258959
137.06 0.603690608718
137.13 0.792234480397
137.2 0.727090846749
137.27 0.53805542333
137.34 0.804423923923
137.41 0.767938260982
137.48 0.689984534373
137.55 0.604999474061
137.62 0.559244807208
137.69 0.771196244798
137.76 0.517348064466
137.83 0.670844334368
137.9 0.690849843051
137.97 0.672865741686
138.04 0.656835133386
138.11 0.698028114392
138.18 0.7191801776
138.25 0.787548405565
138.32 0.751986801517
138.39 0.731000825041
138.46 0.849425175794
138.53 0.762706238916
138.6 0.769029984044
138.67 0.809107707124
138.74 0.749534485598
138.81 0.699194924699
138.88 0.77254260346
138.95 0.711227984595
139.02 0.696499762968
139.09 0.819304057706
139.16 0.601153338498
139.23 0.748407622952
139.3 0.677439996105
139.37 0.689195476765
139.44 0.678817179378
139.51 0.672921633883
139.58 0.810195264261
139.65 0.640061167196
139.72 0.704842744264
139.79 0.722075201847
139.86 0.500288710104
139.93 0.840752840548
140.0 0.746262205483
140.07 0.682200005535
140.14 0.759058188457
140.21 0.763187495085
140.28 0.716230688303
140.35 0.563363463031
140.42 0.751090522905
140.49 0.612678536948
140.56 0.782087124762
140.63 0.764455504809
140.7 0.655287586913
140.77 0.730827715609
140.84 0.730942212697
140.91 0.813654293049
140.98 0.730108657701
141.05 0.740398860819
141.12 0.704752760796
141.19 0.726600329659
141.26 0.788510565152
141.33 0.746319143508
141.4 0.797962059899
141.47 0.766731444636
141.54 0.694675162656
141.61 0.768856588935
141.68 0.63069857531
141.75 0.751262300831
141.82 0.759011516193
141.89 0.794424525672
141.96 0.697136574302
142.03 0.645581774537
142.1 0.694663259838
142.17 0.72127591574
142.24 0.807600801391
142.31 0.641722402165
142.38 0.72798769299
142.45 0.809572241218
142.52 0.764586271856
142.59 0.73218536102
142.66 0.725206770851
142.73 0.744977843822
142.8 0.779300456777
142.87 0.717818973641
142.94 0.79698166042
143.01 0.747478076566
143.08 0.694319060591
143.15 0.689860890634
143.22 0.714418801886
143.29 0.801480490991
143.36 0.571555612778
143.43 0.646319938064
143.5 0.69120292066
143.57 0.783628999914
143.64 0.632895533982
143.71 0.630600538219
143.78 0.732673757885
143.85 0.644359110538
143.92 0.811850939697
143.99 0.714558768993
144.06 0.688071242353
144.13 0.752043404181
144.2 0.63066063236
144.27 0.792851847025
144.34 0.552384444083
144.41 0.666082994674
144.48 0.655336796738
144.55 0.599653399571
144.62 0.737493822952
144.69 0.696483587407
144.76 0.782042854674
144.83 0.544297398841
144.9 0.492308639936
144.97 0.719856545342
145.04 0.688627341078
145.11 0.697932809869
145.18 0.69217272647
145.25 0.509676068993
145.32 0.830052548514
145.39 0.606525666757
145.46 0.757058678945
145.53 0.739049516205
145.6 0.696810652209
145.67 0.81901530475
145.74 0.659529890201
145.81 0.738568830149
145.88 0.691721548424
145.95 0.78619742141
146.02 0.847707276056
146.09 0.779063381653
146.16 0.75532666301
146.23 0.682453436322
146.3 0.856622129206
146.37 0.816789886381
146.44 0.815359781959
146.51 0.682368849677
146.58 0.528349961219
146.65 0.837654233767
146.72 0.840681445996
146.79 0.818532442577
146.86 0.789760477823
146.93 0.726160648273
147.0 0.7912412453
147.07 0.66295585243
147.14 0.675288627848
147.21 0.730566298271
147.28 0.690128744412
147.35 0.84328436989
147.42 0.737426672575
147.49 0.651996582496
147.56 0.80809260403
147.63 0.741496169498
147.7 0.782982302894
147.77 0.623093315361
147.84 0.773903034848
147.91 0.777844660004
147.98 0.77498165773
148.05 0.807278759546
148.12 0.736474199942
148.19 0.825462415391
148.26 0.779483323961
148.33 0.757846494477
148.4 0.81046591768
148.47 0.765636317043
148.54 0.827141700214
148.61 0.564447487703
148.68 0.830356720607
148.75 0.66278934215
148.82 0.64944983896
148.89 0.706425478762
148.96 0.755647959609
149.03 0.767898936843
149.1 0.820302274771
149.17 0.658699697506
149.24 0.722594346314
149.31 0.585227013691
149.38 0.849022785267
149.45 0.762620087254
149.52 0.775856428547
149.59 0.695810765793
149.66 0.619649026295
149.73 0.839339568745
149.8 0.790027139208
149.87 0.814140190857
149.94 0.678265465183
150.01 0.730719970449
150.08 0.842758093421
150.15 0.708631528192
150.22 0.742006609494
150.29 0.765608818714
150.36 0.761177155909
150.43 0.75316727218
150.5 0.737629916022
150.57 0.797266936804
150.64 0.780605369834
150.71 0.791910554322
150.78 0.680720619247
150.85 0.763473670732
150.92 0.777287085693
150.99 0.819080511277
151.06 0.726932464618
151.13 0.723667926365
151.2 0.689521024992
151.27 0.781648664336
151.34 0.777794868887
151.41 0.834837395746
151.48 0.742849815423
151.55 0.781099743571
151.62 0.826573877531
151.69 0.716334771822
151.76 0.731989409803
151.83 0.602086047211
151.9 0.720030354062
151.97 0.622485521416
152.04 0.697939019009
152.11 0.74312667177
152.18 0.703574465009
152.25 0.752992226352
152.32 0.6883691904
152.39 0.75260960844
152.46 0.716412605298
152.53 0.562831552502
152.6 0.682367468488
152.67 0.687920798332
152.74 0.813127579368
152.81 0.754863139966
152.88 0.784332094656
152.95 0.763683158097
153.02 0.754909943889
153.09 0.704415200448
153.16 0.656636181313
153.23 0.897832269497
153.3 0.686016379706
153.37 0.785863109092
153.44 0.784295309321
153.51 0.7481361597
153.58 0.773104233151
153.65 0.690806780262
153.72 0.785924231672
153.79 0.713125107263
153.86 0.729789851465
153.93 0.712285038819
154.0 0.654208145503
154.07 0.78022971376
154.14 0.734606118262
154.21 0.808280952497
154.28 0.828573836674
154.35 0.843776676813
154.42 0.742044995865
154.49 0.76973061078
154.56 0.813039478888
154.63 0.603731779824
154.7 0.743709942159
154.77 0.719655224629
154.84 0.689192928024
154.91 0.891569469333
154.98 0.775960309607
155.05 0.8669828922
155.12 0.760726893273
155.19 0.804122875653
155.26 0.704112192181
155.33 0.676287068486
155.4 0.813122770048
155.47 0.788309130168
155.54 0.753943014729
155.61 0.758267065276
155.68 0.768821670441
155.75 0.746629000584
155.82 0.7343928761
155.89 0.807554792397
155.96 0.696257128309
156.03 0.773362371407
156.1 0.798513698327
156.17 0.845527902702
156.24 0.82877357995
156.31 0.750515388118
156.38 0.775342693322
156.45 0.649288822384
156.52 0.722947759283
156.59 0.757669384317
156.66 0.497768092403
156.73 0.742619584139
156.8 0.768201225948
156.87 0.766672360304
156.94 0.737452748727
157.01 0.643550469111
157.08 0.776196351324
157.15 0.722752514808
157.22 0.851957224324
157.29 0.702551097139
157.36 0.856938243863
157.43 0.77662941617
157.5 0.722477332779
157.57 0.742656899841
157.64 0.640919407217
157.71 0.834679392448
157.78 0.787964764483
157.85 0.690350697256
157.92 0.772162764073
157.99 0.64019359614
158.06 0.782110028651
158.13 0.681803128586
158.2 0.781916336771
158.27 0.750964496864
158.34 0.763067049693
158.41 0.769394581911
158.48 0.693760440452
158.55 0.811410095726
158.62 0.78799033511
158.69 0.766949589274
158.76 0.679103911475
158.83 0.78286530178
158.9 0.788546755533
158.97 0.787186911647
159.04 0.77021101861
159.11 0.680405067251
159.18 0.741311749719
159.25 0.825740902585
159.32 0.67126615097
159.39 0.796213249848
159.46 0.794697842102
159.53 0.714764998392
159.6 0.804844340705
159.67 0.822871765695
159.74 0.764609431613
159.81 0.807377713289
159.88 0.804791558668
159.95 0.780912498068
160.02 0.752502309185
160.09 0.781652212948
160.16 0.614419354237
160.23 0.703930000687
160.3 0.690715030562
160.37 0.693466439723
160.44 0.627840987246
160.51 0.675644408215
160.58 0.736689566055
160.65 0.703049553581
160.72 0.754294863924
160.79 0.760170655436
160.86 0.691754932953
160.93 0.784265960297
161.0 0.663909011931
161.07 0.765433657372
161.14 0.713351931531
161.21 0.678664322002
161.28 0.77376960479
161.35 0.584588213793
161.42 0.855826024056
161.49 0.718813305491
161.56 0.659322303212
161.63 0.710029003267
161.7 0.630441497787
161.77 0.838279152219
161.84 0.643155717355
161.91 0.717846339068
161.98 0.615693830212
162.05 0.724597958404
162.12 0.745241745313
162.19 0.563257620732
162.26 0.772132762959
162.33 0.660691099985
162.4 0.762894748853
162.47 0.530711114941
162.54 0.711745084604
162.61 0.68542270817
162.68 0.611838726856
162.75 0.807684773209
162.82 0.682375399145
162.89 0.581473174341
162.96 0.640194346355
163.03 0.690123327717
163.1 0.855653868539
163.17 0.694693027441
163.24 0.582959645433
163.31 0.464669992898
163.38 0.345234599399
163.45 0.270178599794
163.52 0.171350130861
163.59 0.142353755194
163.66 0.0960450328317
163.73 0.0778433494895
163.8 0.0570615877639
163.87 0.0379408225289
163.94 0.0328424627898
164.01 0.0224354374178
164.08 0.0129931352784
164.15 0.00265862853771
164.22 0.000500461153783
164.29 0.000124238693019
164.36 5.83639284804e-05
164.43 5.28640141321e-05
164.5 0.0
164.57 0.0
164.64 0.0
164.71 0.0
164.78 0.0
164.85 0.0
164.92 0.0
164.99 0.0
165.06 0.0
165.13 0.0
165.2 0.0
165.27 0.0
165.34 0.0
165.41 0.0
165.48 0.0
165.55 0.0
165.62 0.0
165.69 0.0
165.76 0.0
165.83 0.0
165.9 0.0
165.97 0.0
166.04 0.0
166.11 0.0
166.18 0.0
166.25 0.0
166.32 0.0
166.39 0.0
166.46 0.0
166.53 0.0
166.6 0.0
166.67 0.0
166.74 0.0
166.81 0.0
166.88 0.0
166.95 0.0
167.02 0.0
167.09 0.0
167.16 0.0
167.23 0.0
167.3 0.0
167.37 0.0
167.44 0.0
167.51 0.0
167.58 0.0
167.65 0.0
167.72 0.0
167.79 0.0
167.86 0.0
167.93 0.0
168.0 0.0
168.07 0.0
168.14 0.0
168.21 0.0
168.28 0.0
168.35 0.0
168.42 0.0
168.49 0.0
168.56 0.0
168.63 0.0
168.7 0.0
168.77 0.0
168.84 0.0
168.91 0.0
168.98 0.0
169.05 0.0
169.12 0.0
169.19 0.0
169.26 0.0
169.33 0.0
169.4 0.0
169.47 0.0
169.54 0.0
169.61 0.0
169.68 0.0
169.75 0.0
169.82 0.0
169.89 0.0
169.96 0.0
170.03 0.0
170.1 0.0
170.17 0.0
170.24 0.0
170.31 0.0
170.38 0.0
170.45 0.0
170.52 0.0
170.59 0.0
170.66 0.0
170.73 0.0
170.8 0.0
170.87 0.0
170.94 0.0
171.01 0.0
171.08 0.0
171.15 0.0
171.22 0.0
171.29 0.0
171.36 0.0
171.43 0.0
171.5 0.0
171.57 0.0
171.64 0.0
171.71 0.0
171.78 0.0
171.85 0.0
171.92 0.0
171.99 0.0
172.06 0.0
172.13 0.0
172.2 0.0
172.27 0.0
172.34 0.0
172.41 0.0
172.48 0.0
172.55 0.0
172.62 0.0
172.69 0.0
172.76 0.0
172.83 0.0
172.9 0.0
172.97 0.0
173.04 0.0
173.11 0.0
173.18 0.0
173.25 0.0
173.32 0.0
173.39 0.0
173.46 0.0
