0.0 0.0
0.07 0.0
0.14 0.0
0.21 0.0
0.28 0.0
0.35 0.0
0.42 0.0
0.49 0.0
0.56 0.0
0.63 0.0
0.7 0.0
0.77 0.0
0.84 0.0
0.91 0.0
0.98 0.0
1.05 0.0
1.12 0.0
1.19 0.0
1.26 0.0
1.33 0.0
1.4 0.0
1.47 0.0
1.54 0.0
1.61 0.0
1.68 0.0
1.75 0.0
1.82 0.0
1.89 0.0
1.96 0.0
2.03 0.0
2.1 0.0
2.17 0.0
2.24 0.0
2.31 0.0
2.38 0.0
2.45 0.0
2.52 0.0
2.59 0.0
2.66 0.0
2.73 0.0
2.8 0.0
2.87 0.0
2.94 0.0
3.01 0.0
3.08 0.0
3.15 0.0
3.22 0.0
3.29 0.0
3.36 0.0
3.43 0.0
3.5 0.0
3.57 0.0
3.64 0.0
3.71 0.0
3.78 0.0
3.85 0.0
3.92 0.0
3.99 0.0
4.06 0.0
4.13 0.0
4.2 0.0
4.27 0.0
4.34 0.00105218671593
4.41 0.039280584415
4.48 0.0418968483383
4.55 0.0308154276685
4.62 0.0251289447851
4.69 0.0888575496689
4.76 0.0810365845714
4.83 0.0442422756326
4.9 0.0272130334518
4.97 0.034131880256
5.04 0.0464953239762
5.11 0.0415310517031
5.18 0.0239073076034
5.25 0.073308870546
5.32 0.0128851170354
5.39 0.00304771917147
5.46 0.0769582216107
5.53 0.10826746179
5.6 0.0827269251734
5.67 0.0608940093304
5.74 0.0482739253744
5.81 0.0229087098592
5.88 0.0128244298672
5.95 0.0154144348178
6.02 0.0132307571933
6.09 0.00461813661852
6.16 0.00147536093082
6.23 0.00261015318935
6.3 0.00118986772038
6.37 0.00124846226827
6.44 0.00939384001997
6.51 0.0729405293409
6.58 0.0783754234658
6.65 0.277580544317
6.72 0.204511003399
6.79 0.145406268067
6.86 0.119963977505
6.93 0.0769849219404
7.0 0.0450086925544
7.07 0.023254790197
7.14 0.120063534686
7.21 0.16036126796
7.28 0.131295333316
7.35 0.104891267127
7.42 0.0485309598891
7.49 0.0227173068875
7.56 0.0335495633197
7.63 0.18082417654
7.7 0.17850555197
7.77 0.121458089633
7.84 0.110911295811
7.91 0.0757343705826
7.98 0.139003702961
8.05 0.127918061742
8.12 0.0971014276979
8.19 0.0951060164684
8.26 0.0634176447892
8.33 0.0587104529319
8.4 0.0649180018234
8.47 0.142303385162
8.54 0.157371235906
8.61 0.138936428393
8.68 0.494550495195
8.75 0.228957657427
8.82 0.273344846433
8.89 0.172517991857
8.96 0.0379782318754
9.03 0.0282927820262
9.1 0.207346781789
9.17 0.316339337722
9.24 0.277693330436
9.31 0.309535772175
9.38 0.226218897532
9.45 0.0824935721069
9.52 0.0405188213256
9.59 0.0209912293195
9.66 0.016236573348
9.73 0.0117029665883
9.8 0.00880549591319
9.87 0.212823662495
9.94 0.304193538292
10.01 0.355520257854
10.08 0.17410201369
10.15 0.167731737082
10.22 0.0920703657612
10.29 0.0622229892287
10.36 0.0261406431804
10.43 0.0144280432412
10.5 0.0104793109342
10.57 0.0683124274711
10.64 0.190680438588
10.71 0.152160934795
10.78 0.278911672153
10.85 0.120948239976
10.92 0.0784529763541
10.99 0.270126009055
11.06 0.058390456201
11.13 0.286761144201
11.2 0.149930142611
11.27 0.0829500010963
11.34 0.0354442345325
11.41 0.0785446032326
11.48 0.352709027149
11.55 0.12262543638
11.62 0.046809138179
11.69 0.0197069771224
11.76 0.104792418472
11.83 0.118167546464
11.9 0.0704978340379
11.97 0.15400437094
12.04 0.0784773522039
12.11 0.0673184680941
12.18 0.0489005204163
12.25 0.0377286662971
12.32 0.114623642046
12.39 0.110656408056
12.46 0.105547042336
12.53 0.0502258376405
12.6 0.444960897717
12.67 0.275531165138
12.74 0.229032958806
12.81 0.217837167841
12.88 0.110680968687
12.95 0.18933785195
13.02 0.189420894141
13.09 0.172894522293
13.16 0.123180397424
13.23 0.104398515049
13.3 0.0357652081334
13.37 0.21323344182
13.44 0.344850491394
13.51 0.237397628581
13.58 0.180463843315
13.65 0.141407993148
13.72 0.0899394038101
13.79 0.0235548423018
13.86 0.0136066214746
13.93 0.26012274219
14.0 0.0975944540052
14.07 0.129349817784
14.14 0.0963042193618
14.21 0.0659013050784
14.28 0.0303167519923
14.35 0.0694612772425
14.42 0.0616726124116
14.49 0.0975775388532
14.56 0.180350512268
14.63 0.167164084966
14.7 0.160636485204
14.77 0.14002141558
14.84 0.109920198781
14.91 0.283120122425
14.98 0.162673092102
15.05 0.245880218338
15.12 0.211263384488
15.19 0.189253053746
15.26 0.170586563261
15.33 0.146387689376
15.4 0.306906854842
15.47 0.182832822593
15.54 0.196925994786
15.61 0.194093528338
15.68 0.173825247578
15.75 0.220733476864
15.82 0.119128526473
15.89 0.206772228027
15.96 0.149038247322
16.03 0.206793040067
16.1 0.208960085008
16.17 0.227645346698
16.24 0.208297885996
16.31 0.168977158107
16.38 0.328339313995
16.45 0.243626894588
16.52 0.268549267846
16.59 0.210033312092
16.66 0.212082710103
16.73 0.383568344529
16.8 0.171289982658
16.87 0.286668988871
16.94 0.187701619355
17.01 0.396881087011
17.08 0.375201131361
17.15 0.295576651267
17.22 0.265844632493
17.29 0.191374901382
17.36 0.316980356309
17.43 0.195771212
17.5 0.246559132421
17.57 0.233463359835
17.64 0.10306790978
17.71 0.0861815672086
17.78 0.19269664538
17.85 0.298027402805
17.92 0.321353465675
17.99 0.359480396001
18.06 0.289022653651
18.13 0.239133626676
18.2 0.174963335302
18.27 0.160593618263
18.34 0.162053256294
18.41 0.124044162388
18.48 0.157271779944
18.55 0.276068316547
18.62 0.302133764273
18.69 0.331847339035
18.76 0.253062397526
18.83 0.366364423862
18.9 0.233266014434
18.97 0.312478064707
19.04 0.345554290947
19.11 0.230808601348
19.18 0.302959709066
19.25 0.203990514098
19.32 0.371430495409
19.39 0.276258052955
19.46 0.407494262095
19.53 0.456694015458
19.6 0.2742040307
19.67 0.193988492447
19.74 0.136348554903
19.81 0.531060699726
19.88 0.462670033204
19.95 0.344509404863
20.02 0.184210600092
20.09 0.158322587273
20.16 0.535149975385
20.23 0.416586956622
20.3 0.295161354391
20.37 0.232036911846
20.44 0.27556097262
20.51 0.423278521077
20.58 0.246172501384
20.65 0.251470996205
20.72 0.246792338368
20.79 0.290163988585
20.86 0.339435361822
20.93 0.41839985322
21.0 0.456940781067
21.07 0.293253255334
21.14 0.276552747575
21.21 0.30286634383
21.28 0.268377426991
21.35 0.258337734643
21.42 0.30648081828
21.49 0.476969573311
21.56 0.237828542431
21.63 0.224195290067
21.7 0.239733070616
21.77 0.235532265823
21.84 0.217320085814
21.91 0.327476443515
21.98 0.480185819041
22.05 0.273914890116
22.12 0.258364994025
22.19 0.206492900868
22.26 0.225204157893
22.33 0.244701144443
22.4 0.265013576198
22.47 0.488350309314
22.54 0.196560512397
22.61 0.206643392993
22.68 0.213687233261
22.75 0.230550026203
22.82 0.236083146376
22.89 0.316414184798
22.96 0.461154793614
23.03 0.29604031851
23.1 0.248548286974
23.17 0.256369797
23.24 0.224046890562
23.31 0.241317978694
23.38 0.238074467697
23.45 0.455024448056
23.52 0.219451412621
23.59 0.227039690806
23.66 0.219901769715
23.73 0.388534790632
23.8 0.366816659372
23.87 0.263896262852
23.94 0.522960256819
24.01 0.32274240774
24.08 0.30967583533
24.15 0.221797112968
24.22 0.249028194976
24.29 0.223440270747
24.36 0.25368891489
24.43 0.510159715544
24.5 0.276617977777
24.57 0.226235925671
24.64 0.188082950578
24.71 0.200384593733
24.78 0.281901831317
24.85 0.264255939337
24.92 0.518955739349
24.99 0.295974617527
25.06 0.291586926904
25.13 0.224445858408
25.2 0.219704431376
25.27 0.227260829466
25.34 0.218332617492
25.41 0.431157072075
25.48 0.296043857604
25.55 0.244759159931
25.62 0.199573888113
25.69 0.221526293993
25.76 0.269872096994
25.83 0.214222652197
25.9 0.557708897508
25.97 0.300649259604
26.04 0.248055923291
26.11 0.207478781647
26.18 0.205746142573
26.25 0.221334336677
26.32 0.217246522793
26.39 0.385887901245
26.46 0.249345036299
26.53 0.228810833861
26.6 0.208402039173
26.67 0.200469759146
26.74 0.183454945218
26.81 0.154900555042
26.88 0.507880570647
26.95 0.306236137052
27.02 0.243136228069
27.09 0.228889134113
27.16 0.209571360845
27.23 0.214034136288
27.3 0.193815824195
27.37 0.448373563764
27.44 0.297636601828
27.51 0.226559216691
27.58 0.220651105535
27.65 0.274847405544
27.72 0.45029433153
27.79 0.228562028593
27.86 0.535132365831
27.93 0.334554215304
28.0 0.274502676347
28.07 0.206262287745
28.14 0.209692145528
28.21 0.233021220218
28.28 0.209353121017
28.35 0.532360477095
28.42 0.434310036635
28.49 0.320325138127
28.56 0.310826123336
28.63 0.296832407106
28.7 0.271080168628
28.77 0.279346441697
28.84 0.525592579074
28.91 0.422142853166
28.98 0.31316497147
29.05 0.300387051209
29.12 0.395863598013
29.19 0.608301566324
29.26 0.521508539674
29.33 0.641915297059
29.4 0.482104428278
29.47 0.432003522899
29.54 0.42868560383
29.61 0.435687934183
29.68 0.399201436992
29.75 0.413830722523
29.82 0.699542708305
29.89 0.535990064784
29.96 0.410403059755
30.03 0.385072669068
30.1 0.37769667298
30.17 0.43535862894
30.24 0.356180878574
30.31 0.541933142003
30.38 0.439139503197
30.45 0.336282437278
30.52 0.318908813101
30.59 0.309456585677
30.66 0.370620227615
30.73 0.369494882749
30.8 0.603180670006
30.87 0.425096336157
30.94 0.357799784083
31.01 0.350268139644
31.08 0.326307816244
31.15 0.568577845414
31.22 0.538833961788
31.29 0.700062992817
31.36 0.653109323774
31.43 0.604380979644
31.5 0.586307177395
31.57 0.587723657779
31.64 0.667656955915
31.71 0.586369375769
31.78 0.700934661012
31.85 0.586290079815
31.92 0.474741220948
31.99 0.493970609841
32.06 0.500476685508
32.13 0.490503381483
32.2 0.449872521403
32.27 0.567972830961
32.34 0.650111831022
32.41 0.501055158519
32.48 0.438871425343
32.55 0.372207207128
32.62 0.302905010229
32.69 0.271462020064
32.76 0.587672769911
32.83 0.422561035929
32.9 0.339709038436
32.97 0.258276754414
33.04 0.301086168847
33.11 0.437524826475
33.18 0.390986712061
33.25 0.462106262675
33.32 0.397001536263
33.39 0.333267925803
33.46 0.432271046409
33.53 0.471608668265
33.6 0.463999269678
33.67 0.363026069378
33.74 0.688417741593
33.81 0.556312909033
33.88 0.491972270355
33.95 0.428213627306
34.02 0.37927772654
34.09 0.523136442981
34.16 0.496793551217
34.23 0.565141829819
34.3 0.507487333379
34.37 0.417726940415
34.44 0.408031472352
34.51 0.404703357348
34.58 0.406508337768
34.65 0.387631691938
34.72 0.532323108874
34.79 0.455041028953
34.86 0.364192137955
34.93 0.305425784518
35.0 0.305907912251
35.07 0.443999263322
35.14 0.358666911598
35.21 0.462060980629
35.28 0.397389466655
35.35 0.393107548695
35.42 0.347221996411
35.49 0.314096539452
35.56 0.494194417828
35.63 0.351221135212
35.7 0.535338930296
35.77 0.522884450528
35.84 0.393161251831
35.91 0.341734633773
35.98 0.317963573646
36.05 0.521974082979
36.12 0.519864326169
36.19 0.571274032606
36.26 0.554505987819
36.33 0.513061286719
36.4 0.472118136589
36.47 0.440760669631
36.54 0.434860517023
36.61 0.3156745553
36.68 0.483346478512
36.75 0.503722825815
36.82 0.454856668862
36.89 0.401761410839
36.96 0.424670935149
37.03 0.316718831723
37.1 0.386701122011
37.17 0.485236142972
37.24 0.533005416109
37.31 0.334277134946
37.38 0.264346444581
37.45 0.239326150106
37.52 0.331467018814
37.59 0.256695396022
37.66 0.539414306153
37.73 0.523037216524
37.8 0.366875744709
37.87 0.265762019889
37.94 0.263142980713
38.01 0.377775013249
38.08 0.448534524876
38.15 0.474286033643
38.22 0.552090553075
38.29 0.422053695533
38.36 0.423040466088
38.43 0.356530337941
38.5 0.35195621579
38.57 0.429229196696
38.64 0.455837750032
38.71 0.409278383397
38.78 0.291573888631
38.85 0.231588911009
38.92 0.21900191117
38.99 0.256077925888
39.06 0.247495389379
39.13 0.326152402106
39.2 0.403512107886
39.27 0.226137015815
39.34 0.248055704378
39.41 0.260085000875
39.48 0.449227483525
39.55 0.330074494108
39.62 0.410060154833
39.69 0.504650824102
39.76 0.335352452296
39.83 0.29061151158
39.9 0.246052875998
39.97 0.4136536101
40.04 0.469947773821
40.11 0.466297075146
40.18 0.605078176496
40.25 0.496295621729
40.32 0.521295671455
40.39 0.459806191574
40.46 0.456216566108
40.53 0.364650411228
40.6 0.428063662455
40.67 0.55291014115
40.74 0.386293062211
40.81 0.40881087576
40.88 0.400509019906
40.95 0.313476322312
41.02 0.416069387338
41.09 0.425722828804
41.16 0.512121112865
41.23 0.328635416249
41.3 0.307180019482
41.37 0.329870029325
41.44 0.442692548999
41.51 0.342119877183
41.58 0.411916588057
41.65 0.597069673537
41.72 0.376375892905
41.79 0.323633006028
41.86 0.374437361404
41.93 0.348749422161
42.0 0.420544204175
42.07 0.42073039325
42.14 0.60491318197
42.21 0.374420094344
42.28 0.383736559195
42.35 0.391127188326
42.42 0.372713335263
42.49 0.363691679196
42.56 0.452134315675
42.63 0.514257135709
42.7 0.396588495604
42.77 0.334354332394
42.84 0.288026319186
42.91 0.269355071461
42.98 0.267947907829
43.05 0.2572989181
43.12 0.426803990898
43.19 0.256328450682
43.26 0.272950441629
43.33 0.258974750416
43.4 0.484040112732
43.47 0.435823927438
43.54 0.396494027564
43.61 0.646546410748
43.68 0.386940521079
43.75 0.361315001477
43.82 0.374485676455
43.89 0.375656808279
43.96 0.344583091465
44.03 0.238157326285
44.1 0.575727099374
44.17 0.495635880192
44.24 0.507345258814
44.31 0.436355877897
44.38 0.396003749439
44.45 0.320083538159
44.52 0.344275192622
44.59 0.643031867749
44.66 0.429543540528
44.73 0.492212390895
44.8 0.407182266283
44.87 0.410365985771
44.94 0.418418626779
45.01 0.334310854616
45.08 0.55829198064
45.15 0.45442555846
45.22 0.587310618296
45.29 0.444433207824
45.36 0.504362759252
45.43 0.500525295973
45.5 0.432005025867
45.57 0.698692076947
45.64 0.493183290254
45.71 0.433344293501
45.78 0.34782281503
45.85 0.491265090597
45.92 0.476808293245
45.99 0.485976572797
46.06 0.54545692172
46.13 0.4991340871
46.2 0.425216943121
46.27 0.365903061091
46.34 0.418238455459
46.41 0.41813466596
46.48 0.293803989944
46.55 0.560337926651
46.62 0.337182236977
46.69 0.278417614836
46.76 0.255596943329
46.83 0.226130471963
46.9 0.279581108242
46.97 0.252781618008
47.04 0.48096958541
47.11 0.318250881716
47.18 0.208192587644
47.25 0.196204824601
47.32 0.282118311602
47.39 0.464074698168
47.46 0.265322958001
47.53 0.682296775165
47.6 0.423761522109
47.67 0.352239063213
47.74 0.391205077822
47.81 0.367893564431
47.88 0.436952503037
47.95 0.333062667755
48.02 0.626288464802
48.09 0.505446146962
48.16 0.454676067954
48.23 0.516781026566
48.3 0.528834869571
48.37 0.424146318277
48.44 0.259975405473
48.51 0.570057037323
48.58 0.419879324067
48.65 0.459586016837
48.72 0.400717772325
48.79 0.382951797125
48.86 0.384949100893
48.93 0.336527430399
49.0 0.599273588849
49.07 0.447785147863
49.14 0.358835255729
49.21 0.40917052753
49.28 0.40186295236
49.35 0.420687398022
49.42 0.337720836036
49.49 0.579544262587
49.56 0.49967454692
49.63 0.467919198442
49.7 0.288814071891
49.77 0.361814839981
49.84 0.372506340034
49.91 0.434940093092
49.98 0.574751027311
50.05 0.427919508216
50.12 0.526261669139
50.19 0.571084742263
50.26 0.484955164549
50.33 0.401612504068
50.4 0.321481722826
50.47 0.561206056928
50.54 0.452657416633
50.61 0.494847543719
50.68 0.429752164659
50.75 0.385823614957
50.82 0.401518391467
50.89 0.400891052592
50.96 0.614792755904
51.03 0.464145495353
51.1 0.414342455303
51.17 0.402803855925
51.24 0.331430038987
51.31 0.604105904811
51.38 0.442194066343
51.45 0.655927267812
51.52 0.431332708599
51.59 0.348155764116
51.66 0.272202145058
51.73 0.276129482734
51.8 0.451761251363
51.87 0.312786409615
51.94 0.544422168015
52.01 0.418201000143
52.08 0.264879018824
52.15 0.208684730061
52.22 0.165131893991
52.29 0.231971067275
52.36 0.215532360685
52.43 0.482777697699
52.5 0.330571923392
52.57 0.259104232774
52.64 0.241977082323
52.71 0.207649451435
52.78 0.458914297462
52.85 0.390863581712
52.92 0.422589565241
52.99 0.321568229964
53.06 0.270960844542
53.13 0.290084625545
53.2 0.241672711982
53.27 0.29569391098
53.34 0.314463822577
53.41 0.584499784224
53.48 0.498932960152
53.55 0.388254588997
53.62 0.401641339389
53.69 0.381717945537
53.76 0.379698533905
53.83 0.467440180216
53.9 0.578638135596
53.97 0.441867457497
54.04 0.376772865818
54.11 0.356453913749
54.18 0.343117926468
54.25 0.345174457984
54.32 0.341265137087
54.39 0.544437905038
54.46 0.440386089404
54.53 0.376745105054
54.6 0.346467973969
54.67 0.37826098373
54.74 0.600735534882
54.81 0.462505605969
54.88 0.660972416686
54.95 0.595004490248
55.02 0.524770018018
55.09 0.469464378511
55.16 0.396444623833
55.23 0.579642121426
55.3 0.433053795892
55.37 0.708979454105
55.44 0.667724552968
55.51 0.572921090804
55.58 0.414034624723
55.65 0.352064553031
55.72 0.288794669839
55.79 0.259820969382
55.86 0.472038414579
55.93 0.616677417141
56.0 0.474563204627
56.07 0.46719465629
56.14 0.36668088503
56.21 0.419676811846
56.28 0.284289758343
56.35 0.464397445435
56.42 0.358895508602
56.49 0.310205420115
56.56 0.239707370695
56.63 0.219885561911
56.7 0.385672848602
56.77 0.36529655544
56.84 0.420651689303
56.91 0.397413824851
56.98 0.229658546378
57.05 0.226106558655
57.12 0.220805183833
57.19 0.255467609267
57.26 0.244677712509
57.33 0.487156760088
57.4 0.547475929657
57.47 0.402293008213
57.54 0.36085079872
57.61 0.315916091713
57.68 0.39163702739
57.75 0.461170235222
57.82 0.526205726264
57.89 0.524737748352
57.96 0.391927109536
58.03 0.36498587546
58.1 0.391356773969
58.17 0.378072594932
58.24 0.373535783332
58.31 0.531142705024
58.38 0.514219260222
58.45 0.43009103852
58.52 0.397869888985
58.59 0.406386227837
58.66 0.429523752436
58.73 0.408816380364
58.8 0.497242361797
58.87 0.54067042214
58.94 0.45775821179
59.01 0.458827863295
59.08 0.36227451265
59.15 0.459077764304
59.22 0.488778137197
59.29 0.550889665554
59.36 0.677321551355
59.43 0.458335190073
59.5 0.513152658199
59.57 0.55637112931
59.64 0.576369691546
59.71 0.419202248383
59.78 0.447675816098
59.85 0.78634695366
59.92 0.52639496129
59.99 0.4986618234
60.06 0.546901826668
60.13 0.487345945683
60.2 0.353584320356
60.27 0.445263341388
60.34 0.694019290923
60.41 0.48285378999
60.48 0.511569310759
60.55 0.50514059143
60.62 0.464572517023
60.69 0.417187592814
60.76 0.389707844418
60.83 0.547352422684
60.9 0.41058920999
60.97 0.378714283204
61.04 0.342876530112
61.11 0.534115903135
61.18 0.40678104222
61.25 0.408978491358
61.32 0.659236465669
61.39 0.535724948141
61.46 0.389422932622
61.53 0.315546115722
61.6 0.569546692169
61.67 0.50648871445
61.74 0.514534949309
61.81 0.630274222837
61.88 0.50237490523
61.95 0.540674915742
62.02 0.407318573784
62.09 0.466671736583
62.16 0.40576098982
62.23 0.352923161769
62.3 0.551363812377
62.37 0.339207128496
62.44 0.265756366989
62.51 0.277687317389
62.58 0.301476449611
62.65 0.283248405469
62.72 0.23937199238
62.79 0.468788696338
62.86 0.311254364329
62.93 0.268752820492
63.0 0.269291004087
63.07 0.459007767447
63.14 0.444942000578
63.21 0.344459313793
63.28 0.722512576113
63.35 0.386699660236
63.42 0.483450764685
63.49 0.330210742762
63.56 0.382576170588
63.63 0.566649900595
63.7 0.462990670197
63.77 0.596602839116
63.84 0.52464916154
63.91 0.515249849871
63.98 0.502908091489
64.05 0.472981382517
64.12 0.40032802825
64.19 0.368451137131
64.26 0.656503931849
64.33 0.478273041601
64.4 0.464180847455
64.47 0.427190348882
64.54 0.353125755199
64.61 0.389998716299
64.68 0.495114206876
64.75 0.683940818012
64.82 0.480960831242
64.89 0.523774226127
64.96 0.444222034415
65.03 0.476179478472
65.1 0.420094406133
65.17 0.319445033542
65.24 0.654905983144
65.31 0.544988536077
65.38 0.366766362335
65.45 0.289161967088
65.52 0.453424241957
65.59 0.490485527123
65.66 0.454788259712
65.73 0.570364425369
65.8 0.461338724118
65.87 0.383053409263
65.94 0.485527098416
66.01 0.507348203547
66.08 0.451652990623
66.15 0.374485063263
66.22 0.627470363381
66.29 0.400492288358
66.36 0.393155861391
66.43 0.34727716956
66.5 0.341239889116
66.57 0.470845511499
66.64 0.371929221694
66.71 0.458139797234
66.78 0.32833628452
66.85 0.276880084954
66.92 0.295365145957
66.99 0.355559318532
67.06 0.55788797897
67.13 0.258034598924
67.2 0.589274210632
67.27 0.508436123698
67.34 0.449796000701
67.41 0.517834710365
67.48 0.406898420805
67.55 0.457635785259
67.62 0.488608557266
67.69 0.679817628486
67.76 0.548802164904
67.83 0.474475388719
67.9 0.545683078903
67.97 0.473322326637
68.04 0.508807607365
68.11 0.346180643537
68.18 0.763124131829
68.25 0.575339580915
68.32 0.613728692567
68.39 0.563824721834
68.46 0.433872799022
68.53 0.467589935569
68.6 0.371926058047
68.67 0.530928064314
68.74 0.50126858226
68.81 0.457890788354
68.88 0.386086342388
68.95 0.420140263708
69.02 0.5529656462
69.09 0.410870962848
69.16 0.672837583716
69.23 0.563329299252
69.3 0.467274894983
69.37 0.395198446028
69.44 0.343910803621
69.51 0.405541046943
69.58 0.432245447706
69.65 0.55788251556
69.72 0.468993620132
69.79 0.426403387089
69.86 0.492828855912
69.93 0.426470146151
70.0 0.468510211876
70.07 0.363539853585
70.14 0.565299710848
70.21 0.392066430034
70.28 0.340462632467
70.35 0.263440893119
70.42 0.259166325223
70.49 0.408805621847
70.56 0.295004656198
70.63 0.452284382921
70.7 0.291636676658
70.77 0.20926948211
70.84 0.223590068471
70.91 0.381203812952
70.98 0.626335585246
71.05 0.412638084258
71.12 0.711501360621
71.19 0.519326998217
71.26 0.579405229265
71.33 0.511136695037
71.4 0.532893834012
71.47 0.606736697028
71.54 0.567132821594
71.61 0.66214277996
71.68 0.592107875217
71.75 0.473939442508
71.82 0.400236926292
71.89 0.343339996097
71.96 0.382069216232
72.03 0.357304978225
72.1 0.530749817311
72.17 0.60999485166
72.24 0.482778776964
72.31 0.359693371324
72.38 0.367998015377
72.45 0.486776679965
72.52 0.536566787669
72.59 0.632319415599
72.66 0.499733785261
72.73 0.420248931672
72.8 0.319046051572
72.87 0.238450847484
72.94 0.444598975607
73.01 0.485716420537
73.08 0.63691245725
73.15 0.597493866992
73.22 0.484425132522
73.29 0.346419301125
73.36 0.513300333879
73.43 0.544446406162
73.5 0.502862749419
73.57 0.655642750295
73.64 0.573160268605
73.71 0.623756842548
73.78 0.6123978778
73.85 0.438056452095
73.92 0.552719731526
73.99 0.515005965439
74.06 0.497819567232
74.13 0.38918072417
74.2 0.355947033542
74.27 0.333243953648
74.34 0.342097617493
74.41 0.447997933696
74.48 0.54338327497
74.55 0.62741640367
74.62 0.554180584171
74.69 0.510544562322
74.76 0.497699361608
74.83 0.477702525961
74.9 0.625115276843
74.97 0.47976931579
75.04 0.563012256671
75.11 0.494587697466
75.18 0.37394377016
75.25 0.341482158769
75.32 0.292142712991
75.39 0.378091269627
75.46 0.328447532363
75.53 0.573825670104
75.6 0.67132387181
75.67 0.592920675811
75.74 0.604733623842
75.81 0.577859738482
75.88 0.574923318939
75.95 0.50801509389
76.02 0.642135484742
76.09 0.59294050745
76.16 0.541406812666
76.23 0.47057576002
76.3 0.532445933215
76.37 0.53250491498
76.44 0.540282492925
76.51 0.554285288162
76.58 0.566010053075
76.65 0.512457067886
76.72 0.548780584315
76.79 0.492089587739
76.86 0.494592395858
76.93 0.455579949321
77.0 0.58379106972
77.07 0.803636266891
77.14 0.608283884976
77.21 0.414792539345
77.28 0.33835294039
77.35 0.646748878244
77.42 0.753471468327
77.49 0.633906173846
77.56 0.758468642289
77.63 0.666064476506
77.7 0.672196652224
77.77 0.533495368218
77.84 0.503574754679
77.91 0.557168711917
77.98 0.572687062167
78.05 0.653232888418
78.12 0.610849536439
78.19 0.654278428887
78.26 0.507021435812
78.33 0.530423998199
78.4 0.592501842194
78.47 0.629621215819
78.54 0.618769597352
78.61 0.442993933413
78.68 0.401795815496
78.75 0.337321112587
78.82 0.657656569051
78.89 0.651780174394
78.96 0.562915278192
79.03 0.76472057992
79.1 0.678121731494
79.17 0.807028843547
79.24 0.560542053649
79.31 0.451118084839
79.38 0.382992417264
79.45 0.354744583029
79.52 0.730753768338
79.59 0.547956846307
79.66 0.570402669242
79.73 0.524047327211
79.8 0.490591829414
79.87 0.441637957771
79.94 0.523980980081
80.01 0.630578773252
80.08 0.46406214833
80.15 0.458410286663
80.22 0.459314791814
80.29 0.672675427998
80.36 0.503277455465
80.43 0.54334175564
80.5 0.624460582076
80.57 0.529618594747
80.64 0.532106944012
80.71 0.494159477658
80.78 0.526112727059
80.85 0.548510106656
80.92 0.524597026104
80.99 0.887687220526
81.06 0.648480629897
81.13 0.454178815213
81.2 0.324393201582
81.27 0.665867767835
81.34 0.582525503988
81.41 0.654388529201
81.48 0.712454997628
81.55 0.604843666486
81.62 0.662692044558
81.69 0.660268707759
81.76 0.610155715085
81.83 0.585283570601
81.9 0.505514798563
81.97 0.781371456797
82.04 0.643449257245
82.11 0.514848858845
82.18 0.382920363095
82.25 0.670414261041
82.32 0.710797817644
82.39 0.60185227623
82.46 0.644549940262
82.53 0.45182261057
82.6 0.353671220595
82.67 0.196974511095
82.74 0.487375229422
82.81 0.488056926995
82.88 0.263819995195
82.95 0.685076631865
83.02 0.489986213539
83.09 0.348221429791
83.16 0.243219000739
83.23 0.249127936938
83.3 0.521654334585
83.37 0.416735280802
83.44 0.673331803453
83.51 0.616654282975
83.58 0.677889625997
83.65 0.740376281864
83.72 0.824008146484
83.79 0.59906163159
83.86 0.39975672876
83.93 0.611465036356
84.0 0.356000005791
84.07 0.403266542767
84.14 0.301861891927
84.21 0.357872298441
84.28 0.538869266813
84.35 0.575842652507
84.42 0.830800363862
84.49 0.567478617109
84.56 0.512714052969
84.63 0.455848911066
84.7 0.387976171621
84.77 0.425579064136
84.84 0.379899212434
84.91 0.667897749672
84.98 0.471451017918
85.05 0.520420537137
85.12 0.49856076796
85.19 0.580402305211
85.26 0.504542320911
85.33 0.407510074443
85.4 0.652597182591
85.47 0.597208160753
85.54 0.504171541062
85.61 0.417988889881
85.68 0.509544079101
85.75 0.509234398353
85.82 0.408686055309
85.89 0.537648242823
85.96 0.347655487786
86.03 0.299965417624
86.1 0.359386574108
86.17 0.394861286985
86.24 0.470165427527
86.31 0.354164135092
86.38 0.504599491347
86.45 0.45202496861
86.52 0.450634392936
86.59 0.459879619246
86.66 0.444142112322
86.73 0.660822667217
86.8 0.499349534021
86.87 0.686196812266
86.94 0.500196317923
87.01 0.491765282187
87.08 0.350511747492
87.15 0.352921272761
87.22 0.612285801384
87.29 0.421171413586
87.36 0.665297694729
87.43 0.609823765231
87.5 0.596530461285
87.57 0.602701569393
87.64 0.544699802718
87.71 0.537047470105
87.78 0.3184462263
87.85 0.698397710697
87.92 0.644318964638
87.99 0.623287738964
88.06 0.498600249987
88.13 0.503186565358
88.2 0.547625906278
88.27 0.503455017483
88.34 0.66205274079
88.41 0.576550094725
88.48 0.528967655633
88.55 0.497921120522
88.62 0.333123351392
88.69 0.521867373462
88.76 0.315117413364
88.83 0.692809420906
88.9 0.614945406559
88.97 0.581016198588
89.04 0.550793496818
89.11 0.538252266283
89.18 0.670061986405
89.25 0.453676040213
89.32 0.556557523175
89.39 0.388311203912
89.46 0.31296405755
89.53 0.301319568991
89.6 0.272256217757
89.67 0.303246436899
89.74 0.30532930742
89.81 0.579754155473
89.88 0.445342758568
89.95 0.363099192219
90.02 0.290197448149
90.09 0.318137069296
90.16 0.41460545814
90.23 0.426279920132
90.3 0.518168911728
90.37 0.450612685236
90.44 0.372522584323
90.51 0.370691450856
90.58 0.298223615979
90.65 0.537785779063
90.72 0.297412002929
90.79 0.568574651166
90.86 0.481786297016
90.93 0.412066655303
91.0 0.405110264912
91.07 0.391567763774
91.14 0.655005872225
91.21 0.622920684167
91.28 0.763712540668
91.35 0.568244360815
91.42 0.575281048746
91.49 0.583321013982
91.56 0.716275854116
91.63 0.615955007626
91.7 0.364295934515
91.77 0.582268779011
91.84 0.427656440646
91.91 0.378284708725
91.98 0.301095486775
92.05 0.27976736558
92.12 0.618341893049
92.19 0.592307094326
92.26 0.710394859931
92.33 0.656695552557
92.4 0.502535785133
92.47 0.535076513581
92.54 0.416056831615
92.61 0.3486245511
92.68 0.264615872399
92.75 0.563519878358
92.82 0.478135360597
92.89 0.365006698092
92.96 0.534703355112
93.03 0.501699953945
93.1 0.655152913527
93.17 0.523524382788
93.24 0.509336554243
93.31 0.53253316771
93.38 0.397146304872
93.45 0.404337127595
93.52 0.466008594832
93.59 0.566132378389
93.66 0.528741046501
93.73 0.682122875821
93.8 0.490801922381
93.87 0.364372808302
93.94 0.35004254269
94.01 0.443905885139
94.08 0.521004799574
94.15 0.397898355919
94.22 0.478054924176
94.29 0.487643129556
94.36 0.41625120286
94.43 0.429304466298
94.5 0.32790837072
94.57 0.529719114674
94.64 0.422239779859
94.71 0.475353018175
94.78 0.567545532707
94.85 0.420695165904
94.92 0.313270617022
94.99 0.328843974471
95.06 0.406995455777
95.13 0.321468868158
95.2 0.530104294529
95.27 0.667155599143
95.34 0.533664871646
95.41 0.508892797494
95.48 0.537369466477
95.55 0.518030388026
95.62 0.337535238968
95.69 0.562925982569
95.76 0.615896476633
95.83 0.608768370144
95.9 0.582078106927
95.97 0.527222482021
96.04 0.59057973388
96.11 0.398288313022
96.18 0.45623546207
96.25 0.728488873974
96.32 0.528070026234
96.39 0.545923873836
96.46 0.453258820198
96.53 0.559151995834
96.6 0.487326436529
96.67 0.593408804822
96.74 0.795114671772
96.81 0.544802123381
96.88 0.65206927967
96.95 0.517662424622
97.02 0.562057233215
97.09 0.500950991219
97.16 0.393584474301
97.23 0.477957372522
97.3 0.36214902722
97.37 0.361137061657
97.44 0.367675895425
97.51 0.356808518749
97.58 0.379594873871
97.65 0.446151245633
97.72 0.686986801179
97.79 0.513038104299
97.86 0.58835869745
97.93 0.500581276511
98.0 0.455430767143
98.07 0.5367511866
98.14 0.499712184664
98.21 0.559163120383
98.28 0.555575163835
98.35 0.450134404959
98.42 0.416550728867
98.49 0.577722518842
98.56 0.717680428455
98.63 1.0
98.7 0.845839939515
98.77 0.565591546652
98.84 0.501210659752
98.91 0.437259402648
98.98 0.660216622931
99.05 0.645971151992
99.12 0.621557487925
99.19 0.668214184946
99.26 0.546593482937
99.33 0.53975827504
99.4 0.44885862093
99.47 0.449788818941
99.54 0.374471737814
99.61 0.517776896136
99.68 0.772039229029
99.75 0.654681214764
99.82 0.538460782134
99.89 0.456589891704
99.96 0.417416908935
100.03 0.389236445778
100.1 0.371965961423
100.17 0.721349052106
100.24 0.546418999826
100.31 0.471723980122
100.38 0.452074042794
100.45 0.492658746353
100.52 0.413757737384
100.59 0.324342187781
100.66 0.593091204365
100.73 0.377280448665
100.8 0.352173947175
100.87 0.319840518787
100.94 0.445867503727
101.01 0.47273718737
101.08 0.515227540749
101.15 0.644663224232
101.22 0.460820323906
101.29 0.488512099
101.36 0.454202484891
101.43 0.376760344227
101.5 0.33486762699
101.57 0.334140136573
101.64 0.668042606551
101.71 0.519240153294
101.78 0.528526621174
101.85 0.410161658691
101.92 0.348364258783
101.99 0.351324383313
102.06 0.331321141517
102.13 0.714236919207
102.2 0.547905301701
102.27 0.603023958868
102.34 0.515799765323
102.41 0.701710632429
102.48 0.73276444581
102.55 0.591920789304
102.62 0.876948323446
102.69 0.678289573067
102.76 0.497647971183
102.83 0.487507135123
102.9 0.60736253529
102.97 0.601850041199
103.04 0.608465440392
103.11 0.68544042062
103.18 0.513219233658
103.25 0.597120303652
103.32 0.518810770658
103.39 0.512310666845
103.46 0.535828723517
103.53 0.446886680475
103.6 0.731095575164
103.67 0.543648052651
103.74 0.402680717338
103.81 0.409812458254
103.88 0.584688925094
103.95 0.668207837645
104.02 0.615606868799
104.09 0.487393973557
104.16 0.611949626272
104.23 0.630367110231
104.3 0.609478615862
104.37 0.519988363948
104.44 0.606055133627
104.51 0.51788873834
104.58 0.697225224201
104.65 0.597652751961
104.72 0.549542819527
104.79 0.5360089478
104.86 0.608297648251
104.93 0.789078874287
105.0 0.841112261634
105.07 0.875999355407
105.14 0.782437752811
105.21 0.582788159624
105.28 0.572198633034
105.35 0.432873390358
105.42 0.388043445012
105.49 0.388838743155
105.56 0.676097541438
105.63 0.518537170546
105.7 0.508316340601
105.77 0.416655591746
105.84 0.357680093965
105.91 0.397316450916
105.98 0.426558140957
106.05 0.629762240543
106.12 0.587056120113
106.19 0.518817861793
106.26 0.427716708819
106.33 0.406193713822
106.4 0.469614053831
106.47 0.311214213793
106.54 0.726956512088
106.61 0.525472611195
106.68 0.526034304404
106.75 0.423376450533
106.82 0.434670651151
106.89 0.945173354003
106.96 0.62150761459
107.03 0.774667476676
107.1 0.732295022095
107.17 0.744677186411
107.24 0.763954028826
107.31 0.585794699604
107.38 0.628524839269
107.45 0.506915111159
107.52 0.790617350438
107.59 0.691526661084
107.66 0.577544064695
107.73 0.54823968196
107.8 0.506058543256
107.87 0.766052395095
107.94 0.75224793743
108.01 0.809212469386
108.08 0.707320589903
108.15 0.665600597411
108.22 0.718006318184
108.29 0.585273282865
108.36 0.640758073275
108.43 0.489090945106
108.5 0.93772435983
108.57 0.895773511764
108.64 0.806945025744
108.71 0.76080962659
108.78 0.653504956138
108.85 0.785079285891
108.92 0.658639864068
108.99 0.729790339092
109.06 0.571662862189
109.13 0.405006783774
109.2 0.370861939393
109.27 0.322435079718
109.34 0.3388810022
109.41 0.289337788394
109.48 0.572152303501
109.55 0.339469288636
109.62 0.357764251907
109.69 0.304518206345
109.76 0.284393551373
109.83 0.487977759329
109.9 0.451964388544
109.97 0.482878163486
110.04 0.356852661505
110.11 0.29022431796
110.18 0.267592843817
110.25 0.257308591467
110.32 0.283466154507
110.39 0.255461065415
110.46 0.607813389058
110.53 0.497421603325
110.6 0.40242675349
110.67 0.36128704887
110.74 0.367236802936
110.81 0.411941554737
110.88 0.431359052313
110.95 0.542009341396
111.02 0.443196984678
111.09 0.428739424661
111.16 0.402115090755
111.23 0.35950456
111.3 0.371421417579
111.37 0.330628944356
111.44 0.532786540727
111.51 0.483006312358
111.58 0.447598204362
111.65 0.394925294335
111.72 0.372917501101
111.79 0.566617895744
111.86 0.567186068073
111.93 0.631470037695
112.0 0.642213903867
112.07 0.558299475469
112.14 0.586147063688
112.21 0.534214086812
112.28 0.624900574933
112.35 0.555450550527
112.42 0.681262759409
112.49 0.606484947027
112.56 0.540635101815
112.63 0.569453944832
112.7 0.525777912505
112.77 0.355138964294
112.84 0.535846402511
112.91 0.612506271535
112.98 0.596869100933
113.05 0.479369939541
113.12 0.380420316105
113.19 0.310017703357
113.26 0.325376030526
113.33 0.321056797307
113.4 0.46766342562
113.47 0.447309471003
113.54 0.31704452137
113.61 0.334593957437
113.68 0.330273393086
113.75 0.46292287777
113.82 0.40698649682
113.89 0.483722462843
113.96 0.395134159741
114.03 0.267308114449
114.1 0.252146899645
114.17 0.321818154513
114.24 0.30164899193
114.31 0.246667434353
114.38 0.501265961188
114.45 0.576843565315
114.52 0.439484985643
114.59 0.374314599442
114.66 0.382783243496
114.73 0.455177935524
114.8 0.422295769813
114.87 0.525724137575
114.94 0.470730299683
115.01 0.378351991531
115.08 0.373488687604
115.15 0.389066739914
115.22 0.374109181327
115.29 0.365611319443
115.36 0.518137004563
115.43 0.486762601267
115.5 0.395085508082
115.57 0.347341049798
115.64 0.331799477111
115.71 0.419653834215
115.78 0.459296727957
115.85 0.497540841494
115.92 0.599665197215
115.99 0.489005255949
116.06 0.523003048435
116.13 0.474660402019
116.2 0.659486765665
116.27 0.51956783199
116.34 0.535791225831
116.41 0.710006936601
116.48 0.60466366347
116.55 0.558977964672
116.62 0.573194745056
116.69 0.617011414891
116.76 0.520509248705
116.83 0.51792350079
116.9 0.796434391413
116.97 0.607124286104
117.04 0.572171979782
117.11 0.595618410695
117.18 0.599305738465
117.25 0.619504940391
117.32 0.614827669003
117.39 0.783978895935
117.46 0.826480849352
117.53 0.694814971576
117.6 0.747350014641
117.67 0.714708885138
117.74 0.550181255881
117.81 0.415378563679
117.88 0.738971144942
117.95 0.515901808225
118.02 0.338378246032
118.09 0.366707508857
118.16 0.541514885092
118.23 0.462310193122
118.3 0.482296319685
118.37 0.59896947626
118.44 0.411923269613
118.51 0.354478467154
118.58 0.300529675411
118.65 0.545221291252
118.72 0.589601431494
118.79 0.526521843761
118.86 0.604918504146
118.93 0.456442343136
119.0 0.482709253241
119.07 0.411902776527
119.14 0.426708966159
119.21 0.456274993529
119.28 0.425300745624
119.35 0.57742167818
119.42 0.390149783953
119.49 0.330025687092
119.56 0.304271094711
119.63 0.272042876403
119.7 0.309901783015
119.77 0.299266257615
119.84 0.551755826791
119.91 0.3806925792
119.98 0.290061678515
120.05 0.318760746674
120.12 0.452336125255
120.19 0.483885622501
120.26 0.303957805429
120.33 0.571375728308
120.4 0.406370005909
120.47 0.344044779581
120.54 0.644086309504
120.61 0.528566009044
120.68 0.616829393403
120.75 0.593962800765
120.82 0.705053660589
120.89 0.539445690751
120.96 0.545806494074
121.03 0.514001912523
121.1 0.413719651223
121.17 0.505853441742
121.24 0.374541225051
121.31 0.633917822138
121.38 0.554596254141
121.45 0.521747783385
121.52 0.537689119538
121.59 0.424867564964
121.66 0.599143294394
121.73 0.402173498168
121.8 0.68602936968
121.87 0.532247204895
121.94 0.470779736368
122.01 0.568290804512
122.08 0.535485240712
122.15 0.441898084138
122.22 0.455761614193
122.29 0.682191483875
122.36 0.570537437291
122.43 0.559565646155
122.5 0.443343950655
122.57 0.330579066313
122.64 0.547351029173
122.71 0.512361662992
122.78 0.60790311516
122.85 0.454058038768
122.92 0.443987593845
122.99 0.329494121496
123.06 0.319263313353
123.13 0.356546235029
123.2 0.27905523674
123.27 0.528835720508
123.34 0.322099690811
123.41 0.275452671865
123.48 0.246293040085
123.55 0.286681967119
123.62 0.424688288127
123.69 0.345340636524
123.76 0.43392130827
123.83 0.32824424924
123.9 0.319329887634
123.97 0.318866047379
124.04 0.29128309796
124.11 0.484362298593
124.18 0.362163857991
124.25 0.720495810269
124.32 0.54770669343
124.39 0.484181954261
124.46 0.427730875789
124.53 0.487590058443
124.6 0.535665156634
124.67 0.516955068321
124.74 0.652115100759
124.81 0.554423439947
124.88 0.493812226254
124.95 0.461296180839
125.02 0.406629696804
125.09 0.517927666022
125.16 0.383308472383
125.23 0.688648879637
125.3 0.596045285247
125.37 0.593909902665
125.44 0.427055605549
125.51 0.313574357694
125.58 0.423519044134
125.65 0.402912864028
125.72 0.506471336756
125.79 0.504932966531
125.86 0.369810710716
125.93 0.318718709485
126.0 0.328484389787
126.07 0.460912402734
126.14 0.432014854592
126.21 0.671072838572
126.28 0.511424269098
126.35 0.395309995171
126.42 0.47777980815
126.49 0.525290129518
126.56 0.782331877754
126.63 0.587186692328
126.7 0.728057428142
126.77 0.617500071176
126.84 0.565024149934
126.91 0.455898487809
126.98 0.390630938347
127.05 0.501518512693
127.12 0.536335837938
127.19 0.631546069962
127.26 0.504707883905
127.33 0.466837527905
127.4 0.412879049849
127.47 0.385329277526
127.54 0.436945599037
127.61 0.338710459523
127.68 0.56103307443
127.75 0.504973960941
127.82 0.434383541986
127.89 0.448525423508
127.96 0.356205469806
128.03 0.592474373315
128.1 0.559838568343
128.17 0.682429857818
128.24 0.561800111606
128.31 0.491495743736
128.38 0.413786592713
128.45 0.365204158835
128.52 0.609461547706
128.59 0.576513956419
128.66 0.633699962466
128.73 0.546927277075
128.8 0.537433663316
128.87 0.546448646066
128.94 0.453993848991
129.01 0.575068513604
129.08 0.358559737186
129.15 0.631075960084
129.22 0.568899363943
129.29 0.545596827164
129.36 0.55603692677
129.43 0.45935301921
129.5 0.480199545831
129.57 0.353921305209
129.64 0.529919162357
129.71 0.528518203614
129.78 0.48468613101
129.85 0.500896214703
129.92 0.569136962275
129.99 0.429107358641
130.06 0.410689325046
130.13 0.579719893227
130.2 0.553968491563
130.27 0.393279356595
130.34 0.339855074622
130.41 0.422084667021
130.48 0.514818751239
130.55 0.497661089488
130.62 0.563351447132
130.69 0.478868436827
130.76 0.427523824065
130.83 0.437744781122
130.9 0.475274118854
130.97 0.431639595264
131.04 0.332096163133
131.11 0.522278400357
131.18 0.383166923915
131.25 0.336978184126
131.32 0.289923788013
131.39 0.467455211068
131.46 0.532350389441
131.53 0.542391760122
131.6 0.640579852164
131.67 0.607644988434
131.74 0.516276603834
131.81 0.487813609855
131.88 0.537489689755
131.95 0.648239207649
132.02 0.489323196545
132.09 0.51141726035
132.16 0.499605364514
132.23 0.444113878424
132.3 0.418790762477
132.37 0.380649821716
132.44 0.353595322501
132.51 0.333906166784
132.58 0.591653392906
132.65 0.693996516905
132.72 0.574232884852
132.79 0.468678257061
132.86 0.518496342087
132.93 0.475593756614
133.0 0.436270317028
133.07 0.641306965955
133.14 0.596945013151
133.21 0.551635112725
133.28 0.579616543908
133.35 0.597074796808
133.42 0.595322807468
133.49 0.601038023277
133.56 0.554667863423
133.63 0.59926494296
133.7 0.489577398137
133.77 0.469223028056
133.84 0.426985127318
133.91 0.437474620063
133.98 0.4214501252
134.05 0.629257085747
134.12 0.792826286626
134.19 0.658653592034
134.26 0.465344906976
134.33 0.451223511478
134.4 0.623782242346
134.47 0.70547157736
134.54 0.718593841955
134.61 0.746188756266
134.68 0.679710102165
134.75 0.557395199823
134.82 0.51887020555
134.89 0.497710958115
134.96 0.638203850014
135.03 0.636076072895
135.1 0.584569678686
135.17 0.50692821181
135.24 0.408179038575
135.31 0.470197173449
135.38 0.541198076724
135.45 0.556740359114
135.52 0.616411503702
135.59 0.633764570061
135.66 0.436107320967
135.73 0.381748036665
135.8 0.322675413286
135.87 0.672047998497
135.94 0.676756658014
136.01 0.827952234539
136.08 0.810919380293
136.15 0.635889078785
136.22 0.758626296167
136.29 0.757673221743
136.36 0.560343457148
136.43 0.356176102503
136.5 0.446867366695
136.57 0.688057151793
136.64 0.520130750406
136.71 0.585736192151
136.78 0.539894402468
136.85 0.586439300833
136.92 0.540023355197
136.99 0.606977057666
137.06 0.698113128447
137.13 0.61017121201
137.2 0.456439143003
137.27 0.545564452749
137.34 0.676514462508
137.41 0.577678968093
137.48 0.560195084712
137.55 0.551400608599
137.62 0.425439623588
137.69 0.47172155207
137.76 0.509888220999
137.83 0.457416207237
137.9 0.48402347181
137.97 0.510661421871
138.04 0.796207492751
138.11 0.631991308493
138.18 0.50001577704
138.25 0.368967929627
138.32 0.569203691914
138.39 0.617569445426
138.46 0.58189576413
138.53 0.754517002911
138.6 0.781948613976
138.67 0.719707910445
138.74 0.698205667463
138.81 0.594932958645
138.88 0.540084362496
138.95 0.565404088823
139.02 0.768689076779
139.09 0.641207238117
139.16 0.54933264535
139.23 0.44788116948
139.3 0.706889040499
139.37 0.689206951365
139.44 0.654913133127
139.51 0.647975769339
139.58 0.413622768077
139.65 0.330025570574
139.72 0.207939233458
139.79 0.466211630796
139.86 0.488556903203
139.93 0.261417192675
140.0 0.695292987039
140.07 0.501647051136
140.14 0.341463946616
140.21 0.235661697572
140.28 0.311337425352
140.35 0.512803812025
140.42 0.385171461229
140.49 0.585891166109
140.56 0.478528744983
140.63 0.572853477274
140.7 0.573516463667
140.77 0.482300358983
140.84 0.536835944787
140.91 0.373124412767
140.98 0.632312151452
141.05 0.397175415599
141.12 0.406839404908
141.19 0.344416223231
141.26 0.439379260058
141.33 0.57823878171
141.4 0.483521299409
141.47 0.652206827679
141.54 0.567714148714
141.61 0.559637170696
141.68 0.373174349657
141.75 0.466006350385
141.82 0.376984368773
141.89 0.421917086732
141.96 0.655860372223
142.03 0.44500513816
142.1 0.376733314351
142.17 0.730541687499
142.24 0.610085892416
142.31 0.525786823207
142.38 0.401712832152
142.45 0.594206662835
142.52 0.377004627645
142.59 0.362158411058
142.66 0.360423097948
142.73 0.378642565643
142.8 0.359209584088
142.87 0.290870992978
142.94 0.572462954058
143.01 0.37122428756
143.08 0.322173844663
143.15 0.437371628538
143.22 0.469840152167
143.29 0.471146525174
143.36 0.364907433973
143.43 0.579241203371
143.5 0.477126302104
143.57 0.360117205808
143.64 0.407561582564
143.71 0.435739492912
143.78 0.724283495547
143.85 0.50828271744
143.92 0.671145398831
143.99 0.512203890243
144.06 0.513695862672
144.13 0.468233095032
144.2 0.493510971304
144.27 0.663350264296
144.34 0.430422519947
144.41 0.733973619072
144.48 0.682693380869
144.55 0.674328209713
144.62 0.589851246586
144.69 0.513038257302
144.76 0.504975276773
144.83 0.306413132956
144.9 0.663017192807
144.97 0.578203162439
145.04 0.514897419878
145.11 0.520725388851
145.18 0.37372648131
145.25 0.517800401042
145.32 0.494789862485
145.39 0.680672453323
145.46 0.532558080249
145.53 0.570339430442
145.6 0.548708339479
145.67 0.392024078599
145.74 0.492477664073
145.81 0.291394590609
145.88 0.703362719742
145.95 0.568437730473
146.02 0.520976021925
146.09 0.596895680037
146.16 0.582743249496
146.23 0.63296764537
146.3 0.553746541983
146.37 0.511914999172
146.44 0.382714724891
146.51 0.300560834034
146.58 0.314356270363
146.65 0.324205704914
146.72 0.30806688801
146.79 0.287292545023
146.86 0.599541498398
146.93 0.389953081168
147.0 0.334736498076
147.07 0.288916095962
147.14 0.334197334079
147.21 0.489767153376
147.28 0.562165838801
147.35 0.580583588751
147.42 0.445877237119
147.49 0.429478163206
147.56 0.430302627393
147.63 0.338138947004
147.7 0.529392917761
147.77 0.357959918975
147.84 0.550239877499
147.91 0.492362023845
147.98 0.389735206195
148.05 0.356255477313
148.12 0.349220364143
148.19 0.568483586871
148.26 0.471418186846
148.33 0.647456971317
148.4 0.516895735825
148.47 0.504954730724
148.54 0.539654284282
148.61 0.568748196248
148.68 0.543677008021
148.75 0.378730143807
148.82 0.530834438972
148.89 0.517358094297
148.96 0.369883939483
149.03 0.321132629492
149.1 0.360508648225
149.17 0.632916259652
149.24 0.56545851343
149.31 0.707336914225
149.38 0.583730534379
149.45 0.522930851854
149.52 0.476293621617
149.59 0.412072635395
149.66 0.316363917184
149.73 0.263649706739
149.8 0.540592682116
149.87 0.463394722475
149.94 0.367228193533
150.01 0.57336784878
150.08 0.539697271271
150.15 0.664937466253
150.22 0.448977168229
150.29 0.582289075546
150.36 0.509473099488
150.43 0.505500528022
150.5 0.427636645493
150.57 0.440488893794
150.64 0.583732930653
150.71 0.489995176027
150.78 0.664316242819
150.85 0.476931428302
150.92 0.360870673906
150.99 0.362456176345
151.06 0.413746841164
151.13 0.473225823646
151.2 0.50290797497
151.27 0.499912699596
151.34 0.436617342458
151.41 0.434230941939
151.48 0.448099361053
151.55 0.333241106602
151.62 0.546177206837
151.69 0.429787566193
151.76 0.541872745541
151.83 0.551607335484
151.9 0.387839922967
151.97 0.339331054464
152.04 0.296760356467
152.11 0.446051549573
152.18 0.415369845997
152.25 0.507027738389
152.32 0.635211549975
152.39 0.478748663145
152.46 0.529967856386
152.53 0.55042027244
152.6 0.518774251019
152.67 0.454487085972
152.74 0.543343854145
152.81 0.628375761839
152.88 0.539469742939
152.95 0.527811367526
153.02 0.493557525634
153.09 0.480956372949
153.16 0.417710824413
153.23 0.417100205316
153.3 0.547282518806
153.37 0.503705260985
153.44 0.591915176421
153.51 0.554823498828
153.58 0.57994402723
153.65 0.504574595285
153.72 0.473074060413
153.79 0.819237842938
153.86 0.569600128137
153.93 0.605702447058
154.0 0.508841327035
154.07 0.580493679045
154.14 0.538066391454
154.21 0.560397168522
154.28 0.442847234604
154.35 0.353074996796
154.42 0.400383716904
154.49 0.410238451269
154.56 0.364041083246
154.63 0.254068618388
154.7 0.416376434067
154.77 0.609335151316
154.84 0.485969695867
154.91 0.510218301853
154.98 0.460062863588
155.05 0.462780513674
155.12 0.485724146049
155.19 0.518824290304
155.26 0.634865519069
155.33 0.404302874765
155.4 0.337375593688
155.47 0.298088920901
155.54 0.669511347128
155.61 0.514694529856
155.68 0.558277598288
155.75 0.868263901746
155.82 0.604217450423
155.89 0.531259618713
155.96 0.502227697978
156.03 0.710500719688
156.1 0.675697024723
156.17 0.581143311742
156.24 0.657471415694
156.31 0.548799083644
156.38 0.52943528685
156.45 0.526000206932
156.52 0.605595804628
156.59 0.573678298078
156.66 0.484829429606
156.73 0.702923748479
156.8 0.574076161943
156.87 0.579551751532
156.94 0.361696503357
157.01 0.353027527974
157.08 0.361950655517
157.15 0.423723619551
157.22 0.747647784636
157.29 0.555491376633
157.36 0.564891169675
157.43 0.604192394295
157.5 0.593620533752
157.57 0.285055476155
157.64 0.283786807977
157.71 0.561234146061
157.78 0.346005839117
157.85 0.338420289106
157.92 0.306105012846
157.99 0.428107804035
158.06 0.439727214103
158.13 0.620977889747
158.2 0.72937101351
158.27 0.586715610288
158.34 0.520919411718
158.41 0.444667633093
158.48 0.437475732283
158.55 0.347136124827
158.62 0.29963865342
158.69 0.716453524414
158.76 0.579699068241
158.83 0.503763089338
158.9 0.370649092359
158.97 0.335018431007
159.04 0.367450067788
159.11 0.372470357085
159.18 0.750117990012
159.25 0.627808679368
159.32 0.651791968629
159.39 0.626289726494
159.46 0.72280212863
159.53 0.78030249734
159.6 0.515169182768
159.67 0.838313885597
159.74 0.64226481645
159.81 0.578778155204
159.88 0.465768978028
159.95 0.5711479281
160.02 0.698778890093
160.09 0.727447848293
160.16 0.712846556562
160.23 0.563998305754
160.3 0.630266963398
160.37 0.539812414825
160.44 0.520582865867
160.51 0.479804104132
160.58 0.476738197524
160.65 0.683783919738
160.72 0.570297645121
160.79 0.398658363162
160.86 0.327051859311
160.93 0.560919693951
161.0 0.602334891221
161.07 0.531160019162
161.14 0.565508325563
161.21 0.506381076318
161.28 0.522863556101
161.35 0.568453846475
161.42 0.60829733989
161.49 0.529862573335
161.56 0.47802899475
161.63 0.751902291388
161.7 0.646078189878
161.77 0.588751050827
161.84 0.554187020921
161.91 0.520076005667
161.98 0.738573343455
162.05 0.772965923254
162.12 0.83789839217
162.19 0.650640613127
162.26 0.633978522253
162.33 0.554576930946
162.4 0.506944018273
162.47 0.520423965597
162.54 0.566862292149
162.61 0.775423303385
162.68 0.550434947853
162.75 0.577408519858
162.82 0.41964993262
162.89 0.359007123654
162.96 0.460250620362
163.03 0.428915434279
163.1 0.713582582233
163.17 0.56369872443
163.24 0.469775887065
163.31 0.463026894421
163.38 0.421856117095
163.45 0.507698844573
163.52 0.350016161314
163.59 0.748023914908
163.66 0.662702796013
163.73 0.55719079271
163.8 0.527984624254
163.87 0.432857878133
163.94 0.859843658659
164.01 0.732656842987
164.08 0.817216224521
164.15 0.765637852645
164.22 0.744377882848
164.29 0.734984088729
164.36 0.671010734354
164.43 0.580472676339
164.5 0.408961305507
164.57 0.769160444819
164.64 0.661725927154
164.71 0.630149580105
164.78 0.588477475431
164.85 0.544343823038
164.92 0.789793758372
164.99 0.658008793078
165.06 0.781055362838
165.13 0.701518708067
165.2 0.740684389027
165.27 0.85492932563
165.34 0.617593808329
165.41 0.672125832677
165.48 0.654892191622
165.55 0.83235986508
165.62 0.791607183422
165.69 0.607037868414
165.76 0.566296670275
165.83 0.4586050004
165.9 0.640347032256
165.97 0.597207920655
166.04 0.567835026377
166.11 0.507063793132
166.18 0.385867058604
166.25 0.269998242693
166.32 0.216964888808
166.39 0.388226974176
166.46 0.32095801103
166.53 0.458402155102
166.6 0.279587130705
166.67 0.19410533905
166.74 0.279752138177
166.81 0.216286506707
166.88 0.214478481513
166.95 0.195009934827
167.02 0.425387716481
167.09 0.364907401018
167.16 0.201066944515
167.23 0.260549543771
167.3 0.276908389469
167.37 0.411588644547
167.44 0.442176938163
167.51 0.577127816842
167.58 0.427911501412
167.65 0.377521423672
167.72 0.43896750463
167.79 0.376062948469
167.86 0.471990833946
167.93 0.437456153689
168.0 0.574285934779
168.07 0.51223084244
168.14 0.356483304591
168.21 0.495465589382
168.28 0.508115296039
168.35 0.367470384331
168.42 0.371046623147
168.49 0.557263390631
168.56 0.35783815036
168.63 0.215464028038
168.7 0.329411703089
168.77 0.332469965395
168.84 0.423462204422
168.91 0.460940975594
168.98 0.575730284206
169.05 0.569852112351
169.12 0.441893893012
169.19 0.286476186504
169.26 0.493230256518
169.33 0.734061070125
169.4 0.679982377029
169.47 0.81507571396
169.54 0.669732170365
169.61 0.468379690269
169.68 0.32705774054
169.75 0.594854392401
169.82 0.654710309014
169.89 0.771138380667
169.96 0.767818847996
170.03 0.807478074299
170.1 0.509862053828
170.17 0.568940261843
170.24 0.573168668511
170.31 0.604877142528
170.38 0.59371705675
170.45 0.623770103264
170.52 0.348531250596
170.59 0.415410322548
170.66 0.404544894905
170.73 0.306637130432
170.8 0.244363366324
170.87 0.218028958029
170.94 0.385451427474
171.01 0.378453637801
171.08 0.212389908659
171.15 0.189797030299
171.22 0.235374995632
171.29 0.191407502948
171.36 0.152342297191
171.43 0.428822549239
171.5 0.348157668424
171.57 0.208013652124
171.64 0.307720887705
171.71 0.259248534133
171.78 0.300403308445
171.85 0.290586669657
171.92 0.397970933832
171.99 0.473596576426
172.06 0.325681553103
172.13 0.346632069304
172.2 0.391914547929
172.27 0.334783316044
172.34 0.308078453916
172.41 0.573472951757
172.48 0.63614734086
172.55 0.38142799521
172.62 0.756174646614
172.69 0.687322260704
172.76 0.839218238922
172.83 0.625990479425
172.9 0.581694996153
172.97 0.876157510666
173.04 0.608696598443
173.11 0.837320479387
173.18 0.614209245538
173.25 0.617123724345
173.32 0.736213103045
173.39 0.67662496534
173.46 0.772258997717
173.53 0.521960242025
173.6 0.762380733731
173.67 0.777473141576
173.74 0.759326873225
173.81 0.724499348516
173.88 0.674405839103
173.95 0.642275486695
174.02 0.592453511844
174.09 0.539522047857
174.16 0.550060987879
174.23 0.535284968231
174.3 0.500108487891
174.37 0.55324728607
174.44 0.535993440282
174.51 0.360563900229
174.58 0.572862169064
174.65 0.689683827539
174.72 0.53073421446
174.79 0.693930114459
174.86 0.412209438394
174.93 0.703629724216
175.0 0.567996923165
175.07 0.557979804754
175.14 0.47588408592
175.21 0.492101213669
175.28 0.419544779034
175.35 0.452365539636
175.42 0.656907453322
175.49 0.527626076465
175.56 0.338094129855
175.63 0.277926369257
175.7 0.395045682386
175.77 0.522941374981
175.84 0.492101067727
175.91 0.572964528566
175.98 0.444588929146
176.05 0.489986242963
176.12 0.455284043618
176.19 0.486024472383
176.26 0.406467389259
176.33 0.441257018473
176.4 0.543167576182
176.47 0.388988097168
176.54 0.324009301074
176.61 0.28256359368
176.68 0.278969445188
176.75 0.285737591547
176.82 0.313146520395
176.89 0.563707357372
176.96 0.340193577743
177.03 0.30492521748
177.1 0.289058390617
177.17 0.392664641705
177.24 0.412294677954
177.31 0.291586177185
177.38 0.641859334175
177.45 0.412623793708
177.52 0.525244773325
177.59 0.46397740662
177.66 0.431757948365
177.73 0.356485027648
177.8 0.239675496485
177.87 0.681902801125
177.94 0.460365235465
178.01 0.44326348128
178.08 0.482379685538
178.15 0.365006388553
178.22 0.4431510047
178.29 0.413451087288
178.36 0.631264964428
178.43 0.478840964416
178.5 0.443223602621
178.57 0.346078758346
178.64 0.417519813367
178.71 0.526113609773
178.78 0.456554410137
178.85 0.646229441137
178.92 0.433532894151
178.99 0.432402022319
179.06 0.409798150051
179.13 0.427343114878
179.2 0.332178608611
179.27 0.246573447686
179.34 0.623915350892
179.41 0.444072150773
179.48 0.350778643686
179.55 0.325865434175
179.62 0.445307306424
179.69 0.542314237835
179.76 0.494311617516
179.83 0.57295425613
179.9 0.630739203559
179.97 0.59710787504
180.04 0.525687296628
180.11 0.513088882709
180.18 0.576200166932
180.25 0.66210251526
180.32 0.661553431913
180.39 0.40367394112
180.46 0.430588443088
180.53 0.445602877873
180.6 0.376430417553
180.67 0.471252567359
180.74 0.31225603274
180.81 0.522021816615
180.88 0.377491394923
180.95 0.429479759153
181.02 0.385442982844
181.09 0.385113217413
181.16 0.451946382358
181.23 0.264999961219
181.3 0.70433335311
181.37 0.510515684631
181.44 0.468855695499
181.51 0.392748657236
181.58 0.371143772283
181.65 0.596108594664
181.72 0.43291268878
181.79 0.539985650368
181.86 0.452224946853
181.93 0.450144992818
182.0 0.486106228167
182.07 0.447891117077
182.14 0.505807688916
182.21 0.549791618909
182.28 0.663430652461
182.35 0.445726477826
182.42 0.441798795303
182.49 0.366355224806
182.56 0.470348341145
182.63 0.512638449113
182.7 0.412794864837
182.77 0.472654934913
182.84 0.438127298712
182.91 0.456074217313
182.98 0.508522200072
183.05 0.475875347052
183.12 0.503354033837
183.19 0.4130809477
183.26 0.660516115984
183.33 0.466073391916
183.4 0.420126413338
183.47 0.357456247139
183.54 0.420837493515
183.61 0.481652862453
183.68 0.58220205408
183.75 0.583283609275
183.82 0.439431517897
183.89 0.489829968473
183.96 0.669358265709
184.03 0.487140993641
184.1 0.560236971252
184.17 0.562859392987
184.24 0.688152459
184.31 0.687342876192
184.38 0.528607409503
184.45 0.432220227982
184.52 0.437986066844
184.59 0.424195678461
184.66 0.364182318645
184.73 0.487316495994
184.8 0.367547670051
184.87 0.276642199446
184.94 0.349693278698
185.01 0.319873941866
185.08 0.429744500348
185.15 0.293516703059
185.22 0.581671231141
185.29 0.397984315775
185.36 0.334795077324
185.43 0.58189050904
185.5 0.359330232246
185.57 0.532067038283
185.64 0.283777809004
185.71 0.561320454294
185.78 0.54539958298
185.85 0.445429578775
185.92 0.397261491973
185.99 0.41324813018
186.06 0.364404245863
186.13 0.355125598829
186.2 0.546584694638
186.27 0.419955526991
186.34 0.352773488802
186.41 0.352746966192
186.48 0.374963606001
186.55 0.498168988936
186.62 0.434415466804
186.69 0.530962924451
186.76 0.455125391685
186.83 0.437736620138
186.9 0.366320955499
186.97 0.351643576186
187.04 0.328786989993
187.11 0.315052385597
187.18 0.541781113955
187.25 0.504428888646
187.32 0.476026700706
187.39 0.413674609275
187.46 0.346471355352
187.53 0.517359138254
187.6 0.457505245998
187.67 0.507561591979
187.74 0.502961355622
187.81 0.377095394172
187.88 0.466891545288
187.95 0.539827119661
188.02 0.4647965298
188.09 0.441925622457
188.16 0.578060033324
188.23 0.457107952954
188.3 0.429712903899
188.37 0.410682751769
188.44 0.430584120144
188.51 0.492461380944
188.58 0.40501768941
188.65 0.449149418663
188.72 0.471448825257
188.79 0.36521513038
188.86 0.414640184104
188.93 0.34093401463
189.0 0.475770001623
189.07 0.305072223474
189.14 0.539120598996
189.21 0.579454111607
189.28 0.426120605575
189.35 0.73967213158
189.42 0.276753125981
189.49 0.454747674882
189.56 0.377943939971
189.63 0.607901993525
189.7 0.696398124819
189.77 0.621316551758
189.84 0.62988646428
189.91 0.621152414052
189.98 0.548664235563
190.05 0.501306115255
190.12 0.611793946143
190.19 0.641538794869
190.26 0.595870320762
190.33 0.589531874816
190.4 0.59376282723
190.47 0.598537161837
190.54 0.613509705374
190.61 0.631818276563
190.68 0.68652000089
190.75 0.53941909517
190.82 0.635934068946
190.89 0.564565801336
190.96 0.519334310619
191.03 0.50901424127
191.1 0.625677798626
191.17 0.803796704259
191.24 0.602461089884
191.31 0.437772803168
191.38 0.356288064756
191.45 0.662716509856
191.52 0.729407613181
191.59 0.756432921636
191.66 0.783384722386
191.73 0.677186560862
191.8 0.712771477626
191.87 0.543069158291
191.94 0.553363141679
192.01 0.567430683391
192.08 0.601038200997
192.15 0.666617878089
192.22 0.602521554608
192.29 0.435922086399
192.36 0.45539491719
192.43 0.548493113825
192.5 0.56624805981
192.57 0.60504448978
192.64 0.65895024981
192.71 0.581029406342
192.78 0.467012399411
192.85 0.366451930232
192.92 0.617947153991
192.99 0.61742176857
193.06 0.640820137477
193.13 0.701447397732
193.2 0.563108827924
193.27 0.543282396073
193.34 0.424659219771
193.41 0.405663980741
193.48 0.383315385798
193.55 0.411184963009
193.62 0.679493954958
193.69 0.49290611927
193.76 0.485475462007
193.83 0.527239561947
193.9 0.49437118658
193.97 0.470879967942
194.04 0.520434458123
194.11 0.632442931988
194.18 0.522855436311
194.25 0.549773369094
194.32 0.583632436619
194.39 0.623300347649
194.46 0.609986285804
194.53 0.565562951429
194.6 0.667546264771
194.67 0.541397959634
194.74 0.510134606453
194.81 0.545647948067
194.88 0.469356810996
194.95 0.513318660196
195.02 0.482664872741
195.09 0.717511591181
195.16 0.519549373854
195.23 0.393676875614
195.3 0.374419495275
195.37 0.576341031591
195.44 0.569277619791
195.51 0.552238973765
195.58 0.642253422379
195.65 0.449032854529
195.72 0.493756176276
195.79 0.487630746846
195.86 0.58808657559
195.93 0.569654642193
196.0 0.556575242185
196.07 0.758087602951
196.14 0.725896386832
196.21 0.586278152585
196.28 0.53443990621
196.35 0.626033010934
196.42 0.664872330207
196.49 0.782509550405
196.56 0.814661895335
196.63 0.640094750273
196.7 0.716061424081
196.77 0.680815545952
196.84 0.663934943374
196.91 0.628698111297
196.98 0.563643432409
197.05 0.907872502642
197.12 0.640901215336
197.19 0.702980292777
197.26 0.559575718509
197.33 0.594941588056
197.4 0.627239470144
197.47 0.511375266708
197.54 0.805013969065
197.61 0.688394406169
197.68 0.560999592504
197.75 0.526295428826
197.82 0.486606948208
197.89 0.491616294206
197.96 0.56391925696
198.03 0.708636898738
198.1 0.504814406286
198.17 0.561901750814
198.24 0.410133001091
198.31 0.624821137745
198.38 0.655424308031
198.45 0.623483802665
198.52 0.635780795684
198.59 0.535958048163
198.66 0.465240712605
198.73 0.486994569062
198.8 0.597587472327
198.87 0.428874967144
198.94 0.43838725089
199.01 0.750340755219
199.08 0.55510044266
199.15 0.54620543132
199.22 0.530385503635
199.29 0.605288927379
199.36 0.625093658592
199.43 0.609569729589
199.5 0.733132515139
199.57 0.612853429961
199.64 0.449905225364
199.71 0.356551280622
199.78 0.45348446423
199.85 0.608711676373
199.92 0.664246677903
199.99 0.60837796933
200.06 0.687558457286
200.13 0.594169743032
200.2 0.402338716315
200.27 0.481011268337
200.34 0.596963767879
200.41 0.537600100785
200.48 0.596625203555
200.55 0.378182312737
200.62 0.56648541922
200.69 0.619678817372
200.76 0.677896611206
200.83 0.743279476056
200.9 0.67851559137
200.97 0.73731329645
201.04 0.675411793973
201.11 0.626413936108
201.18 0.609573286338
201.25 0.648964637222
201.32 0.535649460804
201.39 0.51616869265
201.46 0.715429844648
201.53 0.64859570401
201.6 0.593172289285
201.67 0.557237977887
201.74 0.583788086147
201.81 0.544312490226
201.88 0.524510280045
201.95 0.692807201175
202.02 0.60415004639
202.09 0.605561909592
202.16 0.522373869984
202.23 0.550626452042
202.3 0.699320160833
202.37 0.547520447861
202.44 0.699509028651
202.51 0.592981036964
202.58 0.58670521898
202.65 0.469467300882
202.72 0.520654139717
202.79 0.499509780723
202.86 0.358716908513
202.93 0.733718681885
203.0 0.583056218647
203.07 0.504999040608
203.14 0.369836826101
203.21 0.409814130703
203.28 0.554465964394
203.35 0.48578519101
203.42 0.623625787782
203.49 0.561289117951
203.56 0.398951493613
203.63 0.385811652419
203.7 0.428189809332
203.77 0.533222337751
203.84 0.490034247298
203.91 0.69813303188
203.98 0.492526162728
204.05 0.525279306269
204.12 0.519781617055
204.19 0.428554759739
204.26 0.675074693778
204.33 0.499508366027
204.4 0.66256255043
204.47 0.547097332494
204.54 0.416357967693
204.61 0.427230903112
204.68 0.423708159112
204.75 0.691992283245
204.82 0.456348225827
204.89 0.628987130655
204.96 0.566029138527
205.03 0.495677418353
205.1 0.321879002924
205.17 0.210522250846
205.24 0.149196520276
205.31 0.106115372376
205.38 0.291823833188
205.45 0.449936893607
205.52 0.399163927537
205.59 0.332712732899
205.66 0.312714193026
205.73 0.395710203524
205.8 0.339111123357
205.87 0.339434612104
205.94 0.304131704773
206.01 0.254249094539
206.08 0.288688238083
206.15 0.295193540493
206.22 0.388068209256
206.29 0.421854444646
206.36 0.363265879202
206.43 0.193669768001
206.5 0.111148982414
206.57 0.232680563275
206.64 0.13289117057
206.71 0.39296026494
206.78 0.403101217518
206.85 0.499948816718
206.92 0.481242648832
206.99 0.401944313865
207.06 0.563822149017
207.13 0.416215504733
207.2 0.498230432884
207.27 0.310505330986
207.34 0.240268217676
207.41 0.424969939767
207.48 0.417738757011
207.55 0.358997582105
207.62 0.683118349935
207.69 0.495011343638
207.76 0.368531795996
207.83 0.372989616472
207.9 0.291057184407
207.97 0.176356220155
208.04 0.144177052492
208.11 0.108298472118
208.18 0.327645243126
208.25 0.472572298769
208.32 0.409790518695
208.39 0.184081257791
208.46 0.0987318873436
208.53 0.21114060134
208.6 0.0927126213245
208.67 0.33967785745
208.74 0.408554552124
208.81 0.396199151693
208.88 0.552579341178
208.95 0.445528051982
209.02 0.566088057913
209.09 0.434741042287
209.16 0.425478545386
209.23 0.361897324298
209.3 0.395218230589
209.37 0.43478255691
209.44 0.267864413687
209.51 0.261426173994
209.58 0.20953098198
209.65 0.251954157302
209.72 0.210306016544
209.79 0.43754064
209.86 0.399295380112
209.93 0.239611103095
210.0 0.215840616145
210.07 0.172369792434
210.14 0.401021387063
210.21 0.468040852893
210.28 0.478043499505
210.35 0.583642518388
210.42 0.428424497062
210.49 0.332118715885
210.56 0.299804421203
210.63 0.277478569678
210.7 0.26324864745
210.77 0.453175742698
210.84 0.475158437433
210.91 0.354068610149
210.98 0.466964211472
211.05 0.346068059854
211.12 0.347453990098
211.19 0.316203189109
211.26 0.439696139044
211.33 0.531201267794
211.4 0.313927730425
211.47 0.234532977208
211.54 0.208939786119
211.61 0.315903021663
211.68 0.256264468048
211.75 0.330239217935
211.82 0.488283424317
211.89 0.313985125659
211.96 0.298913026118
212.03 0.450275487354
212.1 0.444035156823
212.17 0.366266794529
212.24 0.366643324965
212.31 0.563056005148
212.38 0.34055287525
212.45 0.279083275264
212.52 0.216136797255
212.59 0.489326316645
212.66 0.58921108482
212.73 0.413859453094
212.8 0.594608695464
212.87 0.387131805178
212.94 0.373162929693
213.01 0.237814215396
213.08 0.330001572525
213.15 0.280401667303
213.22 0.281237221907
213.29 0.717161764605
213.36 0.505676079806
213.43 0.641039349467
213.5 0.64978603545
213.57 0.402802097559
213.64 0.399597843791
213.71 0.282371553978
213.78 0.653007313826
213.85 0.525576673746
213.92 0.441393160024
213.99 0.459142987445
214.06 0.482598017168
214.13 0.447241020661
214.2 0.374237212503
214.27 0.666648653026
214.34 0.491315035726
214.41 0.512225755654
214.48 0.463178725917
214.55 0.380814904513
214.62 0.368244759801
214.69 0.259876939327
214.76 0.687200699232
214.83 0.602221621375
214.9 0.511160623645
214.97 0.469944035822
215.04 0.502850219589
215.11 0.602669809348
215.18 0.518804815282
215.25 0.652821969802
215.32 0.425179138251
215.39 0.300751502588
215.46 0.203430445082
215.53 0.189184961196
215.6 0.193756946002
215.67 0.159130873079
215.74 0.522340518699
215.81 0.253891498904
215.88 0.338827853408
215.95 0.293256351894
216.02 0.280879310849
216.09 0.319874570358
216.16 0.404849039271
216.23 0.580850708566
216.3 0.335653309436
216.37 0.35024488896
216.44 0.271769449303
216.51 0.518468197637
216.58 0.492308469005
216.65 0.257790207226
216.72 0.60038976526
216.79 0.330154119609
216.86 0.358517310425
216.93 0.238445600632
217.0 0.379018280451
217.07 0.59714153704
217.14 0.478448643994
217.21 0.577193744976
217.28 0.478330680464
217.35 0.505090754581
217.42 0.464118351312
217.49 0.418965397416
217.56 0.474651927965
217.63 0.328278390259
217.7 0.566796546442
217.77 0.324037625597
217.84 0.213886870188
217.91 0.188772972732
217.98 0.323373591717
218.05 0.454282920135
218.12 0.437207890996
218.19 0.548105283475
218.26 0.427542848315
218.33 0.334407470594
218.4 0.290909469888
218.47 0.199036394211
218.54 0.180599986044
218.61 0.136524516266
218.68 0.570229390152
218.75 0.355849827911
218.82 0.419792838114
218.89 0.454234607438
218.96 0.447302797686
219.03 0.49012735949
219.1 0.314697413388
219.17 0.602963572999
219.24 0.354319131412
219.31 0.280722995166
219.38 0.399944264268
219.45 0.33836770172
219.52 0.430395878465
219.59 0.40040060734
219.66 0.593138502529
219.73 0.303333507797
219.8 0.2444860612
219.87 0.236618452324
219.94 0.282014686876
220.01 0.364594310641
220.08 0.299781779003
220.15 0.466701694715
220.22 0.374293115362
220.29 0.367305907664
220.36 0.407069817949
220.43 0.292186966381
220.5 0.548707771012
220.57 0.299807769631
220.64 0.633841934637
220.71 0.434434042636
220.78 0.399953244411
220.85 0.431452516413
220.92 0.293960238541
220.99 0.468184739965
221.06 0.296807159134
221.13 0.643185166904
221.2 0.559081605875
221.27 0.544448143343
221.34 0.535399040758
221.41 0.489101052768
221.48 0.472666842134
221.55 0.275672276957
221.62 0.688202528886
221.69 0.511063473331
221.76 0.534649276528
221.83 0.471477552297
221.9 0.38448437557
221.97 0.473524244496
222.04 0.263846816751
222.11 0.455154485935
222.18 0.544436158442
222.25 0.500093651236
222.32 0.527190197055
222.39 0.37196442197
222.46 0.412522837132
222.53 0.299973982302
222.6 0.657279232403
222.67 0.662551052788
222.74 0.536278889946
222.81 0.55427968234
222.88 0.481476799872
222.95 0.510933429567
223.02 0.467579527784
223.09 0.58755841727
223.16 0.582456698205
223.23 0.414305514315
223.3 0.407452206074
223.37 0.486152900192
223.44 0.548482583637
223.51 0.50787127155
223.58 0.693893671322
223.65 0.483622720881
223.72 0.431140080421
223.79 0.468518424646
223.86 0.479093865476
223.93 0.503149121812
224.0 0.333565400384
224.07 0.483210501734
224.14 0.582744139271
224.21 0.534919615307
224.28 0.718999884459
224.35 0.483787139878
224.42 0.723004257164
224.49 0.429941908128
224.56 0.709922246677
224.63 0.77791686184
224.7 0.745062792323
224.77 0.632551575236
224.84 0.512653848351
224.91 0.883857940593
224.98 0.812617368728
225.05 0.786326853676
225.12 0.622541789235
225.19 0.655666414089
225.26 0.520531211804
225.33 0.526849237635
225.4 0.550806769304
225.47 0.430307488204
225.54 0.566611524903
225.61 0.78617787158
225.68 0.595126315357
225.75 0.586846330799
225.82 0.427733383873
225.89 0.396690143051
225.96 0.31152991465
226.03 0.501090967279
226.1 0.808138820953
226.17 0.698389672116
226.24 0.562143770953
226.31 0.337792748971
226.38 0.315354650372
226.45 0.314266408913
226.52 0.538235464118
226.59 0.513730595698
226.66 0.427768598273
226.73 0.333749470945
226.8 0.407548679641
226.87 0.818072455816
226.94 0.588098499289
227.01 0.557510016184
227.08 0.650162849531
227.15 0.518340490123
227.22 0.489773362974
227.29 0.439174082042
227.36 0.543814590161
227.43 0.490706654014
227.5 0.565028293981
227.57 0.634848341457
227.64 0.620584943187
227.71 0.388719542649
227.78 0.414588680691
227.85 0.403058339985
227.92 0.374951988309
227.99 0.531148555651
228.06 0.772659374375
228.13 0.691414644692
228.2 0.560916587975
228.27 0.590099471616
228.34 0.625024901065
228.41 0.551925665651
228.48 0.596737525955
228.55 0.680375182355
228.62 0.540239717787
228.69 0.537775513689
228.76 0.500270787197
228.83 0.717663095485
228.9 0.672166409269
228.97 0.735261286783
229.04 0.775148139104
229.11 0.645074478278
229.18 0.625572839237
229.25 0.525397126211
229.32 0.562748708904
229.39 0.579835553463
229.46 0.542296079822
229.53 0.760111927179
229.6 0.616026261468
229.67 0.546491800182
229.74 0.524727625389
229.81 0.705625557971
229.88 0.623764469196
229.95 0.756525011057
230.02 0.862666888389
230.09 0.601645203322
230.16 0.659376896033
230.23 0.665624709624
230.3 0.587104820026
230.37 0.335597132347
230.44 0.413485384841
230.51 0.637172944942
230.58 0.380949434818
230.65 0.317585394301
230.72 0.306666247044
230.79 0.709274235819
230.86 0.608922886268
230.93 0.641214681161
231.0 0.672653773261
231.07 0.556324577333
231.14 0.531174430938
231.21 0.533780360047
231.28 0.498006470717
231.35 0.415511103758
231.42 0.566728442123
231.49 0.698045020597
231.56 0.528819160795
231.63 0.470120950516
231.7 0.361491572501
231.77 0.396457972821
231.84 0.472093866665
231.91 0.398069828389
231.98 0.666950062157
232.05 0.614133721715
232.12 0.508052797542
232.19 0.483900549781
232.26 0.459590659913
232.33 0.448103946457
232.4 0.405906104453
232.47 0.835168036888
232.54 0.535112821369
232.61 0.548897606284
232.68 0.406408086186
232.75 0.670809071893
232.82 0.883935534675
232.89 0.752420577435
232.96 0.664984829149
233.03 0.704061265381
233.1 0.53807062495
233.17 0.471767862772
233.24 0.43438393038
233.31 0.449521342509
233.38 0.40171755879
233.45 0.749575685907
233.52 0.630083079972
233.59 0.622560901756
233.66 0.475084671976
233.73 0.436429233775
233.8 0.34226399023
233.87 0.33417447532
233.94 0.756123367999
234.01 0.836505762715
234.08 0.501992198151
234.15 0.454064700315
234.22 0.317938086754
234.29 0.285672717961
234.36 0.307674938327
234.43 0.813195252087
234.5 0.682178334969
234.57 0.61224325222
234.64 0.4643875049
234.71 0.787922636789
234.78 0.579727728196
234.85 0.531393115653
234.92 0.678448219115
234.99 0.517442517054
235.06 0.507067819485
235.13 0.58025813214
235.2 0.748711348945
235.27 0.705097260771
235.34 0.542759676448
235.41 0.708900974955
235.48 0.605248860408
235.55 0.453287340095
235.62 0.376039128141
235.69 0.394606511041
235.76 0.359487629548
235.83 0.356785896558
235.9 0.826272492388
235.97 0.750826877527
236.04 0.863825264408
236.11 0.705186424289
236.18 0.614528354847
236.25 0.633498302359
236.32 0.4485653975
236.39 0.862591331611
236.46 0.690617609368
236.53 0.678214788369
236.6 0.590662352369
236.67 0.63456125583
236.74 0.875275248727
236.81 0.844503137595
236.88 0.773226479209
236.95 0.705724081787
237.02 0.498933436817
237.09 0.553119439675
237.16 0.526611872339
237.23 0.577265041189
237.3 0.45669336578
237.37 0.710007415621
237.44 0.645722036009
237.51 0.57280074277
237.58 0.444250506057
237.65 0.654405312535
237.72 0.615216459747
237.79 0.692996272605
237.86 0.737599156869
237.93 0.683461414922
238.0 0.616953488852
238.07 0.723786639438
238.14 0.679541563837
238.21 0.436894215674
238.28 0.30675603317
238.35 0.668147567118
238.42 0.413441384496
238.49 0.379239902839
238.56 0.285690681777
238.63 0.56578037563
238.7 0.681128974115
238.77 0.601331673941
238.84 0.689000178579
238.91 0.56445535029
238.98 0.484801087428
239.05 0.508768831509
239.12 0.432934385888
239.19 0.408378389502
239.26 0.389572664436
239.33 0.768153144692
239.4 0.53824435952
239.47 0.487644433619
239.54 0.357091143728
239.61 0.398932998991
239.68 0.442798176897
239.75 0.392732944929
239.82 0.607784390142
239.89 0.611365888755
239.96 0.495678867181
240.03 0.469228121904
240.1 0.389470279041
240.17 0.495586758929
240.24 0.303632829015
240.31 0.767771154377
240.38 0.567688539418
240.45 0.502363162782
240.52 0.322984970454
240.59 0.516783551128
240.66 0.854416876087
240.73 0.8208453838
240.8 0.696105802934
240.87 0.588228121704
240.94 0.645578590295
241.01 0.38966850598
241.08 0.414242958147
241.15 0.441399090685
241.22 0.293391351803
241.29 0.592731007666
241.36 0.564046869142
241.43 0.476249222285
241.5 0.375549950466
241.57 0.355811056764
241.64 0.266627959859
241.71 0.214248811129
241.78 0.490195792178
241.85 0.58487997498
241.92 0.409595839089
241.99 0.329235548705
242.06 0.242058822806
242.13 0.238353113402
242.2 0.223732686788
242.27 0.41383265037
242.34 0.25865588709
242.41 0.251949182326
242.48 0.186675616287
242.55 0.368522831153
242.62 0.343547429153
242.69 0.285498755062
242.76 0.313689364721
242.83 0.274623738792
242.9 0.260468869606
242.97 0.216981101319
243.04 0.213042336618
243.11 0.237261577655
243.18 0.193743901845
243.25 0.296990015082
243.32 0.250551370753
243.39 0.207611193438
243.46 0.138525671021
243.53 0.149216235396
243.6 0.147762891704
243.67 0.138075256255
243.74 0.273930226975
243.81 0.243580037781
243.88 0.242608873607
243.95 0.197269535262
244.02 0.158650792066
244.09 0.210612860838
244.16 0.144643857489
244.23 0.266785051153
244.3 0.226548484067
244.37 0.220258140143
244.44 0.195345715659
244.51 0.166426704623
244.58 0.200854379949
244.65 0.195723950322
244.72 0.187388704343
244.79 0.207331328412
244.86 0.162949430981
244.93 0.148968581188
245.0 0.193778364172
245.07 0.183438329012
245.14 0.154764341697
245.21 0.15763138699
245.28 0.159625449432
245.35 0.134066985485
245.42 0.0975366327146
245.49 0.127258309613
245.56 0.135836078289
245.63 0.133383717857
245.7 0.173756451211
245.77 0.169829001725
245.84 0.164354297204
245.91 0.174270174217
245.98 0.141003144074
246.05 0.0947911088773
246.12 0.0506072041717
246.19 0.0951699732089
246.26 0.118329278479
246.33 0.067706784526
246.4 0.0556050407577
246.47 0.0526465262978
246.54 0.112422205395
246.61 0.0941573214826
246.68 0.0847546119535
246.75 0.0696132582119
246.82 0.0537811902686
246.89 0.0530662084966
246.96 0.0498175706977
247.03 0.0441110090158
247.1 0.0391840531781
247.17 0.0641430955479
247.24 0.0468234510905
247.31 0.039954574131
247.38 0.0340768224484
247.45 0.0305608094359
247.52 0.0286735365425
247.59 0.028550889921
247.66 0.0395257011152
247.73 0.0431973471788
247.8 0.0346234647972
247.87 0.0299780158341
247.94 0.0262989314348
248.01 0.0281794686328
248.08 0.0190887549159
248.15 0.037425223394
248.22 0.031379237037
248.29 0.0249264572809
248.36 0.0158512004726
248.43 0.0166538628036
248.5 0.039245946722
248.57 0.0345423822303
248.64 0.0321413969239
248.71 0.0253446753515
248.78 0.025664341359
248.85 0.0257575994928
248.92 0.0213592233238
248.99 0.0197111458859
249.06 0.0143990761022
249.13 0.0208790352074
249.2 0.025078225222
249.27 0.0172212124433
249.34 0.0147046940124
249.41 0.0126619222404
249.48 0.0161879464053
249.55 0.0163468549134
249.62 0.0158583634016
249.69 0.0184535999032
249.76 0.0150593755143
249.83 0.020744896828
249.9 0.0156785745908
249.97 0.0103124238696
250.04 0.00913376779255
250.11 0.00992920599309
250.18 0.0109510497134
250.25 0.00911746230161
250.32 0.00555880596964
250.39 0.0047809478989
250.46 0.0057972881923
250.53 0.00634792276178
250.6 0.00562119147944
250.67 0.00519380966168
250.74 0.00294938131349
250.81 0.0021300968915
250.88 0.0022008717141
250.95 0.00204146182457
251.02 0.00186805326974
251.09 0.0025625549026
251.16 0.00162267175532
251.23 0.00107817381279
251.3 0.000795755977535
251.37 0.000648560494319
251.44 0.000576853525859
251.51 0.000509055214495
251.58 0.000572557651603
251.65 0.000612122065019
251.72 0.000510794749331
251.79 0.000548800878496
251.86 0.00043885827526
251.93 0.000394840276041
252.0 0.000311855754947
252.07 0.000214970255543
252.14 0.000129770711066
252.21 6.75841061268e-05
252.28 3.91171717122e-05
252.35 7.79024430025e-05
252.42 7.31169567773e-05
252.49 0.0
252.56 0.0
252.63 0.0
252.7 0.0
252.77 0.0
252.84 0.0
252.91 0.0
252.98 0.0
253.05 0.0
253.12 0.0
253.19 0.0
253.26 0.0
253.33 0.0
253.4 0.0
253.47 0.0
253.54 0.0
253.61 0.0
253.68 0.0
253.75 0.0
253.82 0.0
253.89 0.0
253.96 0.0
254.03 0.0
254.1 0.0
254.17 0.0
254.24 0.0
254.31 0.0
254.38 0.0
254.45 0.0
254.52 0.0
254.59 0.0
254.66 0.0
254.73 0.0
254.8 0.0
254.87 0.0
254.94 0.0
255.01 0.0
255.08 0.0
255.15 0.0
255.22 0.0
255.29 0.0
255.36 0.0
255.43 0.0
255.5 0.0
255.57 0.0
255.64 0.0
255.71 0.0
255.78 0.0
255.85 0.0
255.92 0.0
255.99 0.0
256.06 0.0
256.13 0.0
256.2 0.0
256.27 0.0
256.34 0.0
256.41 0.0
256.48 0.0
256.55 0.0
256.62 0.0
256.69 0.0
256.76 0.0
256.83 0.0
256.9 0.0
256.97 0.0
257.04 0.0
257.11 0.0
257.18 0.0
257.25 0.0
257.32 0.0
257.39 0.0
257.46 0.0
257.53 0.0
257.6 0.0
257.67 0.0
257.74 0.0
257.81 0.0
257.88 0.0
257.95 0.0
258.02 0.0
258.09 0.0
258.16 0.0
258.23 0.0
258.3 0.0
258.37 0.0
258.44 0.0
258.51 0.0
258.58 0.0
258.65 0.0
258.72 0.0
258.79 0.0
258.86 0.0
258.93 0.0
259.0 0.0
259.07 0.0
259.14 0.0
259.21 0.0
259.28 0.0
259.35 0.0
259.42 0.0
259.49 0.0
259.56 0.0
259.63 0.0
259.7 0.0
259.77 0.0
259.84 0.0
259.91 0.0
259.98 0.0
260.05 0.0
260.12 0.0
260.19 0.0
260.26 0.0
260.33 0.0
260.4 0.0
260.47 0.0
260.54 0.0
260.61 0.0
260.68 0.0
260.75 0.0
260.82 0.0
260.89 0.0
260.96 0.0
261.03 0.0
261.1 0.0
261.17 0.0
261.24 0.0
261.31 0.0
261.38 0.0
261.45 0.0
261.52 0.0
261.59 0.0
261.66 0.0
261.73 0.0
261.8 0.0
