0.0 0.0
0.07 0.0
0.14 0.0
0.21 0.0
0.28 0.0
0.35 0.0
0.42 0.0
0.49 0.0
0.56 0.0
0.63 0.0
0.7 0.0
0.77 0.0
0.84 0.0
0.91 0.0
0.98 0.0
1.05 0.0
1.12 0.0
1.19 0.0
1.26 0.0
1.33 0.0
1.4 0.0
1.47 0.0
1.54 0.0
1.61 0.0
1.68 0.0
1.75 0.0
1.82 0.0
1.89 0.0
1.96 0.0
2.03 0.0
2.1 0.0
2.17 0.0
2.24 0.0
2.31 0.0
2.38 0.0
2.45 0.0
2.52 0.0
2.59 0.0
2.66 0.0
2.73 0.0
2.8 0.0
2.87 0.0
2.94 0.0
3.01 0.0
3.08 0.0
3.15 0.0
3.22 0.0
3.29 0.0
3.36 0.0
3.43 0.0
3.5 0.0
3.57 0.0
3.64 0.0
3.71 0.0
3.78 0.0
3.85 0.0
3.92 0.0
3.99 5.08156788011e-05
4.06 5.3298458926e-05
4.13 5.23997913019e-05
4.2 5.50500175391e-05
4.27 5.40694338313e-05
4.34 5.48476366264e-05
4.41 5.42549496679e-05
4.48 5.2745525361e-05
4.55 5.41441220253e-05
4.62 5.27840741063e-05
4.69 5.38068205042e-05
4.76 5.52138497065e-05
4.83 5.44043260558e-05
4.9 5.29370644391e-05
4.97 6.17069039875e-05
5.04 0.00163474386846
5.11 0.0912295027136
5.18 0.192263152383
5.25 0.206937096073
5.32 0.24860235561
5.39 0.193786904777
5.46 0.180536956556
5.53 0.286749793984
5.6 0.157434032165
5.67 0.339095405024
5.74 0.298644571907
5.81 0.32924330102
5.88 0.26917705211
5.95 0.21385239524
6.02 0.250703650124
6.09 0.268197788697
6.16 0.232120026433
6.23 0.233488927313
6.3 0.201308549205
6.37 0.216761775055
6.44 0.267242643547
6.51 0.202514905685
6.58 0.200322907179
6.65 0.235996593062
6.72 0.25301258384
6.79 0.216835407977
6.86 0.216652970016
6.93 0.250434900319
7.0 0.221109064026
7.07 0.226574730399
7.14 0.161036712367
7.21 0.163487909023
7.28 0.22238634297
7.35 0.182450397011
7.42 0.185617754665
7.49 0.176297988354
7.56 0.227536454133
7.63 0.22145010357
7.7 0.238046003374
7.77 0.195874057924
7.84 0.185763826703
7.91 0.241907044495
7.98 0.195355394194
8.05 0.254688927828
8.12 0.177551205654
8.19 0.211271980781
8.26 0.170278625874
8.33 0.194559681836
8.4 0.170719484985
8.47 0.194919966842
8.54 0.232947883626
8.61 0.191607446659
8.68 0.201040445091
8.75 0.204902961906
8.82 0.200906382192
8.89 0.20447857636
8.96 0.244091351323
9.03 0.203423340598
9.1 0.202591023797
9.17 0.119114183323
9.24 0.123007480107
9.31 0.115085687657
9.38 0.133199410575
9.45 0.0910218454414
9.52 0.122055056258
9.59 0.113590436037
9.66 0.0800960203468
9.73 0.0832599302983
9.8 0.0870632193761
9.87 0.0737718083654
9.94 0.0728313490828
10.01 0.0628430644079
10.08 0.14514555952
10.15 0.0856949449139
10.22 0.0618637118507
10.29 0.0557590434061
10.36 0.054117616149
10.43 0.0521902415273
10.5 0.0519503466622
10.57 0.0544377935946
10.64 0.0480141764456
10.71 0.0525560895989
10.78 0.0457318606379
10.85 0.0453628575925
10.92 0.0587105810921
10.99 0.12958944225
11.06 0.184253290506
11.13 0.198589700178
11.2 0.202494832631
11.27 0.209709390526
11.34 0.147047657007
11.41 0.210596748912
11.48 0.224368259247
11.55 0.189591391853
11.62 0.291764301503
11.69 0.234788959654
11.76 0.260605451894
11.83 0.202629313543
11.9 0.273671078085
11.97 0.171987106264
12.04 0.269751880158
12.11 0.170926179743
12.18 0.253683865667
12.25 0.22435622963
12.32 0.237229381936
12.39 0.261551963329
12.46 0.246656037894
12.53 0.193732873892
12.6 0.203510775175
12.67 0.227708657401
12.74 0.210279047019
12.81 0.183544756135
12.88 0.248021497093
12.95 0.22906485165
13.02 0.214066426306
13.09 0.224112796713
13.16 0.209829095222
13.23 0.203055836135
13.3 0.18909541165
13.37 0.223783273605
13.44 0.171984645167
13.51 0.25138002159
13.58 0.225766025909
13.65 0.248465576229
13.72 0.214219370863
13.79 0.198381656213
13.86 0.215186411914
13.93 0.201298928883
14.0 0.230425362154
14.07 0.193051416401
14.14 0.217437299653
14.21 0.207082151388
14.28 0.267120865652
14.35 0.192668768304
14.42 0.211363814734
14.49 0.239811227517
14.56 0.231660531413
14.63 0.220692364136
14.7 0.190292982631
14.77 0.266536690738
14.84 0.24754050392
14.91 0.222434486739
14.98 0.195392557594
15.05 0.26296687575
15.12 0.255029283133
15.19 0.22139638228
15.26 0.270206674641
15.33 0.236178961153
15.4 0.195887031986
15.47 0.131804916943
15.54 0.168010334581
15.61 0.195092143608
15.68 0.150911301373
15.75 0.117195790559
15.82 0.17499938834
15.89 0.151331446557
15.96 0.0953772585604
16.03 0.11442336239
16.1 0.123653092083
16.17 0.181499703036
16.24 0.0990560062794
16.31 0.103287074397
16.38 0.108873362204
16.45 0.0825573456857
16.52 0.0634241120546
16.59 0.0612653762964
16.66 0.0491621376007
16.73 0.0437953981496
16.8 0.0447597805425
16.87 0.043842478214
16.94 0.0496386699618
17.01 0.046083520362
17.08 0.0448610962822
17.15 0.0414301880838
17.22 0.0462195528608
17.29 0.0468330452999
17.36 0.116847779715
17.43 0.201677271567
17.5 0.240274254566
17.57 0.236585180602
17.64 0.238187979607
17.71 0.17584330229
17.78 0.288441210531
17.85 0.246143102266
17.92 0.252767959526
17.99 0.274809891141
18.06 0.274921815013
18.13 0.290804977428
18.2 0.262472689268
18.27 0.222446689826
18.34 0.229380434567
18.41 0.229996032732
18.48 0.22691242584
18.55 0.196983738971
18.62 0.189355575927
18.69 0.208582003559
18.76 0.205551992674
18.83 0.166089510837
18.9 0.197381257246
18.97 0.173477618797
19.04 0.212332095368
19.11 0.205909250399
19.18 0.16662104262
19.25 0.187795535913
19.32 0.176973782794
19.39 0.151892330801
19.46 0.174292724788
19.53 0.148444726177
19.6 0.16283151424
19.67 0.174002721373
19.74 0.175284158763
19.81 0.229021067504
19.88 0.169909787865
19.95 0.300094061348
20.02 0.175407736403
20.09 0.281698319423
20.16 0.228302393608
20.23 0.24592162286
20.3 0.238153302602
20.37 0.257056945929
20.44 0.287331099426
20.51 0.179030777571
20.58 0.241902510199
20.65 0.206912429695
20.72 0.184926929829
20.79 0.181303315249
20.86 0.184742295795
20.93 0.273440987852
21.0 0.182265365443
21.07 0.25679380858
21.14 0.245798228326
21.21 0.193348377865
21.28 0.198038084498
21.35 0.24455469399
21.42 0.206127383293
21.49 0.201061464999
21.56 0.195880224519
21.63 0.263755922789
21.7 0.213544473886
21.77 0.149454564768
21.84 0.138088273278
21.91 0.14074641285
21.98 0.144547055315
22.05 0.159534764108
22.12 0.145697135446
22.19 0.213182462619
22.26 0.18955799057
22.33 0.160094490684
22.4 0.150541921273
22.47 0.176141479244
22.54 0.211655039662
22.61 0.26270312403
22.68 0.206118483351
22.75 0.123083618697
22.82 0.134275619264
22.89 0.107703316232
22.96 0.127056783663
23.03 0.0841977417639
23.1 0.106083790685
23.17 0.0776835989099
23.24 0.0666655989467
23.31 0.0643637172415
23.38 0.159665973195
23.45 0.227060110902
23.52 0.201001206082
23.59 0.227183719863
23.66 0.211162604739
23.73 0.201456535428
23.8 0.257526215466
23.87 0.158094204725
23.94 0.252353908658
24.01 0.235147697891
24.08 0.235034770547
24.15 0.239702575469
24.22 0.235396996241
24.29 0.182985648748
24.36 0.210587305674
24.43 0.226699372948
24.5 0.182961252211
24.57 0.255152609001
24.64 0.247648972861
24.71 0.251877795514
24.78 0.244086591757
24.85 0.259406078759
24.92 0.202018517107
24.99 0.146988701519
25.06 0.198116761282
25.13 0.194761561615
25.2 0.189161735971
25.27 0.252376646394
25.34 0.246790604336
25.41 0.191661605236
25.48 0.232164044282
25.55 0.249750587811
25.62 0.221149061963
25.69 0.190273420347
25.76 0.210315344276
25.83 0.270879200869
25.9 0.313887219213
25.97 0.175927626465
26.04 0.120149717062
26.11 0.283311827751
26.18 0.255421385309
26.25 0.202280684714
26.32 0.25585238317
26.39 0.326784253671
26.46 0.274446424659
26.53 0.208537061745
26.6 0.228166255101
26.67 0.238951053225
26.74 0.25024156511
26.81 0.236830602394
26.88 0.234417654525
26.95 0.287825471423
27.02 0.246252964986
27.09 0.223244258547
27.16 0.254667297164
27.23 0.215734559412
27.3 0.21150244084
27.37 0.201319588602
27.44 0.187742790388
27.51 0.195996694734
27.58 0.189818982441
27.65 0.229689396738
27.72 0.2278662519
27.79 0.255959129464
27.86 0.140321716504
27.93 0.177380225103
28.0 0.136591595354
28.07 0.117141500674
28.14 0.153884428766
28.21 0.144340255752
28.28 0.102977421964
28.35 0.0917244902865
28.42 0.148121410622
28.49 0.146823512918
28.56 0.0931049220592
28.63 0.124140521693
28.7 0.110623239128
28.77 0.130655084969
28.84 0.103384010036
28.91 0.0830427334164
28.98 0.188919832957
29.05 0.147911163356
29.12 0.063576518133
29.19 0.048934893952
29.26 0.0486696388311
29.33 0.0340705580091
29.4 0.0336477746454
29.47 0.0290205699839
29.54 0.0210572280096
29.61 0.0168612500917
29.68 0.0160519023197
29.75 0.0127478664745
29.82 0.011067613403
29.89 0.0116521244135
29.96 0.00906422065562
30.03 0.00764997801938
30.1 0.00805649260796
30.17 0.00621085819132
30.24 0.00594392379077
30.31 0.00637943064973
30.38 0.00425016058865
30.45 0.00426256244279
30.52 0.331057667586
30.59 0.241116141093
30.66 0.267281332032
30.73 0.21496028377
30.8 0.278251665267
30.87 0.227906465469
30.94 0.232839536354
31.01 0.214046135211
31.08 0.317414040304
31.15 0.225149418249
31.22 0.154785840578
31.29 0.0725859634309
31.36 0.24017465786
31.43 0.717543238833
31.5 0.403433309062
31.57 0.33737131962
31.64 0.304427790798
31.71 0.269835854985
31.78 0.147069896019
31.85 0.289055575136
31.92 0.320002939101
31.99 0.576729445186
32.06 0.313208263776
32.13 0.203531890251
32.2 0.124705305383
32.27 0.273977828521
32.34 0.405271539711
32.41 0.344345947716
32.48 0.382787668415
32.55 0.518402062714
32.62 0.442045105622
32.69 0.169604791397
32.76 0.17638950428
32.83 0.236224908848
32.9 0.445721146496
32.97 0.382025981348
33.04 0.367042646633
33.11 0.371479109694
33.18 0.728551651
33.25 0.404794908568
33.32 0.306046788708
33.39 0.322359246816
33.46 0.561795221572
33.53 0.494668567586
33.6 0.459649133416
33.67 0.487978362975
33.74 0.528765692908
33.81 0.54979784014
33.88 0.295827676556
33.95 0.333944021753
34.02 0.31937005062
34.09 0.299639871598
34.16 0.171944150915
34.23 0.169076616968
34.3 0.127262378577
34.37 0.675530020251
34.44 0.259687812264
34.51 0.154439088592
34.58 0.201830695573
34.65 0.343321861749
34.72 0.317398418424
34.79 0.275928225176
34.86 0.350036309906
34.93 0.519080703738
35.0 0.507715804821
35.07 0.126631111553
35.14 0.444388558535
35.21 0.357327005187
35.28 0.428242505723
35.35 0.38373234999
35.42 0.377267290531
35.49 0.2892277254
35.56 0.764098538014
35.63 0.385079474442
35.7 0.242476645574
35.77 0.268366991186
35.84 0.427539069424
35.91 0.532730746977
35.98 0.497219805464
36.05 0.459100361911
36.12 0.593313682789
36.19 0.676085854609
36.26 0.427068189273
36.33 0.412035183295
36.4 0.386379805536
36.47 0.280875871101
36.54 0.160257702458
36.61 0.364951585607
36.68 0.383377023317
36.75 0.779241990965
36.82 0.266972218076
36.89 0.18924168125
36.96 0.2772419628
37.03 0.470569552049
37.1 0.423162146106
37.17 0.443383774648
37.24 0.409239453614
37.31 0.534589295223
37.38 0.56894416348
37.45 0.139793446908
37.52 0.1722334725
37.59 0.229033209154
37.66 0.439591783966
37.73 0.377696951232
37.8 0.359633226036
37.87 0.366240303891
37.94 0.839345033448
38.01 0.34771355767
38.08 0.375734543028
38.15 0.367522492982
38.22 0.413913044463
38.29 0.382049820133
38.36 0.324699330328
38.43 0.219163760623
38.5 0.667795508447
38.57 0.431573011305
38.64 0.310352878708
38.71 0.264263869968
38.78 0.256972504903
38.85 0.110567160341
38.92 0.0712085818277
38.99 0.222416343531
39.06 0.128759448011
39.13 0.762882091399
39.2 0.199955393078
39.27 0.309211864759
39.34 0.175250776754
39.41 0.431162002174
39.48 0.263566307534
39.55 0.331238387718
39.62 0.288670021427
39.69 0.53456491796
39.76 0.499018230918
39.83 0.119428127918
39.9 0.216587132373
39.97 0.272687405659
40.04 0.39484456911
40.11 0.344929123976
40.18 0.291087970995
40.25 0.328209805546
40.32 0.791001990428
40.39 0.226879257054
40.46 0.26983439977
40.53 0.245049630967
40.6 0.46413225371
40.67 0.343882461695
40.74 0.405839579565
40.81 0.313645786012
40.88 0.70224920364
40.95 0.414607919327
41.02 0.42725178731
41.09 0.385175151223
41.16 0.380336610294
41.23 0.32121026171
41.3 0.17196144846
41.37 0.405567344712
41.44 0.240267314588
41.51 0.752626056776
41.58 0.174136893895
41.65 0.160184076764
41.72 0.152765315323
41.79 0.546712793694
41.86 0.394847424126
41.93 0.408263981229
42.0 0.377671562064
42.07 0.706788397902
42.14 0.226047476321
42.21 0.168340694919
42.28 0.20979579272
42.35 0.349906647588
42.42 0.431838888025
42.49 0.375584163168
42.56 0.355503815778
42.63 0.369989754828
42.7 0.805250363198
42.77 0.374263793955
42.84 0.443205530068
42.91 0.424668422666
42.98 0.520692285834
43.05 0.534822395872
43.12 0.574226997973
43.19 0.509317649744
43.26 0.703847715302
43.33 0.382279921208
43.4 0.251301749567
43.47 0.266649389199
43.54 0.254362963252
43.61 0.12096365093
43.68 0.0671560666793
43.75 0.213311868348
43.82 0.129802505984
43.89 0.709786807248
43.96 0.155285900925
44.03 0.118979526533
44.1 0.248160136451
44.17 0.349496694933
44.24 0.281580283165
44.31 0.314235809493
44.38 0.272818862903
44.45 0.575939111582
44.52 0.378671150303
44.59 0.109488568857
44.66 0.213158821397
44.73 0.375870297253
44.8 0.387870460218
44.87 0.380929263522
44.94 0.295507661738
45.01 0.324865517582
45.08 0.779351688648
45.15 0.39530519409
45.22 0.361501097055
45.29 0.328161249787
45.36 0.46383476461
45.43 0.43262488128
45.5 0.446728719144
45.57 0.388296208221
45.64 0.751076023775
45.71 0.386634646473
45.78 0.329046227788
45.85 0.300465207463
45.92 0.396932318558
45.99 0.305742131951
46.06 0.13839813532
46.13 0.422727611398
46.2 0.442428792125
46.27 0.724031897352
46.34 0.166093512679
46.41 0.149354191064
46.48 0.221224872889
46.55 0.457896248486
46.62 0.38256750328
46.69 0.419094357221
46.76 0.396317768438
46.83 0.721665685019
46.9 0.268916481867
46.97 0.277686111806
47.04 0.244593184912
47.11 0.354340836272
47.18 0.369154154156
47.25 0.355277617764
47.32 0.351646627122
47.39 0.606860586451
47.46 0.57997101038
47.53 0.284855850762
47.6 0.342872970043
47.67 0.354895215415
47.74 0.415532409791
47.81 0.384060850351
47.88 0.339839439176
47.95 0.21065080389
48.02 0.741594856277
48.09 0.340400871534
48.16 0.276286706823
48.23 0.233996291442
48.3 0.194740535684
48.37 0.0565513887722
48.44 0.141048607306
48.51 0.241621988571
48.58 0.689207780038
48.65 0.26689125005
48.72 0.25836088374
48.79 0.170268023764
48.86 0.368732844077
48.93 0.430768036407
49.0 0.254980776765
49.07 0.311408432497
49.14 0.251486410104
49.21 0.718796027277
49.28 0.103521295369
49.35 0.159040699295
49.42 0.165195069119
49.49 0.51434104034
49.56 0.383401564412
49.63 0.260292911918
49.7 0.318253877724
49.77 0.808215011072
49.84 0.484295907348
49.91 0.458896936569
49.98 0.323442776152
50.05 0.477183691553
50.12 0.587754408016
50.19 0.360749476029
50.26 0.375766156613
50.33 0.273971240299
50.4 0.800977102274
50.47 0.4096210621
50.54 0.334105003722
50.61 0.307440996839
50.68 0.3522894407
50.75 0.199746328777
50.82 0.343881276321
50.89 0.377100056437
50.96 0.540231247418
51.03 0.565705944798
51.1 0.212116099521
51.17 0.164817296234
51.24 0.291308521618
51.31 0.4729656758
51.38 0.354804690915
51.45 0.466673879699
51.52 0.39154693838
51.59 0.728937063764
51.66 0.310264700862
51.73 0.316668317236
51.8 0.317469860091
51.87 0.362005341145
51.94 0.378464333876
52.01 0.282401608755
52.08 0.26894013634
52.15 0.255932389886
52.22 0.73578338477
52.29 0.284979610304
52.36 0.416938266871
52.43 0.377336436138
52.5 0.44502047366
52.57 0.460103146082
52.64 0.414126072057
52.71 0.425578485059
52.78 0.740058481579
52.85 0.38984999852
52.92 0.314733173837
52.99 0.310875599693
53.06 0.300145315519
53.13 0.161929042337
53.2 0.333656634834
53.27 0.386908054653
53.34 0.433694202995
53.41 0.746637288748
53.48 0.228848128195
53.55 0.206903592395
53.62 0.163267060852
53.69 0.410246669687
53.76 0.355799252157
53.83 0.424848546497
53.9 0.381099164708
53.97 0.769673533447
54.04 0.274599104192
54.11 0.245142214212
54.18 0.223903916722
54.25 0.310833368338
54.32 0.337598181395
54.39 0.33769257884
54.46 0.32438790947
54.53 0.298121007668
54.6 0.809831881574
54.67 0.313281403997
54.74 0.416488422288
54.81 0.490510884232
54.88 0.545256465465
54.95 0.420858942901
55.02 0.484221225178
55.09 0.362499799878
55.16 0.793968344084
55.23 0.3944275789
55.3 0.370410079504
55.37 0.347794171528
55.44 0.348160905017
55.51 0.275187648365
55.58 0.212837770581
55.65 0.385876396267
55.72 0.334121383325
55.79 0.770422805409
55.86 0.148715045639
55.93 0.127481640226
56.0 0.164446265766
56.07 0.473918005686
56.14 0.39499011833
56.21 0.444223484375
56.28 0.419655255921
56.35 0.74236340743
56.42 0.422519902326
56.49 0.378546140336
56.56 0.375468551867
56.63 0.467294460289
56.7 0.402480298549
56.77 0.322742205712
56.84 0.32425616311
56.91 0.320761707305
56.98 0.785437640472
57.05 0.260542759587
57.12 0.450494049754
57.19 0.345683338609
57.26 0.397503616987
57.33 0.506038924764
57.4 0.564359126327
57.47 0.446596635482
57.54 0.824461932698
57.61 0.398444890611
57.68 0.308949453813
57.75 0.320622390935
57.82 0.34745991054
57.89 0.293097667667
57.96 0.239774358052
58.03 0.332807656542
58.1 0.506540136755
58.17 0.648095417926
58.24 0.164229356795
58.31 0.167992592521
58.38 0.165470666146
58.45 0.422078318016
58.52 0.337879693245
58.59 0.39998384928
58.66 0.350199528908
58.73 0.736966208447
58.8 0.297569937694
58.87 0.276153385987
58.94 0.290746568851
59.01 0.35354880532
59.08 0.417280231585
59.15 0.363430390682
59.22 0.342881922989
59.29 0.502243809225
59.36 0.585226599343
59.43 0.290205056557
59.5 0.342938659514
59.57 0.498627011749
59.64 0.515986286332
59.71 0.453488500626
59.78 0.53848813098
59.85 0.490007807446
59.92 0.832300562254
59.99 0.445774800326
60.06 0.388928811201
60.13 0.359003763574
60.2 0.2788656227
60.27 0.290173411651
60.34 0.279732947785
60.41 0.352275510147
60.48 0.668928657247
60.55 0.470115032227
60.62 0.175874930331
60.69 0.182464434777
60.76 0.296017747168
60.83 0.385338811126
60.9 0.306084719469
60.97 0.426399272171
61.04 0.454277784981
61.11 0.697918990559
61.18 0.308570635293
61.25 0.358752389616
61.32 0.249124482704
61.39 0.436192562836
61.46 0.334272810024
61.53 0.322836615203
61.6 0.295878380202
61.67 0.712052542277
61.74 0.339367096581
61.81 0.324270928484
61.88 0.487327338514
61.95 0.448019986464
62.02 0.471519775006
62.09 0.529292780744
62.16 0.520689515142
62.23 0.560330929414
62.3 0.757592257899
62.37 0.383841442939
62.44 0.422314663987
62.51 0.31732453614
62.58 0.26151014035
62.65 0.217124499473
62.72 0.260770607969
62.79 0.276395585345
62.86 0.69967432454
62.93 0.324089852981
63.0 0.272982908293
63.07 0.327075131661
63.14 0.328710658551
63.21 0.344531151548
63.28 0.265944925335
63.35 0.465225662367
63.42 0.38993062563
63.49 0.701429877766
63.56 0.243138361289
63.63 0.368439736283
63.7 0.271871278126
63.77 0.388496212363
63.84 0.375461357708
63.91 0.383723109133
63.98 0.32306982427
64.05 0.64735104286
64.12 0.382739621018
64.19 0.319401962958
64.26 0.470058518561
64.33 0.435535379008
64.4 0.508202262279
64.47 0.396829186209
64.54 0.456599320523
64.61 0.476944931467
64.68 0.746200600129
64.75 0.3416524216
64.82 0.272311433723
64.89 0.362845171338
64.96 0.276694586278
65.03 0.142552826327
65.1 0.291536810902
65.17 0.277905583064
65.24 0.762255489977
65.31 0.219899730859
65.38 0.112461782985
65.45 0.286713353373
65.52 0.346971330491
65.59 0.428124329726
65.66 0.343227083635
65.73 0.402324127945
65.8 0.585628755514
65.87 0.504414639652
65.94 0.139289302804
66.01 0.221849697454
66.08 0.303887789132
66.15 0.417436675645
66.22 0.340625808281
66.29 0.33211928437
66.36 0.322545003582
66.43 0.746563263111
66.5 0.369110819343
66.57 0.506565357271
66.64 0.438546074563
66.71 0.35442739748
66.78 0.484248663452
66.85 0.519552943937
66.92 0.616754501388
66.99 0.844014395981
67.06 0.568705592523
67.13 0.512702860814
67.2 0.497679478772
67.27 0.411238350614
67.34 0.356468407779
67.41 0.26771288644
67.48 0.395538123679
67.55 0.331524932588
67.62 0.743354199327
67.69 0.277994553568
67.76 0.162767478751
67.83 0.219664307648
67.9 0.381135828178
67.97 0.548559231611
68.04 0.604797649143
68.11 0.517192135656
68.18 0.741518335813
68.25 0.435282528151
68.32 0.335558473321
68.39 0.484114123512
68.46 0.513539903451
68.53 0.522805040167
68.6 0.480903093743
68.67 0.43848595418
68.74 0.290162395142
68.81 0.753471852387
68.88 0.4502991738
68.95 0.553118620597
69.02 0.543448711214
69.09 0.418437074612
69.16 0.202277208099
69.23 0.339361851542
69.3 0.482367849691
69.37 0.68285509258
69.44 0.665285744201
69.51 0.347901157548
69.58 0.331181359667
69.65 0.303936555704
69.72 0.189894491
69.79 0.214877905101
69.86 0.398683242322
69.93 0.309241117234
70.0 0.730421035058
70.07 0.210078986259
70.14 0.12829141083
70.21 0.0945198766426
70.28 0.492612644945
70.35 0.465110690734
70.42 0.412675038258
70.49 0.366455110751
70.56 0.627505505514
70.63 0.430912323156
70.7 0.152672451396
70.77 0.214939756563
70.84 0.245838564769
70.91 0.451347805681
70.98 0.377946012265
71.05 0.387348354808
71.12 0.402693874259
71.19 0.78292986269
71.26 0.383907501033
71.33 0.524655884687
71.4 0.440984889844
71.47 0.41881336578
71.54 0.446114454525
71.61 0.471587322045
71.68 0.382861500104
71.75 0.746332424792
71.82 0.404403930329
71.89 0.283724631809
71.96 0.432634228146
72.03 0.310260900197
72.1 0.368040343575
72.17 0.142361470356
72.24 0.474769068019
72.31 0.376557060015
72.38 0.752669343403
72.45 0.196041683529
72.52 0.130568824924
72.59 0.119635685205
72.66 0.383318900241
72.73 0.413694099636
72.8 0.361391807748
72.87 0.298966903264
72.94 0.688909772939
73.01 0.226827270457
73.08 0.367706469278
73.15 0.393288392403
73.22 0.449708655209
73.29 0.448649417605
73.36 0.384002948931
73.43 0.306465394352
73.5 0.608843825432
73.57 0.691189006052
73.64 0.45705978649
73.71 0.571819693882
73.78 0.58132041764
73.85 0.572894954513
73.92 0.591209189934
73.99 0.486132125029
74.06 0.368237404761
74.13 0.783004122029
74.2 0.439840081253
74.27 0.428849138895
74.34 0.407844150459
74.41 0.327195433863
74.48 0.252390434799
74.55 0.226797501188
74.62 0.450926000491
74.69 0.639244439292
74.76 0.47759749065
74.83 0.184665989759
74.9 0.172523219325
74.97 0.34361011481
75.04 0.508821179249
75.11 0.449874449748
75.18 0.448453265929
75.25 0.404751076236
75.32 0.752734249853
75.39 0.281431887361
75.46 0.356884324648
75.53 0.348292582712
75.6 0.309747966978
75.67 0.293341280077
75.74 0.398650085582
75.81 0.412167074213
75.88 0.846609667368
75.95 0.390131442909
76.02 0.378185074718
76.09 0.38797425151
76.16 0.480278499265
76.23 0.509078584882
76.3 0.497811738312
76.37 0.339539225161
76.44 0.717734547823
76.51 0.443710524654
76.58 0.304934786305
76.65 0.277062747274
76.72 0.262473631303
76.79 0.2868298525
76.86 0.204862760383
76.93 0.237012038086
77.0 0.182108088971
77.07 0.793256969152
77.14 0.215697645374
77.21 0.133700703277
77.28 0.0905134176076
77.35 0.356219120272
77.42 0.371450047554
77.49 0.375222938537
77.56 0.339713702806
77.63 0.732610094223
77.7 0.255630819438
77.77 0.22246737966
77.84 0.30569216314
77.91 0.366716670011
77.98 0.442694870021
78.05 0.369702413685
78.12 0.295712779611
78.19 0.633518132806
78.26 0.540937100241
78.33 0.427866463918
78.4 0.447620411855
78.47 0.44328556931
78.54 0.540004756674
78.61 0.430673077596
78.68 0.478660019353
78.75 0.311805888131
78.82 0.786172075985
78.89 0.445864624926
78.96 0.439848810135
79.03 0.422819427281
79.1 0.431966715664
79.17 0.301867493965
79.24 0.385289760257
79.31 0.351301050871
79.38 0.595259867994
79.45 0.508765128169
79.52 0.169044796184
79.59 0.148465200379
79.66 0.406736930509
79.73 0.527587244514
79.8 0.477684018127
79.87 0.467935471713
79.94 0.367388530069
80.01 0.73317224937
80.08 0.130808986016
80.15 0.275412499582
80.22 0.374760669212
80.29 0.472540520483
80.36 0.400966950703
80.43 0.387229606602
80.5 0.377747592236
80.57 0.838810202133
80.64 0.416950216982
80.71 0.498986896812
80.78 0.481850707432
80.85 0.355786643103
80.92 0.479017683044
80.99 0.507261206695
81.06 0.428481604316
81.13 0.56217885748
81.2 0.642668050936
81.27 0.323076339008
81.34 0.423293943061
81.41 0.431385113879
81.48 0.365111228008
81.55 0.304544728416
81.62 0.37294182015
81.69 0.213805245306
81.76 0.822304037785
81.83 0.37623809806
81.9 0.265066254873
81.97 0.184886634344
82.04 0.220905731441
82.11 0.490358737153
82.18 0.336659382118
82.25 0.287199271149
82.32 0.508264822074
82.39 0.552687917875
82.46 0.176683419188
82.53 0.382630687083
82.6 0.385907617137
82.67 0.538934080935
82.74 0.394800650043
82.81 0.346105400389
82.88 0.343944937165
82.95 0.858758650173
83.02 0.510221475672
83.09 0.501377026232
83.16 0.531691099363
83.23 0.545098274665
83.3 0.508199394011
83.37 0.493349816215
83.44 0.373054701718
83.51 0.77367522087
83.58 0.452895337832
83.65 0.422826610599
83.72 0.347380197758
83.79 0.305018251566
83.86 0.302298446048
83.93 0.116227359343
84.0 0.462144620171
84.07 0.463295680887
84.14 0.70446436151
84.21 0.17472798108
84.28 0.202211904115
84.35 0.247814575861
84.42 0.517803813895
84.49 0.438016675007
84.56 0.384407814356
84.63 0.40686735296
84.7 0.711241128533
84.77 0.270980555158
84.84 0.286013602093
84.91 0.415852365582
84.98 0.387990576904
85.05 0.374051818018
85.12 0.326950528865
85.19 0.307512420436
85.26 0.669339786843
85.33 0.56705834561
85.4 0.344420541947
85.47 0.390857598875
85.54 0.320314590046
85.61 0.462254054036
85.68 0.456167649264
85.75 0.427481924523
85.82 0.230663537986
85.89 0.729903574771
85.96 0.343806038808
86.03 0.309540422943
86.1 0.259907897892
86.17 0.264813622057
86.24 0.240172870162
86.31 0.236442471943
86.38 0.199088219779
86.45 0.672343095494
86.52 0.490422408839
86.59 0.161728419006
86.66 0.108545543674
86.73 0.195033509762
86.8 0.43300460931
86.87 0.374901008328
86.94 0.376541670633
87.01 0.560362612868
87.08 0.650235416585
87.15 0.204205701839
87.22 0.397247014854
87.29 0.382842597968
87.36 0.496688559182
87.43 0.339238764194
87.5 0.459785271924
87.57 0.351418183643
87.64 0.856683172476
87.71 0.442180675536
87.78 0.576581889021
87.85 0.476257700097
87.92 0.686665942031
87.99 0.471923323751
88.06 0.464513240597
88.13 0.276114868563
88.2 0.71485295804
88.27 0.508816059494
88.34 0.441268916999
88.41 0.346084392527
88.48 0.326017011971
88.55 0.41252814224
88.62 0.15313148624
88.69 0.423682772208
88.76 0.345018467921
88.83 0.77222694451
88.9 0.331381283098
88.97 0.333672981911
89.04 0.120961935511
89.11 0.496214209643
89.18 0.374137121573
89.25 0.356682682185
89.32 0.425882771989
89.39 0.768765416562
89.46 0.325372030025
89.53 0.346723516268
89.6 0.450769668464
89.67 0.441449023964
89.74 0.429928773604
89.81 0.328245823325
89.88 0.319118302015
89.95 0.345208127748
90.02 0.776415881259
90.09 0.288266797938
90.16 0.329658685434
90.23 0.388895703852
90.3 0.454523533232
90.37 0.52105587278
90.44 0.569747307313
90.51 0.520115142452
90.58 0.865683427513
90.65 0.482432176705
90.72 0.405393122453
90.79 0.369341843178
90.86 0.339714666524
90.93 0.423565278042
91.0 0.326858887656
91.07 0.396396884919
91.14 0.349559600462
91.21 0.764333254096
91.28 0.191682854028
91.35 0.238970327597
91.42 0.192006152717
91.49 0.470763324545
91.56 0.422839842456
91.63 0.415386387144
91.7 0.419327519307
91.77 0.780279964117
91.84 0.261631579739
91.91 0.280307280722
91.98 0.378911671586
92.05 0.443836305596
92.12 0.44635070292
92.19 0.377887989176
92.26 0.407255178635
92.33 0.657677855388
92.4 0.731011012762
92.47 0.458145501058
92.54 0.545068430709
92.61 0.538666965837
92.68 0.466219422518
92.75 0.400297958913
92.82 0.439571821739
92.89 0.419647717232
92.96 0.733121725216
93.03 0.401628936259
93.1 0.296239779508
93.17 0.343039225962
93.24 0.271172297821
93.31 0.148325714154
93.38 0.208194899469
93.45 0.265074171821
93.52 0.845060953457
93.59 0.349741175894
93.66 0.324314874054
93.73 0.366148872291
93.8 0.269778925717
93.87 0.38307692013
93.94 0.367744048282
94.01 0.327263919322
94.08 0.4701272835
94.15 0.753965036601
94.22 0.265604186953
94.29 0.260011300083
94.36 0.422872104141
94.43 0.487055044633
94.5 0.39435286059
94.57 0.393296165998
94.64 0.328699004783
94.71 0.822003205786
94.78 0.616320607553
94.85 0.596896791071
94.92 0.607235586236
94.99 0.61262254089
95.06 0.691120000184
95.13 0.663541518282
95.2 0.568613562212
95.27 0.775922764505
95.34 0.588371475851
95.41 0.323808238737
95.48 0.310260020804
95.55 0.332659155934
95.62 0.453221213264
95.69 0.19166472889
95.76 0.399607929144
95.83 0.181354152611
95.9 0.814477505307
95.97 0.22867437334
96.04 0.299257727045
96.11 0.126792727167
96.18 0.265321774026
96.25 0.36981359429
96.32 0.397920867401
96.39 0.496024947351
96.46 0.724862519213
96.53 0.52562894898
96.6 0.225969253689
96.67 0.381242401003
96.74 0.394502818823
96.81 0.498218796197
96.88 0.454479205789
96.95 0.419101494763
97.02 0.398438625236
97.09 0.872658562765
97.16 0.391360516648
97.23 0.513156960215
97.3 0.400998790762
97.37 0.563015972396
97.44 0.538782019386
97.51 0.61431257691
97.58 0.514516350396
97.65 0.803042591027
97.72 0.543862686189
97.79 0.431524584444
97.86 0.469597577963
97.93 0.324643792427
98.0 0.380700293613
98.07 0.211590657235
98.14 0.224038014556
98.21 0.209970514908
98.28 0.764914808899
98.35 0.301263972399
98.42 0.288077242916
98.49 0.183867200729
98.56 0.347064916003
98.63 0.520219509566
98.7 0.30216395309
98.77 0.437124160726
98.84 0.68808575737
98.91 0.488874862232
98.98 0.337340208374
99.05 0.363938349907
99.12 0.360167451413
99.19 0.362490410849
99.26 0.310686662656
99.33 0.382053259404
99.4 0.310160131367
99.47 0.827775351549
99.54 0.433661575096
99.61 0.52938292578
99.68 0.494705998417
99.75 0.454113213159
99.82 0.540137373995
99.89 0.56384296706
99.96 0.611823789204
100.03 0.765844299859
100.1 0.465232410807
100.17 0.410631311476
100.24 0.443731247014
100.31 0.395739173455
100.38 0.327099949825
100.45 0.244495657791
100.52 0.252743606356
100.59 0.284816127484
100.66 0.804788203496
100.73 0.146719462627
100.8 0.135213747552
100.87 0.168856898758
100.94 0.559100016177
101.01 0.389889963932
101.08 0.405208171597
101.15 0.406748391533
101.22 0.762600008546
101.29 0.257459269546
101.36 0.306290487853
101.43 0.331028756027
101.5 0.370794779117
101.57 0.434044842382
101.64 0.401200652471
101.71 0.410873015723
101.78 0.745746327259
101.85 0.622556504359
101.92 0.403627964566
101.99 0.428084959411
102.06 0.444572679389
102.13 0.512410602298
102.2 0.432217129518
102.27 0.522645148404
102.34 0.477259137471
102.41 0.76549186916
102.48 0.464275793577
102.55 0.459482670297
102.62 0.411986270961
102.69 0.378797111942
102.76 0.207742367315
102.83 0.206451891449
102.9 0.38050145798
102.97 0.70086032126
103.04 0.314216920608
103.11 0.177038197747
103.18 0.298142599784
103.25 0.411987544274
103.32 0.54702031149
103.39 0.316203955436
103.46 0.407636014941
103.53 0.417242075556
103.6 0.704551338321
103.67 0.120519179079
103.74 0.335346628691
103.81 0.361941404438
103.88 0.386456778948
103.95 0.291602855744
104.02 0.414607106189
104.09 0.36982135102
104.16 0.855877707286
104.23 0.355737345281
104.3 0.538554657682
104.37 0.521014447335
104.44 0.405434469597
104.51 0.460644174108
104.58 0.564533238963
104.65 0.545748655844
104.72 0.701104345659
104.79 0.440630538935
104.86 0.559393778095
104.93 0.550465677878
105.0 0.526290324984
105.07 0.445544101746
105.14 0.321773058935
105.21 0.374316538275
105.28 0.35811292255
105.35 0.819168970727
105.42 0.276515287631
105.49 0.31136163432
105.56 0.339028977104
105.63 0.589296374692
105.7 0.632228065315
105.77 0.577091703405
105.84 0.586692817734
105.91 0.724648996508
105.98 0.619626416641
106.05 0.415284376322
106.12 0.588865009414
106.19 0.529324316027
106.26 0.649225788807
106.33 0.508911526666
106.4 0.490453557429
106.47 0.326531326921
106.54 0.808392538886
106.61 0.527246361574
106.68 0.603183680639
106.75 0.538562121682
106.82 0.55719641288
106.89 0.246178381596
106.96 0.404282595744
107.03 0.49698488941
107.1 0.75687248416
107.17 0.435880398711
107.24 0.387058976605
107.31 0.349570856696
107.38 0.262116196495
107.45 0.197251502169
107.52 0.298464468555
107.59 0.398517400801
107.66 0.360903895075
107.73 0.778833801915
107.8 0.151868181216
107.87 0.137896055983
107.94 0.102637581044
108.01 0.555445683065
108.08 0.526963357165
108.15 0.410934433511
108.22 0.361332092128
108.29 0.765478845707
108.36 0.25702084262
108.43 0.200495175498
108.5 0.366565426418
108.57 0.407889160937
108.64 0.420670731062
108.71 0.385767618936
108.78 0.378000917725
108.85 0.445147658017
108.92 0.699635550525
108.99 0.430683088223
109.06 0.470449583536
109.13 0.393741811177
109.2 0.499926624873
109.27 0.393676837267
109.34 0.395644577244
109.41 0.294411182432
109.48 0.909088673811
109.55 0.586349666441
109.62 0.390809139488
109.69 0.447086163589
109.76 0.344753456139
109.83 0.361762563557
109.9 0.236928723406
109.97 0.372277784282
110.04 0.51223500433
110.11 0.627173759831
110.18 0.184662678181
110.25 0.15469928419
110.32 0.131137382777
110.39 0.480015861845
110.46 0.38929812625
110.53 0.3450398432
110.6 0.249692730963
110.67 0.753542444777
110.74 0.237980242828
110.81 0.522013018851
110.88 0.444133828426
110.95 0.46355544763
111.02 0.433679335226
111.09 0.344434996522
111.16 0.250469097874
111.23 0.742188290118
111.3 0.61638465027
111.37 0.438955567042
111.44 0.588378554364
111.51 0.573368799303
111.58 0.570985502648
111.65 0.473298110542
111.72 0.491132912809
111.79 0.33937335232
111.86 0.811693048725
111.93 0.423223595215
112.0 0.418794940684
112.07 0.405038884782
112.14 0.305757917662
112.21 0.202748284608
112.28 0.350265550862
112.35 0.466215107468
112.42 0.80005560777
112.49 0.278513706386
112.56 0.183728085535
112.63 0.160779121219
112.7 0.35470866599
112.77 0.540532354076
112.84 0.470078267565
112.91 0.49475847892
112.98 0.622836474259
113.05 0.571567885045
113.12 0.142996692241
113.19 0.390741615338
113.26 0.368029958302
113.33 0.40578950354
113.4 0.377371505859
113.47 0.349340538784
113.54 0.340197444987
113.61 0.811495530978
113.68 0.362189549939
113.75 0.348321283457
113.82 0.36087622069
113.89 0.458193394261
113.96 0.475461328796
114.03 0.448942926547
114.1 0.366592190089
114.17 0.923204426851
114.24 0.697312730828
114.31 0.391107942859
114.38 0.260006236946
114.45 0.258847888109
114.52 0.229284613229
114.59 0.268245539751
114.66 0.234186824639
114.73 0.340969422159
114.8 0.74156650247
114.87 0.218427581984
114.94 0.142636422895
115.01 0.0958552401134
115.08 0.428143354737
115.15 0.38235862329
115.22 0.330953054724
115.29 0.266515932239
115.36 0.754532058528
115.43 0.173164954743
115.5 0.375965676486
115.57 0.35534995328
115.64 0.424518959544
115.71 0.405996342856
115.78 0.412593541391
115.85 0.31937177929
115.92 0.839937884238
115.99 0.466284192842
116.06 0.402508828235
116.13 0.30323464449
116.2 0.515998038881
116.27 0.470115879094
116.34 0.499722936917
116.41 0.477824724662
116.48 0.619164968886
116.55 0.66924334511
116.62 0.402466036718
116.69 0.449566962068
116.76 0.417188643381
116.83 0.322390803782
116.9 0.167106442398
116.97 0.456550668392
117.04 0.286260679072
117.11 0.774591582368
117.18 0.222469876896
117.25 0.199018387523
117.32 0.211661303833
117.39 0.574145876957
117.46 0.532778390817
117.53 0.45945651136
117.6 0.411678495369
117.67 0.720848629907
117.74 0.320558933677
117.81 0.247284777567
117.88 0.412758683012
117.95 0.462713178025
118.02 0.428062716785
118.09 0.390437166985
118.16 0.40353090003
118.23 0.531865990202
118.3 0.741027192273
118.37 0.373077600877
118.44 0.339539964815
118.51 0.360111034119
118.58 0.447452052619
118.65 0.443772282154
118.72 0.479334274252
118.79 0.547893353836
118.86 0.906928433447
118.93 0.578701352041
119.0 0.345926755866
119.07 0.333235259704
119.14 0.37577688762
119.21 0.31191838903
119.28 0.294894366861
119.35 0.288949545607
119.42 0.632974717167
119.49 0.508911090584
119.56 0.152887472683
119.63 0.131790575605
119.7 0.170960168895
119.77 0.457575494013
119.84 0.345298259533
119.91 0.30598906919
119.98 0.390277741421
120.05 0.679480870312
120.12 0.199179043032
120.19 0.505637227564
120.26 0.423138403692
120.33 0.332897182389
120.4 0.465892046094
120.47 0.322977937312
120.54 0.244181832456
120.61 0.803993389806
120.68 0.520263155178
120.75 0.552770020679
120.82 0.488108119256
120.89 0.526975522908
120.96 0.471886692806
121.03 0.517848288305
121.1 0.462167866269
121.17 0.778143895021
121.24 0.539607875658
121.31 0.404092763652
121.38 0.324449110422
121.45 0.394065567633
121.52 0.254300785331
121.59 0.193796474503
121.66 0.534323663047
121.73 0.495015200312
121.8 0.732021441631
121.87 0.193608848122
121.94 0.155013184213
122.01 0.282686709252
122.08 0.538767943071
122.15 0.46993270148
122.22 0.475741219189
122.29 0.403720382773
122.36 0.754920149226
122.43 0.268927203236
122.5 0.424228045414
122.57 0.326864162811
122.64 0.303237352539
122.71 0.362504579922
122.78 0.430024774435
122.85 0.380447827038
122.92 0.807424417264
122.99 0.518875466604
123.06 0.362787281964
123.13 0.408229648753
123.2 0.461245120135
123.27 0.499838827696
123.34 0.446992092604
123.41 0.430667945794
123.48 0.686188298984
123.55 0.892611012647
123.62 0.571450031894
123.69 0.314022531332
123.76 0.244127869031
123.83 0.322685501712
123.9 0.242606604236
123.97 0.336168977027
124.04 0.22438100804
124.11 0.721978467129
124.18 0.355225656464
124.25 0.160448023637
124.32 0.103338982692
124.39 0.567912289462
124.46 0.602382443764
124.53 0.559535718189
124.6 0.581416994294
124.67 0.538703734112
124.74 0.78785170264
124.81 0.500516630284
124.88 0.588673853414
124.95 0.413557257614
125.02 0.682708666376
125.09 0.618699267517
125.16 0.657347257734
125.23 0.622935858948
125.3 0.855179531686
125.37 0.515079463239
125.44 0.740230957098
125.51 0.64290693751
125.58 0.595122208015
125.65 0.532958529103
125.72 0.531767287344
125.79 0.581326713132
125.86 0.78644438914
125.93 0.576116486406
126.0 0.482403660271
126.07 0.436270513218
126.14 0.46460873909
126.21 0.404395989287
126.28 0.436230421318
126.35 0.421376750127
126.42 0.662767828099
126.49 0.631464443583
126.56 0.376858067893
126.63 0.342505349933
126.7 0.415115638827
126.77 0.574199393457
126.84 0.46204190704
126.91 0.506350439584
126.98 0.534555613257
127.05 0.78299379458
127.12 0.378904638849
127.19 0.448958417119
127.26 0.478323617704
127.33 0.440228885102
127.4 0.528488015454
127.47 0.418786668365
127.54 0.507886192684
127.61 0.77347872105
127.68 0.574938262076
127.75 0.368381704761
127.82 0.223039933332
127.89 0.260518248609
127.96 0.392413334681
128.03 0.341926112873
128.1 0.402015575356
128.17 0.726090116052
128.24 0.846508457637
128.31 0.334165771001
128.38 0.364512785239
128.45 0.274559288157
128.52 0.385271667644
128.59 0.254922860889
128.66 0.315886253543
128.73 0.248754718321
128.8 0.802646661683
128.87 0.390084268882
128.94 0.246182170215
129.01 0.211245327937
129.08 0.359075125734
129.15 0.478329508434
129.22 0.359998560927
129.29 0.358172652626
129.36 0.713568684908
129.43 0.545700403657
129.5 0.348081665661
129.57 0.360037333737
129.64 0.326940888065
129.71 0.519729247828
129.78 0.5053597031
129.85 0.527969982959
129.92 0.460654626841
129.99 0.832969556454
130.06 0.503767459224
130.13 0.677471709708
130.2 0.740186230916
130.27 0.740737763475
130.34 0.514414672057
130.41 0.649930211713
130.48 0.565870837056
130.55 0.864313838779
130.62 0.633922592264
130.69 0.555785935975
130.76 0.542052334716
130.83 0.439391420839
130.9 0.439195698018
130.97 0.555595649731
131.04 0.54317315635
131.11 0.805535081822
131.18 0.578943167115
131.25 0.44647248202
131.32 0.506402577967
131.39 0.566729674189
131.46 0.587160406786
131.53 0.579791429845
131.6 0.559185494406
131.67 0.555400735228
131.74 0.775986233809
131.81 0.421284160859
131.88 0.619467032035
131.95 0.467676774698
132.02 0.566866418635
132.09 0.438629309736
132.16 0.509311531336
132.23 0.499251619478
132.3 0.918751927513
132.37 0.582035288461
132.44 0.398300272584
132.51 0.360569507598
132.58 0.417476113421
132.65 0.505906730275
132.72 0.436708194467
132.79 0.397866251057
132.86 0.873275713721
132.93 0.702243276771
133.0 0.41281287291
133.07 0.287588632751
133.14 0.280381173848
133.21 0.28901161511
133.28 0.328319210499
133.35 0.307322869027
133.42 0.354393575775
133.49 0.815222865776
133.56 0.329899787357
133.63 0.245597855562
133.7 0.30378487121
133.77 0.426515068988
133.84 0.436871162902
133.91 0.39864932304
133.98 0.341449515461
134.05 0.762247142969
134.12 0.395884539569
134.19 0.411726288585
134.26 0.402440242789
134.33 0.400944186464
134.4 0.496403950181
134.47 0.440928411113
134.54 0.423505232348
134.61 0.702783839802
134.68 0.745581760256
134.75 0.622948148769
134.82 0.724986125764
134.89 0.615712546873
134.96 0.669079443073
135.03 0.678689151363
135.1 0.664845884947
135.17 0.543696590488
135.24 0.868077115464
135.31 0.540659313164
135.38 0.523648178323
135.45 0.524519902783
135.52 0.474356962658
135.59 0.523649325148
135.66 0.496024719672
135.73 0.464068465174
135.8 0.826478599465
135.87 0.567053437873
135.94 0.486545771136
136.01 0.433736772856
136.08 0.530894847323
136.15 0.668346321831
136.22 0.52268050724
136.29 0.600246246975
136.36 0.724100449068
136.43 0.684724664563
136.5 0.502984991974
136.57 0.612121471048
136.64 0.550321657356
136.71 0.573388535056
136.78 0.556865322526
136.85 0.510717813656
136.92 0.496031381377
136.99 0.877727485452
137.06 0.404678015522
137.13 0.310703372332
137.2 0.290135562806
137.27 0.290095193838
137.34 0.48113159143
137.41 0.444191720209
137.48 0.480441438788
137.55 0.916604880457
137.62 0.651049934707
137.69 0.333177920854
137.76 0.441024536023
137.83 0.389997392057
137.9 0.442050018178
137.97 0.312423728145
138.04 0.341818413702
138.11 0.380139882796
138.18 0.801399838657
138.25 0.33157037433
138.32 0.231064284719
138.39 0.239725171057
138.46 0.467521502761
138.53 0.41926248396
138.6 0.365641109423
138.67 0.344810358906
138.74 0.798938657876
138.81 0.409352355661
138.88 0.420021362992
138.95 0.435967010514
139.02 0.565968266601
139.09 0.604482244514
139.16 0.512745522229
139.23 0.468737029025
139.3 0.853718548696
139.37 0.604397234894
139.44 0.620318020884
139.51 0.677492830807
139.58 0.731597822242
139.65 0.606661120787
139.72 0.537551965064
139.79 0.777386242321
139.86 0.831734229386
139.93 0.833688403818
140.0 0.659418299916
140.07 0.600094415514
140.14 0.628038169667
140.21 0.783617960203
140.28 0.492693188934
140.35 0.641801858221
140.42 0.61146462934
140.49 0.847089781148
140.56 0.60359851212
140.63 0.501719005402
140.7 0.59041798537
140.77 0.684453995753
140.84 0.630706306614
140.91 0.672732482393
140.98 0.566525522444
141.05 0.931819571489
141.12 0.575897071766
141.19 0.569060291575
141.26 0.636500198689
141.33 0.57111212323
141.4 0.688060568174
141.47 0.521674770476
141.54 0.645389887491
141.61 0.867320722826
141.68 0.604667207417
141.75 0.428926262888
141.82 0.396200328481
141.89 0.390928286432
141.96 0.611347467656
142.03 0.551618866002
142.1 0.604787537326
142.17 0.686487578191
142.24 0.884138806756
142.31 0.531274922291
142.38 0.415091478401
142.45 0.239365301655
142.52 0.326692437788
142.59 0.382889521428
142.66 0.323989121496
142.73 0.249115570716
142.8 0.775158718737
142.87 0.441522065404
142.94 0.385732337197
143.01 0.379794094527
143.08 0.462395986902
143.15 0.583606506407
143.22 0.494606495673
143.29 0.695458016977
143.36 0.737375269662
143.43 0.799264907953
143.5 0.450439140681
143.57 0.622435079426
143.64 0.754372099305
143.71 0.721907148336
143.78 0.671983822393
143.85 0.668091921796
143.92 0.64525701358
143.99 0.886555319178
144.06 0.741870215988
144.13 0.725807620005
144.2 0.475048587381
144.27 0.675550463132
144.34 0.578501722545
144.41 0.459498800538
144.48 0.784684799137
144.55 0.638923630611
144.62 0.720276697834
144.69 0.363546830781
144.76 0.333937104662
144.83 0.30282111403
144.9 0.19491456279
144.97 0.227963916351
145.04 0.494827183626
145.11 0.466038722865
145.18 0.806520104658
145.25 0.37105029827
145.32 0.20118284536
145.39 0.161537547303
145.46 0.642180527364
145.53 0.553141659495
145.6 0.498926006659
145.67 0.444004343191
145.74 0.783911019811
145.81 0.353277065577
145.88 0.303634309448
145.95 0.39729601031
146.02 0.475651177753
146.09 0.50156877251
146.16 0.479166119807
146.23 0.456903382184
146.3 0.712962864873
146.37 0.698226622797
146.44 0.430714123577
146.51 0.486948986193
146.58 0.434406106767
146.65 0.319265884682
146.72 0.478295686729
146.79 0.503175178232
146.86 0.537420219908
146.93 0.931267145081
147.0 0.602634639293
147.07 0.46310083264
147.14 0.44656465207
147.21 0.421988425956
147.28 0.396127654459
147.35 0.424948158864
147.42 0.352535315439
147.49 0.783562724669
147.56 0.421542681996
147.63 0.149622100025
147.7 0.121101765062
147.77 0.15586772557
147.84 0.571605768825
147.91 0.374933737417
147.98 0.30254061288
148.05 0.64760056166
148.12 0.488822023949
148.19 0.226799060003
148.26 0.698197624503
148.33 0.514522542288
148.4 0.508442811268
148.47 0.521027799657
148.54 0.467108889038
148.61 0.342986603311
148.68 0.950943272739
148.75 0.624495743562
148.82 0.593814450265
148.89 0.609039088078
148.96 0.665440692087
149.03 0.593665956884
149.1 0.476494042454
149.17 0.397781590784
149.24 0.897730643799
149.31 0.490055929531
149.38 0.540368567686
149.45 0.469106971696
149.52 0.369053222699
149.59 0.246819539988
149.66 0.283403836378
149.73 0.550170678786
149.8 0.745435517159
149.87 0.548637872256
149.94 0.211193558177
150.01 0.245709214455
150.08 0.427097511617
150.15 0.617580527516
150.22 0.528962815531
150.29 0.517933500306
150.36 0.634759846919
150.43 0.688978831812
150.5 0.354844091347
150.57 0.461489277046
150.64 0.366402891657
150.71 0.41090595924
150.78 0.446515191621
150.85 0.470413522389
150.92 0.444824190677
150.99 0.844512673448
151.06 0.496850891562
151.13 0.468671474474
151.2 0.488115313416
151.27 0.587667638404
151.34 0.600809176712
151.41 0.555616134775
151.48 0.426744007576
151.55 0.905327229397
151.62 0.720529160795
151.69 0.412858227918
151.76 0.26327746299
151.83 0.267676883116
151.9 0.292841917221
151.97 0.346234148379
152.04 0.271232335083
152.11 0.658100949551
152.18 0.519992158703
152.25 0.221860232104
152.32 0.164209647544
152.39 0.15645241005
152.46 0.429345940668
152.53 0.433352122634
152.6 0.338486550481
152.67 0.43401636811
152.74 0.646497944671
152.81 0.167669387794
152.88 0.427309070745
152.95 0.404546129422
153.02 0.489186283089
153.09 0.4276088547
153.16 0.295773492681
153.23 0.378247659811
153.3 0.905179931027
153.37 0.498010514917
153.44 0.576871509358
153.51 0.504772930965
153.58 0.67760733865
153.65 0.493678605691
153.72 0.578212768378
153.79 0.401258231046
153.86 0.807507872889
153.93 0.53366659607
154.0 0.496295878774
154.07 0.485573839212
154.14 0.457621242941
154.21 0.372870847091
154.28 0.305581054814
154.35 0.506608419834
154.42 0.419115298827
154.49 0.820555697992
154.56 0.212615788836
154.63 0.213192380489
154.7 0.432227152192
154.77 0.652559538507
154.84 0.512221161717
154.91 0.45732137948
154.98 0.407073605613
155.05 0.773897804939
155.12 0.22558848123
155.19 0.332699294815
155.26 0.430108715533
155.33 0.502286736867
155.4 0.427523781233
155.47 0.433224556404
155.54 0.429556297557
155.61 0.796937182928
155.68 0.583715983639
155.75 0.469012357415
155.82 0.550926630522
155.89 0.436339340798
155.96 0.52228208066
156.03 0.470552689383
156.1 0.505601937392
156.17 0.582489556512
156.24 0.86269576122
156.31 0.504673369193
156.38 0.465568681149
156.45 0.32615763177
156.52 0.461894607465
156.59 0.219743513273
156.66 0.470503351807
156.73 0.222732462516
156.8 0.798056030143
156.87 0.366890491122
156.94 0.184502482846
157.01 0.127596104702
157.08 0.267775812448
157.15 0.591655747032
157.22 0.378509270871
157.29 0.332104463582
157.36 0.57381267124
157.43 0.588343760508
157.5 0.394105062027
157.57 0.610614325935
157.64 0.493417515039
157.71 0.397990462342
157.78 0.520269785562
157.85 0.493458709192
157.92 0.477207639961
157.99 0.855939119051
158.06 0.653324428734
158.13 0.691420926145
158.2 0.728895725054
158.27 0.587993445171
158.34 0.606413065635
158.41 0.642337511106
158.48 0.516749144317
158.55 0.794444027168
158.62 0.422056124781
158.69 0.3390121048
158.76 0.343375149366
158.83 0.390977673398
158.9 0.424958445356
158.97 0.309239630698
159.04 0.40659527953
159.11 0.546092385369
159.18 0.78396625173
159.25 0.232223374415
159.32 0.488652984087
159.39 0.453081778838
159.46 0.490164100924
159.53 0.49933756511
159.6 0.52309619643
159.67 0.450714224527
159.74 0.809915686546
159.81 0.377032043199
159.88 0.375797875003
159.95 0.515581860604
160.02 0.454299934849
160.09 0.469952277015
160.16 0.477719782931
160.23 0.458197647874
160.3 0.523662061895
160.37 0.788154660843
160.44 0.300197429808
160.51 0.373305708258
160.58 0.516254383218
160.65 0.5409738384
160.72 0.559943491635
160.79 0.595071305602
160.86 0.551061630638
160.93 1.0
161.0 0.675609919753
161.07 0.373642670069
161.14 0.278769744743
161.21 0.667728217998
161.28 0.625391487505
161.35 0.547682769269
161.42 0.492581685484
161.49 0.82467798396
161.56 0.557912994301
161.63 0.378782347773
161.7 0.252081529247
161.77 0.438647881799
161.84 0.738628670068
161.91 0.503658728874
161.98 0.451423762369
162.05 0.3598715657
162.12 0.876409583358
162.19 0.424277460087
162.26 0.476030366099
162.33 0.378480441228
162.4 0.706570822761
162.47 0.616386780088
162.54 0.642246619188
162.61 0.569241760998
162.68 0.905724262198
162.75 0.671191210799
162.82 0.720540816972
162.89 0.716103610643
162.96 0.867497896473
163.03 0.772161514039
163.1 0.677100397352
163.17 0.799193585547
163.24 0.838823966444
163.31 0.714844766431
163.38 0.539913408194
163.45 0.625980101547
163.52 0.522644783395
163.59 0.499583721737
163.66 0.540039186727
163.73 0.657254367305
163.8 0.585784435826
163.87 0.805655934547
163.94 0.355768750462
164.01 0.370771776358
164.08 0.422217047722
164.15 0.670583121208
164.22 0.561244349161
164.29 0.560690832546
164.36 0.506490379962
164.43 0.792869628951
164.5 0.31113251383
164.57 0.437276087354
164.64 0.571768668594
164.71 0.557894322253
164.78 0.516323774574
164.85 0.538668009062
164.92 0.493410702753
164.99 0.696892573597
165.06 0.574526043478
165.13 0.380302775337
165.2 0.483226132686
165.27 0.392048941824
165.34 0.548730531393
165.41 0.572478656975
165.48 0.544908059496
165.55 0.549779115087
165.62 0.798200885486
165.69 0.478724298181
165.76 0.412222480807
165.83 0.442304851886
165.9 0.455812928529
165.97 0.243164323869
166.04 0.407172377135
166.11 0.301040845034
166.18 0.803811649337
166.25 0.29403913524
166.32 0.175272329117
166.39 0.118056782808
166.46 0.529694427349
166.53 0.575907856982
166.6 0.33697849586
166.67 0.360884789353
166.74 0.766485034215
166.81 0.452411526986
166.88 0.37940746025
166.95 0.585288318293
167.02 0.473175725503
167.09 0.568156988464
167.16 0.688098632651
167.23 0.637809276734
167.3 0.614971821891
167.37 0.872379866178
167.44 0.695656918866
167.51 0.717065233187
167.58 0.792764660717
167.65 0.768088800552
167.72 0.70943040121
167.79 0.655716415722
167.86 0.81671962682
167.93 0.910572807732
168.0 0.7061273074
168.07 0.531407249292
168.14 0.618702623667
168.21 0.415401875307
168.28 0.392382211388
168.35 0.401685923351
168.42 0.486586938786
168.49 0.568469963318
168.56 0.748930492167
168.63 0.381748081034
168.7 0.373205102057
168.77 0.565425872504
168.84 0.652845652113
168.91 0.617438104358
168.98 0.531382229951
169.05 0.67592817458
169.12 0.887250536162
169.19 0.534840064448
169.26 0.649663068908
169.33 0.582386203712
169.4 0.430394853232
169.47 0.430536629494
169.54 0.624447843132
169.61 0.579052062502
169.68 0.905281608161
169.75 0.715026823723
169.82 0.635989619353
169.89 0.578404625483
169.96 0.620919517436
170.03 0.759554363735
170.1 0.637173459753
170.17 0.676311576787
170.24 0.617707256516
170.31 0.81903743518
170.38 0.538387300713
170.45 0.510406924049
170.52 0.50250939201
170.59 0.407844270923
170.66 0.389479034307
170.73 0.336190276414
170.8 0.301742120194
170.87 0.829354414164
170.94 0.31826202476
171.01 0.228308608389
171.08 0.146478454667
171.15 0.447840757687
171.22 0.477360945912
171.29 0.462495417367
171.36 0.412239455506
171.43 0.785697615619
171.5 0.299700828007
171.57 0.34745526903
171.64 0.415668367602
171.71 0.480320107817
171.78 0.627659290914
171.85 0.56990845191
171.92 0.519440121397
171.99 0.602390625735
172.06 0.848844499554
172.13 0.609342446225
172.2 0.782663531818
172.27 0.767190148589
172.34 0.675497454994
172.41 0.518805170558
172.48 0.621873213394
172.55 0.629797499466
172.62 0.938448871492
172.69 0.658937670546
172.76 0.600036653834
172.83 0.474517908488
172.9 0.472729402107
172.97 0.443230574706
173.04 0.540733974856
173.11 0.396279926821
173.18 0.79092813826
173.25 0.538279828016
173.32 0.456315848711
173.39 0.436201306174
173.46 0.567043263413
173.53 0.560370646668
173.6 0.507200490012
173.67 0.485528050531
173.74 0.574039346295
173.81 0.751999173467
173.88 0.499070131985
173.95 0.470868060282
174.02 0.454184017567
174.09 0.523545832609
174.16 0.474246130197
174.23 0.520538214931
174.3 0.453255034969
174.37 0.871872182817
174.44 0.417003080563
174.51 0.540416069377
174.58 0.510870591971
174.65 0.456787037252
174.72 0.637949700176
174.79 0.582010726887
174.86 0.629375271445
174.93 0.897393653077
175.0 0.658303514775
175.07 0.454454739382
175.14 0.52371369553
175.21 0.410818829438
175.28 0.465343410714
175.35 0.3232825242
175.42 0.478642997673
175.49 0.497076801665
175.56 0.754329965526
175.63 0.38571525167
175.7 0.1824557071
175.77 0.193262285265
175.84 0.566472392635
175.91 0.425447407278
175.98 0.370616967006
176.05 0.315743656915
176.12 0.714005692758
176.19 0.280410743145
176.26 0.418623365038
176.33 0.478234008737
176.4 0.480272821758
176.47 0.575546461291
176.54 0.470802616559
176.61 0.507980699752
176.68 0.857609554239
176.75 0.678431913176
176.82 0.65539985463
176.89 0.760691696279
176.96 0.748203900119
177.03 0.499941098722
177.1 0.522645320668
177.17 0.505645572163
177.24 0.742927346662
177.31 0.76381508668
177.38 0.532614800784
177.45 0.539460105066
177.52 0.592381892156
177.59 0.400479746363
177.66 0.356322894699
177.73 0.484483336166
177.8 0.470537143397
177.87 0.818175944207
177.94 0.304674335321
178.01 0.287523856403
178.08 0.377078971478
178.15 0.452368122303
178.22 0.435766023379
178.29 0.432066568961
178.36 0.456505254357
178.43 0.817032996798
178.5 0.403266711023
178.57 0.401339309899
178.64 0.443134473889
178.71 0.501464001838
178.78 0.413205029296
178.85 0.483410789608
178.92 0.368028503087
178.99 0.809654928377
179.06 0.52192330026
179.13 0.516888141455
179.2 0.573501173285
179.27 0.445802607223
179.34 0.630526135802
179.41 0.586727651344
179.48 0.625515467497
179.55 0.816455308916
179.62 0.76558114685
179.69 0.528398593207
179.76 0.472662373067
179.83 0.425658095446
179.9 0.367365859793
179.97 0.480979875615
180.04 0.359190629822
180.11 0.486538063796
180.18 0.748091595577
180.25 0.292066246597
180.32 0.279518938402
180.39 0.232962865837
180.46 0.462996663088
180.53 0.378465578277
180.6 0.331863254446
180.67 0.286356541369
180.74 0.782625305919
180.81 0.210931200235
180.88 0.328869748018
180.95 0.272441948933
181.02 0.456657774877
181.09 0.422956369289
181.16 0.40956312454
181.23 0.362449932257
181.3 0.575024989525
181.37 0.677001445132
181.44 0.497419720461
181.51 0.523177471641
181.58 0.527991064304
181.65 0.543848002731
181.72 0.5260838049
181.79 0.464756469928
181.86 0.620515326614
181.93 0.718319810534
182.0 0.479034649311
182.07 0.452119608179
182.14 0.367774334344
182.21 0.391352870745
182.28 0.36525017696
182.35 0.357062823408
182.42 0.309142450516
182.49 0.635052188556
182.56 0.270880907856
182.63 0.282161698229
182.7 0.333059491881
182.77 0.459081429659
182.84 0.412517923209
182.91 0.357980013704
182.98 0.420518281616
183.05 0.583941997341
183.12 0.339313328309
183.19 0.325292387113
183.26 0.386875982097
183.33 0.478606525741
183.4 0.415583794064
183.47 0.289454777509
183.54 0.410709457011
183.61 0.521691324753
183.68 0.427155843097
183.75 0.276209780392
183.82 0.292751508367
183.89 0.320938156959
183.96 0.399448426483
184.03 0.335907857464
184.1 0.449625416421
184.17 0.450817146063
184.24 0.605004093335
184.31 0.382275401367
184.38 0.274931511227
184.45 0.252835892052
184.52 0.356107440943
184.59 0.307627734189
184.66 0.241383532056
184.73 0.229328534705
184.8 0.531216213756
184.87 0.24435480188
184.94 0.198219728595
185.01 0.185040322168
185.08 0.276725013285
185.15 0.267215279961
185.22 0.196672372323
185.29 0.178901417619
185.36 0.305459757573
185.43 0.339022231073
185.5 0.15007068575
185.57 0.252755819081
185.64 0.19756104498
185.71 0.261382658445
185.78 0.227179337352
185.85 0.203603359624
185.92 0.26655781545
185.99 0.488123462861
186.06 0.307285722493
186.13 0.304281882592
186.2 0.269656388893
186.27 0.247472640058
186.34 0.270887523784
186.41 0.25153362027
186.48 0.248907673719
186.55 0.437862339082
186.62 0.2438065809
186.69 0.228332532704
186.76 0.20427992022
186.83 0.184926667216
186.9 0.163184770123
186.97 0.214868941313
187.04 0.189683941367
187.11 0.332476511978
187.18 0.207772149835
187.25 0.156661058748
187.32 0.147208001717
187.39 0.188203040723
187.46 0.211508153282
187.53 0.178231313938
187.6 0.141845076183
187.67 0.311188208334
187.74 0.135187200718
187.81 0.12649531396
187.88 0.16280493729
187.95 0.156673454579
188.02 0.187716285716
188.09 0.190885593697
188.16 0.197069708696
188.23 0.194051663583
188.3 0.301652625668
188.37 0.116278805053
188.44 0.192292691564
188.51 0.16657684287
188.58 0.19360370066
188.65 0.190801361074
188.72 0.170582573093
188.79 0.142418391192
188.86 0.326570865887
188.93 0.168459764765
189.0 0.10079597979
189.07 0.089563344027
189.14 0.0907917901436
189.21 0.0896951795312
189.28 0.100728429137
189.35 0.089286060493
189.42 0.225314800799
189.49 0.146622753462
189.56 0.0692172837492
189.63 0.0344659994706
189.7 0.133645597846
189.77 0.117742462362
189.84 0.108038285554
189.91 0.112882453395
189.98 0.192115874493
190.05 0.0839953704884
190.12 0.0876638268971
190.19 0.0934821974245
190.26 0.102262778822
190.33 0.122684466919
190.4 0.111662901197
190.47 0.0935060723489
190.54 0.0931498012312
190.61 0.190158840225
190.68 0.0906879904191
190.75 0.129674151913
190.82 0.11925157346
190.89 0.139864048935
190.96 0.105277031702
191.03 0.105077615429
191.1 0.0819324922085
191.17 0.185570248155
191.24 0.108512317065
191.31 0.0706327250104
191.38 0.0635255048919
191.45 0.0629525874165
191.52 0.0444234547865
191.59 0.0819882059873
191.66 0.0688624618233
191.73 0.111565230723
191.8 0.0559329139077
191.87 0.0402053053168
191.94 0.0452051751546
192.01 0.0696873784698
192.08 0.0728255089479
192.15 0.0611062796014
192.22 0.0633972122583
192.29 0.0782093086281
192.36 0.0296760287555
192.43 0.0279040091912
192.5 0.0390305720582
192.57 0.0359881918447
192.64 0.0417858472402
192.71 0.0414299604053
192.78 0.0374844276621
192.85 0.0434994112462
192.92 0.0699372562552
192.99 0.0357212815371
193.06 0.0417749246941
193.13 0.0339227609151
193.2 0.0383170865832
193.27 0.0398550598499
193.34 0.0369871753504
193.41 0.0481717588977
193.48 0.0552646665899
193.55 0.0313489310632
193.62 0.0251347516565
193.69 0.0233296560641
193.76 0.0218919480839
193.83 0.0188527698255
193.9 0.0249863148943
193.97 0.0188547755649
194.04 0.0421265326183
194.11 0.0155657351816
194.18 0.0096293067125
194.25 0.00815690847544
194.32 0.0150154132942
194.39 0.0198284337497
194.46 0.0122194137721
194.53 0.0135190955607
194.6 0.0277692319359
194.67 0.0219638318566
194.74 0.0144150479075
194.81 0.0169232930926
194.88 0.0185926428925
194.95 0.0218828481707
195.02 0.0172426923354
195.09 0.0162524027764
195.16 0.0166475900571
195.23 0.0319216630227
195.3 0.021862984725
195.37 0.0251176661298
195.44 0.018148602305
195.51 0.0148789989219
195.58 0.0195047604147
195.65 0.0143934208567
195.72 0.0143943990311
195.79 0.0260309762538
195.86 0.0186265441046
195.93 0.0158635760387
196.0 0.0147557272624
196.07 0.0114096540104
196.14 0.00929627687424
196.21 0.0119854493906
196.28 0.0106718912584
196.35 0.0197032334483
196.42 0.0116671825171
196.49 0.00857144602162
196.56 0.00742983697699
196.63 0.0113212171655
196.7 0.012189595113
196.77 0.00984736130405
196.84 0.0103382771657
196.91 0.01600871086
196.98 0.00846429014696
197.05 0.00760185713881
197.12 0.0100337770129
197.19 0.00862026439356
197.26 0.00857742589573
197.33 0.00672997607412
197.4 0.00669855282348
197.47 0.00996397005384
197.54 0.0103098209638
197.61 0.0049303556082
197.68 0.00611649086291
197.75 0.00532797627845
197.82 0.00714869134057
197.89 0.00702086731521
197.96 0.00641509787629
198.03 0.00653888994383
198.1 0.0113588937455
198.17 0.00587228938023
198.24 0.00493524407096
198.31 0.00375310102069
198.38 0.00404455121858
198.45 0.00424901255883
198.52 0.00483961908973
198.59 0.00345075718831
198.66 0.00439547490253
198.73 0.00254144770126
198.8 0.00326170691362
198.87 0.00347913508807
198.94 0.00412243534445
199.01 0.00310762878344
199.08 0.00332457991716
199.15 0.00275052284446
199.22 0.00305319915977
199.29 0.00257268543606
199.36 0.00318685970609
199.43 0.00270257422859
199.5 0.0029684148085
199.57 0.00269033741126
199.64 0.00198450868076
199.71 0.00182032716537
199.78 0.00212067730483
199.85 0.00218042665534
199.92 0.00159603490497
199.99 0.0
200.06 0.0
200.13 0.0
200.2 0.0
200.27 0.0
200.34 0.0
200.41 0.0
200.48 0.0
200.55 0.0
200.62 0.0
200.69 0.0
200.76 0.0
200.83 0.0
200.9 0.0
200.97 0.0
201.04 0.0
201.11 0.0
201.18 0.0
201.25 0.0
201.32 0.0
201.39 0.0
201.46 0.0
201.53 0.0
201.6 0.0
201.67 0.0
201.74 0.0
201.81 0.0
201.88 0.0
201.95 0.0
202.02 0.0
202.09 0.0
202.16 0.0
202.23 0.0
202.3 0.0
202.37 0.0
202.44 0.0
202.51 0.0
202.58 0.0
202.65 0.0
202.72 0.0
202.79 0.0
202.86 0.0
202.93 0.0
203.0 0.0
203.07 0.0
203.14 0.0
203.21 0.0
203.28 0.0
203.35 0.0
203.42 0.0
203.49 0.0
203.56 0.0
203.63 0.0
203.7 0.0
203.77 0.0
203.84 0.0
203.91 0.0
203.98 0.0
204.05 0.0
204.12 0.0
204.19 0.0
204.26 0.0
204.33 0.0
204.4 0.0
204.47 0.0
204.54 0.0
204.61 0.0
204.68 0.0
204.75 0.0
204.82 0.0
204.89 0.0
204.96 0.0
205.03 0.0
205.1 0.0
205.17 0.0
205.24 0.0
205.31 0.0
205.38 0.0
205.45 0.0
205.52 0.0
205.59 0.0
205.66 0.0
205.73 0.0
205.8 0.0
205.87 0.0
205.94 0.0
206.01 0.0
206.08 0.0
206.15 0.0
206.22 0.0
206.29 0.0
206.36 0.0
206.43 0.0
206.5 0.0
206.57 0.0
206.64 0.0
206.71 0.0
206.78 0.0
206.85 0.0
206.92 0.0
206.99 0.0
207.06 0.0
207.13 0.0
207.2 0.0
207.27 0.0
207.34 0.0
207.41 0.0
207.48 0.0
207.55 0.0
207.62 0.0
207.69 0.0
207.76 0.0
207.83 0.0
207.9 0.0
207.97 0.0
208.04 0.0
208.11 0.0
208.18 0.0
208.25 0.0
208.32 0.0
208.39 0.0
208.46 0.0
208.53 0.0
208.6 0.0
208.67 0.0
208.74 0.0
208.81 0.0
208.88 0.0
208.95 0.0
