0.0 0.0
0.07 0.0
0.14 0.0
0.21 0.0
0.28 0.0
0.35 0.0
0.42 0.0
0.49 0.0
0.56 0.0
0.63 0.0
0.7 0.0
0.77 0.0
0.84 0.0
0.91 0.0
0.98 0.0
1.05 0.0
1.12 0.0
1.19 0.0
1.26 0.0
1.33 0.0
1.4 0.0
1.47 0.0
1.54 0.0
1.61 0.0
1.68 0.0
1.75 0.0
1.82 0.0
1.89 0.0
1.96 0.0
2.03 0.0
2.1 0.0
2.17 0.0
2.24 0.0
2.31 0.0
2.38 0.0
2.45 0.0
2.52 0.0
2.59 0.0
2.66 0.0
2.73 0.0
2.8 0.0
2.87 0.0
2.94 0.0
3.01 0.0
3.08 0.0
3.15 0.0
3.22 0.0
3.29 0.0
3.36 0.0
3.43 0.0
3.5 0.0
3.57 0.0
3.64 0.0
3.71 0.0
3.78 0.0
3.85 0.0
3.92 0.0
3.99 5.59282110121e-05
4.06 6.18768474221e-05
4.13 6.13185165424e-05
4.2 6.20050567352e-05
4.27 0.000148047291789
4.34 0.149185743617
4.41 0.179847186961
4.48 0.0591438522307
4.55 0.0195173478519
4.62 0.0547539956784
4.69 0.24958485204
4.76 0.304427188071
4.83 0.169969879441
4.9 0.10506333842
4.97 0.0743689714757
5.04 0.150816010507
5.11 0.127338224586
5.18 0.209158747534
5.25 0.145291545648
5.32 0.312335732679
5.39 0.287063228678
5.46 0.150861495862
5.53 0.0804644020349
5.6 0.153045245113
5.67 0.126497186656
5.74 0.19203535017
5.81 0.143834118699
5.88 0.297910492038
5.95 0.393367219671
6.02 0.278547391019
6.09 0.176923442505
6.16 0.066057658
6.23 0.172155311957
6.3 0.0974887997516
6.37 0.213586185958
6.44 0.109485392053
6.51 0.267805175201
6.58 0.204150497485
6.65 0.0816302837632
6.72 0.0339571464534
6.79 0.124419944879
6.86 0.298649348524
6.93 0.203535302328
7.0 0.0878447546017
7.07 0.0379579084193
7.14 0.268647241562
7.21 0.371950887859
7.28 0.337774431793
7.35 0.188139970745
7.42 0.0762703279967
7.49 0.210298143699
7.56 0.173469694535
7.63 0.242077040116
7.7 0.195754922918
7.77 0.281577047396
7.84 0.373815091251
7.91 0.286149815902
7.98 0.140120790984
8.05 0.105816555727
8.12 0.228749759218
8.19 0.141071117014
8.26 0.272579596277
8.33 0.162190893791
8.4 0.411246217932
8.47 0.480178993215
8.54 0.293658080006
8.61 0.134675356828
8.68 0.098520269869
8.75 0.261981817212
8.82 0.133762432075
8.89 0.262370404475
8.96 0.15022637174
9.03 0.359436931
9.1 0.423334872792
9.17 0.332762127298
9.24 0.262184547844
9.31 0.152229293473
9.38 0.103412855817
9.45 0.0632258230784
9.52 0.0397259686125
9.59 0.0306362522818
9.66 0.139053835838
9.73 0.372975502225
9.8 0.365785944416
9.87 0.232224377735
9.94 0.0788748905427
10.01 0.139395443349
10.08 0.159091294408
10.15 0.17723533027
10.22 0.227227153687
10.29 0.19689489258
10.36 0.354568528362
10.43 0.367569666825
10.5 0.208088629891
10.57 0.071296257448
10.64 0.201822490699
10.71 0.221034971969
10.78 0.223249375653
10.85 0.420684419583
10.92 0.366869195932
10.99 0.184108796978
11.06 0.0560873587489
11.13 0.207394648043
11.2 0.188770268407
11.27 0.312600724786
11.34 0.411743907185
11.41 0.377774090067
11.48 0.356805094336
11.55 0.380457187021
11.62 0.444973314141
11.69 0.480621054791
11.76 0.407490924414
11.83 0.421035284358
11.9 0.498474742053
11.97 0.451939539598
12.04 0.422303114548
12.11 0.42692561586
12.18 0.531417007019
12.25 0.705840868349
12.32 0.593139589687
12.39 0.592224391631
12.46 0.538704562237
12.53 0.580102886237
12.6 0.596402704195
12.67 0.606177376713
12.74 0.584705698458
12.81 0.600778245419
12.88 0.530105723523
12.95 0.492970582516
13.02 0.496467847209
13.09 0.478776099339
13.16 0.413293902637
13.23 0.349078362941
13.3 0.401570900739
13.37 0.42763756769
13.44 0.461469074531
13.51 0.448788747477
13.58 0.429967271526
13.65 0.459290608055
13.72 0.50176895628
13.79 0.439889733539
13.86 0.472570905065
13.93 0.436707175837
14.0 0.533289516445
14.07 0.484176595442
14.14 0.51305686402
14.21 0.496763314532
14.28 0.658685091461
14.35 0.697430446317
14.42 0.570471877079
14.49 0.544332760837
14.56 0.376965622818
14.63 0.603595407957
14.7 0.709776943891
14.77 0.632249322304
14.84 0.631371204311
14.91 0.530758445407
14.98 0.609222266563
15.05 0.536652829978
15.12 0.542161105998
15.19 0.499619291406
15.26 0.674655673417
15.33 0.569345747131
15.4 0.593488528565
15.47 0.490247543536
15.54 0.421569527052
15.61 0.523893002121
15.68 0.453794121777
15.75 0.504736897105
15.82 0.419689198237
15.89 0.513328605727
15.96 0.35151136764
16.03 0.388529108895
16.1 0.381668563756
16.17 0.529038896585
16.24 0.526037557923
16.31 0.394697854502
16.38 0.271156406729
16.45 0.164415894733
16.52 0.505234141073
16.59 0.524108175949
16.66 0.319650038149
16.73 0.459987290569
16.8 0.661675897659
16.87 0.596788974041
16.94 0.639177138732
17.01 0.57678482232
17.08 0.260109699307
17.15 0.693991412088
17.22 0.641149225436
17.29 0.547796437447
17.36 0.450127706264
17.43 0.485191731968
17.5 0.51366652274
17.57 0.453989118492
17.64 0.434163638167
17.71 0.383895840758
17.78 0.591558928774
17.85 0.667625969186
17.92 0.645214960573
17.99 0.424483894306
18.06 0.365167665343
18.13 0.314088793761
18.2 0.337444918694
18.27 0.394067614741
18.34 0.358809185117
18.41 0.431532064814
18.48 0.323532300245
18.55 0.252368964147
18.62 0.207847255869
18.69 0.511492365752
18.76 0.519634953014
18.83 0.354690471962
18.9 0.167298477107
18.97 0.123291301753
19.04 0.505034694254
19.11 0.476790259774
19.18 0.484033888826
19.25 0.429395966691
19.32 0.497822874897
19.39 0.4897364957
19.46 0.521095332913
19.53 0.613571994979
19.6 0.44452199668
19.67 0.561809031588
19.74 0.587370381522
19.81 0.548966878188
19.88 0.479121657903
19.95 0.503951158748
20.02 0.579213743621
20.09 0.50696577052
20.16 0.377878719896
20.23 0.388916822129
20.3 0.553169201737
20.37 0.490491199132
20.44 0.486548247159
20.51 0.449262366466
20.58 0.353223324541
20.65 0.465984139196
20.72 0.488897150685
20.79 0.511942271532
20.86 0.428952431397
20.93 0.67835227602
21.0 0.624404193056
21.07 0.389981509487
21.14 0.456034154917
21.21 0.496802751993
21.28 0.442523588466
21.35 0.381462822273
21.42 0.235446299831
21.49 0.132167016061
21.56 0.463941496012
21.63 0.519516983903
21.7 0.319268885647
21.77 0.567126301925
21.84 0.507922403621
21.91 0.707771076101
21.98 0.582090443531
22.05 0.484547906156
22.12 0.348513788406
22.19 0.581061470049
22.26 0.671566390059
22.33 0.468894038424
22.4 0.395505702763
22.47 0.429037380407
22.54 0.4960411032
22.61 0.430990570712
22.68 0.34726394612
22.75 0.308975733288
22.82 0.605100760375
22.89 0.650980702952
22.96 0.62031988549
23.03 0.638925119202
23.1 0.408947247109
23.17 0.289350096818
23.24 0.318831960716
23.31 0.394115025993
23.38 0.352080049009
23.45 0.646312104188
23.52 0.508287208746
23.59 0.349522690927
23.66 0.339946622906
23.73 0.420891929803
23.8 0.450278980846
23.87 0.304389691672
23.94 0.253380585257
24.01 0.337596821916
24.08 0.544553232605
24.15 0.398644932609
24.22 0.446798872765
24.29 0.458337228438
24.36 0.413035837969
24.43 0.421690796519
24.5 0.362734139535
24.57 0.409830456252
24.64 0.34113544583
24.71 0.511354668949
24.78 0.459015359203
24.85 0.416315565922
24.92 0.387101375498
24.99 0.354259088981
25.06 0.383573062094
25.13 0.248721020425
25.2 0.280892191846
25.27 0.239103037609
25.34 0.434049948214
25.41 0.420976618258
25.48 0.490574708889
25.55 0.43030743427
25.62 0.402800130275
25.69 0.393661206383
25.76 0.241637650257
25.83 0.356994280274
25.9 0.344694952698
25.97 0.763676195651
26.04 0.75733801799
26.11 0.62935067103
26.18 0.611430051614
26.25 0.64339193305
26.32 0.57302406681
26.39 0.517489662421
26.46 0.539647770582
26.53 0.522623622391
26.6 0.492127548382
26.67 0.465726985778
26.74 0.462276815261
26.81 0.694918827251
26.88 0.536300481835
26.95 0.617101423666
27.02 0.373142658219
27.09 0.305042485244
27.16 0.341532576245
27.23 0.617121122407
27.3 0.502099823159
27.37 0.440784576644
27.44 0.459905947964
27.51 0.459247667585
27.58 0.429492608941
27.65 0.402657022488
27.72 0.420932556991
27.79 0.409821722855
27.86 0.467343022812
27.93 0.454304875973
28.0 0.591432690851
28.07 0.534717804037
28.14 0.474976343383
28.21 0.441814097428
28.28 0.381379101591
28.35 0.473644947567
28.42 0.538633881683
28.49 0.472392411507
28.56 0.327638818351
28.63 0.307044781095
28.7 0.298010379501
28.77 0.387061863594
28.84 0.355578183596
28.91 0.342453589214
28.98 0.345282690383
29.05 0.439482670348
29.12 0.390267210845
29.19 0.348511728785
29.26 0.476553687398
29.33 0.403635103766
29.4 0.37039288415
29.47 0.423061778683
29.54 0.316230690254
29.61 0.235977636447
29.68 0.462336323683
29.75 0.42970444657
29.82 0.516855128337
29.89 0.479616755398
29.96 0.493419639082
30.03 0.570075423554
30.1 0.558747194673
30.17 0.568208529145
30.24 0.426854782282
30.31 0.563884752775
30.38 0.644937883704
30.45 0.568440436356
30.52 0.645497788939
30.59 0.611442518246
30.66 0.665780764209
30.73 0.602317281043
30.8 0.691246322485
30.87 0.661858702082
30.94 0.737564746427
31.01 0.809663936067
31.08 0.771808742607
31.15 0.585050633897
31.22 0.674093596896
31.29 0.731484523147
31.36 0.656693126799
31.43 0.620018883109
31.5 0.595489816664
31.57 0.668932275956
31.64 0.681535615385
31.71 0.733457612089
31.78 0.77162317548
31.85 0.682952020868
31.92 0.753181255619
31.99 0.782733288612
32.06 0.752020604279
32.13 0.710817760881
32.2 0.756841841055
32.27 0.758301737067
32.34 0.711799958643
32.41 0.702398542036
32.48 0.695569861736
32.55 0.754815039303
32.62 0.804609139144
32.69 0.703090792368
32.76 0.704223239038
32.83 0.771734819599
32.9 0.754250821824
32.97 0.710221548974
33.04 0.746855738972
33.11 0.733614129467
33.18 0.803170422483
33.25 0.66155445311
33.32 0.639842568503
33.39 0.653423964396
33.46 0.750077720348
33.53 0.808635793877
33.6 0.742791936625
33.67 0.619700547656
33.74 0.682325384754
33.81 0.723862487753
33.88 0.673146146615
33.95 0.651596233107
34.02 0.667055240604
34.09 0.770134909366
34.16 0.723608738086
34.23 0.812201290739
34.3 0.909958825483
34.37 0.832972653883
34.44 0.704241968626
34.51 0.738176559891
34.58 0.782007068326
34.65 0.590839243027
34.72 0.709206168436
34.79 0.685342779909
34.86 0.698451087572
34.93 0.581466418475
35.0 0.548001076054
35.07 0.615987440516
35.14 0.509192318246
35.21 0.444581438929
35.28 0.464658212265
35.35 0.641369574509
35.42 0.591066009458
35.49 0.508913264472
35.56 0.667402922203
35.63 0.523495471913
35.7 0.476865091276
35.77 0.508830217924
35.84 0.424697685404
35.91 0.41189265756
35.98 0.601903101546
36.05 0.671447571734
36.12 0.44964492927
36.19 0.43088407151
36.26 0.475765164278
36.33 0.480485431395
36.4 0.377194378561
36.47 0.310191613892
36.54 0.297551370859
36.61 0.641262130969
36.68 0.774407298616
36.75 0.527779657798
36.82 0.540734453419
36.89 0.518923633959
36.96 0.52969794622
37.03 0.334353392362
37.1 0.386607886823
37.17 0.363456451505
37.24 0.668858668646
37.31 0.706851831869
37.38 0.559088760827
37.45 0.44907000976
37.52 0.450959430407
37.59 0.470694996024
37.66 0.420448047103
37.73 0.442330931227
37.8 0.515315930039
37.87 0.661736488278
37.94 0.640732943582
38.01 0.681230071913
38.08 0.590807331315
38.15 0.526927735863
38.22 0.59894382381
38.29 0.563019982337
38.36 0.53214628365
38.43 0.540916607146
38.5 0.672182423401
38.57 0.565206435012
38.64 0.543674516302
38.71 0.437551470008
38.78 0.502739151996
38.85 0.696336582379
38.92 0.50968464063
38.99 0.437383757062
39.06 0.35421314731
39.13 0.644902743324
39.2 0.628665940932
39.27 0.429689807272
39.34 0.582572252751
39.41 0.553254779386
39.48 0.592794490196
39.55 0.491397637598
39.62 0.435267030952
39.69 0.343181915993
39.76 0.726084244862
39.83 0.668328804369
39.9 0.578698892242
39.97 0.532042378963
40.04 0.538389572633
40.11 0.59619630788
40.18 0.58140325402
40.25 0.491175994024
40.32 0.476966980458
40.39 0.587645223688
40.46 0.53680199531
40.53 0.530591729185
40.6 0.578473303131
40.67 0.398887387449
40.74 0.429557350509
40.81 0.423423939664
40.88 0.456007011765
40.95 0.478402979909
41.02 0.657327922816
41.09 0.545675989132
41.16 0.395548673561
41.23 0.370068528374
41.3 0.422750718075
41.37 0.440724967584
41.44 0.321208943459
41.51 0.600721443179
41.58 0.458753173915
41.65 0.630270265425
41.72 0.524724464331
41.79 0.462869508994
41.86 0.637066442596
41.93 0.656899659595
42.0 0.525127080175
42.07 0.372568696832
42.14 0.438540297432
42.21 0.364547588583
42.28 0.691969214843
42.35 0.678128703793
42.42 0.484753662803
42.49 0.465983018398
42.56 0.518221588711
42.63 0.48575270975
42.7 0.472499663423
42.77 0.462964681662
42.84 0.495274706527
42.91 0.637338750906
42.98 0.546208112925
43.05 0.591500965757
43.12 0.558767812937
43.19 0.509827522327
43.26 0.553656146223
43.33 0.414396772935
43.4 0.415161708297
43.47 0.456279653694
43.54 0.709614564728
43.61 0.569518591207
43.68 0.494915065617
43.75 0.429445977973
43.82 0.586284754688
43.89 0.477717305473
43.96 0.508665383484
44.03 0.537277318241
44.1 0.55091281295
44.17 0.628250293232
44.24 0.614487719658
44.31 0.579238625878
44.38 0.533652960897
44.45 0.498967859886
44.52 0.432255583054
44.59 0.479774098554
44.66 0.410066579207
44.73 0.541644494153
44.8 0.60338721809
44.87 0.571260980587
44.94 0.570447521445
45.01 0.534055212792
45.08 0.540726494792
45.15 0.566873442831
45.22 0.489336042871
45.29 0.500733905952
45.36 0.553637314619
45.43 0.581833094353
45.5 0.575167472864
45.57 0.620039338698
45.64 0.533325587377
45.71 0.533046896174
45.78 0.436944139734
45.85 0.376460729028
45.92 0.466977857874
45.99 0.737744919112
46.06 0.766427924566
46.13 0.739871211291
46.2 0.714505424675
46.27 0.712941186961
46.34 0.733585085232
46.41 0.844303464871
46.48 0.860334593331
46.55 0.765623335304
46.62 0.790596229305
46.69 0.693686562049
46.76 0.710243485174
46.83 0.667648571247
46.9 0.585188391358
46.97 0.642480342776
47.04 0.461997363074
47.11 0.533743002436
47.18 0.376703170082
47.25 0.646173474077
47.32 0.717708546875
47.39 0.70965820966
47.46 0.581290975748
47.53 0.60368042176
47.6 0.60135203724
47.67 0.589196992013
47.74 0.678754656125
47.81 0.551868275623
47.88 0.658658618305
47.95 0.705129594787
48.02 0.654970858009
48.09 0.716936504856
48.16 0.580870414736
48.23 0.645352439558
48.3 0.538750888535
48.37 0.654349126935
48.44 0.684579442338
48.51 0.656298311044
48.58 0.527945921841
48.65 0.337319026799
48.72 0.499254297413
48.79 0.377819073615
48.86 0.512915194108
48.93 0.499895393608
49.0 0.463984386852
49.07 0.515839837408
49.14 0.589718746017
49.21 0.450832656211
49.28 0.490371169022
49.35 0.567406615735
49.42 0.376783697938
49.49 0.607084512748
49.56 0.721808861304
49.63 0.622026154308
49.7 0.398838053057
49.77 0.618168484965
49.84 0.812151555176
49.91 0.7513176078
49.98 0.689726453464
50.05 0.622350478377
50.12 0.698581142824
50.19 0.71584749495
50.26 0.649489056523
50.33 0.73732044427
50.4 0.729844761875
50.47 0.797565970178
50.54 0.677691805055
50.61 0.774080386925
50.68 0.627385635838
50.75 0.687186238208
50.82 0.729989962369
50.89 0.735882528573
50.96 0.725808196425
51.03 0.739611329635
51.1 0.770526335157
51.17 0.761858439873
51.24 0.728416241301
51.31 0.666340418539
51.38 0.777122602301
51.45 0.735398811377
51.52 0.652149675489
51.59 0.631833746291
51.66 0.781561768431
51.73 0.716823622759
51.8 0.716446293101
51.87 0.736547184952
51.94 0.776151211343
52.01 0.89276782321
52.08 0.845386169084
52.15 0.838486908868
52.22 0.782704946082
52.29 0.891290712685
52.36 0.859508360131
52.43 0.68841371555
52.5 0.8028684413
52.57 0.752070426694
52.64 0.7982660592
52.71 0.769542771207
52.78 0.713605611737
52.85 0.714601423122
52.92 0.813898768259
52.99 0.748506457314
53.06 0.739394591102
53.13 0.754859800897
53.2 0.812832066774
53.27 0.732443883108
53.34 0.699834654928
53.41 0.728870128463
53.48 0.65115557494
53.55 0.764554627963
53.62 0.716324645899
53.69 0.709590446213
53.76 0.76437884748
53.83 0.743921293863
53.9 0.720956615399
53.97 0.678230788735
54.04 0.733364129578
54.11 0.753544744186
54.18 0.752937299489
54.25 0.75450454254
54.32 0.750309524164
54.39 0.817654079699
54.46 0.836459779011
54.53 0.738766155921
54.6 0.791011928013
54.67 0.778225660087
54.74 0.682860041026
54.81 0.784090523429
54.88 0.75654079318
54.95 0.762913650771
55.02 0.674858667361
55.09 0.752546893859
55.16 0.766175428042
55.23 0.693668032357
55.3 0.675883256912
55.37 0.823122905851
55.44 0.865348276422
55.51 0.862915161435
55.58 0.762929395702
55.65 0.788121593801
55.72 0.795296567455
55.79 0.743181459954
55.86 0.780600048315
55.93 0.876423832318
56.0 0.85393588571
56.07 0.898589529643
56.14 0.876967634188
56.21 0.86170514951
56.28 0.88307272456
56.35 0.924088382361
56.42 0.878300586437
56.49 0.748792427498
56.56 0.683019861517
56.63 0.812739620966
56.7 0.858753895195
56.77 0.85859371627
56.84 0.761308307497
56.91 0.793441399373
56.98 0.849189283297
57.05 0.741225272583
57.12 0.805423750791
57.19 0.850297246124
57.26 0.88422055359
57.33 0.892254205673
57.4 0.924419890287
57.47 0.826647338511
57.54 0.853279742153
57.61 0.876099330411
57.68 0.822061518848
57.75 0.80708117324
57.82 0.815838612389
57.89 0.885257165866
57.96 0.785446039139
58.03 0.767426028555
58.1 0.830787377148
58.17 0.761539197305
58.24 0.783760697389
58.31 0.805760469805
58.38 0.754215631814
58.45 0.731819931117
58.52 0.769144659232
58.59 0.876072075592
58.66 0.753703813343
58.73 0.840824860837
58.8 0.791985184209
58.87 0.799262445459
58.94 0.817803861263
59.01 0.819812058878
59.08 0.743108686694
59.15 0.778205880009
59.22 0.765980046699
59.29 0.693554520243
59.36 0.758735822094
59.43 0.738236229608
59.5 0.806635392215
59.57 0.800685719102
59.64 0.682004217667
59.71 0.629117138455
59.78 0.648308648542
59.85 0.715300292088
59.92 0.627191107845
59.99 0.712182207128
60.06 0.669811870424
60.13 0.666989880047
60.2 0.700058888881
60.27 0.672063385879
60.34 0.653976913241
60.41 0.743756517324
60.48 0.823545435496
60.55 0.714397318031
60.62 0.813395093147
60.69 0.786148314612
60.76 0.936877701117
60.83 0.837789086256
60.9 0.746124444079
60.97 0.704139541792
61.04 0.70690035289
61.11 0.863188080462
61.18 0.793245873278
61.25 0.880787104049
61.32 0.85442259997
61.39 0.883557301999
61.46 0.750821556318
61.53 0.715789822817
61.6 0.596679288906
61.67 0.648687097619
61.74 0.86755181678
61.81 0.822671291992
61.88 0.777075800387
61.95 0.820630752543
62.02 0.898793476195
62.09 0.913798399391
62.16 0.850675436026
62.23 0.872855416971
62.3 0.781828788451
62.37 0.85367031735
62.44 0.875213825907
62.51 0.910579565347
62.58 0.840980924657
62.65 0.813037670397
62.72 0.792727114961
62.79 0.840233136256
62.86 0.819246772987
62.93 0.828030898974
63.0 0.82510888879
63.07 0.847984461781
63.14 0.79183349467
63.21 0.783259309366
63.28 0.83633624727
63.35 0.758737407478
63.42 0.868345446214
63.49 0.827310100701
63.56 0.83332186848
63.63 0.785391708719
63.7 0.842957203668
63.77 0.788607853125
63.84 0.773073530239
63.91 0.758466803111
63.98 0.7914905127
64.05 0.794661568785
64.12 0.726528723114
64.19 0.75393777466
64.26 0.840383447201
64.33 0.809180695865
64.4 0.816063928538
64.47 0.791393059836
64.54 0.818915549052
64.61 0.784102161526
64.68 0.672398180375
64.75 0.613360985886
64.82 0.585760109771
64.89 0.716342952259
64.96 0.747393359222
65.03 0.761386662687
65.1 0.712950482825
65.17 0.825827996906
65.24 0.636596327995
65.31 0.606298770254
65.38 0.661264440887
65.45 0.814132445586
65.52 0.825927710665
65.59 0.757403399225
65.66 0.75002107251
65.73 0.695483371457
65.8 0.762389535235
65.87 0.803014081565
65.94 0.678542746809
66.01 0.610233855965
66.08 0.805119766509
66.15 0.842109130769
66.22 0.887018163518
66.29 0.80011772703
66.36 0.873747658667
66.43 0.799598557892
66.5 0.819091041408
66.57 0.845193617996
66.64 0.637613852248
66.71 0.873616031817
66.78 0.861297387372
66.85 0.7995859534
66.92 0.801804349495
66.99 0.848923287573
67.06 0.830810563734
67.13 0.824602907289
67.2 0.838450217569
67.27 0.823266941432
67.34 0.885230655489
67.41 0.862169031484
67.48 0.87042441537
67.55 0.875331013355
67.62 0.846686823615
67.69 0.845120089266
67.76 0.841608667783
67.83 0.849370179745
67.9 0.820369541922
67.97 0.905016852756
68.04 0.8497181798
68.11 0.838052873471
68.18 0.795020750622
68.25 0.875824860465
68.32 0.859743775866
68.39 0.869267823992
68.46 0.886632701529
68.53 0.812438935662
68.6 0.918225949482
68.67 0.803999656884
68.74 0.864111128237
68.81 0.806078886595
68.88 0.8838704691
68.95 0.828827741912
69.02 0.783971579651
69.09 0.782042065332
69.16 0.715596197804
69.23 0.882850830083
69.3 0.778860541577
69.37 0.804094064432
69.44 0.85107563795
69.51 0.824220453394
69.58 0.790189298459
69.65 0.82361725339
69.72 0.76294194505
69.79 0.704701126156
69.86 0.77015688141
69.93 0.885502117341
70.0 0.837778494512
70.07 0.795688865896
70.14 0.822734377867
70.21 0.776387011706
70.28 0.709883181161
70.35 0.54297868438
70.42 0.646513642335
70.49 0.728130152558
70.56 0.654453832586
70.63 0.596887842722
70.7 0.679223047482
70.77 0.621628262909
70.84 0.518581946489
70.91 0.5609632444
70.98 0.754467190894
71.05 0.66561956788
71.12 0.62192364338
71.19 0.567154779557
71.26 0.624115177556
71.33 0.623070499122
71.4 0.750927014681
71.47 0.60213888123
71.54 0.435905871766
71.61 0.401343429845
71.68 0.52198833008
71.75 0.671417460467
71.82 0.507640038463
71.89 0.661843293528
71.96 0.549677929796
72.03 0.652293462923
72.1 0.626738295988
72.17 0.511714155456
72.24 0.620557676544
72.31 0.593525598979
72.38 0.626565693166
72.45 0.566578848158
72.52 0.538548011773
72.59 0.476206677174
72.66 0.643553094913
72.73 0.637767704802
72.8 0.547772619465
72.87 0.509962839675
72.94 0.628018614867
73.01 0.713317081502
73.08 0.64883711768
73.15 0.669454706849
73.22 0.571204017051
73.29 0.51744207333
73.36 0.545063529107
73.43 0.481540367953
73.5 0.406583140441
73.57 0.498989002015
73.64 0.5940467271
73.71 0.599775935339
73.78 0.650952171554
73.85 0.633711615693
73.92 0.747575034576
73.99 0.689373129276
74.06 0.506256768883
74.13 0.55927409635
74.2 0.657493152913
74.27 0.687268278382
74.34 0.707243680888
74.41 0.765714391488
74.48 0.790278441154
74.55 0.738282655165
74.62 0.768388640621
74.69 0.688376339089
74.76 0.692599318123
74.83 0.702387055584
74.9 0.81346158553
74.97 0.855348614481
75.04 0.791782034484
75.11 0.768853069897
75.18 0.785758749925
75.25 0.728844104729
75.32 0.532703238692
75.39 0.568800909937
75.46 0.562808595509
75.53 0.57788599281
75.6 0.565394535996
75.67 0.588386145309
75.74 0.678234083577
75.81 0.627777377327
75.88 0.584512452558
75.95 0.521163192862
76.02 0.561018706646
76.09 0.568233190826
76.16 0.613487080434
76.23 0.526494713733
76.3 0.61048513519
76.37 0.532329239718
76.44 0.669295313723
76.51 0.661219115448
76.58 0.588881395828
76.65 0.550635827068
76.72 0.668335269979
76.79 0.600531055107
76.86 0.510031162831
76.93 0.590245771766
77.0 0.494018011247
77.07 0.570589973021
77.14 0.585630601822
77.21 0.515245836767
77.28 0.574865069831
77.35 0.648869686982
77.42 0.631430052386
77.49 0.495127136229
77.56 0.444961502341
77.63 0.444404676887
77.7 0.673334597762
77.77 0.666207498568
77.84 0.480465219817
77.91 0.514609005944
77.98 0.659917068536
78.05 0.694194621092
78.12 0.637586769754
78.19 0.686252016922
78.26 0.611179625739
78.33 0.682496116823
78.4 0.690867541166
78.47 0.745778000457
78.54 0.551337942624
78.61 0.602018874556
78.68 0.645499428089
78.75 0.545210565889
78.82 0.482419584686
78.89 0.5063746732
78.96 0.697486698497
79.03 0.67535167077
79.1 0.618519229802
79.17 0.516190895186
79.24 0.729706386804
79.31 0.693300680967
79.38 0.688105653385
79.45 0.734516298424
79.52 0.609366251136
79.59 0.666133277783
79.66 0.633485451707
79.73 0.597162894435
79.8 0.59009898451
79.87 0.698353509256
79.94 0.632159621279
80.01 0.615093585864
80.08 0.534312232486
80.15 0.653067545262
80.22 0.595022799765
80.29 0.616520752658
80.36 0.559165667114
80.43 0.46418403081
80.5 0.612182539645
80.57 0.553884713099
80.64 0.597853035517
80.71 0.704174512606
80.78 0.700637343109
80.85 0.67409070874
80.92 0.545181693979
80.99 0.565426388428
81.06 0.643859035421
81.13 0.6490424897
81.2 0.657531044968
81.27 0.534094749511
81.34 0.520232045843
81.41 0.636108481909
81.48 0.677922738978
81.55 0.658780583963
81.62 0.662495203421
81.69 0.544991631254
81.76 0.69368342161
81.83 0.702869844985
81.9 0.778727402409
81.97 0.74849917282
82.04 0.666021057412
82.11 0.64806455731
82.18 0.7007317672
82.25 0.610438132002
82.32 0.671298429838
82.39 0.621831936499
82.46 0.645386900291
82.53 0.536002571642
82.6 0.495748722551
82.67 0.571954300708
82.74 0.64155360726
82.81 0.651269752916
82.88 0.665851261409
82.95 0.748377969525
83.02 0.731526319383
83.09 0.755785951888
83.16 0.761942838823
83.23 0.747866836216
83.3 0.704814325329
83.37 0.629922880223
83.44 0.721992710702
83.51 0.691738637976
83.58 0.709559375444
83.65 0.694779800105
83.72 0.680439937216
83.79 0.653635162356
83.86 0.650949384036
83.93 0.656313512809
84.0 0.637006137347
84.07 0.597603467128
84.14 0.69722710221
84.21 0.718458838804
84.28 0.759378130074
84.35 0.631022876151
84.42 0.783477615361
84.49 0.795903344912
84.56 0.808384378171
84.63 0.742224435332
84.7 0.589697761047
84.77 0.449495063612
84.84 0.599392344102
84.91 0.802697911885
84.98 0.87585942735
85.05 0.58772211619
85.12 0.425596763551
85.19 0.701170751752
85.26 0.784591548882
85.33 0.648675962709
85.4 0.830640365181
85.47 0.768791504612
85.54 0.853071833519
85.61 0.861429463643
85.68 0.845345059388
85.75 0.905988946797
85.82 0.758972641238
85.89 0.835211975667
85.96 0.807606717
86.03 0.852849233201
86.1 0.820462573632
86.17 0.806795062439
86.24 0.661086518068
86.31 0.742915486287
86.38 0.66643465652
86.45 0.807177851333
86.52 0.809561044646
86.59 0.756478783988
86.66 0.755901979938
86.73 0.696238467789
86.8 0.77024569462
86.87 0.743838645728
86.94 0.815977469968
87.01 0.743607647011
87.08 0.743355540629
87.15 0.738923046898
87.22 0.692579000394
87.29 0.683668113997
87.36 0.722162594935
87.43 0.761917121138
87.5 0.587887562726
87.57 0.698462765648
87.64 0.587198411475
87.71 0.745939331888
87.78 0.61728546331
87.85 0.802986262901
87.92 0.824048435096
87.99 0.715484531628
88.06 0.785992365215
88.13 0.72113099523
88.2 0.760070394192
88.27 0.787010611852
88.34 0.784218659677
88.41 0.657433616919
88.48 0.650306764493
88.55 0.646560411163
88.62 0.535039512911
88.69 0.798821981675
88.76 0.609279778779
88.83 0.776870217443
88.9 0.804416210321
88.97 0.780996063447
89.04 0.810592751882
89.11 0.809918332294
89.18 0.78312047798
89.25 0.812985319639
89.32 0.766328512719
89.39 0.817572287671
89.46 0.856728659527
89.53 0.804130741946
89.6 0.751413147175
89.67 0.773059454786
89.74 0.671052267956
89.81 0.683393342139
89.88 0.735852632366
89.95 0.759025795717
90.02 0.720547332671
90.09 0.634999713983
90.16 0.667292533985
90.23 0.722859881274
90.3 0.717723335061
90.37 0.619860099321
90.44 0.688473487283
90.51 0.691605824156
90.58 0.753575007098
90.65 0.693367206436
90.72 0.693945333937
90.79 0.601584531732
90.86 0.621596231259
90.93 0.671083887406
91.0 0.505005913331
91.07 0.617986438769
91.14 0.623025708578
91.21 0.808847591526
91.28 0.682878202633
91.35 0.700955412493
91.42 0.547182878682
91.49 0.633482791019
91.56 0.60680334421
91.63 0.591926162983
91.7 0.481538392426
91.77 0.725175817084
91.84 0.819718841057
91.91 0.744234072201
91.98 0.657096194822
92.05 0.509955901207
92.12 0.611613907905
92.19 0.498895938597
92.26 0.450670558282
92.33 0.410579616355
92.4 0.643812823546
92.47 0.712668338242
92.54 0.780006952033
92.61 0.575109786944
92.68 0.415292514883
92.75 0.617250547641
92.82 0.555883430118
92.89 0.486804532062
92.96 0.425978938971
93.03 0.670954230568
93.1 0.759916407914
93.17 0.693526649192
93.24 0.622983225802
93.31 0.439450634563
93.38 0.565828306703
93.45 0.576504747008
93.52 0.519798126248
93.59 0.540354549924
93.66 0.671486643866
93.73 0.704908381335
93.8 0.559301115428
93.87 0.482513542812
93.94 0.3341471408
94.01 0.655619114626
94.08 0.676420866134
94.15 0.508974773235
94.22 0.501669555461
94.29 0.610338568509
94.36 0.711765672991
94.43 0.744433749245
94.5 0.579217915249
94.57 0.476876348881
94.64 0.493623355409
94.71 0.444161667852
94.78 0.429846764422
94.85 0.453015010325
94.92 0.578653160118
94.99 0.7608548863
95.06 0.680802081654
95.13 0.556618492711
95.2 0.520590335729
95.27 0.621286404493
95.34 0.600225053941
95.41 0.485100732307
95.48 0.676441124584
95.55 0.731119831066
95.62 0.824371113123
95.69 0.743526771749
95.76 0.662255937271
95.83 0.51422274437
95.9 0.623053808475
95.97 0.548930258575
96.04 0.635988497292
96.11 0.592339643532
96.18 0.646329586148
96.25 0.812228058914
96.32 0.875796148471
96.39 0.581806920353
96.46 0.430221616746
96.53 0.754266067703
96.6 0.53787973796
96.67 0.65484049671
96.74 0.639544058622
96.81 0.782733156266
96.88 0.783455520623
96.95 0.651923170991
97.02 0.629784660934
97.09 0.459224748447
97.16 0.498199396699
97.23 0.387538068826
97.3 0.448946813017
97.37 0.611780559333
97.44 0.708097905076
97.51 0.769242080389
97.58 0.710733123434
97.65 0.564572231791
97.72 0.515950679184
97.79 0.720518787488
97.86 0.505396658095
97.93 0.663594308776
98.0 0.718147882969
98.07 0.755110808538
98.14 0.811171535594
98.21 0.702073083384
98.28 0.455718212704
98.35 0.535663735106
98.42 0.650704730337
98.49 0.490237103438
98.56 0.683623622608
98.63 0.615281255348
98.7 0.778244064327
98.77 0.750098286224
98.84 0.582536350008
98.91 0.370224509479
98.98 0.598603934028
99.05 0.640464156204
99.12 0.465371985219
99.19 0.674671873285
99.26 0.655085376498
99.33 0.713051626187
99.4 0.756412327448
99.47 0.821840903707
99.54 0.77363729416
99.61 0.567379529105
99.68 0.374580510501
99.75 0.358673050263
99.82 0.404635865685
99.89 0.601524425
99.96 0.664920248114
100.03 0.592322094021
100.1 0.507117785408
100.17 0.447296290435
100.24 0.539615249531
100.31 0.57084345524
100.38 0.539179332352
100.45 0.591622648802
100.52 0.650012518605
100.59 0.721602695215
100.66 0.721072644828
100.73 0.810298761034
100.8 0.695407492223
100.87 0.623764891791
100.94 0.572071315832
101.01 0.691358223022
101.08 0.641317172743
101.15 0.736501818156
101.22 0.840416559668
101.29 0.783686238107
101.36 0.856248880977
101.43 0.688838981706
101.5 0.836057328599
101.57 0.932065161895
101.64 0.777912304118
101.71 0.764325545493
101.78 0.875515729889
101.85 0.909993108377
101.92 0.884192816263
101.99 0.812942794127
102.06 0.83791888371
102.13 0.779218013957
102.2 0.659272375588
102.27 0.388339565901
102.34 0.565885158573
102.41 0.728500037805
102.48 0.836529803354
102.55 0.625133659932
102.62 0.520729364254
102.69 0.58847618409
102.76 0.693074009659
102.83 0.660200923956
102.9 0.653245437752
102.97 0.688566593438
103.04 0.732444336665
103.11 0.734854447041
103.18 0.631388279586
103.25 0.606912278011
103.32 0.524481641407
103.39 0.64436832417
103.46 0.559101034456
103.53 0.514817493588
103.6 0.575995991774
103.67 0.669341305023
103.74 0.567785481148
103.81 0.443775938416
103.88 0.522144017543
103.95 0.502232681094
104.02 0.590801743871
104.09 0.582253259709
104.16 0.57034643047
104.23 0.514000128888
104.3 0.588443009586
104.37 0.658905141378
104.44 0.612683713985
104.51 0.479219485744
104.58 0.516299658041
104.65 0.707093052866
104.72 0.683105153796
104.79 0.626839906693
104.86 0.459343296568
104.93 0.565863988872
105.0 0.777142640176
105.07 0.769060337484
105.14 0.783671059779
105.21 0.770912624303
105.28 0.746965371721
105.35 0.726850150755
105.42 0.784400937476
105.49 0.751252321688
105.56 0.830029395418
105.63 0.813097742664
105.7 0.643290792445
105.77 0.655656915694
105.84 0.542252152532
105.91 0.658080996749
105.98 0.772326694446
106.05 0.736424109526
106.12 0.799208288743
106.19 0.77706544714
106.26 0.907210540297
106.33 0.809720836187
106.4 0.693179261233
106.47 0.869758351445
106.54 0.811170519569
106.61 0.860579103656
106.68 0.832952214837
106.75 0.718054758892
106.82 0.706359225495
106.89 0.854712496392
106.96 0.816834921446
107.03 0.724808403658
107.1 0.659454256352
107.17 0.73635011483
107.24 0.762327782461
107.31 0.852347743162
107.38 0.897419371513
107.45 0.735130455499
107.52 0.857888531961
107.59 0.783843349659
107.66 0.682821527224
107.73 0.756072410094
107.8 0.743360939206
107.87 0.805059934118
107.94 0.712237488778
108.01 0.789568275982
108.08 0.732166305809
108.15 0.811562618114
108.22 0.781900253425
108.29 0.66077038561
108.36 0.734915638727
108.43 0.820155301402
108.5 0.86193208413
108.57 0.773684564796
108.64 0.815393320765
108.71 0.725877655543
108.78 0.866931764834
108.85 0.77014754143
108.92 0.839755883292
108.99 0.758316266077
109.06 0.841575697311
109.13 0.771968856739
109.2 0.784811915876
109.27 0.781903854314
109.34 0.752255941434
109.41 0.730088513973
109.48 0.783694238092
109.55 0.81214547833
109.62 0.834307999372
109.69 0.795392079258
109.76 0.746415297245
109.83 0.766343128581
109.9 0.728477457802
109.97 0.747862519836
110.04 0.81298552505
110.11 0.773752945854
110.18 0.751827543111
110.25 0.748093114625
110.32 0.799945807991
110.39 0.766253961072
110.46 0.745705119666
110.53 0.800247338374
110.6 0.859795401483
110.67 0.845134150932
110.74 0.728963200153
110.81 0.825692711266
110.88 0.80496973542
110.95 0.810265463835
111.02 0.726694602529
111.09 0.772084403659
111.16 0.712588374231
111.23 0.812423076308
111.3 0.881202899259
111.37 0.826954931953
111.44 0.846083660834
111.51 0.844543744288
111.58 0.888374401612
111.65 0.805003854261
111.72 0.749562972363
111.79 0.67613210016
111.86 0.88233927768
111.93 0.852541750046
112.0 0.800560866667
112.07 0.821220530548
112.14 0.832762533983
112.21 0.80198469864
112.28 0.7745017103
112.35 0.722420223968
112.42 0.811462019297
112.49 0.88580075681
112.56 0.889290129048
112.63 0.88084690749
112.7 0.833323034771
112.77 0.902446912239
112.84 0.837936586246
112.91 0.787095948246
112.98 0.836518423054
113.05 0.840913090902
113.12 0.872350246084
113.19 0.844025439529
113.26 0.860932528481
113.33 0.803284916157
113.4 0.822942730408
113.47 0.796604313478
113.54 0.768763789342
113.61 0.817793924351
113.68 0.786860630392
113.75 0.856639883539
113.82 0.790767172298
113.89 0.791069852429
113.96 0.720203691733
114.03 0.784875852344
114.1 0.820512681416
114.17 0.849731342623
114.24 0.720475784982
114.31 0.753438319427
114.38 0.832634514916
114.45 0.722688436472
114.52 0.787466514519
114.59 0.73588803468
114.66 0.783366267641
114.73 0.780386359234
114.8 0.72768440462
114.87 0.541873456686
114.94 0.585777470415
115.01 0.726527230096
115.08 0.675849566813
115.15 0.629113919437
115.22 0.612911038748
115.29 0.720097140143
115.36 0.616370332805
115.43 0.676159144053
115.5 0.705860776636
115.57 0.738657992754
115.64 0.858349954522
115.71 0.675455036427
115.78 0.752955739573
115.85 0.787520060518
115.92 0.776959484211
115.99 0.752257558526
116.06 0.623983473505
116.13 0.696389909182
116.2 0.70950165506
116.27 0.843854991451
116.34 0.860697905438
116.41 0.789244620532
116.48 0.802921332467
116.55 0.841633366687
116.62 0.839814203365
116.69 0.707651871769
116.76 0.608665104732
116.83 0.738837432027
116.9 0.825708383131
116.97 0.774415335823
117.04 0.815629406497
117.11 0.828733135847
117.18 0.838753240969
117.25 0.898150782209
117.32 0.805823288232
117.39 0.722627443304
117.46 0.846244826833
117.53 0.81380884528
117.6 0.8307313676
117.67 0.830622502729
117.74 0.867150196281
117.81 0.865555927258
117.88 0.825258722741
117.95 0.828655409295
118.02 0.823530554944
118.09 0.816169364845
118.16 0.871277092775
118.23 0.818622044848
118.3 0.908218767306
118.37 0.836294383483
118.44 0.877732347597
118.51 0.904646945451
118.58 0.820451229176
118.65 0.919820481816
118.72 0.821313919315
118.79 0.78168679319
118.86 0.809459075506
118.93 0.712512645264
119.0 0.832328000913
119.07 0.772037993267
119.14 0.79016993196
119.21 0.80029115563
119.28 0.766195745772
119.35 0.761607876139
119.42 0.788008670346
119.49 0.827102004579
119.56 0.810385798614
119.63 0.725886190424
119.7 0.725614061331
119.77 0.818577099902
119.84 0.652674021251
119.91 0.617877415359
119.98 0.599945532824
120.05 0.664727963094
120.12 0.703342384534
120.19 0.727830967165
120.26 0.66561259219
120.33 0.677048261854
120.4 0.66514909898
120.47 0.731901695573
120.54 0.76579263777
120.61 0.854237978559
120.68 0.776522024384
120.75 0.673630894999
120.82 0.738701963034
120.89 0.705448374148
120.96 0.748268602845
121.03 0.796348953613
121.1 0.823871638589
121.17 0.742074779221
121.24 0.745153065528
121.31 0.862758594428
121.38 0.777198782069
121.45 0.887506442484
121.52 0.850844097445
121.59 0.811442939545
121.66 0.870549254019
121.73 0.671069751295
121.8 0.699780807017
121.87 0.731323268917
121.94 0.938802511671
122.01 0.816010003426
122.08 0.899154231009
122.15 0.824806656703
122.22 0.88858362956
122.29 0.838382272147
122.36 0.809204429753
122.43 0.831066087652
122.5 0.891787319741
122.57 0.89593939489
122.64 0.839567967039
122.71 0.794574538097
122.78 0.809215504004
122.85 0.842909039703
122.92 0.85438489816
122.99 0.875054104675
123.06 0.808261078034
123.13 0.83741942572
123.2 0.811569395286
123.27 0.818573800924
123.34 0.892868568158
123.41 0.814652105504
123.48 0.878179310077
123.55 0.824097313174
123.62 0.876543083522
123.69 0.833434280475
123.76 0.821637872541
123.83 0.900917999637
123.9 0.894595882605
123.97 0.794177311181
124.04 0.744853844292
124.11 0.88138881517
124.18 0.751574379347
124.25 0.794591438291
124.32 0.798746591841
124.39 0.885576890942
124.46 0.856622646969
124.53 0.810735610143
124.6 0.814262846865
124.67 0.825175458374
124.74 0.865023050752
124.81 0.822112690907
124.88 0.799793376768
124.95 0.797627614043
125.02 0.694587458563
125.09 0.769130466599
125.16 0.773024548767
125.23 0.851084940708
125.3 0.781640948021
125.37 0.726860436451
125.44 0.695814679487
125.51 0.726228241842
125.58 0.769100904013
125.65 0.692419672061
125.72 0.816738832013
125.79 0.609499022219
125.86 0.664979443594
125.93 0.591799420494
126.0 0.76252772971
126.07 0.749675236849
126.14 0.599373180257
126.21 0.707791382802
126.28 0.639487471442
126.35 0.843759498949
126.42 0.801943744726
126.49 0.764327308715
126.56 0.802510552585
126.63 0.76616990677
126.7 0.686419798798
126.77 0.675863952449
126.84 0.644682810587
126.91 0.696134762998
126.98 0.745875340276
127.05 0.584135579215
127.12 0.606623368663
127.19 0.628639178272
127.26 0.698154010051
127.33 0.839938942755
127.4 0.683483586331
127.47 0.700212974418
127.54 0.764899278033
127.61 0.854070928717
127.68 0.793090864083
127.75 0.65702031283
127.82 0.766933725471
127.89 0.75624793278
127.96 0.666128225233
128.03 0.658743931264
128.1 0.754917308977
128.17 0.761042952819
128.24 0.757590164351
128.31 0.764601853105
128.38 0.834952361459
128.45 0.784764357114
128.52 0.817094076583
128.59 0.709511681579
128.66 0.758675161167
128.73 0.793745579415
128.8 0.809362015541
128.87 0.811319232722
128.94 0.763322511649
129.01 0.734841741912
129.08 0.74432940065
129.15 0.744794910744
129.22 0.694760190973
129.29 0.659779502701
129.36 0.8024118838
129.43 0.778309066449
129.5 0.749657465384
129.57 0.719622000565
129.64 0.726785512583
129.71 0.905806856486
129.78 0.8859984859
129.85 0.757420218081
129.92 0.690533831624
129.99 0.694313553841
130.06 0.86691932853
130.13 0.914436098729
130.2 0.911672211986
130.27 0.811004988939
130.34 0.752399935657
130.41 0.741610493319
130.48 0.747019619425
130.55 0.709301387977
130.62 0.819974877812
130.69 0.887251745722
130.76 0.763347260183
130.83 0.761432502342
130.9 0.69115015585
130.97 0.677836805652
131.04 0.705447036911
131.11 0.701554327824
131.18 0.773297145202
131.25 0.73245877331
131.32 0.898738358598
131.39 0.855025838574
131.46 0.753770112722
131.53 0.817178157078
131.6 0.822052897117
131.67 0.759531978492
131.74 0.651474911253
131.81 0.597910724194
131.88 0.598043368446
131.95 0.786448274776
132.02 0.603775929427
132.09 0.508326639314
132.16 0.44034449473
132.23 0.722590244681
132.3 0.816780114033
132.37 0.676735425615
132.44 0.571938104977
132.51 0.667191681506
132.58 0.78462403271
132.65 0.741694372538
132.72 0.648491483294
132.79 0.747910539048
132.86 0.649990418353
132.93 0.6040549446
133.0 0.612013512898
133.07 0.758925118319
133.14 0.756186747987
133.21 0.737393403641
133.28 0.742441435799
133.35 0.800358895641
133.42 0.66161977093
133.49 0.710019051325
133.56 0.728126142226
133.63 0.685199713481
133.7 0.768955838622
133.77 0.718433319636
133.84 0.847384542833
133.91 0.696027892953
133.98 0.689937086201
134.05 0.627859647726
134.12 0.766637062907
134.19 0.776219939807
134.26 0.792348631418
134.33 0.652313303659
134.4 0.791353978053
134.47 0.904484023122
134.54 0.78090419665
134.61 0.853438924355
134.68 0.659545761958
134.75 0.814952516468
134.82 0.864141575881
134.89 0.666038147851
134.96 0.648013190869
135.03 0.641896474807
135.1 0.795195531624
135.17 0.722977911044
135.24 0.752409414875
135.31 0.71260692736
135.38 0.71079457016
135.45 0.708656048467
135.52 0.718972210951
135.59 0.759544683621
135.66 0.764701996986
135.73 0.706896560376
135.8 0.598483261493
135.87 0.702518024844
135.94 0.528491877076
136.01 0.886727692223
136.08 0.805250826756
136.15 0.654858280582
136.22 0.683146948654
136.29 0.676358071142
136.36 0.820550857462
136.43 0.787440370848
136.5 0.832586167598
136.57 0.721432711723
136.64 0.749520197325
136.71 0.683702334855
136.78 0.685847692999
136.85 0.594335115339
136.92 0.609397281926
136.99 0.751649490704
137.06 0.600932438487
137.13 0.508984005684
137.2 0.525568492433
137.27 0.734557676946
137.34 0.778150438442
137.41 0.605064806623
137.48 0.431268470602
137.55 0.50321038188
137.62 0.800888932242
137.69 0.74132471476
137.76 0.644005968808
137.83 0.757121006495
137.9 0.737700288486
137.97 0.514314336828
138.04 0.439695911387
138.11 0.762957422534
138.18 0.756340379966
138.25 0.748753752401
138.32 0.688226853923
138.39 0.680258982868
138.46 0.724419466231
138.53 0.818358857322
138.6 0.804784341996
138.67 0.738790380588
138.74 0.782225076544
138.81 0.75420661994
138.88 0.702545662912
138.95 0.640227598992
139.02 0.776806371962
139.09 0.751506584192
139.16 0.753390491839
139.23 0.610092436957
139.3 0.607223312426
139.37 0.649493040662
139.44 0.868885312195
139.51 0.910665254662
139.58 0.914745897923
139.65 0.750808983533
139.72 0.680350739378
139.79 0.795999881011
139.86 0.969448874566
139.93 0.768134474618
140.0 0.668807038893
140.07 0.744457746444
140.14 0.911083990415
140.21 0.79712275334
140.28 0.812496891786
140.35 0.773683612187
140.42 0.82893410877
140.49 0.771687667522
140.56 0.719300106959
140.63 0.68946558887
140.7 0.731146316629
140.77 0.696950641573
140.84 0.515084849985
140.91 0.485841414052
140.98 0.565586298528
141.05 0.835687596376
141.12 0.849731672107
141.19 0.760687596582
141.26 0.833075014544
141.33 0.656797791092
141.4 0.910660902438
141.47 0.943995607841
141.54 0.882065825137
141.61 0.757284575385
141.68 0.75642877822
141.75 0.800494634839
141.82 0.81075280122
141.89 0.795625432615
141.96 0.737872386742
142.03 0.748456757595
142.1 0.64354943888
142.17 0.59807879971
142.24 0.547714892188
142.31 0.724306300144
142.38 0.840347226002
142.45 0.810566446915
142.52 0.535424507557
142.59 0.463361973373
142.66 0.867642402863
142.73 0.796689509256
142.8 0.758289497903
142.87 0.778609412619
142.94 0.703679846611
143.01 0.669758360268
143.08 0.670923730538
143.15 0.772826320625
143.22 0.722614571365
143.29 0.893896314691
143.36 0.874645999267
143.43 0.880515362342
143.5 0.741553476018
143.57 0.789639987725
143.64 0.852597796816
143.71 0.936547908163
143.78 0.975730187951
143.85 0.950363590721
143.92 0.93737199627
143.99 0.820194714048
144.06 0.813176982912
144.13 0.733748356346
144.2 0.933431753236
144.27 0.859862147527
144.34 0.764877152966
144.41 0.722163841185
144.48 0.79583498867
144.55 0.863687117981
144.62 0.852416366852
144.69 0.946443439327
144.76 0.976330474983
144.83 0.887392650514
144.9 0.841068720465
144.97 0.783168060178
145.04 0.844899873917
145.11 0.798077801056
145.18 0.835212353402
145.25 0.893524318816
145.32 0.910419376771
145.39 0.907523142174
145.46 0.931888387446
145.53 0.883551171388
145.6 0.821960302421
145.67 0.727040093542
145.74 0.817521668429
145.81 0.926944532937
145.88 0.886587286482
145.95 0.802924312989
146.02 0.833885775775
146.09 0.856999335581
146.16 0.86468185682
146.23 0.806607488078
146.3 0.817513199721
146.37 0.87548507132
146.44 0.85935186481
146.51 0.83582564472
146.58 0.85018299784
146.65 0.834568999069
146.72 0.893937599469
146.79 0.808764553249
146.86 0.8376073144
146.93 0.832406886863
147.0 0.769589029955
147.07 0.823543006412
147.14 0.782160470079
147.21 0.804399141939
147.28 0.795202202644
147.35 0.75516964007
147.42 0.781450304908
147.49 0.845494406695
147.56 0.848107184287
147.63 0.856145811718
147.7 0.814414404059
147.77 0.814564395169
147.84 0.789147738407
147.91 0.75810440777
147.98 0.776445096039
148.05 0.802850740143
148.12 0.79120504846
148.19 0.756704461329
148.26 0.808653070427
148.33 0.820300224798
148.4 0.743414530699
148.47 0.749266436629
148.54 0.782294111056
148.61 0.802365728447
148.68 0.733434315216
148.75 0.790134693699
148.82 0.827726353604
148.89 0.794840145058
148.96 0.805635105911
149.03 0.724892298042
149.1 0.752845024627
149.17 0.734272321616
149.24 0.840229846929
149.31 0.692597062742
149.38 0.765250472292
149.45 0.799033600107
149.52 0.812315397028
149.59 0.866732890131
149.66 0.805704911057
149.73 0.881429308634
149.8 0.77590830846
149.87 0.764401004256
149.94 0.732068733007
150.01 0.736620105722
150.08 0.696546233556
150.15 0.895959702969
150.22 0.890171537747
150.29 0.851169316221
150.36 0.833436318039
150.43 0.854779999284
150.5 0.864117058952
150.57 0.753471165826
150.64 0.687617859685
150.71 0.759739557642
150.78 0.789104537382
150.85 0.75872453416
150.92 0.751135030845
150.99 0.808156125614
151.06 0.816669168862
151.13 0.77493375087
151.2 0.69389623942
151.27 0.763460917049
151.34 0.767472443083
151.41 0.84118710729
151.48 0.847058115029
151.55 0.750662670514
151.62 0.768472060768
151.69 0.800395002416
151.76 0.704274588935
151.83 0.700488227406
151.9 0.686877427466
151.97 0.723272286519
152.04 0.81430604651
152.11 0.654549986814
152.18 0.665780237585
152.25 0.641574978236
152.32 0.735325744476
152.39 0.757676241051
152.46 0.689521033194
152.53 0.715238338039
152.6 0.715058452101
152.67 0.800594256232
152.74 0.715246100906
152.81 0.652532875205
152.88 0.763918864173
152.95 0.73416177348
153.02 0.622529451685
153.09 0.704322850781
153.16 0.771674784554
153.23 0.819584236443
153.3 0.778946842988
153.37 0.736594971182
153.44 0.741821535498
153.51 0.762158462073
153.58 0.696671324488
153.65 0.674067734458
153.72 0.696467692255
153.79 0.614594054808
153.86 0.728939464886
153.93 0.690127649356
154.0 0.651768972409
154.07 0.532676609756
154.14 0.655921233668
154.21 0.693106508652
154.28 0.681085793699
154.35 0.682412866242
154.42 0.618038997694
154.49 0.738459359306
154.56 0.718645678374
154.63 0.755719740739
154.7 0.850694707402
154.77 0.870715523576
154.84 0.868000532832
154.91 0.657030683999
154.98 0.677663953305
155.05 0.677508694583
155.12 0.779968344486
155.19 0.934329841552
155.26 0.909030934704
155.33 0.918519570866
155.4 0.840168816539
155.47 0.887441702295
155.54 0.876583870627
155.61 0.875397174875
155.68 0.842612942362
155.75 0.937355323545
155.82 0.783780932403
155.89 0.762066701427
155.96 0.777793765648
156.03 0.737365842774
156.1 0.816213774896
156.17 0.840754751021
156.24 0.807580424441
156.31 0.770913047531
156.38 0.84133797243
156.45 0.839375835044
156.52 0.801281662183
156.59 0.770972608339
156.66 0.796338894007
156.73 0.804935099605
156.8 0.866962303465
156.87 0.826399789763
156.94 0.871892398219
157.01 0.851751747695
157.08 0.858009320299
157.15 0.807130238806
157.22 0.842583610001
157.29 0.748844184081
157.36 0.758992646027
157.43 0.824255655811
157.5 0.772723216901
157.57 0.748461896996
157.64 0.764736796854
157.71 0.896756388748
157.78 0.804963854334
157.85 0.764380325334
157.92 0.831124715152
157.99 0.757651248506
158.06 0.744605895752
158.13 0.826111183706
158.2 0.891313804147
158.27 0.884806456365
158.34 0.798868983485
158.41 0.838966779784
158.48 0.910020263937
158.55 0.869876820986
158.62 0.806485503121
158.69 0.835549986425
158.76 0.910651991202
158.83 0.894503853132
158.9 0.916975714297
158.97 0.901255093628
159.04 0.808342015333
159.11 0.739451147952
159.18 0.816165347619
159.25 0.801573352156
159.32 0.795596433874
159.39 0.775855454515
159.46 0.786588370333
159.53 0.82054807408
159.6 0.901150226682
159.67 0.831037894011
159.74 0.613849315859
159.81 0.777404796513
159.88 0.820632100809
159.95 1.0
160.02 0.844938980514
160.09 0.889896673523
160.16 0.884131552891
160.23 0.934491024095
160.3 0.863236335415
160.37 0.877026099013
160.44 0.901010007051
160.51 0.844454557479
160.58 0.875461001055
160.65 0.811208611521
160.72 0.832017959086
160.79 0.86885864328
160.86 0.813274661866
160.93 0.849933534224
161.0 0.821412577071
161.07 0.808835189688
161.14 0.844658286213
161.21 0.853996614188
161.28 0.871322070808
161.35 0.823048217722
161.42 0.90084965718
161.49 0.865356470789
161.56 0.838827004061
161.63 0.839155570066
161.7 0.844091052368
161.77 0.869655622699
161.84 0.802296717372
161.91 0.830333365913
161.98 0.823384341183
162.05 0.863820401902
162.12 0.852304114774
162.19 0.756191085046
162.26 0.719045491535
162.33 0.633778449967
162.4 0.66918499857
162.47 0.725872877334
162.54 0.63762633956
162.61 0.584083777138
162.68 0.892426127469
162.75 0.94928819306
162.82 0.853981634377
162.89 0.933733085101
162.96 0.932484138902
163.03 0.925589630702
163.1 0.842892317348
163.17 0.888295128277
163.24 0.899767908333
163.31 0.945770671296
163.38 0.885480153569
163.45 0.871990645154
163.52 0.895766062791
163.59 0.882698058347
163.66 0.910587699056
163.73 0.936844053754
163.8 0.835203764757
163.87 0.863475252781
163.94 0.89991392909
164.01 0.895024032781
164.08 0.85009622495
164.15 0.833475085502
164.22 0.789924732338
164.29 0.790262008304
164.36 0.793107704996
164.43 0.805412706868
164.5 0.786660894068
164.57 0.888162206927
164.64 0.956417842655
164.71 0.834404694009
164.78 0.728174365471
164.85 0.873037064753
164.92 0.833977984465
164.99 0.87472190883
165.06 0.827299248403
165.13 0.839588826557
165.2 0.865110133827
165.27 0.858797258894
165.34 0.855556357683
165.41 0.774701878124
165.48 0.8726516262
165.55 0.830054452756
165.62 0.873338177421
165.69 0.90736363876
165.76 0.914703514406
165.83 0.900056081511
165.9 0.89578209447
165.97 0.932714894987
166.04 0.995388901045
166.11 0.887606611179
166.18 0.89726094616
166.25 0.858898569066
166.32 0.860945306676
166.39 0.930726961336
166.46 0.925751554929
166.53 0.84893635803
166.6 0.950471549856
166.67 0.934019537792
166.74 0.964187888118
166.81 0.930161628573
166.88 0.909114757402
166.95 0.856516613731
167.02 0.928607395321
167.09 0.954063420614
167.16 0.895814641714
167.23 0.990857709579
167.3 0.926293652855
167.37 0.870617057445
167.44 0.859341431605
167.51 0.83889412784
167.58 0.879214978015
167.65 0.783519891348
167.72 0.88045079172
167.79 0.995775399738
167.86 0.894292877125
167.93 0.854321358728
168.0 0.753278257682
168.07 0.683513041387
168.14 0.430515119571
168.21 0.355992775292
168.28 0.278703165334
168.35 0.220441379392
168.42 0.169194299948
168.49 0.148617803932
168.56 0.110495692469
168.63 0.103838593452
168.7 0.0948998042977
168.77 0.0712539855967
168.84 0.0527065618775
168.91 0.0440602540098
168.98 0.0384414974053
169.05 0.0332881654221
169.12 0.0276802983376
169.19 0.0272115140808
169.26 0.0281985520889
169.33 0.0339703368481
169.4 0.0448366785813
169.47 0.0865358850244
169.54 0.181743972062
169.61 0.666783231449
169.68 0.503176744167
169.75 0.451622057495
169.82 0.462037455367
169.89 0.423264490015
169.96 0.418868997767
170.03 0.415063539943
170.1 0.371307111676
170.17 0.378936275783
170.24 0.401253073987
170.31 0.374647295146
170.38 0.337281018941
170.45 0.357790770292
170.52 0.320184773001
170.59 0.573057233043
170.66 0.356657331034
170.73 0.333855205436
170.8 0.326616043031
170.87 0.265869316589
170.94 0.273720401367
171.01 0.262865865919
171.08 0.26469219242
171.15 0.238781620997
171.22 0.376183927878
171.29 0.253010844763
171.36 0.189753422914
171.43 0.290331135181
171.5 0.473494342982
171.57 0.429798491548
171.64 0.348724758898
171.71 0.312382661424
171.78 0.294837375461
171.85 0.273856915335
171.92 0.266291775926
171.99 0.257367890759
172.06 0.203469292454
172.13 0.216554840895
172.2 0.29653759087
172.27 0.313987559412
172.34 0.267873910558
172.41 0.245450276774
172.48 0.43090619382
172.55 0.351859400781
172.62 0.294139056554
172.69 0.272274481548
172.76 0.25639586427
172.83 0.297797196363
172.9 0.201463140673
172.97 0.186062257488
173.04 0.202775163097
173.11 0.39014073994
173.18 0.280297900322
173.25 0.224467612275
173.32 0.181914602115
173.39 0.16295366476
173.46 0.523760440584
173.53 0.359901842784
173.6 0.334810091857
173.67 0.346774179651
173.74 0.33103218525
173.81 0.326103067919
173.88 0.331773825118
173.95 0.314220791453
174.02 0.284505938147
174.09 0.272487743265
174.16 0.274560220619
174.23 0.299476645999
174.3 0.244434446814
174.37 0.412556881061
174.44 0.377864973927
174.51 0.266705237175
174.58 0.22342001122
174.65 0.19340262805
174.72 0.269194502326
174.79 0.272012145993
174.86 0.262360426206
174.93 0.200908977285
175.0 0.345885742877
175.07 0.35010855648
175.14 0.314531366796
175.21 0.315390035574
175.28 0.317178020597
175.35 0.549012329079
175.42 0.356038929266
175.49 0.354608802629
175.56 0.360585791219
175.63 0.338093485494
175.7 0.311674506243
175.77 0.352661624375
175.84 0.343521441826
175.91 0.34638933803
175.98 0.332728827341
176.05 0.332492766424
176.12 0.330114107309
176.19 0.320532373264
176.26 0.426818763737
176.33 0.499247256929
176.4 0.409101280259
176.47 0.43065457546
176.54 0.409920755588
176.61 0.390125416859
176.68 0.374605208026
176.75 0.336521551085
176.82 0.332912406534
176.89 0.337023955133
176.96 0.294947929111
177.03 0.251730359073
177.1 0.233941023236
177.17 0.240921892126
177.24 0.650208869101
177.31 0.498222700465
177.38 0.476790437612
177.45 0.427569328628
177.52 0.427357679866
177.59 0.437499390833
177.66 0.400511922141
177.73 0.356377083398
177.8 0.360393619245
177.87 0.383416937615
177.94 0.373413484539
178.01 0.342500213289
178.08 0.32609047032
178.15 0.357205441012
178.22 0.491933115512
178.29 0.367092735073
178.36 0.342903398493
178.43 0.279165442624
178.5 0.320856986837
178.57 0.310797786146
178.64 0.297727308502
178.71 0.292607607338
178.78 0.248230883114
178.85 0.391386489177
178.92 0.294961040926
178.99 0.257022776103
179.06 0.130377844068
179.13 0.45594937961
179.2 0.388378662848
179.27 0.424436922825
179.34 0.40364713752
179.41 0.3582389611
179.48 0.356210198987
179.55 0.360514368982
179.62 0.379588742628
179.69 0.390170375592
179.76 0.36991873716
179.83 0.362606574026
179.9 0.355173305478
179.97 0.330498323048
180.04 0.350558877217
180.11 0.481677764221
180.18 0.354065105533
180.25 0.302043465378
180.32 0.244351605676
180.39 0.255133614632
180.46 0.199661741923
180.53 0.191334467077
180.6 0.169150242817
180.67 0.273201371467
180.74 0.480276767292
180.81 0.308648578965
180.88 0.229981350287
180.95 0.304843493361
181.02 0.56277718147
181.09 0.486425421259
181.16 0.410670381656
181.23 0.385950020023
181.3 0.361392573826
181.37 0.352479003306
181.44 0.372315956296
181.51 0.353522343124
181.58 0.354334674575
181.65 0.336220055167
181.72 0.329557563088
181.79 0.322328372058
181.86 0.328877471961
181.93 0.329503939887
182.0 0.418204899718
182.07 0.326768354316
182.14 0.277140204199
182.21 0.279418734597
182.28 0.570632672237
182.35 0.395911357029
182.42 0.43160339055
182.49 0.334507036749
182.56 0.294863978204
182.63 0.71468174281
182.7 0.452255705143
182.77 0.454873551828
182.84 0.267592732369
182.91 0.468513242978
182.98 0.62504788928
183.05 0.353016434689
183.12 0.412475003561
183.19 0.368934017948
183.26 0.331359267886
183.33 0.326135455246
183.4 0.334438800444
183.47 0.321244763487
183.54 0.33503990774
183.61 0.378313257101
183.68 0.405494777096
183.75 0.374658177773
183.82 0.335004215922
183.89 0.518149558513
183.96 0.384726008468
184.03 0.37064639532
184.1 0.35895790792
184.17 0.388878170468
184.24 0.379253049288
184.31 0.356416355427
184.38 0.346269764234
184.45 0.367894604368
184.52 0.501735930664
184.59 0.292400687157
184.66 0.247034909419
184.73 0.238864225017
184.8 0.537629549204
184.87 0.643445430798
184.94 0.614176517055
185.01 0.597154093486
185.08 0.561255341059
185.15 0.543490650361
185.22 0.505529080394
185.29 0.485517157534
185.36 0.493376167853
185.43 0.472041379923
185.5 0.502625361405
185.57 0.498619155369
185.64 0.50306443143
185.71 0.534913600337
185.78 0.656863158541
185.85 0.558034640397
185.92 0.524557371753
185.99 0.522069217749
186.06 0.480900786833
186.13 0.46849661299
186.2 0.471192864495
186.27 0.43733952347
186.34 0.413474152524
186.41 0.492704338645
186.48 0.406194743423
186.55 0.246301716201
186.62 0.309545871832
186.69 0.319586167854
186.76 0.600850827055
186.83 0.397040114579
186.9 0.44796656321
186.97 0.478138357265
187.04 0.475706477499
187.11 0.474689914127
187.18 0.461662290102
187.25 0.467472814752
187.32 0.44594260412
187.39 0.488283538155
187.46 0.445274055968
187.53 0.423534345804
187.6 0.389333489989
187.67 0.521173755655
187.74 0.542424232866
187.81 0.435248144204
187.88 0.454218588348
187.95 0.427851289858
188.02 0.41861247161
188.09 0.408980355441
188.16 0.398321712795
188.23 0.375910322311
188.3 0.321178534416
188.37 0.270698029484
188.44 0.208138339261
188.51 0.195691426222
188.58 0.286178381764
188.65 0.783367196813
188.72 0.598099154662
188.79 0.43920216905
188.86 0.471325903026
188.93 0.417768505545
189.0 0.430618089571
189.07 0.440662897734
189.14 0.417223818618
189.21 0.389667864014
189.28 0.422121101438
189.35 0.39498525291
189.42 0.403559468543
189.49 0.413959155948
189.56 0.407891386893
189.63 0.58407487693
189.7 0.427847817178
189.77 0.399007828381
189.84 0.406268505136
189.91 0.361464809434
189.98 0.351990012985
190.05 0.353379602043
190.12 0.291230563492
190.19 0.268087436965
190.26 0.580652897297
190.33 0.414490902007
190.4 0.32068745966
190.47 0.357893660334
190.54 0.607316149754
190.61 0.517266669203
190.68 0.399196453231
190.75 0.383008107066
190.82 0.392105041719
190.89 0.398696312836
190.96 0.382546816851
191.03 0.36984977985
191.1 0.380373915762
191.17 0.371817321327
191.24 0.382702799334
191.31 0.321719140703
191.38 0.274846762919
191.45 0.298887673094
191.52 0.571745821337
191.59 0.486013422699
191.66 0.453882706141
191.73 0.418864881283
191.8 0.426639638783
191.87 0.528244675734
191.94 0.439303945187
192.01 0.396586394228
192.08 0.330931341043
192.15 0.606857800081
192.22 0.339677213781
192.29 0.318950460586
192.36 0.278809792746
192.43 0.44952206339
192.5 0.691724821699
192.57 0.512273834601
192.64 0.427183097383
192.71 0.478434282281
192.78 0.443297213112
192.85 0.480816755968
192.92 0.515538520707
192.99 0.467968113522
193.06 0.456943932339
193.13 0.469237664198
193.2 0.452720985012
193.27 0.324306051721
193.34 0.356351553201
193.41 0.473542203656
193.48 0.437063168985
193.55 0.355869389682
193.62 0.363051027464
193.69 0.412500226331
193.76 0.385530506743
193.83 0.295211341348
193.9 0.26695056087
193.97 0.276292987407
194.04 0.568834424954
194.11 0.407114592858
194.18 0.356787732313
194.25 0.292236383475
194.32 0.401015445608
194.39 0.712035251683
194.46 0.520253397519
194.53 0.463484902668
194.6 0.450737880578
194.67 0.417440187688
194.74 0.465935447228
194.81 0.496733047484
194.88 0.448405452639
194.95 0.425317457495
195.02 0.430221920037
195.09 0.395252257765
195.16 0.354545675396
195.23 0.323842262113
195.3 0.406353953197
195.37 0.528238706419
195.44 0.431247940569
195.51 0.449317723939
195.58 0.393417676239
195.65 0.477032324471
195.72 0.436978644583
195.79 0.341000507596
195.86 0.273766985463
195.93 0.496603699452
196.0 0.427964002387
196.07 0.350744135539
196.14 0.3290321048
196.21 0.262357358833
196.28 0.603007679923
196.35 0.652795924872
196.42 0.512441242878
196.49 0.551115135517
196.56 0.465492963803
196.63 0.462410163976
196.7 0.433272773687
196.77 0.425600285861
196.84 0.406690090444
196.91 0.416852739508
196.98 0.396284836273
197.05 0.429685481242
197.12 0.449220340004
197.19 0.486530091066
197.26 0.603391184307
197.33 0.476701070207
197.4 0.482065430583
197.47 0.481062247852
197.54 0.506617301743
197.61 0.50494580522
197.68 0.487304643506
197.75 0.414465399382
197.82 0.463478008316
197.89 0.530945755078
197.96 0.403384876409
198.03 0.285984340415
198.1 0.422889878945
198.17 0.640771238188
198.24 0.513560100739
198.31 0.458785846611
198.38 0.456079656816
198.45 0.452557214847
198.52 0.458021874886
198.59 0.472697108522
198.66 0.481027384569
198.73 0.486969890368
198.8 0.504850746975
198.87 0.489726580846
198.94 0.387002042231
199.01 0.308062938123
199.08 0.370734575756
199.15 0.617406217183
199.22 0.474542663663
199.29 0.485620873354
199.36 0.541023944534
199.43 0.537098223617
199.5 0.558022977486
199.57 0.517825663187
199.64 0.473946341469
199.71 0.580355109799
199.78 0.532333252808
199.85 0.452855712321
199.92 0.432423029932
199.99 0.352972975867
200.06 0.683869285438
200.13 0.505451400714
200.2 0.425459081914
200.27 0.338137982398
200.34 0.635903098861
200.41 0.540574319987
200.48 0.447928021836
200.55 0.427555501322
200.62 0.396945024627
200.69 0.359433319082
200.76 0.330192873321
200.83 0.332370250707
200.9 0.309995460536
200.97 0.322751534479
201.04 0.315271982368
201.11 0.331435767488
201.18 0.317966221125
201.25 0.40804228374
201.32 0.435334060987
201.39 0.447645142462
201.46 0.412372139713
201.53 0.311546869047
201.6 0.351639466666
201.67 0.357356176564
201.74 0.408432485338
201.81 0.406945779793
201.88 0.40521797181
201.95 0.68914661237
202.02 0.562232331868
202.09 0.473758986304
202.16 0.464162317942
202.23 0.456021711721
202.3 0.450798509798
202.37 0.451935002643
202.44 0.45633826465
202.51 0.416630814701
202.58 0.411902025112
202.65 0.382826966607
202.72 0.394734337634
202.79 0.373063132601
202.86 0.394644192701
202.93 0.425928034359
203.0 0.473711304847
203.07 0.450940285862
203.14 0.441706692488
203.21 0.452003329935
203.28 0.422389122318
203.35 0.42518624836
203.42 0.40399225769
203.49 0.427783640834
203.56 0.401315607046
203.63 0.398704946975
203.7 0.410049600433
203.77 0.394578699799
203.84 0.343882073945
203.91 0.308608430149
203.98 0.33413481892
204.05 0.321493912783
204.12 0.343694480284
204.19 0.330908267502
204.26 0.321490583477
204.33 0.32417226875
204.4 0.294673568074
204.47 0.335885379231
204.54 0.33457456032
204.61 0.330078829069
204.68 0.289148351881
204.75 0.320188850884
204.82 0.303972681921
204.89 0.368208495231
204.96 0.314856213352
205.03 0.305383789464
205.1 0.297435840482
205.17 0.292570026845
205.24 0.312147406984
205.31 0.275769092446
205.38 0.264319549984
205.45 0.256234426687
205.52 0.245922373794
205.59 0.203649993141
205.66 0.198296294816
205.73 0.1633573242
205.8 0.179836764785
205.87 0.159693013801
205.94 0.212903516859
206.01 0.19646147755
206.08 0.199896709614
206.15 0.189289488553
206.22 0.161195345717
206.29 0.202445713413
206.36 0.176360654629
206.43 0.172073379313
206.5 0.191652641234
206.57 0.220715810737
206.64 0.200500394883
206.71 0.175200233514
206.78 0.334985235429
206.85 0.29921430493
206.92 0.239708930008
206.99 0.165249230454
207.06 0.173213973477
207.13 0.172264879912
207.2 0.177868500924
207.27 0.184531953884
207.34 0.134218427108
207.41 0.099786554654
207.48 0.105458891723
207.55 0.087788029563
207.62 0.088903913795
207.69 0.0982708917262
207.76 0.0796720602082
207.83 0.0482408522841
207.9 0.0296270464698
207.97 0.0200360813542
208.04 0.0172826043804
208.11 0.0083474712592
208.18 0.00389274355167
208.25 0.000497119893583
208.32 0.0
208.39 0.0
208.46 0.0
208.53 0.0
208.6 0.0
208.67 0.0
208.74 0.0
208.81 0.0
208.88 0.0
208.95 0.0
209.02 0.0
209.09 0.0
209.16 0.0
209.23 0.0
209.3 0.0
209.37 0.0
209.44 0.0
209.51 0.0
209.58 0.0
209.65 0.0
209.72 0.0
209.79 0.0
209.86 0.0
209.93 0.0
210.0 0.0
210.07 0.0
210.14 0.0
210.21 0.0
210.28 0.0
210.35 0.0
210.42 0.0
210.49 0.0
210.56 0.0
210.63 0.0
210.7 0.0
210.77 0.0
210.84 0.0
210.91 0.0
210.98 0.0
211.05 0.0
211.12 0.0
211.19 0.0
211.26 0.0
211.33 0.0
211.4 0.0
211.47 0.0
211.54 0.0
211.61 0.0
211.68 0.0
211.75 0.0
211.82 0.0
211.89 0.0
211.96 0.0
212.03 0.0
212.1 0.0
212.17 0.0
212.24 0.0
212.31 0.0
212.38 0.0
212.45 0.0
212.52 0.0
212.59 0.0
212.66 0.0
212.73 0.0
212.8 0.0
212.87 0.0
212.94 0.0
213.01 0.0
213.08 0.0
213.15 0.0
213.22 0.0
213.29 0.0
213.36 0.0
213.43 0.0
213.5 0.0
213.57 0.0
213.64 0.0
213.71 0.0
213.78 0.0
213.85 0.0
213.92 0.0
213.99 0.0
214.06 0.0
214.13 0.0
214.2 0.0
214.27 0.0
214.34 0.0
214.41 0.0
214.48 0.0
214.55 0.0
214.62 0.0
214.69 0.0
214.76 0.0
214.83 0.0
214.9 0.0
214.97 0.0
215.04 0.0
215.11 0.0
215.18 0.0
215.25 0.0
215.32 0.0
215.39 0.0
215.46 0.0
215.53 0.0
215.6 0.0
215.67 0.0
215.74 0.0
215.81 0.0
215.88 0.0
215.95 0.0
216.02 0.0
216.09 0.0
216.16 0.0
216.23 0.0
216.3 0.0
216.37 0.0
216.44 0.0
216.51 0.0
216.58 0.0
216.65 0.0
216.72 0.0
216.79 0.0
216.86 0.0
216.93 0.0
217.0 0.0
217.07 0.0
217.14 0.0
217.21 0.0
