0.0 0.0
0.07 0.0
0.14 0.0
0.21 0.0
0.28 0.0
0.35 0.0
0.42 0.0
0.49 0.0
0.56 0.0
0.63 0.0
0.7 0.0
0.77 0.0
0.84 0.0
0.91 0.0
0.98 0.0
1.05 0.0
1.12 0.0
1.19 0.0
1.26 0.0
1.33 0.0
1.4 0.0
1.47 0.0
1.54 0.0
1.61 0.0
1.68 0.0
1.75 0.0
1.82 0.0
1.89 0.0
1.96 0.0
2.03 0.0
2.1 0.0
2.17 0.0
2.24 0.0
2.31 0.0
2.38 0.0
2.45 0.0
2.52 0.0
2.59 0.0
2.66 0.0
2.73 0.0
2.8 0.0
2.87 0.0
2.94 0.0
3.01 0.0
3.08 0.0
3.15 0.0
3.22 0.0
3.29 0.0
3.36 0.0
3.43 0.0
3.5 0.0
3.57 0.0
3.64 0.0
3.71 0.0
3.78 0.0
3.85 0.0
3.92 0.0
3.99 0.232262125792
4.06 0.146882048714
4.13 0.062394069058
4.2 0.26406445671
4.27 0.291430404568
4.34 0.250390080923
4.41 0.1743476139
4.48 0.334016807181
4.55 0.378475445913
4.62 0.477206793224
4.69 0.318017003765
4.76 0.0674303084485
4.83 0.211398087774
4.9 0.335532764955
4.97 0.478488516035
5.04 0.508988557872
5.11 0.392518220375
5.18 0.579933007099
5.25 0.513698070022
5.32 0.483710242306
5.39 0.499265593801
5.46 0.401006568288
5.53 0.582824419102
5.6 0.47243393761
5.67 0.485054130754
5.74 0.522953257958
5.81 0.402407644302
5.88 0.546855829947
5.95 0.459304261399
6.02 0.497321239134
6.09 0.550817833507
6.16 0.373810250201
6.23 0.546613837457
6.3 0.3699591453
6.37 0.579407688435
6.44 0.587102547301
6.51 0.42301837623
6.58 0.641088512393
6.65 0.306573489492
6.72 0.601692756697
6.79 0.418281145869
6.86 0.4979664144
6.93 0.485923576238
7.0 0.359591492152
7.07 0.540098081958
7.14 0.332401441829
7.21 0.234052321643
7.28 0.317766310409
7.35 0.206855529198
7.42 0.0881031877276
7.49 0.0487826097049
7.56 0.0386057237627
7.63 0.0286217089815
7.7 0.0252899378743
7.77 0.288796909931
7.84 0.151938543513
7.91 0.0817710442655
7.98 0.296902229365
8.05 0.347070147252
8.12 0.141583695879
8.19 0.102332918397
8.26 0.341953894103
8.33 0.162859548699
8.4 0.0502764490585
8.47 0.356248431109
8.54 0.25379013484
8.61 0.111295052056
8.68 0.151980539792
8.75 0.536374797711
8.82 0.240025060946
8.89 0.132673134938
8.96 0.167572218933
9.03 0.084118546213
9.1 0.0623374752459
9.17 0.613418260121
9.24 0.374918817288
9.31 0.167912840237
9.38 0.554682819564
9.45 0.346202575536
9.52 0.318112594967
9.59 0.478574059668
9.66 1.0
9.73 0.412115908654
9.8 0.234581530903
9.87 0.774147708043
9.94 0.613431522783
10.01 0.294091222655
10.08 0.283448698953
10.15 0.374511108211
10.22 0.171979802762
10.29 0.101451336448
10.36 0.864278352363
10.43 0.70151440885
10.5 0.662144329796
10.57 0.627612604331
10.64 0.452129472065
10.71 0.237892444242
10.78 0.213743371748
10.85 0.19771930078
10.92 0.105989007308
10.99 0.0847433090273
11.06 0.288615753584
11.13 0.158273709528
11.2 0.0619906528673
11.27 0.153344469595
11.34 0.149018725965
11.41 0.0360627164077
11.48 0.153345580733
11.55 0.582229538689
11.62 0.421338270156
11.69 0.416082347084
11.76 0.655937650257
11.83 0.508795018738
11.9 0.566098778048
11.97 0.364110435014
12.04 0.351611989451
12.11 0.364436934219
12.18 0.568608627673
12.25 0.675933391576
12.32 0.56975865752
12.39 0.321243578191
12.46 0.68615371193
12.53 0.483036708822
12.6 0.46069413568
12.67 0.457378203397
12.74 0.392810169968
12.81 0.415468289056
12.88 0.243997227168
12.95 0.471926445556
13.02 0.356749032603
13.09 0.29197420921
13.16 0.528110020849
13.23 0.399530133892
13.3 0.516988356856
13.37 0.49602963978
13.44 0.618445416793
13.51 0.305975583299
13.58 0.255185818662
13.65 0.764416509934
13.72 0.54234976897
13.79 0.55594089009
13.86 0.56570879232
13.93 0.667140949001
14.0 0.377622118919
14.07 0.381787825352
14.14 0.748444595756
14.21 0.492112508765
14.28 0.202612897174
14.35 0.622386123723
14.42 0.484275201594
14.49 0.27040876568
14.56 0.713001544697
14.63 0.581791581492
14.7 0.53759792279
14.77 0.552912032592
14.84 0.630359916918
14.91 0.37792783565
14.98 0.347851436371
15.05 0.586733889396
15.12 0.484530353485
15.19 0.378738087497
15.26 0.350300242253
15.33 0.359593045378
15.4 0.302121339676
15.47 0.533030584656
15.54 0.67311660867
15.61 0.405396167388
15.68 0.396227008199
15.75 0.494737306839
15.82 0.348678881274
15.89 0.335932275491
15.96 0.660013679366
16.03 0.434506344624
16.1 0.417767787266
16.17 0.369970040475
16.24 0.662959522065
16.31 0.411752849464
16.38 0.327623291907
16.45 0.521799613954
16.52 0.33808328997
16.59 0.445555530804
16.66 0.554416895121
16.73 0.578456971767
16.8 0.378724454814
16.87 0.357411178269
16.94 0.467089793633
17.01 0.341749215623
17.08 0.353925415069
17.15 0.647574156379
17.22 0.457114899218
17.29 0.458088603425
17.36 0.471967291973
17.43 0.391481679332
17.5 0.344093927356
17.57 0.315123994435
17.64 0.400644092096
17.71 0.258297871668
17.78 0.261319239473
17.85 0.722674621582
17.92 0.518940702466
17.99 0.460133590826
18.06 0.559207651564
18.13 0.555189084311
18.2 0.323132656707
18.27 0.41267457221
18.34 0.565615099626
18.41 0.489236881805
18.48 0.350889801466
18.55 0.557714870642
18.62 0.468875586882
18.69 0.463753884532
18.76 0.485898666528
18.83 0.512357106245
18.9 0.309800942716
18.97 0.389606061396
19.04 0.657968135857
19.11 0.381681219579
19.18 0.281630353559
19.25 0.500902999051
19.32 0.422920646653
19.39 0.427344440402
19.46 0.536149079679
19.53 0.582051324222
19.6 0.374032814451
19.67 0.395829611299
19.74 0.712879819704
19.81 0.437842709797
19.88 0.431683162726
19.95 0.576605593416
20.02 0.513200796564
20.09 0.421550101653
20.16 0.511007619082
20.23 0.529272147363
20.3 0.424670038036
20.37 0.34873455111
20.44 0.661654355643
20.51 0.408047305775
20.58 0.339113696629
20.65 0.436073844997
20.72 0.30334297284
20.79 0.339846435583
20.86 0.383170818753
20.93 0.591279066084
21.0 0.36123253092
21.07 0.300148401982
21.14 0.544010879212
21.21 0.363781190772
21.28 0.386379088983
21.35 0.00973889002232
21.42 0.383751927725
21.49 0.383903187687
21.56 0.488949653203
21.63 0.544561986386
21.7 0.379431067507
21.77 0.258812794255
21.84 0.678564400405
21.91 0.400652004516
21.98 0.329132866823
22.05 0.527736509649
22.12 0.428010462681
22.19 0.358033881229
22.26 0.306457770883
22.33 0.524645459623
22.4 0.27668064524
22.47 0.21932338136
22.54 0.481200830469
22.61 0.270389755864
22.68 0.34757549125
22.75 0.515423898398
22.82 0.540043677076
22.89 0.346275129719
22.96 0.271608191145
23.03 0.637764974247
23.1 0.307479502491
23.17 0.429764894521
23.24 0.569820883392
23.31 0.491077353148
23.38 0.33604154993
23.45 0.590691490354
23.52 0.631589273189
23.59 0.287637747886
23.66 0.285716536725
23.73 0.709126373389
23.8 0.460479880762
23.87 0.420749216495
23.94 0.519162241629
24.01 0.435287829509
24.08 0.418941332792
24.15 0.28463202744
24.22 0.646615451995
24.29 0.403681632174
24.36 0.275693029759
24.43 0.529196436171
24.5 0.343767086098
24.57 0.357684013709
24.64 0.605660385862
24.71 0.469709541569
24.78 0.370163752787
24.85 0.504461885449
24.92 0.554615049834
24.99 0.61189384135
25.06 0.56183262927
25.13 0.745902608109
25.2 0.620852535106
25.27 0.578773351334
25.34 0.693819273544
25.41 0.642041746063
25.48 0.514936529449
25.55 0.56702350076
25.62 0.695717972599
25.69 0.452875469379
25.76 0.381004933527
25.83 0.540145115466
25.9 0.338064873908
25.97 0.399744509282
26.04 0.520424152196
26.11 0.481502892169
26.18 0.185597999935
26.25 0.252497918069
26.32 0.312493471796
26.39 0.1800348822
26.46 0.153211297624
26.53 0.825265061509
26.6 0.526321106088
26.67 0.759134041101
26.74 0.676328432821
26.81 0.57666302838
26.88 0.698151704439
26.95 0.632654398335
27.02 0.668899294025
27.09 0.677302441435
27.16 0.455524488753
27.23 0.818668410224
27.3 0.677299414579
27.37 0.588783598865
27.44 0.652557165489
27.51 0.580347836924
27.58 0.581607808109
27.65 0.512320071901
27.72 0.522850825675
27.79 0.575911125793
27.86 0.504675306744
27.93 0.628131011997
28.0 0.52695435679
28.07 0.499261521421
28.14 0.662052487206
28.21 0.555037660851
28.28 0.546668869437
28.35 0.436798227291
28.42 0.575978574981
28.49 0.561334195195
28.56 0.351738451569
28.63 0.69425440503
28.7 0.432182951034
28.77 0.61220901082
28.84 0.42436663501
28.91 0.431503666093
28.98 0.48849368331
29.05 0.384936425435
29.12 0.612841751669
29.19 0.45034542028
29.26 0.495055348273
29.33 0.582652102378
29.4 0.435626700744
29.47 0.544490009822
29.54 0.526094252178
29.61 0.572802564321
29.68 0.563572742168
29.75 0.398471606733
29.82 0.721777977422
29.89 0.54427297437
29.96 0.425771267095
30.03 0.593814704218
30.1 0.521189115225
30.17 0.612692023421
30.24 0.384800534241
30.31 0.62563730883
30.38 0.526568078799
30.45 0.489142729811
30.52 0.733834768808
30.59 0.466680665785
30.66 0.584499258834
30.73 0.519995666024
30.8 0.474296510163
30.87 0.47798310965
30.94 0.392383081055
31.01 0.67268871195
31.08 0.501862868355
31.15 0.476718090479
31.22 0.590304888595
31.29 0.547651162643
31.36 0.473237216071
31.43 0.477958425825
31.5 0.459008771869
31.57 0.608004880315
31.64 0.48247946834
31.71 0.612659556252
31.78 0.451857938151
31.85 0.316971495097
31.92 0.657634295398
31.99 0.488909467229
32.06 0.528387120133
32.13 0.542131727793
32.2 0.457719949822
32.27 0.234806166839
32.34 0.362122613666
32.41 0.630435890566
32.48 0.488529974385
32.55 0.470322911186
32.62 0.544243351198
32.69 0.352047713615
32.76 0.501680580433
32.83 0.490116999806
32.9 0.592083950478
32.97 0.590748339094
33.04 0.447662200878
33.11 0.631267507884
33.18 0.342950041574
33.25 0.284814844578
33.32 0.608626521618
33.39 0.521133163571
33.46 0.645228543258
33.53 0.529235006531
33.6 0.507533022119
33.67 0.337927303638
33.74 0.291903941841
33.81 0.675036792593
33.88 0.403627082081
33.95 0.401940453315
34.02 0.523398420878
34.09 0.504477896375
34.16 0.558432049364
34.23 0.520453126756
34.3 0.638038920825
34.37 0.506901255802
34.44 0.336561286014
34.51 0.606326895406
34.58 0.525697672766
34.65 0.470848589115
34.72 0.619258580402
34.79 0.520012539616
34.86 0.613084932744
34.93 0.469576788022
35.0 0.642136376717
35.07 0.550027303551
35.14 0.387116853336
35.21 0.650698111359
35.28 0.427966705577
35.35 0.550738021969
35.42 0.544798414582
35.49 0.470843090434
35.56 0.435190983033
35.63 0.414615391243
35.7 0.575722353903
35.77 0.569428630211
35.84 0.337699347196
35.91 0.590949904666
35.98 0.437634097695
36.05 0.414891826856
36.12 0.626427152527
36.19 0.472069981335
36.26 0.614755281672
36.33 0.450872718124
36.4 0.540405160451
36.47 0.48185359869
36.54 0.394265022689
36.61 0.640536882458
36.68 0.522812499486
36.75 0.510906231247
36.82 0.576558321115
36.89 0.48430199045
36.96 0.468376869913
37.03 0.421019441352
37.1 0.582191768607
37.17 0.486535095752
37.24 0.425264650614
37.31 0.557450003556
37.38 0.335415566263
37.45 0.20433844911
37.52 0.577146713257
37.59 0.507418207049
37.66 0.590300837728
37.73 0.4652340869
37.8 0.650236000628
37.87 0.520412229784
37.94 0.390363968215
38.01 0.781720010445
38.08 0.498557126701
38.15 0.60669311268
38.22 0.521464782829
38.29 0.456077567577
38.36 0.523834356944
38.43 0.505431181676
38.5 0.6267128677
38.57 0.582955409672
38.64 0.454179821541
38.71 0.61947097446
38.78 0.55911481293
38.85 0.565996298437
38.92 0.716279685385
38.99 0.556090616187
39.06 0.645949225345
39.13 0.478319710206
39.2 0.592393424426
39.27 0.49101757221
39.34 0.422713381255
39.41 0.699622401361
39.48 0.447283618028
39.55 0.59491294622
39.62 0.505778511757
39.69 0.564857800544
39.76 0.255603753865
39.83 0.419862893116
39.9 0.576618728077
39.97 0.51022990217
40.04 0.502475679714
40.11 0.63895518469
40.18 0.496408475407
40.25 0.614299517227
40.32 0.538810553908
40.39 0.599697942602
40.46 0.598696862238
40.53 0.422781317709
40.6 0.710315148926
40.67 0.451480376084
40.74 0.382990278748
40.81 0.61685282923
40.88 0.447405247288
40.95 0.455682374667
41.02 0.394531169789
41.09 0.616668225451
41.16 0.351203775898
41.23 0.245543402944
41.3 0.554765498763
41.37 0.28221055684
41.44 0.409357984861
41.51 0.317680655986
41.58 0.386241251954
41.65 0.38773473527
41.72 0.388448804312
41.79 0.691343566938
41.86 0.411309853961
41.93 0.341265183314
42.0 0.429994839824
42.07 0.289993270893
42.14 0.328894660591
42.21 0.625278344608
42.28 0.479944185168
42.35 0.464905772013
42.42 0.324482018019
42.49 0.666264851748
42.56 0.440412365099
42.63 0.360490998595
42.7 0.621288373289
42.77 0.519458763775
42.84 0.355167228347
42.91 0.512642401918
42.98 0.557137758755
43.05 0.363216349805
43.12 0.39956629589
43.19 0.496397353272
43.26 0.368195794239
43.33 0.311732470356
43.4 0.68608231944
43.47 0.457724793437
43.54 0.567568425145
43.61 0.550192782421
43.68 0.401953649287
43.75 0.497147032507
43.82 0.596464001107
43.89 0.551913041124
43.96 0.413119203764
44.03 0.553355719732
44.1 0.803136358205
44.17 0.495569413573
44.24 0.444204141907
44.31 0.641570477318
44.38 0.49053065503
44.45 0.442677514843
44.52 0.335921268449
44.59 0.534111122672
44.66 0.372236456249
44.73 0.334873756936
44.8 0.411838530778
44.87 0.352285674601
44.94 0.388797730646
45.01 0.530651942882
45.08 0.422052449989
45.15 0.430171322508
45.22 0.203963219035
45.29 0.472749946081
45.36 0.382148130899
45.43 0.321065942418
45.5 0.656034507489
45.57 0.476666264986
45.64 0.402629387837
45.71 0.318824410539
45.78 0.379325537376
45.85 0.357836651568
45.92 0.292582079071
45.99 0.694418031644
46.06 0.418496223653
46.13 0.304065898715
46.2 0.683131835347
46.27 0.391154636928
46.34 0.383697551886
46.41 0.384399233838
46.48 0.507467247705
46.55 0.412103180585
46.62 0.294653321811
46.69 0.734633850115
46.76 0.381758913179
46.83 0.40481310505
46.9 0.461452203845
46.97 0.382829997379
47.04 0.385287860165
47.11 0.257984541544
47.18 0.663159821607
47.25 0.348382822729
47.32 0.320085774681
47.39 0.658612353803
47.46 0.42594528656
47.53 0.51800593111
47.6 0.492926183303
47.67 0.56570233094
47.74 0.381677872182
47.81 0.467210765676
47.88 0.673408307639
47.95 0.468760435136
48.02 0.40279261754
48.09 0.575894651265
48.16 0.461942773904
48.23 0.331603601812
48.3 0.595085662007
48.37 0.610570022225
48.44 0.443535464945
48.51 0.350565386855
48.58 0.604294613484
48.65 0.376694702801
48.72 0.282025970272
48.79 0.756012040561
48.86 0.49565152806
48.93 0.387545504081
49.0 0.34512525584
49.07 0.343498516652
49.14 0.232065718997
49.21 0.403287962372
49.28 0.679354756107
49.35 0.469603702729
49.42 0.482134360534
49.49 0.460034234878
49.56 0.323008366309
49.63 0.342353320739
49.7 0.463900133079
49.77 0.610522416475
49.84 0.364835191632
49.91 0.273411785189
49.98 0.588672091393
50.05 0.420203381041
50.12 0.341828323692
50.19 0.515611108457
50.26 0.347443515392
50.33 0.451532393041
50.4 0.454413084123
50.47 0.481385364331
50.54 0.352327264287
50.61 0.296300603604
50.68 0.562483974418
50.75 0.338015354592
50.82 0.323622744878
50.89 0.59651678392
50.96 0.472355580339
51.03 0.587761908131
51.1 0.495873103796
51.17 0.528869413129
51.24 0.45290178818
51.31 0.33890931395
51.38 0.674121959332
51.45 0.354825575502
51.52 0.338509396822
51.59 0.668412220877
51.66 0.561608163286
51.73 0.516064947504
51.8 0.522599227704
51.87 0.502821862086
51.94 0.378351006001
52.01 0.373560131237
52.08 0.507946681646
52.15 0.411513739693
52.22 0.351402237169
52.29 0.468826559134
52.36 0.353707985933
52.43 0.374864675939
52.5 0.49547712244
52.57 0.407129495138
52.64 0.417004646374
52.71 0.44766051965
52.78 0.70449339207
52.85 0.4117867709
52.92 0.332770721455
52.99 0.545075691346
53.06 0.456803894632
53.13 0.431445393205
53.2 0.573889081829
53.27 0.542138128937
53.34 0.328594052082
53.41 0.448589785872
53.48 0.602959632426
53.55 0.313543714364
53.62 0.32755122714
53.69 0.568837460762
53.76 0.470964393775
53.83 0.415565034421
53.9 0.465024194785
53.97 0.476302339905
54.04 0.445700243335
54.11 0.322505403782
54.18 0.651435252915
54.25 0.402010600212
54.32 0.381935916473
54.39 0.480153698657
54.46 0.425232386741
54.53 0.403746668697
54.6 0.449361340433
54.67 0.547849992859
54.74 0.354265779295
54.81 0.352068593972
54.88 0.578413750332
54.95 0.408138943994
55.02 0.361090307424
55.09 0.56494598918
55.16 0.505424970921
55.23 0.345895476605
55.3 0.440329629967
55.37 0.673240744176
55.44 0.40132179154
55.51 0.402826067845
55.58 0.617634176432
55.65 0.445870347464
55.72 0.302171845356
55.79 0.460380880852
55.86 0.405042721207
55.93 0.41185356072
56.0 0.424371349548
56.07 0.687366173097
56.14 0.460054418219
56.21 0.34451488296
56.28 0.548644282183
56.35 0.360488959178
56.42 0.368250657343
56.49 0.478103449216
56.56 0.506150612791
56.63 0.310937545328
56.7 0.304634902415
56.77 0.553310475015
56.84 0.405510168197
56.91 0.369964698838
56.98 0.580435019834
57.05 0.339912040046
57.12 0.351659054153
57.19 0.515258550757
57.26 0.469458025347
57.33 0.411232733679
57.4 0.297614567699
57.47 0.705121876604
57.54 0.480139396925
57.61 0.410528450825
57.68 0.61999842397
57.75 0.463637400066
57.82 0.52533058745
57.89 0.542724583848
57.96 0.578163492611
58.03 0.431489760198
58.1 0.351648114877
58.17 0.524845773149
58.24 0.301789719342
58.31 0.317352758447
58.38 0.472381476413
58.45 0.326574655272
58.52 0.305370403618
58.59 0.517646921711
58.66 0.660375444559
58.73 0.666922662578
58.8 0.503251152838
58.87 0.623791279646
58.94 0.552061863682
59.01 0.532131372939
59.08 0.781621896864
59.15 0.543925432387
59.22 0.623672998858
59.29 0.569145060942
59.36 0.496105679043
59.43 0.353964155381
59.5 0.321357228341
59.57 0.491182321794
59.64 0.383328560532
59.71 0.39045902052
59.78 0.404347612502
59.85 0.61194852052
59.92 0.30594433053
59.99 0.324752095514
60.06 0.473886783183
60.13 0.236595301031
60.2 0.176233979648
60.27 0.559153028328
60.34 0.365563783987
60.41 0.33574147494
60.48 0.63082767907
60.55 0.530458356419
60.62 0.651904871625
60.69 0.405573774117
60.76 0.672370288664
60.83 0.366316932167
60.9 0.311015113078
60.97 0.702151881446
61.04 0.488852459295
61.11 0.610855960057
61.18 0.446589022403
61.25 0.434031905964
61.32 0.367982634324
61.39 0.387451624225
61.46 0.716583407876
61.53 0.538607912694
61.6 0.558419845133
61.67 0.552687128821
61.74 0.403582170813
61.81 0.28308169646
61.88 0.594156599082
61.95 0.501257532705
62.02 0.566547796069
62.09 0.396548182977
62.16 0.579663640603
62.23 0.304372438312
62.3 0.228997248842
62.37 0.662347330275
62.44 0.464805532963
62.51 0.542428327385
62.58 0.470656559105
62.65 0.416619136391
62.72 0.234433001995
62.79 0.394765755411
62.86 0.654540216366
62.93 0.538856264377
63.0 0.370988236449
63.07 0.611579179582
63.14 0.306710884432
63.21 0.203194079289
63.28 0.574312625427
63.35 0.465207855226
63.42 0.634414524622
63.49 0.455058250784
63.56 0.593055746497
63.63 0.492487298904
63.7 0.391256574416
63.77 0.665742318996
63.84 0.487930525723
63.91 0.466435535648
63.98 0.443017290693
64.05 0.558975063409
64.12 0.377201027784
64.19 0.329728514167
64.26 0.687835593889
64.33 0.495822842286
64.4 0.488281782972
64.47 0.580817803066
64.54 0.478765940163
64.61 0.308484870363
64.68 0.449436293297
64.75 0.552810642605
64.82 0.609533789891
64.89 0.390303174022
64.96 0.565200468795
65.03 0.360766480113
65.1 0.300809853859
65.17 0.641508067512
65.24 0.502406021158
65.31 0.669083547145
65.38 0.517611254508
65.45 0.559875547611
65.52 0.31856715792
65.59 0.262861597796
65.66 0.714559469707
65.73 0.4800565069
65.8 0.519811738824
65.87 0.545612174095
65.94 0.40199412676
66.01 0.240679354427
66.08 0.380096546587
66.15 0.446425902416
66.22 0.318057641509
66.29 0.240841991451
66.36 0.615514230788
66.43 0.443873612273
66.5 0.451326542112
66.57 0.651919502504
66.64 0.443027470566
66.71 0.683606220225
66.78 0.491699934561
66.85 0.600322131023
66.92 0.356861988964
66.99 0.290412970148
67.06 0.728039280197
67.13 0.471517072461
67.2 0.473809929659
67.27 0.55126541447
67.34 0.453008279935
67.41 0.339465969284
67.48 0.36506605876
67.55 0.582690393071
67.62 0.422483775854
67.69 0.334687861311
67.76 0.577448256498
67.83 0.355418701543
67.9 0.238330009905
67.97 0.550366914828
68.04 0.591173981269
68.11 0.536470866497
68.18 0.359024141713
68.25 0.632552614664
68.32 0.381653512124
68.39 0.28055265954
68.46 0.642295609335
68.53 0.4352278883
68.6 0.566187637884
68.67 0.452428572524
68.74 0.539022212227
68.81 0.319936107744
68.88 0.291912184483
68.95 0.649017850392
69.02 0.440404668883
69.09 0.508206555604
69.16 0.472946986429
69.23 0.410150461728
69.3 0.268020758293
69.37 0.403477133326
69.44 0.618029623194
69.51 0.506292610403
69.58 0.386405731552
69.65 0.557843186091
69.72 0.364959678872
69.79 0.218182315911
69.86 0.569927512829
69.93 0.325865185674
70.0 0.573053042549
70.07 0.416444072478
70.14 0.443184617515
70.21 0.271194290675
70.28 0.270365004273
70.35 0.687205664768
70.42 0.403111677606
70.49 0.412759261783
70.56 0.556460464827
70.63 0.376721876737
70.7 0.193032998826
70.77 0.376990011623
70.84 0.460284136562
70.91 0.26139177537
70.98 0.214633245819
71.05 0.366969901534
71.12 0.226803161367
71.19 0.232682201521
71.26 0.54804784209
71.33 0.413136574301
71.4 0.505087178554
71.47 0.325368090773
71.54 0.486007389164
71.61 0.328373980094
71.68 0.308142837817
71.75 0.604359113263
71.82 0.46991102862
71.89 0.469197053159
71.96 0.417966546489
72.03 0.433994785569
72.1 0.282465310744
72.17 0.409390670385
72.24 0.547982700153
72.31 0.493056351008
72.38 0.416651016259
72.45 0.514319241269
72.52 0.374787256628
72.59 0.297972819847
72.66 0.515774825426
72.73 0.472557873046
72.8 0.517711513995
72.87 0.466740687667
72.94 0.586607756424
73.01 0.313776614455
73.08 0.281839908998
73.15 0.697689797004
73.22 0.324507832344
73.29 0.28974742653
73.36 0.429885688007
73.43 0.442427637899
73.5 0.346362599826
73.57 0.474370183014
73.64 0.648895769362
73.71 0.637526131236
73.78 0.571542552262
73.85 0.669286134577
73.92 0.428703292101
73.99 0.373629005651
74.06 0.638423568144
74.13 0.612712013146
74.2 0.434322977833
74.27 0.429239930819
74.34 0.655070891726
74.41 0.482412109505
74.48 0.459241657976
74.55 0.728085171375
74.62 0.493433726988
74.69 0.439818711994
74.76 0.538825773162
74.83 0.524254168066
74.9 0.317112289065
74.97 0.28730479268
75.04 0.669231078933
75.11 0.35477946597
75.18 0.313416526187
75.25 0.417042889739
75.32 0.421989495907
75.39 0.415550476686
75.46 0.588390992873
75.53 0.78923271692
75.6 0.976918968716
75.67 0.850457277335
75.74 0.844415681905
75.81 0.765743165526
75.88 0.644986446431
75.95 0.695194500812
76.02 0.528767899444
76.09 0.60587960164
76.16 0.551719194356
76.23 0.591853736265
76.3 0.730148681326
76.37 0.527574019987
76.44 0.781519187065
76.51 0.712572339996
76.58 0.675073474126
76.65 0.698346234239
76.72 0.650269695104
76.79 0.614875748164
76.86 0.726167056987
76.93 0.640925851705
77.0 0.57987558827
77.07 0.420108298618
77.14 0.560676639292
77.21 0.555936810181
77.28 0.380577413282
77.35 0.560951544267
77.42 0.433376239963
77.49 0.517290364775
77.56 0.465153562212
77.63 0.482076261899
77.7 0.471508408167
77.77 0.552161730559
77.84 0.71922850546
77.91 0.564127780812
77.98 0.615556402396
78.05 0.523904437152
78.12 0.53284336169
78.19 0.641537812231
78.26 0.643263172703
78.33 0.607612886364
78.4 0.684113947845
78.47 0.649126949502
78.54 0.698587731934
78.61 0.509442250631
78.68 0.529725775584
78.75 0.675702357724
78.82 0.593843756224
78.89 0.457350266831
78.96 0.30337831735
79.03 0.467142210728
79.1 0.30424966672
79.17 0.30396149263
79.24 0.655255252409
79.31 0.565447559827
79.38 0.660355590364
79.45 0.545276062957
79.52 0.529145713211
79.59 0.611750737979
79.66 0.568952884646
79.73 0.666646961628
79.8 0.532289286821
79.87 0.527133643672
79.94 0.590277622153
80.01 0.519377562508
80.08 0.561467377923
80.15 0.727871042307
80.22 0.511974011077
80.29 0.393321086866
80.36 0.371938196941
80.43 0.640935443202
80.5 0.616437222792
80.57 0.49242387154
80.64 0.62140139634
80.71 0.614778254152
80.78 0.588530178757
80.85 0.518961731261
80.92 0.617674352725
80.99 0.403261181045
81.06 0.457695538134
81.13 0.711388600614
81.2 0.645295816041
81.27 0.670364143759
81.34 0.672564317215
81.41 0.661052383525
81.48 0.4122008467
81.55 0.47706557115
81.62 0.608520765602
81.69 0.513685408644
81.76 0.426798290861
81.83 0.696726895466
81.9 0.427438399856
81.97 0.291377950901
82.04 0.713623075208
82.11 0.517240947644
82.18 0.642952264925
82.25 0.631227797344
82.32 0.623812463333
82.39 0.565122654723
82.46 0.560520400185
82.53 0.721347633617
82.6 0.545100551577
82.67 0.544541515849
82.74 0.473063016974
82.81 0.561550554068
82.88 0.413735502353
82.95 0.563768255105
83.02 0.719448767837
83.09 0.823844366866
83.16 0.7105711538
83.23 0.633238136175
83.3 0.664899081521
83.37 0.584289594755
83.44 0.572998808695
83.51 0.548905453365
83.58 0.594456775183
83.65 0.534205930806
83.72 0.643476572486
83.79 0.48416623909
83.86 0.420578439014
83.93 0.729266607808
84.0 0.585961400103
84.07 0.602879502498
84.14 0.601661240395
84.21 0.643349543505
84.28 0.584533502963
84.35 0.596856578056
84.42 0.700923430865
84.49 0.508776575785
84.56 0.419729766322
84.63 0.558971088913
84.7 0.3946936175
84.77 0.311599690994
84.84 0.621365580698
84.91 0.616023973085
84.98 0.596630354473
85.05 0.577435969443
85.12 0.603685674435
85.19 0.620263082382
85.26 0.558725636084
85.33 0.676703805957
85.4 0.56580691128
85.47 0.642183724313
85.54 0.585853542283
85.61 0.59957553888
85.68 0.439928011174
85.75 0.511631357885
85.82 0.637128951616
85.89 0.730837565293
85.96 0.716088873002
86.03 0.687935034813
86.1 0.671757157839
86.17 0.567981757676
86.24 0.740947221478
86.31 0.629665363244
86.38 0.625531635639
86.45 0.485213454802
86.52 0.619439287131
86.59 0.469096121396
86.66 0.323645566768
86.73 0.62954672104
86.8 0.576029855124
86.87 0.671254556727
86.94 0.588827007461
87.01 0.679010067802
87.08 0.587267352819
87.15 0.786016502
87.22 0.587162158288
87.29 0.520460239975
87.36 0.434103815838
87.43 0.637246010475
87.5 0.586014259287
87.57 0.540944294657
87.64 0.647905628275
87.71 0.656234407969
87.78 0.724183567248
87.85 0.61618532149
87.92 0.683839474202
87.99 0.565366822161
88.06 0.484384439462
88.13 0.81120739909
88.2 0.683919365338
88.27 0.647595635868
88.34 0.673362377739
88.41 0.575448688067
88.48 0.28282294117
88.55 0.399450489079
88.62 0.585307390591
88.69 0.585521008729
88.76 0.519292954684
88.83 0.615939285663
88.9 0.55585085888
88.97 0.415265953323
89.04 0.598750367883
89.11 0.658693754064
89.18 0.738194380093
89.25 0.62211682822
89.32 0.736835973709
89.39 0.612582291833
89.46 0.498505658322
89.53 0.617271342052
89.6 0.639516402896
89.67 0.747477249667
89.74 0.669087316193
89.81 0.693326881348
89.88 0.711043961788
89.95 0.565838784694
90.02 0.719887417747
90.09 0.558914634935
90.16 0.355238410012
90.23 0.534544035109
90.3 0.454856804608
90.37 0.380470349286
90.44 0.493380076132
90.51 0.563696090304
90.58 0.641952567837
90.65 0.576632991086
90.72 0.583543092965
90.79 0.394411251875
90.86 0.489945732908
90.93 0.668874647847
91.0 0.578910082604
91.07 0.523924762478
91.14 0.480524976825
91.21 0.64379537655
91.28 0.486993135179
91.35 0.410603064862
91.42 0.633270282803
91.49 0.545404338607
91.56 0.552863828785
91.63 0.525728459783
91.7 0.50134050663
91.77 0.558300315526
91.84 0.626018341993
91.91 0.694045625128
91.98 0.603250882852
92.05 0.448361519646
92.12 0.655728870355
92.19 0.418287657804
92.26 0.221757806989
92.33 0.613830205075
92.4 0.609571675067
92.47 0.605049922629
92.54 0.525282669763
92.61 0.556850008467
92.68 0.624593663173
92.75 0.503606820218
92.82 0.69996300438
92.89 0.589368934033
92.96 0.592843748275
93.03 0.563533129511
93.1 0.621708169351
93.17 0.614686324435
93.24 0.664889807339
93.31 0.669396697636
93.38 0.62179370653
93.45 0.424578797805
93.52 0.556937532356
93.59 0.521889084755
93.66 0.505471931286
93.73 0.541952003125
93.8 0.51630428531
93.87 0.519690040723
93.94 0.447364462182
94.01 0.67688481279
94.08 0.535177486957
94.15 0.375069202753
94.22 0.621391772574
94.29 0.495696856677
94.36 0.606776905168
94.43 0.539198473329
94.5 0.567172462075
94.57 0.574840778407
94.64 0.458988357265
94.71 0.696693972225
94.78 0.586889451925
94.85 0.475227105878
94.92 0.724456099357
94.99 0.584360911951
95.06 0.526917051385
95.13 0.661956300098
95.2 0.603616409564
95.27 0.585419035745
95.34 0.386146175985
95.41 0.69642610625
95.48 0.387165482021
95.55 0.230387018786
95.62 0.162624320919
95.69 0.121687849404
95.76 0.0902546701109
95.83 0.494800825632
95.9 0.386355454984
95.97 0.50180191174
96.04 0.502924087846
96.11 0.58570255661
96.18 0.594930784662
96.25 0.426790194506
96.32 0.653792493723
96.39 0.500673692679
96.46 0.558575537815
96.53 0.657370927756
96.6 0.442035364281
96.67 0.630219683359
96.74 0.494678231522
96.81 0.451119812383
96.88 0.515331181311
96.95 0.390214132402
97.02 0.599357541804
97.09 0.57441164685
97.16 0.43869400813
97.23 0.690135939705
97.3 0.599414079683
97.37 0.262405685988
97.44 0.157907294336
97.51 0.153275614543
97.58 0.114042781992
97.65 0.0902820183009
97.72 0.539033043939
97.79 0.52463608433
97.86 0.584050349454
97.93 0.559452215914
98.0 0.590425084025
98.07 0.707858183225
98.14 0.518474430077
98.21 0.669929644751
98.28 0.618387886097
98.35 0.48588853721
98.42 0.697853199885
98.49 0.513800102167
98.56 0.706294544407
98.63 0.56310247377
98.7 0.736389634037
98.77 0.609221019101
98.84 0.346909762622
98.91 0.72097838626
98.98 0.534479855872
99.05 0.41917923139
99.12 0.621890276566
99.19 0.47056093671
99.26 0.269262593083
99.33 0.16978092653
99.4 0.118352794363
99.47 0.100240103663
99.54 0.0730521691277
99.61 0.688461552817
99.68 0.451931390496
99.75 0.315970939646
99.82 0.685201337698
99.89 0.525323002024
99.96 0.667963766493
100.03 0.556194158532
100.1 0.455956542828
100.17 0.391186535083
100.24 0.468218286982
100.31 0.66917745927
100.38 0.431003837986
100.45 0.335105595369
100.52 0.713426518898
100.59 0.451901342445
100.66 0.39232698419
100.73 0.684071302954
100.8 0.58632292973
100.87 0.69974581296
100.94 0.55680764647
101.01 0.640000494365
101.08 0.372064389074
101.15 0.292536425611
101.22 0.69009250852
101.29 0.495238828006
101.36 0.24819367544
101.43 0.43948093146
101.5 0.534584560986
101.57 0.688430439881
101.64 0.543932643489
101.71 0.803729489624
101.78 0.685849467753
101.85 0.568213912348
101.92 0.655350178865
101.99 0.587470399551
102.06 0.722178679768
102.13 0.597551328573
102.2 0.757128990124
102.27 0.603748973797
102.34 0.451657043779
102.41 0.70433683995
102.48 0.592283304532
102.55 0.497581779989
102.62 0.602769449293
102.69 0.546613811642
102.76 0.673802960577
102.83 0.499123321901
102.9 0.618081617562
102.97 0.42188642039
103.04 0.300235972124
103.11 0.220627177415
103.18 0.127292989233
103.25 0.0993804099466
103.32 0.548746990906
103.39 0.513972316704
103.46 0.658352458332
103.53 0.549955175321
103.6 0.706480002245
103.67 0.692065720503
103.74 0.492937092462
103.81 0.715550450871
103.88 0.475033287077
103.95 0.689557937186
104.02 0.684889317707
104.09 0.456579204914
104.16 0.660047101704
104.23 0.595909540082
104.3 0.657833451534
104.37 0.273156076115
104.44 0.331097615656
104.51 0.701509425402
104.58 0.605257104127
104.65 0.438442973796
104.72 0.656935528435
104.79 0.640743764927
104.86 0.311897187671
104.93 0.205280098119
105.0 0.164605933663
105.07 0.106954435527
105.14 0.0837135606611
105.21 0.519812630531
105.28 0.68422875431
105.35 0.658290209872
105.42 0.578374471124
105.49 0.634593895404
105.56 0.662924833696
105.63 0.491113318304
105.7 0.721981450107
105.77 0.632531243815
105.84 0.588631380506
105.91 0.746233864877
105.98 0.565989958605
106.05 0.613224372479
106.12 0.566094152789
106.19 0.584679393322
106.26 0.709466583798
106.33 0.539195589533
106.4 0.68555788818
106.47 0.564653924493
106.54 0.368178941085
106.61 0.739393270964
106.68 0.555567398251
106.75 0.280448393288
106.82 0.159688697892
106.89 0.128095662108
106.96 0.087875308732
107.03 0.0749100228411
107.1 0.718431118288
107.17 0.417156636697
107.24 0.27090983938
107.31 0.674347667682
107.38 0.558242444927
107.45 0.59947603772
107.52 0.62864539246
107.59 0.524023511763
107.66 0.591786303211
107.73 0.466347869774
107.8 0.667101086795
107.87 0.45858886394
107.94 0.387242530236
108.01 0.649802579412
108.08 0.526568673629
108.15 0.497500903566
108.22 0.693967689509
108.29 0.646497863921
108.36 0.440117502668
108.43 0.476529422925
108.5 0.641375055811
108.57 0.394134497872
108.64 0.239862305601
108.71 0.671771811306
108.78 0.446043005166
108.85 0.430440145805
108.92 0.325454108764
108.99 0.42998196762
109.06 0.245867878866
109.13 0.157044874943
109.2 0.731082536235
109.27 0.423552085975
109.34 0.460750953226
109.41 0.459962067926
109.48 0.408917169684
109.55 0.445726737465
109.62 0.544199759743
109.69 0.660810775038
109.76 0.520487648401
109.83 0.408127928347
109.9 0.668895898224
109.97 0.506964717586
110.04 0.42068625811
110.11 0.520031188016
110.18 0.44577305137
110.25 0.397930064165
110.32 0.363274551702
110.39 0.62203938632
110.46 0.426232048333
110.53 0.324827169926
110.6 0.593905638967
110.67 0.385426600733
110.74 0.358808442208
110.81 0.586483176679
110.88 0.410428005252
110.95 0.53485390059
111.02 0.442088160002
111.09 0.53774048834
111.16 0.436622508312
111.23 0.454726641206
111.3 0.659571674529
111.37 0.33392262507
111.44 0.290974772427
111.51 0.684799763006
111.58 0.482140668097
111.65 0.3927837791
111.72 0.499800418986
111.79 0.590297244009
111.86 0.376262964965
111.93 0.296734758407
112.0 0.594721745531
112.07 0.392012247127
112.14 0.37804001755
112.21 0.417983569595
112.28 0.312615945435
112.35 0.375788094972
112.42 0.371444242913
112.49 0.538893105106
112.56 0.342329417829
112.63 0.323524535565
112.7 0.491676063921
112.77 0.300888253079
112.84 0.336475368058
112.91 0.745396432641
112.98 0.554774779399
113.05 0.486385130863
113.12 0.380002747404
113.19 0.47635298757
113.26 0.396035721458
113.33 0.393169478396
113.4 0.903618019799
113.47 0.553135288479
113.54 0.439891955664
113.61 0.739617039933
113.68 0.586793262667
113.75 0.465846989689
113.82 0.545543217933
113.89 0.569943444158
113.96 0.456241786871
114.03 0.400070843913
114.1 0.789487964543
114.17 0.420649570124
114.24 0.308205269136
114.31 0.448540069713
114.38 0.412151626412
114.45 0.350703670276
114.52 0.226753856103
114.59 0.847681063331
114.66 0.416160851717
114.73 0.319973389485
114.8 0.823961652685
114.87 0.513450442245
114.94 0.475677009152
115.01 0.591039794967
115.08 0.617672200366
115.15 0.419439809893
115.22 0.513061179348
115.29 0.801981305111
115.36 0.467705525359
115.43 0.349015788387
115.5 0.73252923344
115.57 0.575188704394
115.64 0.41277687434
115.71 0.718090698129
115.78 0.706557591507
115.85 0.61068481148
115.92 0.548198123218
115.99 0.738933239448
116.06 0.453285267352
116.13 0.372625351276
116.2 0.758195690009
116.27 0.493768020293
116.34 0.428252660619
116.41 0.394632304848
116.48 0.448830716704
116.55 0.390589049466
116.62 0.581472967817
116.69 0.775851171677
116.76 0.507350473892
116.83 0.435077300614
116.9 0.519044047968
116.97 0.410929266114
117.04 0.404840425274
117.11 0.618198939953
117.18 0.65893963715
117.25 0.412781378052
117.32 0.296926295773
117.39 0.758909588024
117.46 0.50838673742
117.53 0.451392922112
117.6 0.524553030808
117.67 0.369873361799
117.74 0.41305941422
117.81 0.521659072762
117.88 0.609011445376
117.95 0.388101449491
118.02 0.281269995305
118.09 0.515126524344
118.16 0.281702760379
118.23 0.357506194002
118.3 0.756481936787
118.37 0.547610917509
118.44 0.642857307277
118.51 0.657691055935
118.58 0.633015282577
118.65 0.469151825653
118.72 0.379672970719
118.79 0.735661691368
118.86 0.476717098737
118.93 0.352761382518
119.0 0.668858345421
119.07 0.654750833464
119.14 0.457958406678
119.21 0.349715273879
119.28 0.716589617556
119.35 0.47153881118
119.42 0.406086961694
119.49 0.585411111493
119.56 0.466439974821
119.63 0.453094906739
119.7 0.495754292717
119.77 0.455745965529
119.84 0.471942767343
119.91 0.436197387824
119.98 0.514655067363
120.05 0.36798778127
120.12 0.306684531211
120.19 0.815769374074
120.26 0.449367707156
120.33 0.42124477538
120.4 0.508313074249
120.47 0.566836656419
120.54 0.437288381077
120.61 0.451767814436
120.68 0.715157778189
120.75 0.472176552687
120.82 0.393961688504
120.89 0.763193849532
120.96 0.517735601915
121.03 0.445259560462
121.1 0.50076918062
121.17 0.739738196986
121.24 0.458263490932
121.31 0.449055566693
121.38 0.536586279624
121.45 0.398594976381
121.52 0.366659092715
121.59 0.774220954939
121.66 0.590202085215
121.73 0.448273336388
121.8 0.543622627418
121.87 0.39796055538
121.94 0.408786651321
122.01 0.44810995502
122.08 0.687181887708
122.15 0.431523484792
122.22 0.394619136843
122.29 0.575061628084
122.36 0.460375149833
122.43 0.492483424442
122.5 0.667851534039
122.57 0.586877714523
122.64 0.452345536212
122.71 0.519942517493
122.78 0.752451836503
122.85 0.408390685025
122.92 0.34711954287
122.99 0.743234449843
123.06 0.54558732247
123.13 0.39986035912
123.2 0.562132605302
123.27 0.482623202037
123.34 0.493312594675
123.41 0.45759341456
123.48 0.674802216652
123.55 0.434056114356
123.62 0.367171817766
123.69 0.676201416747
123.76 0.283769952253
123.83 0.287380058556
123.9 0.610256820103
123.97 0.568091059007
124.04 0.339648125978
124.11 0.452593071484
124.18 0.616955115225
124.25 0.412959715143
124.32 0.346688022313
124.39 0.77732512134
124.46 0.548791303041
124.53 0.425278599535
124.6 0.715431438647
124.67 0.571028616038
124.74 0.436790315946
124.81 0.327168636448
124.88 0.744014012556
124.95 0.535627240716
125.02 0.444071125904
125.09 0.639480534548
125.16 0.497256296191
125.23 0.436017361976
125.3 0.662888810455
125.37 0.692210305033
125.44 0.514939600406
125.51 0.419542176562
125.58 0.487589096612
125.65 0.407061175755
125.72 0.412919121501
125.79 0.470181330924
125.86 0.364326205511
125.93 0.245659487271
126.0 0.58051818845
126.07 0.72609553757
126.14 0.761236303195
126.21 0.519436053752
126.28 0.720647626439
126.35 0.629699745055
126.42 0.574317245308
126.49 0.768853932064
126.56 0.513642669097
126.63 0.768284655151
126.7 0.51600405973
126.77 0.75072004692
126.84 0.547279415495
126.91 0.449032996503
126.98 0.625515470895
127.05 0.499305568949
127.12 0.497101936229
127.19 0.483759906835
127.26 0.383524889881
127.33 0.247113476251
127.4 0.340742239667
127.47 0.489195795519
127.54 0.318813334657
127.61 0.214761875356
127.68 0.355489857393
127.75 0.374831171851
127.82 0.474447743234
127.89 0.712270535374
127.96 0.663245002749
128.03 0.831169572859
128.1 0.710618180855
128.17 0.700208430318
128.24 0.702882848819
128.31 0.612382966822
128.38 0.820316045903
128.45 0.599761139778
128.52 0.47959900637
128.59 0.692105936595
128.66 0.58397940443
128.73 0.445398694715
128.8 0.592670302128
128.87 0.731959799484
128.94 0.628027118992
129.01 0.554702780247
129.08 0.79119462606
129.15 0.478226263834
129.22 0.410587303485
129.29 0.720591782349
129.36 0.564154802007
129.43 0.407251281442
129.5 0.479049663248
129.57 0.698199752278
129.64 0.739254436815
129.71 0.520521156791
129.78 0.792215860722
129.85 0.634683055344
129.92 0.684950999304
129.99 0.743038946587
130.06 0.641405431932
130.13 0.755915031664
130.2 0.698387650747
130.27 0.776541891764
130.34 0.781419017932
130.41 0.688896294921
130.48 0.749108717376
130.55 0.405054588762
130.62 0.296505038989
130.69 0.684177857096
130.76 0.708359039646
130.83 0.318164241903
130.9 0.286222719723
130.97 0.930578173223
131.04 0.518013855362
131.11 0.276842668073
131.18 0.168451203208
131.25 0.12487321492
131.32 0.0975047629683
131.39 0.0893963564423
131.46 0.0607451469117
131.53 0.256322585848
131.6 0.133610373815
131.67 0.07611015823
131.74 0.339934319812
131.81 0.200109845606
131.88 0.257697637787
131.95 0.193400834941
132.02 0.339227241366
132.09 0.4712812477
132.16 0.384282929004
132.23 0.298634264194
132.3 0.144697308565
132.37 0.201377751799
132.44 0.431239926279
132.51 0.400122669406
132.58 0.54708124895
132.65 0.467666067595
132.72 0.48979024675
132.79 0.571953026813
132.86 0.399342092363
132.93 0.544956747963
133.0 0.462432537232
133.07 0.505291143884
133.14 0.52583601212
133.21 0.411368755025
133.28 0.563956613949
133.35 0.321751754353
133.42 0.567744110778
133.49 0.54024555351
133.56 0.39795686808
133.63 0.573055222875
133.7 0.32696060842
133.77 0.573625096769
133.84 0.493060914955
133.91 0.46359710115
133.98 0.614969637701
134.05 0.365115685641
134.12 0.655952852301
134.19 0.457645917707
134.26 0.48885871953
134.33 0.493055082826
134.4 0.408554045956
134.47 0.525671025895
134.54 0.381591235697
134.61 0.489996032065
134.68 0.334985263332
134.75 0.184624507629
134.82 0.341199407825
134.89 0.165043927432
134.96 0.0755289976275
135.03 0.0469540704546
135.1 0.034553933164
135.17 0.0293590624389
135.24 0.0228561855975
135.31 0.307072273151
135.38 0.120404501298
135.45 0.0748177575235
135.52 0.373036228118
135.59 0.273253533556
135.66 0.128859991584
135.73 0.217683324653
135.8 0.30130463398
135.87 0.117579512321
135.94 0.0404053519155
136.01 0.394909526755
136.08 0.199751055637
136.15 0.0905501262959
136.22 0.375775501359
136.29 0.443871155507
136.36 0.186904021492
136.43 0.153013729136
136.5 0.136262135
136.57 0.0833751939019
136.64 0.0541225285613
136.71 0.661886638315
136.78 0.293108264703
136.85 0.159934940242
136.92 0.593650236451
136.99 0.299886688677
137.06 0.3060103674
137.13 0.738970227539
137.2 0.856065672056
137.27 0.354783829848
137.34 0.202692005243
137.41 0.867941963236
137.48 0.491723300726
137.55 0.260490201544
137.62 0.378363058566
137.69 0.293066846044
137.76 0.13600577839
137.83 0.5461029453
137.9 0.759199197021
137.97 0.745950411778
138.04 0.509326387886
138.11 0.682489604111
138.18 0.383479155747
138.25 0.217117676955
138.32 0.216426145834
138.39 0.178030902562
138.46 0.0918966500656
138.53 0.0919579100114
138.6 0.298253139602
138.67 0.132981261106
138.74 0.0602624107512
138.81 0.190625769722
138.88 0.0949636573478
138.95 0.0359962148599
139.02 0.272047698341
139.09 0.583888634255
139.16 0.403239075533
139.23 0.431937624054
139.3 0.687160650239
139.37 0.540559260107
139.44 0.457753200058
139.51 0.382805683575
139.58 0.359087460437
139.65 0.353417612155
139.72 0.695764796358
139.79 0.570997723609
139.86 0.548953382883
139.93 0.401333196569
140.0 0.668670683593
140.07 0.483658568479
140.14 0.42626198882
140.21 0.480510556772
140.28 0.359198192371
140.35 0.381987994742
140.42 0.415743839415
140.49 0.355124906149
140.56 0.366178702529
140.63 0.251907112187
140.7 0.593416998609
140.77 0.404942292845
140.84 0.437075704125
140.91 0.628417135914
140.98 0.492078652943
141.05 0.299508444653
141.12 0.387016157139
141.19 0.77735210166
141.26 0.486642072621
141.33 0.52645915717
141.4 0.664331840798
141.47 0.576922382803
141.54 0.355412286416
141.61 0.560959128617
141.68 0.645458425099
141.75 0.470174135957
141.82 0.224191849689
141.89 0.672036429919
141.96 0.392651666635
142.03 0.269264429204
142.1 0.776008972616
142.17 0.531466588724
142.24 0.513313291475
142.31 0.632224508451
142.38 0.5535306664
142.45 0.377112586373
142.52 0.413167977661
142.59 0.574459354786
142.66 0.468186200591
142.73 0.316480049466
142.8 0.38035038727
142.87 0.338463931599
142.94 0.309409006849
143.01 0.674120474946
143.08 0.540325842633
143.15 0.429820762275
143.22 0.402074405126
143.29 0.45864131438
143.36 0.370276944714
143.43 0.33406128389
143.5 0.697367388465
143.57 0.3861686214
143.64 0.375700144053
143.71 0.533231255295
143.78 0.562079661142
143.85 0.40135765451
143.92 0.341585394317
143.99 0.529315514009
144.06 0.340649265502
144.13 0.40873752784
144.2 0.638952047043
144.27 0.491069043816
144.34 0.378152528595
144.41 0.413045270607
144.48 0.40396959759
144.55 0.391358701217
144.62 0.305037274158
144.69 0.715558400939
144.76 0.337023669958
144.83 0.504127694331
144.9 0.461045349904
144.97 0.343627359166
145.04 0.349180797201
145.11 0.399420055948
145.18 0.319213592764
145.25 0.247695993238
145.32 0.414049869395
145.39 0.729131695449
145.46 0.430967566273
145.53 0.426964177399
145.6 0.633327202534
145.67 0.487957504968
145.74 0.30755456292
145.81 0.509898782009
145.88 0.483419654476
145.95 0.511808190153
146.02 0.309626571517
146.09 0.608307931607
146.16 0.457343246117
146.23 0.418859850782
146.3 0.547624287736
146.37 0.429651186286
146.44 0.313426770598
146.51 0.523513303714
146.58 0.601690094483
146.65 0.31165832745
146.72 0.288178151349
146.79 0.535133399631
146.86 0.399685227441
146.93 0.402797315943
147.0 0.614366871759
147.07 0.51739754494
147.14 0.361318297211
147.21 0.51311778069
147.28 0.648248751522
147.35 0.460986974829
147.42 0.370978592246
147.49 0.635849949102
147.56 0.464432769334
147.63 0.40915423466
147.7 0.56903396329
147.77 0.463365174515
147.84 0.452055713163
147.91 0.476542180036
147.98 0.570151288251
148.05 0.385640225325
148.12 0.330781621169
148.19 0.455402239923
148.26 0.25359040001
148.33 0.354451864233
148.4 0.501260915598
148.47 0.503417221159
148.54 0.35103082347
148.61 0.348756382333
148.68 0.50901882643
148.75 0.414902899512
148.82 0.300533705442
148.89 0.190242782119
148.96 0.392858299556
149.03 0.352848434201
149.1 0.588893659599
149.17 0.42754479803
149.24 0.388414482737
149.31 0.319781707984
149.38 0.682052763431
149.45 0.360994291344
149.52 0.320024713728
149.59 0.596104105379
149.66 0.311311258749
149.73 0.361152127779
149.8 0.423919552069
149.87 0.442300929459
149.94 0.257824104207
150.01 0.206669985308
150.08 0.508971014156
150.15 0.267101764449
150.22 0.309929160282
150.29 0.594292665605
150.36 0.492458882601
150.43 0.29801428691
150.5 0.426178169441
150.57 0.55201119558
150.64 0.371630505332
150.71 0.365478635115
150.78 0.6285861203
150.85 0.451669777225
150.92 0.282671642485
150.99 0.716585981887
151.06 0.485654077439
151.13 0.305231496325
151.2 0.40121559989
151.27 0.683865343385
151.34 0.437998769272
151.41 0.400821279325
151.48 0.563330687291
151.55 0.369548209298
151.62 0.404482269934
151.69 0.338748314053
151.76 0.654734886
151.83 0.347007530922
151.9 0.308297050415
151.97 0.52927094372
152.04 0.335018544762
152.11 0.322816039423
152.18 0.676498915576
152.25 0.378418513274
152.32 0.374753043692
152.39 0.57709266011
152.46 0.475092038626
152.53 0.689254604077
152.6 0.532637899067
152.67 0.737831908203
152.74 0.650691639223
152.81 0.501886535699
152.88 0.767609827669
152.95 0.553518390101
153.02 0.526629973373
153.09 0.665481879251
153.16 0.60989089648
153.23 0.434348521096
153.3 0.419463657945
153.37 0.498210518375
153.44 0.368528023387
153.51 0.37117871108
153.58 0.564055964519
153.65 0.412448217399
153.72 0.165118770581
153.79 0.300029096108
153.86 0.275795201737
153.93 0.170452196864
154.0 0.263943223286
154.07 0.852372980134
154.14 0.595287421195
154.21 0.666995762112
154.28 0.73060202988
154.35 0.54448472627
154.42 0.699233521392
154.49 0.692787859008
154.56 0.58019528404
154.63 0.692518842096
154.7 0.57301293187
154.77 0.764094284254
154.84 0.685559566181
154.91 0.501900775044
154.98 0.706494189959
155.05 0.52010803401
155.12 0.596357365216
155.19 0.584312566159
155.26 0.417578648581
155.33 0.627818688674
155.4 0.436290614765
155.47 0.669757979866
155.54 0.536842592133
155.61 0.435214708462
155.68 0.718528958657
155.75 0.551280792919
155.82 0.471526706984
155.89 0.521879990204
155.96 0.512725939479
156.03 0.560011617361
156.1 0.344285039843
156.17 0.725237402458
156.24 0.49285210386
156.31 0.515153006643
156.38 0.457893575602
156.45 0.381731718805
156.52 0.528960795345
156.59 0.479618700293
156.66 0.523498716937
156.73 0.50918151616
156.8 0.398496415333
156.87 0.630314556032
156.94 0.486921792168
157.01 0.467570863624
157.08 0.592774826534
157.15 0.495608180776
157.22 0.600714800478
157.29 0.40079179491
157.36 0.714549918009
157.43 0.551213382454
157.5 0.361366517152
157.57 0.663939742509
157.64 0.492127267645
157.71 0.571278334863
157.78 0.482403667869
157.85 0.574967395418
157.92 0.556327989872
157.99 0.465268258961
158.06 0.737033486264
158.13 0.523339398267
158.2 0.488423632145
158.27 0.57825867722
158.34 0.398317228485
158.41 0.502193103263
158.48 0.53880570384
158.55 0.552967445349
158.62 0.553848716438
158.69 0.398455307534
158.76 0.653954479984
158.83 0.523542438545
158.9 0.428102753814
158.97 0.500258055048
159.04 0.464705555295
159.11 0.618138557731
159.18 0.53679908135
159.25 0.526039153508
159.32 0.458390623175
159.39 0.381393179943
159.46 0.64638390291
159.53 0.530234591753
159.6 0.43006304734
159.67 0.611480334565
159.74 0.367675517107
159.81 0.214983317712
159.88 0.512948173507
159.95 0.544095677425
160.02 0.539645733751
160.09 0.383133141176
160.16 0.571421452217
160.23 0.383313517683
160.3 0.453139166168
160.37 0.599374674625
160.44 0.486266417667
160.51 0.634524373455
160.58 0.52792258383
160.65 0.527215730193
160.72 0.319892656122
160.79 0.261092794307
160.86 0.714935434446
160.93 0.508636570262
161.0 0.56933234522
161.07 0.556481601186
161.14 0.447697602398
161.21 0.340531342903
161.28 0.482787895688
161.35 0.565212889229
161.42 0.441583546365
161.49 0.320305591742
161.56 0.590604408554
161.63 0.54014170138
161.7 0.477310553924
161.77 0.593131999812
161.84 0.566628173394
161.91 0.52765109079
161.98 0.312979982383
162.05 0.63376567819
162.12 0.53553660392
162.19 0.40538444612
162.26 0.679010577656
162.33 0.496850317821
162.4 0.597304057909
162.47 0.595975843712
162.54 0.539376426415
162.61 0.538537380716
162.68 0.421400486347
162.75 0.623968632524
162.82 0.480729695104
162.89 0.474062014896
162.96 0.60935698559
163.03 0.37935403973
163.1 0.442941332103
163.17 0.54243977544
163.24 0.454624532691
163.31 0.602143817361
163.38 0.320547322851
163.45 0.581162381656
163.52 0.460340835787
163.59 0.370004684742
163.66 0.681871081094
163.73 0.456035316372
163.8 0.58522611618
163.87 0.504957424972
163.94 0.473948648715
164.01 0.509413023295
164.08 0.419848781773
164.15 0.619341510225
164.22 0.566645864473
164.29 0.4274214187
164.36 0.61128027489
164.43 0.482784668763
164.5 0.427957713212
164.57 0.5240120906
164.64 0.4931405275
164.71 0.544984444661
164.78 0.391095955296
164.85 0.545725658597
164.92 0.273925239525
164.99 0.234412167891
165.06 0.652699539575
165.13 0.426500337036
165.2 0.590195302219
165.27 0.561657850403
165.34 0.565799179567
165.41 0.537639451164
165.48 0.509668881883
165.55 0.732153185877
165.62 0.546159374538
165.69 0.50869084284
165.76 0.570896166898
165.83 0.428287523242
165.9 0.515157575969
165.97 0.604336757126
166.04 0.532529924002
166.11 0.603243984762
166.18 0.406939179701
166.25 0.647841709343
166.32 0.588651885464
166.39 0.503752772964
166.46 0.782029341333
166.53 0.527545477835
166.6 0.609737328191
166.67 0.542802246254
166.74 0.507639116962
166.81 0.528531774579
166.88 0.378680855829
166.95 0.746382882126
167.02 0.486833526087
167.09 0.486177766506
167.16 0.596661761059
167.23 0.47308388765
167.3 0.221296317978
167.37 0.506778250796
167.44 0.526649006853
167.51 0.573821372336
167.58 0.416468384132
167.65 0.671915603087
167.72 0.554425187243
167.79 0.541049943109
167.86 0.618132372791
167.93 0.504656020489
168.0 0.640810129869
168.07 0.499855514429
168.14 0.649757679977
168.21 0.429049824057
168.28 0.345436336796
168.35 0.660737171029
168.42 0.409564591966
168.49 0.422955955667
168.56 0.535199743059
168.63 0.510423657509
168.7 0.342742106051
168.77 0.278759007652
168.84 0.548105858976
168.91 0.295686624098
168.98 0.36928785668
169.05 0.379316069578
169.12 0.350325049777
169.19 0.388965116628
169.26 0.527964615605
169.33 0.601433720664
169.4 0.424109726597
169.47 0.286402155044
169.54 0.438598919253
169.61 0.312116641166
169.68 0.305289664876
169.75 0.692028475334
169.82 0.38975289079
169.89 0.473467139862
169.96 0.447256644161
170.03 0.592705351912
170.1 0.445755317265
170.17 0.379203248748
170.24 0.659372391468
170.31 0.445672558469
170.38 0.319264534079
170.45 0.618457751177
170.52 0.450890708232
170.59 0.359762000722
170.66 0.476886215427
170.73 0.411472721173
170.8 0.407261170891
170.87 0.460532841057
170.94 0.597884669934
171.01 0.550686022222
171.08 0.463487409361
171.15 0.575196867439
171.22 0.439669061192
171.29 0.425845345463
171.36 0.674587572352
171.43 0.461689944324
171.5 0.422281204556
171.57 0.673553763438
171.64 0.74091271059
171.71 0.456579227502
171.78 0.406960655963
171.85 0.685821152561
171.92 0.427869704209
171.99 0.440551605841
172.06 0.433000505412
172.13 0.470562147883
172.2 0.382562785394
172.27 0.29499467993
172.34 0.457546671475
172.41 0.342822484452
172.48 0.351576408299
172.55 0.594739845353
172.62 0.309578305322
172.69 0.437222524914
172.76 0.266079461675
172.83 0.455016814915
172.9 0.381895388445
172.97 0.304556075089
173.04 0.714570233653
173.11 0.420321117554
173.18 0.355955717811
173.25 0.384092856662
173.32 0.316389650386
173.39 0.357480594805
173.46 0.48534699034
173.53 0.588514190419
173.6 0.42705186371
173.67 0.257724708461
173.74 0.707490195445
173.81 0.372997989056
173.88 0.374159042079
173.95 0.459865845322
174.02 0.4297170446
174.09 0.451083160968
174.16 0.322598405914
174.23 0.732639180156
174.3 0.378400272542
174.37 0.351778232026
174.44 0.512812921245
174.51 0.29385848391
174.58 0.408632607598
174.65 0.379954244569
174.72 0.612938201233
174.79 0.327704681411
174.86 0.3372483586
174.93 0.680861629011
175.0 0.449485970733
175.07 0.452587066177
175.14 0.565679453117
175.21 0.493728582965
175.28 0.38684389097
175.35 0.586700972609
175.42 0.591139815661
175.49 0.475083538905
175.56 0.352879091065
175.63 0.616532591336
175.7 0.425171446261
175.77 0.294497447346
175.84 0.692333994147
175.91 0.526980548666
175.98 0.412390139201
176.05 0.495437499027
176.12 0.515672261915
176.19 0.351458608323
176.26 0.337856057435
176.33 0.785088141469
176.4 0.438293108941
176.47 0.339505510948
176.54 0.38561959882
176.61 0.294186843975
176.68 0.234009140007
176.75 0.525069579765
176.82 0.654617647509
176.89 0.447811089051
176.96 0.437257110021
177.03 0.469024239489
177.1 0.290803551782
177.17 0.334779512438
177.24 0.561966446627
177.31 0.526081118593
177.38 0.382066260583
177.45 0.320637443339
177.52 0.566843033899
177.59 0.414710050939
177.66 0.331130039799
177.73 0.54834528391
177.8 0.343210190896
177.87 0.402618266777
177.94 0.528994258558
178.01 0.417292965677
178.08 0.340096214644
178.15 0.44009252842
178.22 0.470685205595
178.29 0.353364074241
178.36 0.263698321185
178.43 0.666653766137
178.5 0.412197839206
178.57 0.591289190024
178.64 0.542795505207
178.71 0.448390430743
178.78 0.499513232334
178.85 0.465327485944
178.92 0.569227660544
178.99 0.361547640155
179.06 0.326652047692
179.13 0.746482018643
179.2 0.505676715179
179.27 0.459483162125
179.34 0.590175707254
179.41 0.4370443169
179.48 0.374671103459
179.55 0.459248336636
179.62 0.419297970401
179.69 0.427046356425
179.76 0.33325773114
179.83 0.480650198729
179.9 0.358509045948
179.97 0.374318970638
180.04 0.526519921245
180.11 0.336610100785
180.18 0.435487894562
180.25 0.561014097134
180.32 0.630467201421
180.39 0.385992508736
180.46 0.383880977837
180.53 0.560997698977
180.6 0.420054659593
180.67 0.389657027451
180.74 0.640616766064
180.81 0.472104916026
180.88 0.329957146112
180.95 0.540603931507
181.02 0.520592727838
181.09 0.334783657961
181.16 0.273468683407
181.23 0.628834743046
181.3 0.436195617317
181.37 0.388634787063
181.44 0.511090190717
181.51 0.430301749442
181.58 0.468491044976
181.65 0.364901886795
181.72 0.628295487293
181.79 0.391766965325
181.86 0.353840506065
181.93 0.536649932873
182.0 0.371487440684
182.07 0.38786719194
182.14 0.528168116257
182.21 0.479949959212
182.28 0.355140791225
182.35 0.438201479328
182.42 0.540063303235
182.49 0.387594277978
182.56 0.328459049369
182.63 0.632539365985
182.7 0.439824046101
182.77 0.314210800452
182.84 0.58172159379
182.91 0.564730175657
182.98 0.448771326224
183.05 0.326138613793
183.12 0.663385012574
183.19 0.395773765058
183.26 0.283483635795
183.33 0.498483888409
183.4 0.384742644281
183.47 0.401037996387
183.54 0.562287687019
183.61 0.599573373613
183.68 0.444975584601
183.75 0.345023651801
183.82 0.573397227454
183.89 0.320770810002
183.96 0.335949790164
184.03 0.545905995305
184.1 0.450279056414
184.17 0.293501899008
184.24 0.401932660291
184.31 0.491964284264
184.38 0.438222038068
184.45 0.317049239252
184.52 0.610582814832
184.59 0.330130722412
184.66 0.30921424471
184.73 0.577704660436
184.8 0.385444039036
184.87 0.434762094572
184.94 0.462586964959
185.01 0.638055379219
185.08 0.456148648132
185.15 0.400141716869
185.22 0.664425255977
185.29 0.452121092816
185.36 0.471557012113
185.43 0.616911240876
185.5 0.513130182838
185.57 0.412093927916
185.64 0.435534887196
185.71 0.452069325408
185.78 0.30556133217
185.85 0.303384639972
185.92 0.49031898703
185.99 0.288422450015
186.06 0.313708445662
186.13 0.63418871301
186.2 0.582833659939
186.27 0.697401201262
186.34 0.479068322405
186.41 0.599140533244
186.48 0.610786771556
186.55 0.576557279894
186.62 0.735035188166
186.69 0.588963833387
186.76 0.525617489056
186.83 0.611568241382
186.9 0.452394701643
186.97 0.333856886152
187.04 0.388210166748
187.11 0.44487810995
187.18 0.416095228969
187.25 0.339492864629
187.32 0.543867854363
187.39 0.506724363298
187.46 0.266454468017
187.53 0.417608348124
187.6 0.403298239053
187.67 0.225961408278
187.74 0.211106315661
187.81 0.576156096736
187.88 0.343699676708
187.95 0.335033533829
188.02 0.695599352984
188.09 0.479575528338
188.16 0.646843735432
188.23 0.52638761624
188.3 0.570314487836
188.37 0.341362376147
188.44 0.33578556119
188.51 0.725430121954
188.58 0.562948673143
188.65 0.494469117095
188.72 0.494597234626
188.79 0.393950231844
188.86 0.359895942853
188.93 0.542840563838
189.0 0.628450151661
189.07 0.58231523829
189.14 0.494465116784
189.21 0.571035435607
189.28 0.356399578129
189.35 0.275218286692
189.42 0.658375253331
189.49 0.414560310859
189.56 0.587498289864
189.63 0.494807321433
189.7 0.48605327066
189.77 0.275507643989
189.84 0.28357719511
189.91 0.679055876155
189.98 0.513268708278
190.05 0.443898610186
190.12 0.529964921926
190.19 0.345848253783
190.26 0.213706371825
190.33 0.529572723603
190.4 0.571385537617
190.47 0.563883934991
190.54 0.378670094034
190.61 0.586880036833
190.68 0.263075408474
190.75 0.197833460784
190.82 0.651412659061
190.89 0.422870446455
190.96 0.616451832157
191.03 0.544045418067
191.1 0.499887392147
191.17 0.526793753805
191.24 0.329455386153
191.31 0.707248892441
191.38 0.507355042142
191.45 0.367944535095
191.52 0.544661098163
191.59 0.49372075337
191.66 0.347582625981
191.73 0.422382684897
191.8 0.65363179608
191.87 0.553521918206
191.94 0.393664485477
192.01 0.628786182126
192.08 0.410095087694
192.15 0.298759343037
192.22 0.547921137952
192.29 0.470807304911
192.36 0.633294883804
192.43 0.437949897492
192.5 0.515062189139
192.57 0.329315118173
192.64 0.309757678256
192.71 0.695705367154
192.78 0.495994627643
192.85 0.639387308682
192.92 0.573761773181
192.99 0.476667060961
193.06 0.293007619061
193.13 0.427184972218
193.2 0.649001668439
193.27 0.532971764266
193.34 0.441470388859
193.41 0.581946587914
193.48 0.346011659891
193.55 0.229091087823
193.62 0.478056768518
193.69 0.33991843366
193.76 0.343666690005
193.83 0.399305093515
193.9 0.511057377191
193.97 0.51050494913
194.04 0.383062955555
194.11 0.701960387107
194.18 0.395735414129
194.25 0.698595709969
194.32 0.549720178805
194.39 0.511275050498
194.46 0.346719857005
194.53 0.448986459941
194.6 0.68062240845
194.67 0.472384108508
194.74 0.408283652222
194.81 0.59879546201
194.88 0.410705796174
194.95 0.320461096186
195.02 0.519511173341
195.09 0.456509539904
195.16 0.434000389662
195.23 0.385127626124
195.3 0.555096441443
195.37 0.303809144118
195.44 0.24775783403
195.51 0.635852836125
195.58 0.560667627566
195.65 0.502247393051
195.72 0.484460260369
195.79 0.546262980346
195.86 0.342872020979
195.93 0.260046418672
196.0 0.688128748201
196.07 0.467969540538
196.14 0.503441646831
196.21 0.504051988517
196.28 0.484660534096
196.35 0.305397310795
196.42 0.3656461093
196.49 0.623845862008
196.56 0.490417600785
196.63 0.435619615492
196.7 0.521948864618
196.77 0.3492657815
196.84 0.261288216891
196.91 0.560681107508
196.98 0.486735786828
197.05 0.538357486097
197.12 0.358780688501
197.19 0.5751476052
197.26 0.303758295308
197.33 0.208304271198
197.4 0.608394816564
197.47 0.414468938324
197.54 0.472963172685
197.61 0.461156529305
197.68 0.394345020313
197.75 0.277769687279
197.82 0.480690880573
197.89 0.561884965693
197.96 0.441736691927
198.03 0.366079442313
198.1 0.590300318193
198.17 0.311933386241
198.24 0.183767136223
198.31 0.469863998338
198.38 0.375570737903
198.45 0.270504090122
198.52 0.223902796799
198.59 0.354852031986
198.66 0.227117829588
198.73 0.22710222633
198.8 0.593586194896
198.87 0.440691448942
198.94 0.437372314474
199.01 0.410527851693
199.08 0.426324980549
199.15 0.307496022196
199.22 0.4011804576
199.29 0.587955643032
199.36 0.478624822426
199.43 0.409407900014
199.5 0.467164464679
199.57 0.386814803467
199.64 0.267444980201
199.71 0.495784928068
199.78 0.49448636501
199.85 0.516124030351
199.92 0.393874258196
199.99 0.51488377998
200.06 0.348997015213
200.13 0.278327312841
200.2 0.578474713401
200.27 0.456823203476
200.34 0.48960411556
200.41 0.565877770252
200.48 0.475527105574
200.55 0.302682956945
200.62 0.347922317931
200.69 0.685772315201
200.76 0.303371467664
200.83 0.238820877917
200.9 0.498578610493
200.97 0.408888580204
201.04 0.321659484733
201.11 0.577681221128
201.18 0.585873280308
201.25 0.676871541523
201.32 0.578150536507
201.39 0.619024627258
201.46 0.423881413042
201.53 0.350928652568
201.6 0.735699622797
201.67 0.500900204534
201.74 0.440473314185
201.81 0.530892519827
201.88 0.586338910539
201.95 0.503002242896
202.02 0.454734953765
202.09 0.728837955988
202.16 0.466782354799
202.23 0.430450724741
202.3 0.594015250082
202.37 0.448555198613
202.44 0.301201592883
202.51 0.492165331378
202.58 0.542662832334
202.65 0.397442330573
202.72 0.223187803781
202.79 0.463989649057
202.86 0.424908262554
202.93 0.391462857753
203.0 0.681607175632
203.07 0.825467845784
203.14 0.969828531204
203.21 0.859189840013
203.28 0.810164898991
203.35 0.733143195736
203.42 0.591433989682
203.49 0.744544695446
203.56 0.498749140576
203.63 0.612817469058
203.7 0.540377387383
203.77 0.612606989642
203.84 0.725785278404
203.91 0.615407861656
203.98 0.731926436305
204.05 0.7270311447
204.12 0.635354195526
204.19 0.719550955949
204.26 0.627389304342
204.33 0.602792322814
204.4 0.760780829174
204.47 0.591689034008
204.54 0.584862952653
204.61 0.425250540346
204.68 0.578267161882
204.75 0.525027813674
204.82 0.378935399982
204.89 0.572183601367
204.96 0.45068320189
205.03 0.455119169752
205.1 0.49461477404
205.17 0.478296749558
205.24 0.503917529002
205.31 0.59486925473
205.38 0.686171108283
205.45 0.560820721497
205.52 0.595689098073
205.59 0.536256291038
205.66 0.521671866444
205.73 0.690374804229
205.8 0.635398893817
205.87 0.578185323835
205.94 0.716850480028
206.01 0.684576369436
206.08 0.61140407372
206.15 0.540640465677
206.22 0.508891617816
206.29 0.708684536352
206.36 0.557747471191
206.43 0.38475603602
206.5 0.403656706329
206.57 0.405306871917
206.64 0.297794383797
206.71 0.389011049755
206.78 0.65953811666
206.85 0.586846249852
206.92 0.599419289016
206.99 0.584289184936
207.06 0.530215675518
207.13 0.608716854007
207.2 0.624781894016
207.27 0.590851329635
207.34 0.574605736713
207.41 0.454749810528
207.48 0.632800272559
207.55 0.522679690006
207.62 0.566812877208
207.69 0.756978935956
207.76 0.405598526784
207.83 0.371323147171
207.9 0.475955755243
207.97 0.627902802779
208.04 0.606015606851
208.11 0.495393848412
208.18 0.645936439192
208.25 0.611765270974
208.32 0.542582233426
208.39 0.540135644441
208.46 0.615349071384
208.53 0.347151505563
208.6 0.589206697147
208.67 0.63591031519
208.74 0.686300236918
208.81 0.672165277811
208.88 0.677986716277
208.95 0.589351180567
209.02 0.382686527215
209.09 0.536656342622
209.16 0.599846358567
209.23 0.507638104783
209.3 0.475605724225
209.37 0.683399677658
209.44 0.341770150838
209.51 0.314212968945
209.58 0.745265167782
209.65 0.540747584531
209.72 0.627044239562
209.79 0.64473329846
209.86 0.588420017989
209.93 0.596449715509
210.0 0.597972129285
210.07 0.682436621228
210.14 0.54410009401
210.21 0.491515340463
210.28 0.527759143301
210.35 0.53184118955
210.42 0.391097114837
210.49 0.625403327719
210.56 0.750982471225
210.63 0.82148649896
210.7 0.686574895571
210.77 0.613435100368
210.84 0.660462674798
210.91 0.555646560102
210.98 0.601612827914
211.05 0.547220935008
211.12 0.584339584127
211.19 0.555930231556
211.26 0.611132276274
211.33 0.474070083284
211.4 0.514230160926
211.47 0.706700391548
211.54 0.592273471015
211.61 0.568341720094
211.68 0.633530481604
211.75 0.630057448625
211.82 0.563149507279
211.89 0.675254087274
211.96 0.62320224427
212.03 0.503184193067
212.1 0.404787353113
212.17 0.559413596074
212.24 0.378858117278
212.31 0.279499519194
212.38 0.711369872616
212.45 0.585695842454
212.52 0.570509324195
212.59 0.617767821686
212.66 0.564814906105
212.73 0.632662715197
212.8 0.538448647806
212.87 0.691232004609
212.94 0.620467418808
213.01 0.573843164836
213.08 0.604515854695
213.15 0.574292552878
213.22 0.400790426694
213.29 0.589258272015
213.36 0.60967874982
213.43 0.796447338341
213.5 0.663150053705
213.57 0.706250085984
213.64 0.63932478163
213.71 0.560203821624
213.78 0.775998903534
213.85 0.585864097555
213.92 0.640992704987
213.99 0.482448272579
214.06 0.589644273567
214.13 0.443454789666
214.2 0.397506122579
214.27 0.627295533126
214.34 0.620280718603
214.41 0.611084063862
214.48 0.631310343163
214.55 0.661582311313
214.62 0.629134965399
214.69 0.78870417886
214.76 0.496538384957
214.83 0.534001785845
214.9 0.471553648581
214.97 0.632026726985
215.04 0.574973136118
215.11 0.516047252122
215.18 0.693728249517
215.25 0.691715468979
215.32 0.67028180769
215.39 0.654976033036
215.46 0.639979311753
215.53 0.564290583485
215.6 0.615741835495
215.67 0.748605698915
215.74 0.683694464794
215.81 0.603327412607
215.88 0.715770754122
215.95 0.481745158948
216.02 0.284700830861
216.09 0.485113644933
216.16 0.568486828461
216.23 0.58794683998
216.3 0.512167790079
216.37 0.620304025607
216.44 0.526002345049
216.51 0.411586403592
216.58 0.652530073301
216.65 0.644436804281
216.72 0.75489654419
216.79 0.63397377506
216.86 0.714726351213
216.93 0.593240422344
217.0 0.46701742446
217.07 0.675683161822
217.14 0.647706209683
217.21 0.721218005885
217.28 0.693571191846
217.35 0.689190309746
217.42 0.695504692213
217.49 0.619103648199
217.56 0.634694164572
217.63 0.564647345869
217.7 0.346371972968
217.77 0.553997091529
217.84 0.407653355231
217.91 0.382006476417
217.98 0.542518352141
218.05 0.537720226477
218.12 0.677078387421
218.19 0.582753944133
218.26 0.51899478573
218.33 0.397833980319
218.4 0.568112797726
218.47 0.643412581486
218.54 0.575459850001
218.61 0.466290742444
218.68 0.556055921364
218.75 0.610242904527
218.82 0.458491235472
218.89 0.45992297588
218.96 0.611844462942
219.03 0.585000800439
219.1 0.503744978864
219.17 0.533070365113
219.24 0.525641876005
219.31 0.559989822709
219.38 0.65691832032
219.45 0.666892920009
219.52 0.598411472984
219.59 0.467048374974
219.66 0.648011513368
219.73 0.319881394153
219.8 0.227082234453
219.87 0.689698240662
219.94 0.594015516841
220.01 0.574389986654
220.08 0.539036988317
220.15 0.574634871544
220.22 0.60687507791
220.29 0.601717905199
220.36 0.621295078839
220.43 0.600276716355
220.5 0.545761480692
220.57 0.619504945376
220.64 0.611498314991
220.71 0.62093386545
220.78 0.683364500948
220.85 0.638475381805
220.92 0.603461798978
220.99 0.460745751422
221.06 0.536177273324
221.13 0.515274847804
221.2 0.491692356665
221.27 0.572772906728
221.34 0.510889015602
221.41 0.478169040771
221.48 0.553705655017
221.55 0.618734956949
221.62 0.516968899574
221.69 0.34715183471
221.76 0.661303097318
221.83 0.54663332916
221.9 0.512484975302
221.97 0.608082671798
222.04 0.519049999494
222.11 0.566546368692
222.18 0.552606178178
222.25 0.622011959608
222.32 0.636090289407
222.39 0.383610921855
222.46 0.782790712793
222.53 0.577646008921
222.6 0.458604250994
222.67 0.747187683696
222.74 0.521488818043
222.81 0.559660152512
222.88 0.533488093792
222.95 0.617886287484
223.02 0.320785797993
223.09 0.21384090018
223.16 0.148167237243
223.23 0.11078499352
223.3 0.0883078307113
223.37 0.544843237647
223.44 0.456092711537
223.51 0.427019476139
223.58 0.590789596406
223.65 0.482682052545
223.72 0.625329591405
223.79 0.524072899852
223.86 0.556411697384
223.93 0.547568913701
224.0 0.538538267045
224.07 0.656784243734
224.14 0.550135034445
224.21 0.499550147282
224.28 0.528327571533
224.35 0.402136810631
224.42 0.529582934669
224.49 0.460852422809
224.56 0.54843782997
224.63 0.611093651056
224.7 0.362106551109
224.77 0.756091648803
224.84 0.534057595514
224.91 0.188393399084
224.98 0.158724318423
225.05 0.142959752467
225.12 0.111034356308
225.19 0.0808257789493
225.26 0.61109022944
225.33 0.548083608252
225.4 0.511617250845
225.47 0.642204288431
225.54 0.506868202408
225.61 0.747704245561
225.68 0.582012651676
225.75 0.611542394788
225.82 0.611676593997
225.89 0.438129436074
225.96 0.719802033309
226.03 0.601007302951
226.1 0.610328684801
226.17 0.674500657276
226.24 0.653211479407
226.31 0.590802608444
226.38 0.492440001863
226.45 0.647891066237
226.52 0.536423682399
226.59 0.356387095307
226.66 0.672228986993
226.73 0.414456570595
226.8 0.222280765695
226.87 0.159489888113
226.94 0.108080172007
227.01 0.0943078773296
227.08 0.366997621896
227.15 0.643346461791
227.22 0.396512197384
227.29 0.317383996158
227.36 0.7534133709
227.43 0.565351999819
227.5 0.569208585114
227.57 0.587173737571
227.64 0.401864445246
227.71 0.39388316666
227.78 0.579146417219
227.85 0.585628397569
227.92 0.426420334034
227.99 0.290821552646
228.06 0.763674495721
228.13 0.397333439062
228.2 0.381636263134
228.27 0.736240333894
228.34 0.516564387304
228.41 0.731317674737
228.48 0.610472954167
228.55 0.557441020872
228.62 0.36972973459
228.69 0.253892984472
228.76 0.745440484471
228.83 0.410951437241
228.9 0.211666317316
228.97 0.521362983024
229.04 0.525735023349
229.11 0.705717887516
229.18 0.554299071481
229.25 0.805341494671
229.32 0.704514570379
229.39 0.47310624809
229.46 0.701076841035
229.53 0.589561037186
229.6 0.710144110064
229.67 0.683047938521
229.74 0.658577566475
229.81 0.629236029466
229.88 0.41778304094
229.95 0.72706521565
230.02 0.60049085618
230.09 0.409622576583
230.16 0.671744326509
230.23 0.548444411821
230.3 0.626867498724
230.37 0.573731693936
230.44 0.558523056181
230.51 0.37592707003
230.58 0.288607679817
230.65 0.200348627305
230.72 0.107692779651
230.79 0.0993591789309
230.86 0.616533882106
230.93 0.474170410536
231.0 0.681107332465
231.07 0.645368557386
231.14 0.609868416644
231.21 0.717188170209
231.28 0.523006109613
231.35 0.671183789185
231.42 0.562437444309
231.49 0.603812908864
231.56 0.705835745576
231.63 0.542454503126
231.7 0.571413006279
231.77 0.668384774804
231.84 0.570742399615
231.91 0.22383550573
231.98 0.507313944024
232.05 0.612035194652
232.12 0.642807722346
232.19 0.3467823733
232.26 0.758716358674
232.33 0.551686216257
232.4 0.235368164885
232.47 0.198604192479
232.54 0.151672509355
232.61 0.0979286550743
232.68 0.0786337072267
232.75 0.625008575822
232.82 0.722177609505
232.89 0.558227939898
232.96 0.656241629827
233.03 0.541544225207
233.1 0.691336662394
233.17 0.551593623945
233.24 0.674380363963
233.31 0.652721986066
233.38 0.556630641024
233.45 0.766104091718
233.52 0.598034842422
233.59 0.527842874478
233.66 0.634338022834
233.73 0.523728282539
233.8 0.740334013207
233.87 0.608119185531
233.94 0.619024713309
234.01 0.5351991407
234.08 0.360174625481
234.15 0.772193453169
234.22 0.485946461591
234.29 0.252665584793
234.36 0.148744569636
234.43 0.109015636076
234.5 0.0885238389252
234.57 0.307581645427
234.64 0.718511056752
234.71 0.315929820016
234.78 0.276535387359
234.85 0.752395954765
234.92 0.548527194282
234.99 0.520979053158
235.06 0.689109877563
235.13 0.439617461584
235.2 0.617122132263
235.27 0.554010097113
235.34 0.589067429515
235.41 0.468910402177
235.48 0.36417408396
235.55 0.687907177844
235.62 0.520981547571
235.69 0.446858142577
235.76 0.759563032824
235.83 0.575134058569
235.9 0.423833669609
235.97 0.574621228105
236.04 0.557802610735
236.11 0.372181035961
236.18 0.253948645703
236.25 0.720113704793
236.32 0.390436899949
236.39 0.379721571438
236.46 0.418622223246
236.53 0.353957831683
236.6 0.231065716426
236.67 0.424338745772
236.74 0.644328665719
236.81 0.462809289341
236.88 0.395801614497
236.95 0.479658401153
237.02 0.424797314415
237.09 0.410910307929
237.16 0.634420224447
237.23 0.58720034572
237.3 0.546204221268
237.37 0.424799267781
237.44 0.669272249119
237.51 0.469806507441
237.58 0.404098033511
237.65 0.564495301764
237.72 0.395386823396
237.79 0.371388904375
237.86 0.513736534969
237.93 0.524119205151
238.0 0.417524825622
238.07 0.435920338019
238.14 0.515677007646
238.21 0.407981941181
238.28 0.301225957243
238.35 0.63351294972
238.42 0.36158598463
238.49 0.542352807658
238.56 0.499976225092
238.63 0.481854916351
238.7 0.448298542976
238.77 0.561233407568
238.84 0.56369485224
238.91 0.30866842324
238.98 0.293960803251
239.05 0.728927967836
239.12 0.446062071991
239.19 0.341129806278
239.26 0.601392023413
239.33 0.513471967987
239.4 0.357159852435
239.47 0.390215257524
239.54 0.532817863603
239.61 0.427735911592
239.68 0.338792619734
239.75 0.425104045477
239.82 0.348113555193
239.89 0.328487164491
239.96 0.438595649303
240.03 0.489655279533
240.1 0.374676812965
240.17 0.304599279314
240.24 0.484882082941
240.31 0.309392917401
240.38 0.320067832977
240.45 0.814853629744
240.52 0.465058335653
240.59 0.476219112129
240.66 0.434382281187
240.73 0.430539620073
240.8 0.398178500825
240.87 0.611139750908
240.94 0.813550920087
241.01 0.528617199891
241.08 0.390030171857
241.15 0.808188749431
241.22 0.520242489222
241.29 0.436682973359
241.36 0.604349490572
241.43 0.507413384947
241.5 0.485968136847
241.57 0.542272515308
241.64 0.692027284598
241.71 0.388919825659
241.78 0.293791755402
241.85 0.51880903209
241.92 0.308454624394
241.99 0.348812068304
242.06 0.523601521392
242.13 0.744344733654
242.2 0.370143957753
242.27 0.385236333701
242.34 0.828162627257
242.41 0.500283598311
242.48 0.4304171303
242.55 0.673262042957
242.62 0.536293602897
242.69 0.420079543488
242.76 0.663873670142
242.83 0.707441920646
242.9 0.423131584292
242.97 0.342291704756
243.04 0.796078971935
243.11 0.503624426321
243.18 0.388929970036
243.25 0.828679689296
243.32 0.620567328711
243.39 0.579281966358
243.46 0.663083261734
243.53 0.646598869903
243.6 0.421764811567
243.67 0.405299637151
243.74 0.788959333978
243.81 0.44387054777
243.88 0.363466564501
243.95 0.467651261387
244.02 0.408143292813
244.09 0.388999003644
244.16 0.706723450079
244.23 0.670444671675
244.3 0.5424229879
244.37 0.369907059502
244.44 0.536905451558
244.51 0.397439000386
244.58 0.410254141756
244.65 0.699819832167
244.72 0.572466702731
244.79 0.388809963919
244.86 0.517836187321
244.93 0.659833037175
245.0 0.50249727107
245.07 0.416753400138
245.14 0.540493652418
245.21 0.370758755823
245.28 0.372293327576
245.35 0.636121089331
245.42 0.511153595492
245.49 0.371443259777
245.56 0.341456729285
245.63 0.480690528838
245.7 0.311285261565
245.77 0.303331423675
245.84 0.835825749315
245.91 0.459331525689
245.98 0.729342957931
246.05 0.626214724048
246.12 0.567496975645
246.19 0.464880277153
246.26 0.463122174148
246.33 0.712680302153
246.4 0.438914573838
246.47 0.333059376357
246.54 0.758895739137
246.61 0.572933033205
246.68 0.425921019008
246.75 0.562547344773
246.82 0.59127239603
246.89 0.444010319879
246.96 0.45685387755
247.03 0.568095990824
247.1 0.46113546824
247.17 0.438747084594
247.24 0.521956688835
247.31 0.434210081708
247.38 0.44622238778
247.45 0.510392143358
247.52 0.43099840492
247.59 0.39615352251
247.66 0.497735485961
247.73 0.738333105602
247.8 0.415484790475
247.87 0.418880721458
247.94 0.576382054635
248.01 0.498865260399
248.08 0.459300280449
248.15 0.597659269217
248.22 0.598060127532
248.29 0.47091177661
248.36 0.372058501011
248.43 0.80837229693
248.5 0.467019030393
248.57 0.391878009195
248.64 0.631514845238
248.71 0.670671576139
248.78 0.420279284773
248.85 0.509943989078
248.92 0.466343387575
248.99 0.442066009313
249.06 0.340889977978
249.13 0.818697139539
249.2 0.538621186112
249.27 0.428249493929
249.34 0.574143113977
249.41 0.347499655284
249.48 0.393781262517
249.55 0.583600706486
249.62 0.596753460589
249.69 0.422260484471
249.76 0.457401401761
249.83 0.529177925453
249.9 0.489214225564
249.97 0.443189736494
250.04 0.743320023594
250.11 0.516459844612
250.18 0.441801958638
250.25 0.639839844051
250.32 0.651661529205
250.39 0.399462085572
250.46 0.339457672859
250.53 0.80229082316
250.6 0.465607309829
250.67 0.395098393302
250.74 0.614149837383
250.81 0.407736109725
250.88 0.505536238525
250.95 0.57047556518
251.02 0.589417146445
251.09 0.42261080376
251.16 0.471981707723
251.23 0.603938467444
251.3 0.260075798749
251.37 0.266949802093
251.44 0.683967966057
251.51 0.498609149036
251.58 0.332084444843
251.65 0.557588909773
251.72 0.527289794577
251.79 0.430404766874
251.86 0.320995628797
251.93 0.830602570928
252.0 0.503418942186
252.07 0.388120097891
252.14 0.785144248015
252.21 0.468024907043
252.28 0.437619863729
252.35 0.516427403259
252.42 0.660869407192
252.49 0.512160981267
252.56 0.447066056587
252.63 0.670087075669
252.7 0.46414098539
252.77 0.38630938525
252.84 0.800100575725
252.91 0.552628623594
252.98 0.508726735927
253.05 0.435097523753
253.12 0.472379876934
253.19 0.431959335882
253.26 0.351884692587
253.33 0.509158350065
253.4 0.306133689721
253.47 0.244972844941
253.54 0.732925109383
253.61 0.606790090384
253.68 0.784282811759
253.75 0.603226063495
253.82 0.630186952658
253.89 0.690600484613
253.96 0.476546122263
254.03 0.814746712035
254.1 0.572878925201
254.17 0.677814131718
254.24 0.638812243741
254.31 0.661746689801
254.38 0.53825487203
254.45 0.474425859304
254.52 0.630410600079
254.59 0.484168933573
254.66 0.459425296905
254.73 0.520810352742
254.8 0.311109353274
254.87 0.234332437026
254.94 0.442237744114
255.01 0.398499934832
255.08 0.343832077445
255.15 0.141167735555
255.22 0.406159408314
255.29 0.411225390273
255.36 0.450879453793
255.43 0.783379268433
255.5 0.693404599687
255.57 0.774215861776
255.64 0.74863499079
255.71 0.621781752924
255.78 0.758381153226
255.85 0.629568347892
255.92 0.801696034177
255.99 0.556433444708
256.06 0.429359351786
256.13 0.749809656059
256.2 0.52073302486
256.27 0.441380436171
256.34 0.72217159129
256.41 0.614355581824
256.48 0.675845379346
256.55 0.647199864263
256.62 0.686135888547
256.69 0.462476800963
256.76 0.37677016552
256.83 0.779814356291
256.9 0.489434181383
256.97 0.382630614284
257.04 0.611855304335
257.11 0.604936398328
257.18 0.779358889798
257.25 0.579058080145
257.32 0.739766606835
257.39 0.669993889602
257.46 0.633512557111
257.53 0.806017202028
257.6 0.549956021851
257.67 0.795455845172
257.74 0.740142176813
257.81 0.725385069777
257.88 0.82578239676
257.95 0.684737346745
258.02 0.683602466236
258.09 0.332296190289
258.16 0.277380526568
258.23 0.812423381908
258.3 0.591649803204
258.37 0.260198964026
258.44 0.573713289707
258.51 0.848835645294
258.58 0.423889639549
258.65 0.237934357696
258.72 0.160323631974
258.79 0.113475876869
258.86 0.0969563212348
258.93 0.0810607259865
259.0 0.0591207289589
259.07 0.051310939929
259.14 0.0446655459412
259.21 0.026635969
259.28 2.73589465062e-05
259.35 0.0
259.42 0.0
259.49 0.0
259.56 0.0
259.63 0.0
259.7 0.0
259.77 0.0
259.84 0.0
259.91 0.0
259.98 0.0
260.05 0.0
260.12 0.0
260.19 0.0
260.26 0.0
260.33 0.0
260.4 0.0
260.47 0.0
260.54 0.0
260.61 0.0
260.68 0.0
260.75 0.0
260.82 0.0
260.89 0.0
260.96 0.0
261.03 0.0
261.1 0.0
261.17 0.0
261.24 0.0
261.31 0.0
261.38 0.0
261.45 0.0
261.52 0.0
261.59 0.0
261.66 0.0
261.73 0.0
261.8 0.0
261.87 0.0
261.94 0.0
262.01 0.0
262.08 0.0
262.15 0.0
262.22 0.0
262.29 0.0
262.36 0.0
262.43 0.0
262.5 0.0
262.57 0.0
262.64 0.0
262.71 0.0
262.78 0.0
262.85 0.0
262.92 0.0
262.99 0.0
263.06 0.0
263.13 0.0
263.2 0.0
263.27 0.0
263.34 0.0
263.41 0.0
263.48 0.0
263.55 0.0
263.62 0.0
263.69 0.0
263.76 0.0
263.83 0.0
263.9 0.0
263.97 0.0
264.04 0.0
264.11 0.0
264.18 0.0
264.25 0.0
264.32 0.0
264.39 0.0
264.46 0.0
264.53 0.0
264.6 0.0
264.67 0.0
264.74 0.0
264.81 0.0
264.88 0.0
264.95 0.0
265.02 0.0
265.09 0.0
265.16 0.0
265.23 0.0
265.3 0.0
265.37 0.0
265.44 0.0
265.51 0.0
265.58 0.0
265.65 0.0
265.72 0.0
265.79 0.0
265.86 0.0
265.93 0.0
266.0 0.0
266.07 0.0
266.14 0.0
266.21 0.0
266.28 0.0
266.35 0.0
266.42 0.0
266.49 0.0
266.56 0.0
266.63 0.0
266.7 0.0
266.77 0.0
266.84 0.0
266.91 0.0
266.98 0.0
267.05 0.0
267.12 0.0
267.19 0.0
267.26 0.0
267.33 0.0
267.4 0.0
267.47 0.0
267.54 0.0
267.61 0.0
267.68 0.0
267.75 0.0
267.82 0.0
267.89 0.0
267.96 0.0
268.03 0.0
268.1 0.0
268.17 0.0
268.24 0.0
