0 0
3.56753921653 0
11.0891034006 0.702127659574
22.5277542893 0.744680851064
22.5552424272 0
23.7181573047 0
23.8652531534 0.797872340426
31.2297027531 0.851063829787
31.3249737235 0
32.2755922687 0
32.3748570578 0.872340425532
36.8121431029 0.872340425532
37.8696606579 0.595744680851
112.140140189 0.595744680851
139.437909471 0.521276595745
140.423234593 0
152.154463147 0
152.704533109 0.510638297872
161.082351464 0.723404255319
184.320461184 0.723404255319
190.658127471 0.244680851064
198.844279758 0.255319148936
206.23822376 0.510638297872
250.192994247 0.574468085106
250.227793618 0
251.254871499 0
251.276187685 0.574468085106
272.556890906 0.553191489362
291.118771161 0.393617021277
297.368402806 0.734042553191
303.570489947 0.712765957447
307.640884354 0
