0.0 0.0
0.07 0.0
0.14 0.0
0.21 0.0
0.28 0.0
0.35 0.0
0.42 0.0
0.49 0.0
0.56 0.0
0.63 0.0
0.7 0.0
0.77 0.0
0.84 0.0
0.91 0.0
0.98 0.0
1.05 0.0
1.12 0.0
1.19 0.0
1.26 0.0
1.33 0.0
1.4 0.0
1.47 0.0
1.54 0.0
1.61 0.0
1.68 0.0
1.75 0.0
1.82 0.0
1.89 0.0
1.96 0.0
2.03 0.0
2.1 0.0
2.17 0.0
2.24 0.0
2.31 0.0
2.38 0.0
2.45 0.0
2.52 0.0
2.59 0.0
2.66 0.0
2.73 0.0
2.8 0.0
2.87 0.0
2.94 0.0
3.01 0.0
3.08 0.0
3.15 0.0
3.22 0.0
3.29 0.0
3.36 0.0
3.43 0.0
3.5 0.0
3.57 0.0
3.64 0.0
3.71 0.0
3.78 0.0
3.85 0.0
3.92 0.0
3.99 0.000277791072394
4.06 0.000354569574571
4.13 0.000304646454675
4.2 0.000319183247604
4.27 0.000501245183388
4.34 0.0005016852136
4.41 0.000488914182929
4.48 0.595612132012
4.55 0.571976327805
4.62 0.314618459941
4.69 0.270036779903
4.76 0.172677566043
4.83 0.215318791829
4.9 0.814382254545
4.97 0.743893747299
5.04 0.333227048737
5.11 0.252687255192
5.18 0.259107361415
5.25 0.743418045306
5.32 0.758152204196
5.39 0.62794819212
5.46 0.467685448908
5.53 0.426499542937
5.6 0.664088282941
5.67 0.452343822669
5.74 0.401973089375
5.81 0.480441728412
5.88 0.425806651057
5.95 0.666202709343
6.02 0.683239501197
6.09 0.634299521621
6.16 0.730172663195
6.23 0.66835510471
6.3 0.672327897164
6.37 0.587989163717
6.44 0.470222650695
6.51 0.515154994194
6.58 0.330649702655
6.65 0.632238406572
6.72 0.644313917593
6.79 0.632983754566
6.86 0.516114574845
6.93 0.446658416837
7.0 0.430759985396
7.07 0.493968786272
7.14 0.467615850796
7.21 0.439737720963
7.28 0.38248998905
7.35 0.534845086986
7.42 0.708279961947
7.49 0.683267866221
7.56 0.502258091188
7.63 0.255475892499
7.7 0.523051367928
7.77 0.579610744785
7.84 0.440964098701
7.91 0.412439478738
7.98 0.325584803733
8.05 0.312664691955
8.12 0.416722172059
8.19 0.318112737593
8.26 0.253062225244
8.33 0.118644160048
8.4 0.467250597513
8.47 0.635283356964
8.54 0.616617411923
8.61 0.527118461112
8.68 0.413085235485
8.75 0.321276453267
8.82 0.199818047282
8.89 0.228654626099
8.96 0.591328151322
9.03 0.570276257545
9.1 0.684208250273
9.17 0.752407786928
9.24 0.694186990258
9.31 0.605108660942
9.38 0.410329293551
9.45 0.591641144811
9.52 0.595102177616
9.59 0.596105834627
9.66 0.548842380311
9.73 0.361918310397
9.8 0.595195348936
9.87 0.578376774833
9.94 0.488940403088
10.01 0.424253959325
10.08 0.360565165597
10.15 0.543271674559
10.22 0.62879507765
10.29 0.522514027856
10.36 0.478268815226
10.43 0.288433392606
10.5 0.437999790051
10.57 0.693946377226
10.64 0.504240173427
10.71 0.459404823869
10.78 0.465151582324
10.85 0.424423306644
10.92 0.620793138412
10.99 0.649990120024
11.06 0.68407534761
11.13 0.434780530154
11.2 0.350549808328
11.27 0.641744844079
11.34 0.526475836478
11.41 0.667146372183
11.48 0.430939712915
11.55 0.453211148166
11.62 0.737877896831
11.69 0.522107552769
11.76 0.658377416284
11.83 0.472215316224
11.9 0.379248037133
11.97 0.963872292081
12.04 0.762915769301
12.11 0.67457571139
12.18 0.72253911048
12.25 0.66516676991
12.32 0.74108603976
12.39 0.576401113651
12.46 0.584954998579
12.53 0.553615462479
12.6 0.501155328091
12.67 0.872491527249
12.74 0.718118432712
12.81 0.623886872358
12.88 0.533767949443
12.95 0.450185632442
13.02 0.66871596446
13.09 0.552443671053
13.16 0.550200131889
13.23 0.538880419016
13.3 0.567363259802
13.37 0.915114892323
13.44 0.900167304112
13.51 0.822843940732
13.58 0.615737671932
13.65 0.568734044173
13.72 0.648033955565
13.79 0.532751529299
13.86 0.527189387212
13.93 0.737344540725
14.0 0.602039652181
14.07 0.795527526388
14.14 0.525505581145
14.21 0.638481334067
14.28 0.709432499231
14.35 0.45002821784
14.42 0.615053443006
14.49 0.469059517709
14.56 0.700306475739
14.63 0.633552363862
14.7 0.452280104038
14.77 0.971457509169
14.84 0.727176699449
14.91 0.657806660995
14.98 0.594817105736
15.05 0.493105199903
15.12 0.660599704245
15.19 0.757331832179
15.26 0.465968912491
15.33 0.586610870625
15.4 0.374292614343
15.47 0.830002989689
15.54 0.63690228791
15.61 0.395716174561
15.68 0.41408864653
15.75 0.425240492391
15.82 0.724837462741
15.89 0.694067422767
15.96 0.619418753691
16.03 0.526473987223
16.1 0.480175550752
16.17 0.787545407691
16.24 0.613309286231
16.31 0.500569135639
16.38 0.410633302526
16.45 0.401699035174
16.52 0.572045351621
16.59 0.454934781481
16.66 0.438298332497
16.73 0.521177399984
16.8 0.375102163873
16.87 0.904464322108
16.94 0.52262994084
17.01 0.818741267156
17.08 0.665996432206
17.15 0.480117888742
17.22 0.662933678643
17.29 0.575703066648
17.36 0.667411436228
17.43 0.679920750469
17.5 0.436496812707
17.57 0.893698572294
17.64 0.894041918842
17.71 0.761373495002
17.78 0.695369253276
17.85 0.661998703578
17.92 0.776206640381
17.99 0.424751362706
18.06 0.501300133007
18.13 0.648749581211
18.2 0.730259507106
18.27 0.949274065293
18.34 0.667713225871
18.41 0.564558076232
18.48 0.409435952114
18.55 0.52714781564
18.62 0.709621550877
18.69 0.46839239806
18.76 0.493660884722
18.83 0.386951175549
18.9 0.637126105328
18.97 0.898583648921
19.04 0.757198738836
19.11 0.842734908444
19.18 0.559154206242
19.25 0.592626865514
19.32 0.696683609977
19.39 0.632516184105
19.46 0.592918972236
19.53 0.440209749269
19.6 0.616400644014
19.67 0.884724215934
19.74 0.744034477987
19.81 0.516719546432
19.88 0.384802594905
19.95 0.655554112495
20.02 0.647236268798
20.09 0.584910169655
20.16 0.532850022728
20.23 0.374541268646
20.3 0.603294535979
20.37 0.894001430421
20.44 0.60229809095
20.51 0.677694466131
20.58 0.64712976005
20.65 0.635969593105
20.72 0.544301066567
20.79 0.415863943904
20.86 0.612086508843
20.93 0.427555100947
21.0 0.72259425642
21.07 0.833223351919
21.14 0.542457769858
21.21 0.416677335237
21.28 0.346782477263
21.35 0.643268540077
21.42 0.511169138484
21.49 0.456974115034
21.56 0.424419252725
21.63 0.363128964389
21.7 0.708636350313
21.77 0.556656486447
21.84 0.495785284013
21.91 0.360932603234
21.98 0.37101681282
22.05 0.661723249179
22.12 0.499610486949
22.19 0.522101025654
22.26 0.456552778209
22.33 0.37635859906
22.4 0.891234432446
22.47 0.624927271891
22.54 0.666460448577
22.61 0.605191388878
22.68 0.520141148017
22.75 0.700239943171
22.82 0.501913517069
22.89 0.532038111703
22.96 0.442195275025
23.03 0.452066928582
23.1 0.848889106667
23.17 0.491058716423
23.24 0.422213583238
23.31 0.512667535001
23.38 0.614398338439
23.45 0.687904957617
23.52 0.515237015825
23.59 0.478822918192
23.66 0.474939785843
23.73 0.353172224786
23.8 0.943306699384
23.87 0.624509771227
23.94 0.598374302066
24.01 0.551334172108
24.08 0.352904801503
24.15 0.641680199128
24.22 0.4178529459
24.29 0.368604367495
24.36 0.381558064862
24.43 0.411088019592
24.5 0.88933023217
24.57 0.581195431226
24.64 0.455923989705
24.71 0.443114622248
24.78 0.595248233797
24.85 0.677316998061
24.92 0.536006597502
24.99 0.662132878944
25.06 0.553336166278
25.13 0.674182014103
25.2 0.845314471602
25.27 0.540810643129
25.34 0.862795436721
25.41 0.654528877079
25.48 0.691948653606
25.55 0.661428872353
25.62 0.518101966781
25.69 0.553287171735
25.76 0.472842095257
25.83 0.795468730454
25.9 0.668553116048
25.97 0.483052642029
26.04 0.524207207695
26.11 0.373470859052
26.18 0.720139662971
26.25 0.592340708226
26.32 0.4233958959
26.39 0.528662627541
26.46 0.536137038252
26.53 0.869180892258
26.6 0.687011609411
26.67 0.589163107906
26.74 0.489304897036
26.81 0.331906602694
26.88 0.642765805561
26.95 0.448740919611
27.02 0.366771036906
27.09 0.57148206105
27.16 0.549308550573
27.23 0.9449782602
27.3 0.576673796988
27.37 0.559968026322
27.44 0.473610002133
27.51 0.494602180426
27.58 0.715541827912
27.65 0.420962648429
27.72 0.588054364911
27.79 0.650256161162
27.86 0.504204781458
27.93 0.88784439908
28.0 0.570035443678
28.07 0.816408210052
28.14 0.655021063282
28.21 0.584237917448
28.28 0.625633025064
28.35 0.388723165927
28.42 0.444820511062
28.49 0.453334840659
28.56 0.338816468184
28.63 0.923260942583
28.7 0.458669464561
28.77 0.422122902038
28.84 0.493688758943
28.91 0.648726602608
28.98 0.68179050202
29.05 0.465433252432
29.12 0.546598574872
29.19 0.603982994836
29.26 0.687031011358
29.33 0.835275180074
29.4 0.644500420449
29.47 0.5619992825
29.54 0.484151036417
29.61 0.473076268052
29.68 0.715986467157
29.75 0.311000880183
29.82 0.484904193254
29.89 0.379455422244
29.96 0.669138405874
30.03 0.699822831764
30.1 0.430786295818
30.17 0.831311093449
30.24 0.659587668607
30.31 0.688352405158
30.38 0.710030943703
30.45 0.518737606218
30.52 0.685370728855
30.59 0.594766591396
30.66 0.85703996454
30.73 0.628121797578
30.8 0.463157223242
30.87 0.503761967774
30.94 0.548589594237
31.01 0.714871657387
31.08 0.610439512995
31.15 0.531392062731
31.22 0.572490351917
31.29 0.428617743444
31.36 0.888627027788
31.43 0.613312297618
31.5 0.483766325901
31.57 0.530922555009
31.64 0.567521108794
31.71 0.797806995711
31.78 0.482368302532
31.85 0.403027992981
31.92 0.574476067226
31.99 0.554255383748
32.06 0.917941230064
32.13 0.685458809364
32.2 0.621638642923
32.27 0.56993273837
32.34 0.38299898215
32.41 0.641319799718
32.48 0.409773481237
32.55 0.358286391296
32.62 0.539967677254
32.69 0.467965847441
32.76 0.912072562932
32.83 0.508298255018
32.9 0.50299308042
32.97 0.540060520243
33.04 0.528652767479
33.11 0.727284782152
33.18 0.445283746661
33.25 0.560071793343
33.32 0.635124381946
33.39 0.544641365624
33.46 0.837731354247
33.53 0.581966737618
33.6 0.430765042359
33.67 0.548744234393
33.74 0.528173883728
33.81 0.618272875531
33.88 0.437533669433
33.95 0.412169930899
34.02 0.430919863039
34.09 0.486380055711
34.16 0.913119707338
34.23 0.605243404962
34.3 0.559016289491
34.37 0.412717821541
34.44 0.45417149605
34.51 0.562080587672
34.58 0.618797063213
34.65 0.481477896886
34.72 0.506018826313
34.79 0.41998993344
34.86 0.486020334399
34.93 0.320948816926
35.0 0.309483783511
35.07 0.249429908987
35.14 0.365427993619
35.21 0.596513050995
35.28 0.606507774232
35.35 0.680173560236
35.42 0.648231389223
35.49 0.561652946004
35.56 0.9060349163
35.63 0.653448372741
35.7 0.580835835152
35.77 0.436810858884
35.84 0.35808780002
35.91 0.520419539336
35.98 0.638407052454
36.05 0.470998694745
36.12 0.408743396462
36.19 0.301189694676
36.26 0.36382194089
36.33 0.421183518773
36.4 0.34138326708
36.47 0.281569536224
36.54 0.258922472003
36.61 0.520265816474
36.68 0.588311245522
36.75 0.543542759119
36.82 0.435506222337
36.89 0.418820116508
36.96 0.861940231236
37.03 0.62153473261
37.1 0.509467058752
37.17 0.490417094833
37.24 0.376984934678
37.31 0.340492433815
37.38 0.381327688737
37.45 0.306365772308
37.52 0.224216695761
37.59 0.0852745705195
37.66 0.799564115325
37.73 0.737011493141
37.8 0.634002319575
37.87 0.47049871211
37.94 0.297511980841
38.01 0.326193172579
38.08 0.253586086852
38.15 0.192662603188
38.22 0.34781683033
38.29 0.51389716445
38.36 0.787110929758
38.43 0.763073869899
38.5 0.56071450147
38.57 0.361131889532
38.64 0.393078710198
38.71 0.513635979441
38.78 0.589533766791
38.85 0.539145502241
38.92 0.418700741953
38.99 0.324535965774
39.06 0.649649270366
39.13 0.758761673117
39.2 0.517649603313
39.27 0.409330248959
39.34 0.379419622965
39.41 0.374220786745
39.48 0.645801783849
39.55 0.443523403544
39.62 0.367824655398
39.69 0.29755532833
39.76 0.306421174368
39.83 0.746117232368
39.9 0.55052785398
39.97 0.739290443454
40.04 0.536600555922
40.11 0.4250809679
40.18 0.594542420825
40.25 0.491439708119
40.32 0.829901818846
40.39 0.668270423717
40.46 0.406708780258
40.53 0.93952465777
40.6 0.67322072636
40.67 0.644903413656
40.74 0.579965623509
40.81 0.35523997188
40.88 0.892640894241
40.95 0.654792941465
41.02 0.703357120573
41.09 0.587211984614
41.16 0.343837408088
41.23 0.934792865103
41.3 0.690569110377
41.37 0.614172587144
41.44 0.621473477019
41.51 0.437799475888
41.58 0.650972059852
41.65 0.61950350351
41.72 0.584366285544
41.79 0.606808230245
41.86 0.485364183913
41.93 0.85137755762
42.0 0.686918962742
42.07 0.662434506115
42.14 0.535174026493
42.21 0.581694075718
42.28 0.540666625754
42.35 0.670592281488
42.42 0.488959360492
42.49 0.550319283044
42.56 0.411922864089
42.63 0.835134691967
42.7 0.643963297008
42.77 0.505691398705
42.84 0.444032193554
42.91 0.444268000102
42.98 0.558746232796
43.05 0.579364764512
43.12 0.420130848038
43.19 0.694792433467
43.26 0.627996499539
43.33 0.776875726626
43.4 0.743327393441
43.47 0.529073533393
43.54 0.832361025842
43.61 0.486316193788
43.68 0.526179725481
43.75 0.616623741588
43.82 0.484207558861
43.89 0.525140697939
43.96 0.4549900662
44.03 0.642070754148
44.1 0.779773075089
44.17 0.63236817938
44.24 0.606638445152
44.31 0.750304452672
44.38 0.676458773291
44.45 0.661980243747
44.52 0.46774728782
44.59 0.410150624361
44.66 0.545447825916
44.73 0.464865315592
44.8 0.964601712109
44.87 0.713054306664
44.94 0.376430186334
45.01 0.417967617773
45.08 0.406363071087
45.15 0.712504055654
45.22 0.469558706033
45.29 0.439110299937
45.36 0.55507745383
45.43 0.575611226701
45.5 0.694298184764
45.57 0.492918597759
45.64 0.436513340919
45.71 0.3837700076
45.78 0.371960630235
45.85 0.684178443303
45.92 0.446027555678
45.99 0.422309914878
46.06 0.510101301375
46.13 0.361337126392
46.2 0.878413759598
46.27 0.469732354366
46.34 0.752070327759
46.41 0.72648320281
46.48 0.413808624843
46.55 0.649819754994
46.62 0.532745363235
46.69 0.469577256127
46.76 0.636870519985
46.83 0.394275542728
46.9 0.923739034279
46.97 0.863309047882
47.04 0.885216704516
47.11 0.76123519125
47.18 0.672567079534
47.25 0.690154556787
47.32 0.654682098984
47.39 0.599641656771
47.46 0.695394929603
47.53 0.52782154364
47.6 0.813194667162
47.67 0.830854514717
47.74 0.75125029874
47.81 0.69048033259
47.88 0.57153642509
47.95 0.56627646416
48.02 0.579031785753
48.09 0.556348825222
48.16 0.528736355167
48.23 0.521226804094
48.3 0.716459906945
48.37 0.811849430494
48.44 0.690252360835
48.51 0.903515357468
48.58 0.43284190372
48.65 0.531924445129
48.72 0.671173173268
48.79 0.576463084572
48.86 0.564113726954
48.93 0.58385977805
49.0 0.55250044172
49.07 0.764014841786
49.14 0.603631942118
49.21 0.50310248547
49.28 0.562531698747
49.35 0.590450604713
49.42 0.712517611969
49.49 0.478921968992
49.56 0.499101445333
49.63 0.48017833761
49.7 0.363423387476
49.77 0.926873316445
49.84 0.611341849101
49.91 0.49190421755
49.98 0.402118087227
50.05 0.345088060826
50.12 0.706423673063
50.19 0.598787497204
50.26 0.392468463889
50.33 0.5390593353
50.4 0.509367606283
50.47 0.874134424046
50.54 0.681875305997
50.61 0.554223905792
50.68 0.485881688777
50.75 0.36113957765
50.82 0.642303886667
50.89 0.49265869335
50.96 0.431886134407
51.03 0.603848546426
51.1 0.455327902215
51.17 0.811994933817
51.24 0.595298602589
51.31 0.536472978753
51.38 0.454197279564
51.45 0.339064483879
51.52 0.659146858753
51.59 0.552253712267
51.66 0.503930014183
51.73 0.511149074235
51.8 0.445890347488
51.87 0.859842594807
51.94 0.611062487459
52.01 0.501075436657
52.08 0.550627096588
52.15 0.479052211165
52.22 0.59175772461
52.29 0.465938157764
52.36 0.519759501917
52.43 0.542819146361
52.5 0.42795394433
52.57 0.878394763832
52.64 0.626130580764
52.71 0.34425450934
52.78 0.412890118191
52.85 0.501769780637
52.92 0.743560915217
52.99 0.588557917433
53.06 0.348978593581
53.13 0.432744282453
53.2 0.500712218796
53.27 0.758809751495
53.34 0.802130093959
53.41 0.577814922822
53.48 0.628732860763
53.55 0.592033755561
53.62 0.375349932474
53.69 0.639638607881
53.76 0.479823534481
53.83 0.448002023137
53.9 0.39627825787
53.97 0.60865845461
54.04 0.91687124696
54.11 0.50518211338
54.18 0.448104787116
54.25 0.500409927068
54.32 0.652034757634
54.39 0.813376988603
54.46 0.624946582448
54.53 0.757541577656
54.6 0.588737113531
54.67 0.548150820933
54.74 0.934205045668
54.81 0.563114614666
54.88 0.835278924844
54.95 0.755026757611
55.02 0.6131657134
55.09 0.718026910941
55.16 0.540276200487
55.23 0.57219642866
55.3 0.551581347233
55.37 0.308700462038
55.44 0.905986869514
55.51 0.60472100448
55.58 0.497102577635
55.65 0.55832693929
55.72 0.565700597751
55.79 0.702628086417
55.86 0.507723709828
55.93 0.438755484397
56.0 0.609965326285
56.07 0.430630414551
56.14 0.872778901954
56.21 0.630701308834
56.28 0.616109276317
56.35 0.618188852326
56.42 0.330547884177
56.49 0.566337137557
56.56 0.509958034307
56.63 0.353905188751
56.7 0.498793025902
56.77 0.325478571414
56.84 0.853715395258
56.91 0.644587030806
56.98 0.44282973315
57.05 0.517201566809
57.12 0.354264279354
57.19 0.667468272335
57.26 0.634907041999
57.33 0.352015272532
57.4 0.743703365408
57.47 0.559749508447
57.54 0.896650280284
57.61 0.549746839844
57.68 0.502349312836
57.75 0.970016863797
57.82 0.43352985485
57.89 0.594302347112
57.96 0.530774362988
58.03 0.441091330616
58.1 0.635936687871
58.17 0.369169527631
58.24 0.819205061255
58.31 0.651493763055
58.38 0.429823332575
58.45 0.458363982049
58.52 0.538181423127
58.59 0.787397131049
58.66 0.611137741652
58.73 0.455278229574
58.8 0.639642476762
58.87 0.553623631245
58.94 0.751893376943
59.01 0.771222851438
59.08 0.624971502826
59.15 0.683243931963
59.22 0.557549416061
59.29 0.481638513554
59.36 0.613674852048
59.43 0.348818518488
59.5 0.433613340992
59.57 0.362015095606
59.64 0.737812348126
59.71 0.7371094811
59.78 0.470290541715
59.85 0.902481342885
59.92 0.484517705694
59.99 0.745853042743
60.06 0.687843958147
60.13 0.682083331971
60.2 0.668669324642
60.27 0.568982533747
60.34 0.708121252076
60.41 0.753954636412
60.48 0.547417747525
60.55 0.63402104004
60.62 0.618732973377
60.69 0.629784942534
60.76 0.564015414051
60.83 0.351680742385
60.9 0.429514467472
60.97 0.320781335786
61.04 0.610560529201
61.11 0.812300275294
61.18 0.454752792883
61.25 0.378133121304
61.32 0.585311028151
61.39 0.868529175923
61.46 0.589940808276
61.53 0.370470840258
61.6 0.532979116309
61.67 0.635691913732
61.74 0.672207103229
61.81 0.879148318954
61.88 0.572480479445
61.95 0.55002621841
62.02 0.490327717927
62.09 0.454102745278
62.16 0.556660364355
62.23 0.350943687268
62.3 0.448667070131
62.37 0.484837247735
62.44 0.875332949
62.51 0.690513742166
62.58 0.384416730156
62.65 0.477786100955
62.72 0.529372379347
62.79 0.794235769187
62.86 0.635500721734
62.93 0.474473479058
63.0 0.635201643354
63.07 0.519822287458
63.14 0.705149353469
63.21 0.841922768377
63.28 0.485606744362
63.35 0.601580830423
63.42 0.485925273205
63.49 0.644064861622
63.56 0.580450174623
63.63 0.321387338623
63.7 0.494254633282
63.77 0.383956102017
63.84 0.730202561556
63.91 0.802235879479
63.98 0.549725462274
64.05 0.552722966126
64.12 0.443302242104
64.19 0.53279742445
64.26 0.577240061712
64.33 0.489393516864
64.4 0.507891189839
64.47 0.507692365009
64.54 0.501254812152
64.61 0.525435983033
64.68 0.21247966162
64.75 0.368902370622
64.82 0.241528904782
64.89 0.377604751079
64.96 0.573776441755
65.03 0.539084218444
65.1 0.605297300765
65.17 0.665544288752
65.24 0.579547013742
65.31 0.88232887763
65.38 0.647951273889
65.45 0.535740839563
65.52 0.466269943928
65.59 0.372487408454
65.66 0.517761842609
65.73 0.532351102935
65.8 0.506150931281
65.87 0.458590432878
65.94 0.332444642301
66.01 0.350395828218
66.08 0.418971650502
66.15 0.378458475129
66.22 0.474328896414
66.29 0.417585529386
66.36 0.415157979742
66.43 0.520255881946
66.5 0.556633929822
66.57 0.565534569839
66.64 0.259836318848
66.71 0.773243414882
66.78 0.623111584257
66.85 0.56610929217
66.92 0.507982562677
66.99 0.375427811052
67.06 0.289580976729
67.13 0.315106886706
67.2 0.328735953724
67.27 0.301985279453
67.34 0.211346738401
67.41 0.745095351337
67.48 0.715929291437
67.55 0.651576621872
67.62 0.57291856224
67.69 0.521396290192
67.76 0.417288449194
67.83 0.314123472213
67.9 0.215057209665
67.97 0.399406010664
68.04 0.517881045665
68.11 0.503936216353
68.18 0.885313487468
68.25 0.577718177102
68.32 0.490511841235
68.39 0.429931856436
68.46 0.487858355259
68.53 0.641530990525
68.6 0.56590464653
68.67 0.444758161038
68.74 0.314120914397
68.81 0.331714710032
68.88 0.845424800715
68.95 0.582088993806
69.02 0.56494256786
69.09 0.346842595544
69.16 0.355672830728
69.23 0.583576811546
69.3 0.546635395246
69.37 0.461433234519
69.44 0.27015895147
69.51 0.250340352932
69.58 0.659277681991
69.65 0.546695217918
69.72 0.429672142708
69.79 0.816066833485
69.86 0.465045440267
69.93 0.534995367458
70.0 0.484242297554
70.07 0.603187653769
70.14 0.77018840021
70.21 0.448489297925
70.28 0.616767089891
70.35 0.833057018243
70.42 0.578865242216
70.49 0.596441191805
70.56 0.432996955698
70.63 0.526239334907
70.7 0.785023901443
70.77 0.518417353358
70.84 0.592249935635
70.91 0.483527632077
70.98 0.411885807904
71.05 0.859247899618
71.12 0.620125998454
71.19 0.523064609452
71.26 0.506517157143
71.33 0.447123968801
71.4 0.773723378399
71.47 0.56730320809
71.54 0.562812676089
71.61 0.665977726409
71.68 0.698382228138
71.75 0.898389323682
71.82 0.666776409449
71.89 0.617722198031
71.96 0.541150193006
72.03 0.608336275772
72.1 0.668315674618
72.17 0.546460479853
72.24 0.521841698926
72.31 0.550680905513
72.38 0.58616539645
72.45 0.877305061734
72.52 0.660825400253
72.59 0.586170650862
72.66 0.557786213242
72.73 0.608913562689
72.8 0.622301004604
72.87 0.766171551706
72.94 0.704743766341
73.01 0.593852947642
73.08 0.429928931928
73.15 0.655349462341
73.22 0.775474255225
73.29 0.667889894616
73.36 0.83465527341
73.43 0.592557218886
73.5 0.511753353056
73.57 0.720343779447
73.64 0.660993578672
73.71 0.549127417214
73.78 0.709292363148
73.85 0.519240702913
73.92 0.958922712666
73.99 0.64280674191
74.06 0.605309407237
74.13 0.746702172426
74.2 0.698660890245
74.27 0.671563131426
74.34 0.626616722756
74.41 0.590627415621
74.48 0.652363145411
74.55 0.692724805971
74.62 0.886577314034
74.69 0.655700036667
74.76 0.576250888465
74.83 0.695485394173
74.9 0.646752842582
74.97 0.728686176829
75.04 0.578527579956
75.11 0.527870832665
75.18 0.575716153597
75.25 0.635173268175
75.32 0.775251223092
75.39 0.626314387024
75.46 0.568585021736
75.53 0.615802642957
75.6 0.702737710354
75.67 0.766588715014
75.74 0.69114652479
75.81 0.577205220346
75.88 0.640813587834
75.95 0.506085296826
76.02 0.716457609761
76.09 0.762325636886
76.16 0.600248948107
76.23 0.832420400585
76.3 0.673114162326
76.37 0.619186676116
76.44 0.631237011768
76.51 0.542136370663
76.58 0.636404782984
76.65 0.616070744339
76.72 0.470586272481
76.79 0.921186582625
76.86 0.651062249121
76.93 0.62130932657
77.0 0.595320279154
77.07 0.572922431121
77.14 0.676256366164
77.21 0.519929156129
77.28 0.562837199311
77.35 0.550357022969
77.42 0.459939272153
77.49 0.835749297959
77.56 0.570316119769
77.63 0.64226294919
77.7 0.643307119444
77.77 0.493842552887
77.84 0.63792108196
77.91 0.607718579414
77.98 0.465674281801
78.05 0.518548605344
78.12 0.435725042591
78.19 0.841439677261
78.26 0.730352652476
78.33 0.603179029176
78.4 0.8825904959
78.47 0.619241310944
78.54 0.549918616356
78.61 0.718935187455
78.68 0.631487883146
78.75 0.600171840147
78.82 0.535597868106
78.89 0.571968798776
78.96 0.860449781213
79.03 0.742912072618
79.1 0.526090324882
79.17 0.765342602485
79.24 0.66102535111
79.31 0.693972311929
79.38 0.657101203432
79.45 0.582538728376
79.52 0.722628987215
79.59 0.749983219335
79.66 0.900682239877
79.73 0.749946784834
79.8 0.719276434269
79.87 0.673962156957
79.94 0.713990398728
80.01 0.708826594554
80.08 0.506984612519
80.15 0.457892076726
80.22 0.626334119559
80.29 0.538109034772
80.36 0.884589118761
80.43 0.564181508531
80.5 0.494822772084
80.57 0.650964957313
80.64 0.528600180484
80.71 0.734180360199
80.78 0.656491906009
80.85 0.5668088522
80.92 0.595900518787
80.99 0.4506410513
81.06 0.787207150826
81.13 0.579764820799
81.2 0.469012894816
81.27 0.507452199905
81.34 0.511936689952
81.41 0.730622008507
81.48 0.694382685233
81.55 0.536292120695
81.62 0.562486867566
81.69 0.437050379739
81.76 0.707831847591
81.83 0.765548800642
81.9 0.725048479793
81.97 0.816362803447
82.04 0.766165138548
82.11 0.638381503623
82.18 0.623432241041
82.25 0.55299285922
82.32 0.69771835343
82.39 0.74651526903
82.46 0.658229598853
82.53 0.928131550114
82.6 0.594785147131
82.67 0.493423524528
82.74 0.576923048152
82.81 0.534572215226
82.88 0.719304140376
82.95 0.505534442185
83.02 0.535127822193
83.09 0.673435438538
83.16 0.705852338965
83.23 0.81539615749
83.3 0.517999602215
83.37 0.696809230705
83.44 0.567475080505
83.51 0.528010007451
83.58 0.658713630957
83.65 0.483609085054
83.72 0.4556559233
83.79 0.548773028165
83.86 0.64129225157
83.93 0.868148202279
84.0 0.681842298089
84.07 0.570230820476
84.14 0.582241706855
84.21 0.630286483328
84.28 0.67408879878
84.35 0.449422876176
84.42 0.441182158493
84.49 0.548003388246
84.56 0.529398883834
84.63 0.755751048467
84.7 0.593376927472
84.77 0.448957863532
84.84 0.729042569708
84.91 0.509577840307
84.98 0.524476844669
85.05 0.505265066973
85.12 0.440351798919
85.19 0.50456837278
85.26 0.624551389059
85.33 0.596524804315
85.4 0.781498588122
85.47 0.576492212315
85.54 0.699835361343
85.61 0.661264116015
85.68 0.471520730792
85.75 0.603362499209
85.82 0.559731669171
85.89 0.669492265759
85.96 0.643310578758
86.03 0.529281331455
86.1 0.911728285551
86.17 0.765342163583
86.24 0.483536915586
86.31 0.569886069217
86.38 0.356028745215
86.45 0.625696660203
86.52 0.447838774185
86.59 0.462804115922
86.66 0.599130339409
86.73 0.578812155391
86.8 0.843433279264
86.87 0.587601919078
86.94 0.465916610951
87.01 0.285861167799
87.08 0.362213032478
87.15 0.560039394709
87.22 0.425752055719
87.29 0.390463233805
87.36 0.573595853357
87.43 0.385458801804
87.5 0.849792457099
87.57 0.52596284136
87.64 0.563881972068
87.71 0.868061510686
87.78 0.364766225415
87.85 0.60814830502
87.92 0.454105796155
87.99 0.410938735394
88.06 0.571497558011
88.13 0.609537115962
88.2 0.989455231101
88.27 0.878069483345
88.34 0.886984627435
88.41 0.870364297097
88.48 0.63551774639
88.55 0.657509456692
88.62 0.576740781997
88.69 0.428737440687
88.76 0.450960473744
88.83 0.711411341041
88.9 0.58402671423
88.97 0.944380812002
89.04 0.600443405356
89.11 0.439085226113
89.18 0.49356991581
89.25 0.530874183278
89.32 0.669347598493
89.39 0.884312018197
89.46 0.543619754252
89.53 0.66801710735
89.6 0.735691018891
89.67 0.849734135044
89.74 0.520899302019
89.81 0.811609197692
89.88 0.515108540543
89.95 0.486568988888
90.02 0.587782435267
90.09 0.435710902954
90.16 0.427185968629
90.23 0.61330738846
90.3 0.5371789463
90.37 0.851123926463
90.44 0.618642036056
90.51 0.55364902663
90.58 0.452589646111
90.65 0.503227354761
90.72 0.560935732864
90.79 0.528381729178
90.86 0.3668287621
90.93 0.524817073772
91.0 0.56717912634
91.07 0.898238219564
91.14 0.696549783251
91.21 0.645220954124
91.28 0.511303019369
91.35 0.419925283976
91.42 0.617368922596
91.49 0.566599855902
91.56 0.42628477773
91.63 0.559612520273
91.7 0.425790916028
91.77 0.773357528255
91.84 0.765788971388
91.91 0.64596346336
91.98 0.47984108266
92.05 0.406103227606
92.12 0.596084902728
92.19 0.577743395347
92.26 0.479343112881
92.33 0.504663419306
92.4 0.567883905805
92.47 0.808353864344
92.54 0.665701582629
92.61 0.515857633307
92.68 0.403516901523
92.75 0.314593493304
92.82 0.491435638404
92.89 0.528616264152
92.96 0.431636235608
93.03 0.532204596569
93.1 0.476237807269
93.17 0.668538159534
93.24 0.733915924608
93.31 0.551622090645
93.38 0.493336259767
93.45 0.432036139577
93.52 0.432864356543
93.59 0.663887213957
93.66 0.489197618799
93.73 0.57236448184
93.8 0.529868432174
93.87 0.382142241072
93.94 0.938805909038
94.01 0.408999082222
94.08 0.433504181908
94.15 0.467233545779
94.22 0.525889597767
94.29 0.773524700246
94.36 0.581153306795
94.43 0.539006194318
94.5 0.574665384018
94.57 0.543576203672
94.64 0.899016936516
94.71 0.681214217018
94.78 0.665345764045
94.85 0.714089391986
94.92 0.499441262613
94.99 0.576577009522
95.06 0.596722894633
95.13 0.410826462249
95.2 0.480348613506
95.27 0.426240514076
95.34 0.848766852735
95.41 0.620990442317
95.48 0.490452995656
95.55 0.55778419136
95.62 0.400783323278
95.69 0.621840788289
95.76 0.680080230957
95.83 0.535254322981
95.9 0.581697440257
95.97 0.583081221315
96.04 0.775845049503
96.11 0.753999947113
96.18 0.498423218871
96.25 0.906384463889
96.32 0.624018056646
96.39 0.683904034822
96.46 0.67703035674
96.53 0.522094135232
96.6 0.52199423145
96.67 0.57721554526
96.74 0.597042397185
96.81 0.974324212348
96.88 0.52344084995
96.95 0.493769168259
97.02 0.520727032447
97.09 0.484984190747
97.16 0.718464462316
97.23 0.42536118478
97.3 0.448938284444
97.37 0.58366299654
97.44 0.379499808881
97.51 0.936664305694
97.58 0.67533211204
97.65 0.573059870609
97.72 0.576712145056
97.79 0.330041046097
97.86 0.517883534656
97.93 0.532938706868
98.0 0.367371328377
98.07 0.542462838103
98.14 0.480011464615
98.21 0.869962452482
98.28 0.604766701054
98.35 0.387621140726
98.42 0.512481214927
98.49 0.3488837603
98.56 0.601077852197
98.63 0.615525349457
98.7 0.340266214284
98.77 0.561726156876
98.84 0.525092946764
98.91 0.831361848113
98.98 0.634248141889
99.05 0.424163900937
99.12 0.878617487944
99.19 0.590403261975
99.26 0.532436024253
99.33 0.661290727689
99.4 0.384279595305
99.47 0.517922547284
99.54 0.434706526099
99.61 0.62574167755
99.68 0.829687794921
99.75 0.451738054515
99.82 0.473867337442
99.89 0.444817658764
99.96 0.566838220267
100.03 0.714586296666
100.1 0.494391571812
100.17 0.474128639793
100.24 0.64687210318
100.31 0.468582987556
100.38 0.92965028731
100.45 0.666670180515
100.52 0.650162235021
100.59 0.663200445266
100.66 0.32280791072
100.73 0.606074967286
100.8 0.41100348866
100.87 0.40702032052
100.94 0.440704546317
101.01 0.488358675251
101.08 0.841279270453
101.15 0.498259813088
101.22 0.667555226818
101.29 0.631429030798
101.36 0.408416460785
101.43 0.719206374689
101.5 0.600093776531
101.57 0.566988140817
101.64 0.573997238761
101.71 0.397685733991
101.78 0.837300692166
101.85 0.518590653051
101.92 0.420319424678
101.99 0.44796412074
102.06 0.476553895638
102.13 0.722878517065
102.2 0.601982452766
102.27 0.521874223928
102.34 0.570610250629
102.41 0.425754460089
102.48 0.89218702113
102.55 0.59048641753
102.62 0.461908707471
102.69 0.525507421374
102.76 0.443330619539
102.83 0.645207061581
102.9 0.533780928078
102.97 0.387949830883
103.04 0.613434258196
103.11 0.656527119709
103.18 0.738467141287
103.25 0.838798992779
103.32 0.568795272685
103.39 0.59084205446
103.46 0.37908855326
103.53 0.495259214356
103.6 0.566423430866
103.67 0.381174904606
103.74 0.548022124507
103.81 0.652988778109
103.88 0.697388124296
103.95 0.794317261654
104.02 0.482071951211
104.09 0.565304997052
104.16 0.490606173558
104.23 0.593381394343
104.3 0.682822506003
104.37 0.421541149378
104.44 0.559497647565
104.51 0.51922813723
104.58 0.44805643118
104.65 0.936110420486
104.72 0.491424082534
104.79 0.467707999892
104.86 0.527814631781
104.93 0.556735205596
105.0 0.663303073851
105.07 0.398298347436
105.14 0.417514619081
105.21 0.507367824676
105.28 0.560814348838
105.35 0.909934983043
105.42 0.595541409003
105.49 0.679337183531
105.56 0.474296483111
105.63 0.484618104792
105.7 0.553446595808
105.77 0.494189276385
105.84 0.479808660332
105.91 0.489851728221
105.98 0.435776412169
106.05 0.640618425409
106.12 0.413834047306
106.19 0.350143582591
106.26 0.3867589523
106.33 0.302881736078
106.4 0.551540188612
106.47 0.551134681591
106.54 0.582680379743
106.61 0.554867853901
106.68 0.522813562062
106.75 0.770627964441
106.82 0.697027261161
106.89 0.610820142513
106.96 0.548531326339
107.03 0.459379901235
107.1 0.498411868348
107.17 0.570400353962
107.24 0.562978417417
107.31 0.540528240766
107.38 0.421365294125
107.45 0.389240024285
107.52 0.374480954043
107.59 0.391089890984
107.66 0.383005602913
107.73 0.347175737904
107.8 0.27783635376
107.87 0.423902310874
107.94 0.493302418059
108.01 0.413330969792
108.08 0.295530659065
108.15 0.341822993783
108.22 0.924133230267
108.29 0.774430895078
108.36 0.576219399226
108.43 0.512092231605
108.5 0.339136185109
108.57 0.283699539695
108.64 0.275187349322
108.71 0.305202452028
108.78 0.289388710606
108.85 0.136061374945
108.92 0.532708178426
108.99 0.680779286644
109.06 0.626928629709
109.13 0.460728517109
109.2 0.30429299533
109.27 0.284551851135
109.34 0.317071371121
109.41 0.204465128492
109.48 0.292437987961
109.55 0.429531612854
109.62 0.457530032279
109.69 0.974472900813
109.76 0.561208464718
109.83 0.496929124495
109.9 0.396706335055
109.97 0.348157005275
110.04 0.714454820152
110.11 0.613294282329
110.18 0.536052606609
110.25 0.390668421021
110.32 0.308658665937
110.39 0.842562905148
110.46 0.663830568529
110.53 0.448401244495
110.6 0.30793711568
110.67 0.282495624935
110.74 0.528589537394
110.81 0.58811660662
110.88 0.461118328591
110.95 0.349942949124
111.02 0.269499073139
111.09 0.381066624454
111.16 0.698944869947
111.23 0.511981353018
111.3 0.752134842957
111.37 0.47696428248
111.44 0.473556359066
111.51 0.50161638949
111.58 0.444030716632
111.65 0.805030617409
111.72 0.556956603976
111.79 0.542945321075
111.86 0.875006675625
111.93 0.612351474727
112.0 0.633930453615
112.07 0.542587743499
112.14 0.424624635134
112.21 0.915104800963
112.28 0.662676116549
112.35 0.538577342002
112.42 0.546883907386
112.49 0.309195391095
112.56 0.883120672505
112.63 0.572199968083
112.7 0.341867114146
112.77 0.445336717272
112.84 0.498485240565
112.91 0.747247949795
112.98 0.545233498483
113.05 0.349150944388
113.12 0.473222021854
113.19 0.471948684995
113.26 0.812045996502
113.33 0.7532907775
113.4 0.559025029168
113.47 0.619768840599
113.54 0.579403203971
113.61 0.420836517718
113.68 0.63924767263
113.75 0.428920716655
113.82 0.441320120375
113.89 0.402062351196
113.96 0.675882429619
114.03 0.873835775542
114.1 0.490036288175
114.17 0.448164642507
114.24 0.508923311164
114.31 0.682195623168
114.38 0.777251912967
114.45 0.632951227307
114.52 0.77051897347
114.59 0.553997379367
114.66 0.570082988378
114.73 0.914458438329
114.8 0.570324035799
114.87 0.836419433507
114.94 0.753149202857
115.01 0.610041259704
115.08 0.725880937973
115.15 0.514149166367
115.22 0.576865870175
115.29 0.537330278331
115.36 0.306764337006
115.43 0.93016967979
115.5 0.58960178982
115.57 0.498127063871
115.64 0.541619576617
115.71 0.572547067298
115.78 0.705295154659
115.85 0.490243408138
115.92 0.457364157814
115.99 0.584398368259
116.06 0.438583958364
116.13 0.873196918244
116.2 0.635217016204
116.27 0.610738838469
116.34 0.610120355698
116.41 0.318189054627
116.48 0.58063823338
116.55 0.503108416852
116.62 0.344789342368
116.69 0.499344735781
116.76 0.309593494325
116.83 0.879268760864
116.9 0.611787842286
116.97 0.445371645517
117.04 0.495453429024
117.11 0.361489597989
117.18 0.685311033679
117.25 0.605576162578
117.32 0.38397098068
117.39 0.747611555785
117.46 0.530054400224
117.53 0.894809000943
117.6 0.53579528484
117.67 0.460507045391
117.74 0.965336269209
117.81 0.419897329646
117.88 0.60050856706
117.95 0.536857522283
118.02 0.428000698105
118.09 0.634288755549
118.16 0.358002173526
118.23 0.850439737027
118.3 0.615828217739
118.37 0.415161669226
118.44 0.458017268706
118.51 0.551035097113
118.58 0.804263811737
118.65 0.581991406388
118.72 0.444591960498
118.79 0.631395362845
118.86 0.548025367191
118.93 0.827117148581
119.0 0.683732478326
119.07 0.618631237263
119.14 0.680499776069
119.21 0.533587795433
119.28 0.521978136499
119.35 0.576346003816
119.42 0.350553636591
119.49 0.445048020221
119.56 0.348870421744
119.63 0.774043089683
119.7 0.705182101871
119.77 0.454939197579
119.84 0.907089361824
119.91 0.480986752088
119.98 0.762015893979
120.05 0.667822520349
120.12 0.675922453187
120.19 0.660855901117
120.26 0.565423078595
120.33 0.74788514062
120.4 0.716294732014
120.47 0.538256318526
120.54 0.650998813689
120.61 0.5896356304
120.68 0.629112040437
120.75 0.540452545415
120.82 0.334630521711
120.89 0.432825887748
120.96 0.305813051488
121.03 0.686740440229
121.1 0.751438663262
121.17 0.433562411444
121.24 0.388108640043
121.31 0.591019013174
121.38 0.834052886719
121.45 0.586288254014
121.52 0.355432239132
121.59 0.544784546941
121.66 0.620650736737
121.73 0.707201836028
121.8 0.851638001348
121.87 0.564785826843
121.94 0.547293009114
122.01 0.480081760005
122.08 0.482328179674
122.15 0.528270376712
122.22 0.34097297727
122.29 0.448060151128
122.36 0.484224437969
122.43 0.879450601656
122.5 0.669712248144
122.57 0.377521380021
122.64 0.48772772947
122.71 0.527524570635
122.78 0.800844181262
122.85 0.595165195583
122.92 0.458641078099
122.99 0.636612822498
123.06 0.513412833351
123.13 0.73081037303
123.2 0.817994655486
123.27 0.481086823985
123.34 0.601420490183
123.41 0.474839191552
123.48 0.648392090513
123.55 0.556584786345
123.62 0.309228391104
123.69 0.493990443656
123.76 0.379804867159
123.83 0.760031904943
123.9 0.774885375205
123.97 0.545820453654
124.04 0.537873483215
124.11 0.43982925176
124.18 0.537866613103
124.25 0.550060583642
124.32 0.486224386562
124.39 0.510502560411
124.46 0.490349596455
124.53 0.49893041236
124.6 0.513337001478
124.67 0.197555847453
124.74 0.352574807051
124.81 0.240703293021
124.88 0.386454681563
124.95 0.563351584474
125.02 0.531149808047
125.09 0.603006724629
125.16 0.651283601241
125.23 0.585463849515
125.3 0.879543117444
125.37 0.642890815887
125.44 0.515229540953
125.51 0.450615862391
125.58 0.360272823064
125.65 0.520115274241
125.72 0.514822736408
125.79 0.493410164534
125.86 0.450584915856
125.93 0.322965168491
126.0 0.367942576725
126.07 0.401834878142
126.14 0.38173247817
126.21 0.472031816856
126.28 0.408001811291
126.35 0.406431217099
126.42 0.520891160331
126.49 0.545509922077
126.56 0.5413982685
126.63 0.246978231021
126.7 0.786339814046
126.77 0.604469553165
126.84 0.557526293038
126.91 0.493356894928
126.98 0.36658815358
127.05 0.291191769373
127.12 0.311071206037
127.19 0.312673893099
127.26 0.29767343808
127.33 0.197676951665
127.4 0.759393885959
127.47 0.704862725687
127.54 0.656454091618
127.61 0.555897306837
127.68 0.518187694821
127.75 0.415496840238
127.82 0.30189519737
127.89 0.207432632438
127.96 0.418461789753
128.03 0.507300586931
128.1 0.539213783647
128.17 0.861601288375
128.24 0.576925574377
128.31 0.480411396791
128.38 0.414334053635
128.45 0.484197838707
128.52 0.64872552397
128.59 0.565294544642
128.66 0.429702577002
128.73 0.322480114163
128.8 0.323343955523
128.87 0.845367794237
128.94 0.592469325672
129.01 0.556170944701
129.08 0.329732751905
129.15 0.357785257812
129.22 0.603316581492
129.29 0.524257595667
129.36 0.464370834463
129.43 0.258004195521
129.5 0.257732473481
129.57 0.669395638509
129.64 0.530162208754
129.71 0.431003537605
129.78 0.809255468194
129.85 0.468861665458
129.92 0.530591241595
129.99 0.497231857383
130.06 0.599701960091
130.13 0.76951532887
130.2 0.434994646598
130.27 0.666655420322
130.34 0.809088036699
130.41 0.561780392292
130.48 0.588260362234
130.55 0.419866463219
130.62 0.583834642171
130.69 0.749498561034
130.76 0.506602507208
130.83 0.609589909433
130.9 0.473579582506
130.97 0.443671201794
131.04 0.841524223989
131.11 0.614824720944
131.18 0.518371393895
131.25 0.505717820827
131.32 0.452136799738
131.39 0.773028607929
131.46 0.554286546913
131.53 0.571232470272
131.6 0.671879681262
131.67 0.684136035674
131.74 0.905585795516
131.81 0.662302436124
131.88 0.61390354816
131.95 0.538571624994
132.02 0.594826147792
132.09 0.670827636724
132.16 0.537712699561
132.23 0.517809132317
132.3 0.548660273244
132.37 0.575724787216
132.44 0.879797058879
132.51 0.658635690324
132.58 0.601086022092
132.65 0.566204528247
132.72 0.59231974135
132.79 0.622997126757
132.86 0.766077487914
132.93 0.702035037392
133.0 0.575932343825
133.07 0.43961599958
133.14 0.673825373002
133.21 0.761295346765
133.28 0.657918098082
133.35 0.833401980491
133.42 0.584074688805
133.49 0.532137494218
133.56 0.702046816662
133.63 0.650345039366
133.7 0.566330443456
133.77 0.690722992327
133.84 0.528956581261
133.91 0.950248724313
133.98 0.64745804741
134.05 0.602200001446
134.12 0.757779740059
134.19 0.6887553758
134.26 0.670233047593
134.33 0.624298568008
134.4 0.59402171728
134.47 0.657318253411
134.54 0.690525511281
134.61 0.8800879967
134.68 0.652861118575
134.75 0.572663850188
134.82 0.699001074216
134.89 0.635305663111
134.96 0.731872758278
135.03 0.575514404259
135.1 0.521534255459
135.17 0.586326824354
135.24 0.626190048026
135.31 0.787554681045
135.38 0.605998350128
135.45 0.559938560093
135.52 0.62884222181
135.59 0.695791925987
135.66 0.763726513682
135.73 0.696011114062
135.8 0.570221901402
135.87 0.637279838345
135.94 0.516024621387
136.01 0.714156984012
136.08 0.764790615048
136.15 0.578536872491
136.22 0.839834556493
136.29 0.672923837977
136.36 0.637976033836
136.43 0.598304756983
136.5 0.55414477482
136.57 0.625139571801
136.64 0.609231948241
136.71 0.480468517226
136.78 0.917713328263
136.85 0.636111050406
136.92 0.627509812586
136.99 0.597693102579
137.06 0.561009163752
137.13 0.672047016853
137.2 0.509853225881
137.27 0.575046868774
137.34 0.546110827334
137.41 0.4474670581
137.48 0.83625779123
137.55 0.569236092694
137.62 0.640047159008
137.69 0.637212812717
137.76 0.493202866301
137.83 0.64344132076
137.9 0.592701574745
137.97 0.458217987923
138.04 0.512609012111
138.11 0.439381953152
138.18 0.844911660048
138.25 0.7308753339
138.32 0.609586335034
138.39 0.879295715535
138.46 0.613850680223
138.53 0.558676510573
138.6 0.713486453564
138.67 0.623297853558
138.74 0.598162372233
138.81 0.531362413721
138.88 0.622292735421
138.95 0.83249487175
139.02 0.730951709605
139.09 0.560544221061
139.16 0.748866631391
139.23 0.675568946455
139.3 0.680497341235
139.37 0.65371043781
139.44 0.578324364978
139.51 0.733038704072
139.58 0.762774062648
139.65 0.884388691769
139.72 0.753190881616
139.79 0.699223679859
139.86 0.687452393315
139.93 0.708571777572
140.0 0.699570767792
140.07 0.50833242957
140.14 0.45506302885
140.21 0.625141287918
140.28 0.527065166684
140.35 0.880818330638
140.42 0.557975497315
140.49 0.499170505254
140.56 0.655483214601
140.63 0.519971449802
140.7 0.74371528797
140.77 0.645207781425
140.84 0.562816375728
140.91 0.598155784191
140.98 0.452283221483
141.05 0.794759959125
141.12 0.576467911365
141.19 0.459896454957
141.26 0.505952294874
141.33 0.505893514736
141.4 0.739365635591
141.47 0.688818455823
141.54 0.523617576238
141.61 0.555580530216
141.68 0.429495621768
141.75 0.754671648717
141.82 0.731938203182
141.89 0.709688432084
141.96 0.821905710572
142.03 0.753244020341
142.1 0.639044036803
142.17 0.611837485592
142.24 0.560507522542
142.31 0.690833719724
142.38 0.739255543417
142.45 0.719694750681
142.52 0.881831728112
142.59 0.590737660113
142.66 0.505038184011
142.73 0.565894504397
142.8 0.561529349415
142.87 0.707251236753
142.94 0.492794105314
143.01 0.548236168741
143.08 0.675198647492
143.15 0.708928379183
143.22 0.851732462295
143.29 0.543901019306
143.36 0.705628523804
143.43 0.568758289838
143.5 0.531047573233
143.57 0.657019914056
143.64 0.48075308025
143.71 0.460843622243
143.78 0.567943013145
143.85 0.652273431149
143.92 0.869363413404
143.99 0.68860197337
144.06 0.568566138799
144.13 0.589343886985
144.2 0.642644121411
144.27 0.671291973527
144.34 0.4598499133
144.41 0.433696121958
144.48 0.557392984193
144.55 0.528100070353
144.62 0.769199496622
144.69 0.588609978648
144.76 0.449816926615
144.83 0.740800755763
144.9 0.501606382751
144.97 0.535765268009
145.04 0.491537441086
145.11 0.465856854848
145.18 0.499373160604
145.25 0.614964154107
145.32 0.613843447931
145.39 0.789856246654
145.46 0.550808897891
145.53 0.701265007088
145.6 0.656727220627
145.67 0.485997581452
145.74 0.610573096013
145.81 0.543504874775
145.88 0.676064071833
145.95 0.656907794358
146.02 0.511396664567
146.09 0.919096727961
146.16 0.763138914262
146.23 0.481644301644
146.3 0.565458771814
146.37 0.349746814119
146.44 0.636459893947
146.51 0.446815911548
146.58 0.465776196182
146.65 0.605725347487
146.72 0.577662937515
146.79 0.854054889849
146.86 0.587879118931
146.93 0.445885270217
147.0 0.287014972144
147.07 0.363211600935
147.14 0.565151525797
147.21 0.4187242768
147.28 0.394497004292
147.35 0.587414707661
147.42 0.358219218992
147.49 0.853336953481
147.56 0.529045304891
147.63 0.596993736613
147.7 0.850764760265
147.77 0.37293522043
147.84 0.602296228155
147.91 0.455739149937
147.98 0.437914643077
148.05 0.568619029302
148.12 0.616811231691
148.19 1.0
148.26 0.876842628343
148.33 0.900170915745
148.4 0.861081159126
148.47 0.639589178949
148.54 0.652699402959
148.61 0.564183107308
148.68 0.431296790662
148.75 0.476450037225
148.82 0.695128351403
148.89 0.624464830603
148.96 0.916793213808
149.03 0.59610935374
149.1 0.441790025253
149.17 0.488744794991
149.24 0.538311345996
149.31 0.697466732873
149.38 0.837515522813
149.45 0.532798719719
149.52 0.678806489043
149.59 0.762067213913
149.66 0.822946400075
149.73 0.537436679892
149.8 0.817624409553
149.87 0.515771952655
149.94 0.510854905012
150.01 0.558856573192
150.08 0.433190212454
150.15 0.427801472734
150.22 0.625104171934
150.29 0.514546581345
150.36 0.853621686876
150.43 0.626404279555
150.5 0.55159331267
150.57 0.469059450012
150.64 0.495669721925
150.71 0.566801000481
150.78 0.526510506346
150.85 0.365696415433
150.92 0.523377885012
150.99 0.565124655747
151.06 0.907208412562
151.13 0.708201284545
151.2 0.633989935546
151.27 0.502767558167
151.34 0.419009318216
151.41 0.620868331677
151.48 0.561600487633
151.55 0.447765467409
151.62 0.54020616573
151.69 0.416773053091
151.76 0.773955748199
151.83 0.763952323647
151.9 0.644713912953
151.97 0.475768214926
152.04 0.394397108408
152.11 0.609213457946
152.18 0.566836654211
152.25 0.476480344024
152.32 0.504078821118
152.39 0.579365742733
152.46 0.81552883224
152.53 0.657523674181
152.6 0.521933822072
152.67 0.388398055811
152.74 0.309486801667
152.81 0.538068210123
152.88 0.486649239116
152.95 0.433399169262
153.02 0.538648102245
153.09 0.480988436614
153.16 0.677179436719
153.23 0.726778333329
153.3 0.555589527142
153.37 0.563533610305
153.44 0.439174549989
153.51 0.441910558554
153.58 0.653624414161
153.65 0.503929255977
153.72 0.566280769687
153.79 0.525067444192
153.86 0.399925611877
153.93 0.935153587203
154.0 0.407111889678
154.07 0.431875073852
154.14 0.460578985817
154.21 0.492142710539
154.28 0.732539195316
154.35 0.567366745067
154.42 0.555667816414
154.49 0.556436434108
154.56 0.564304122385
154.63 0.882390007981
154.7 0.682113995307
154.77 0.665044484386
154.84 0.703426473847
154.91 0.490713284809
154.98 0.583502938371
155.05 0.596208351511
155.12 0.400240842751
155.19 0.484690467196
155.26 0.423215136002
155.33 0.85792231312
155.4 0.5991290385
155.47 0.490196647595
155.54 0.556553802577
155.61 0.399633598803
155.68 0.631893697059
155.75 0.683747341192
155.82 0.542817395267
155.89 0.586511850288
155.96 0.58171404632
156.03 0.823379485706
156.1 0.704336185537
156.17 0.492200134482
156.24 0.905901949325
156.31 0.638220448053
156.38 0.683645575744
156.45 0.67191979058
156.52 0.52630879424
156.59 0.524672855562
156.66 0.576226852661
156.73 0.653265715072
156.8 0.947679851633
156.87 0.505866650327
156.94 0.496901736564
157.01 0.522909036207
157.08 0.496103045625
157.15 0.709703351365
157.22 0.424069707393
157.29 0.455387938132
157.36 0.583955784744
157.43 0.380601154855
157.5 0.963787303066
157.57 0.649369112157
157.64 0.581708949867
157.71 0.557324702787
157.78 0.325541880478
157.85 0.523768850726
157.92 0.526669741996
157.99 0.368565125827
158.06 0.53723461125
158.13 0.471996693419
158.2 0.874137551646
158.27 0.594623653787
158.34 0.387511479556
158.41 0.522703911046
158.48 0.330026724806
158.55 0.620358083927
158.62 0.592804544071
158.69 0.341467170687
158.76 0.55295888776
158.83 0.530665797381
158.9 0.846331375778
158.97 0.610625757475
159.04 0.431575768688
159.11 0.891378068462
159.18 0.572629804261
159.25 0.552580167296
159.32 0.640187802818
159.39 0.38918694423
159.46 0.516613206926
159.53 0.427164407149
159.6 0.632653527689
159.67 0.825764469761
159.74 0.454945977429
159.81 0.468940482767
159.88 0.444365255805
159.95 0.596182476607
160.02 0.694081115605
160.09 0.492646870077
160.16 0.49382596939
160.23 0.643138857532
160.3 0.494048102282
160.37 0.911001531654
160.44 0.671187037604
160.51 0.647525402496
160.58 0.64779898733
160.65 0.312540224332
160.72 0.619390412361
160.79 0.391810675138
160.86 0.416787333763
160.93 0.427718696282
161.0 0.494639288512
161.07 0.85323756758
161.14 0.472695790853
161.21 0.681254581328
161.28 0.626905596949
161.35 0.390467988388
161.42 0.722222389145
161.49 0.630629841158
161.56 0.555090460672
161.63 0.562096183923
161.7 0.393693312805
161.77 0.835425435724
161.84 0.521667443578
161.91 0.414507217935
161.98 0.454027400823
162.05 0.472594463178
162.12 0.730675618855
162.19 0.591136391797
162.26 0.530132625185
162.33 0.568047542886
162.4 0.412709453069
162.47 0.906810197632
162.54 0.573525138245
162.61 0.466968456912
162.68 0.525638842602
162.75 0.446798002318
162.82 0.644422106355
162.89 0.535783885801
162.96 0.375321839366
163.03 0.633386633817
163.1 0.650973835769
163.17 0.779459421554
163.24 0.807351255507
163.31 0.554020670505
163.38 0.591696610055
163.45 0.371042122455
163.52 0.507499877742
163.59 0.562665145242
163.66 0.373776241147
163.73 0.55731469492
163.8 0.656034900786
163.87 0.709713144858
163.94 0.788504495283
164.01 0.467755028967
164.08 0.586126056621
164.15 0.468945188834
164.22 0.606781524924
164.29 0.677646302003
164.36 0.423455980333
164.43 0.558839278876
164.5 0.519465208583
164.57 0.449430864417
164.64 0.941485029595
164.71 0.480674765027
164.78 0.469954230009
164.85 0.528784995429
164.92 0.568975223604
164.99 0.681258821414
165.06 0.364219670659
165.13 0.446337681073
165.2 0.487815718588
165.27 0.581760399554
165.34 0.907886626613
165.41 0.588258841309
165.48 0.696151940654
165.55 0.457828169672
165.62 0.494409668337
165.69 0.551569557808
165.76 0.493883938293
165.83 0.479598909213
165.9 0.494688519995
165.97 0.454639235753
166.04 0.636809604008
166.11 0.404904187026
166.18 0.354595950433
166.25 0.380328690405
166.32 0.313758792098
166.39 0.553330794524
166.46 0.558932902637
166.53 0.589197553246
166.6 0.541230996092
166.67 0.526382133737
166.74 0.773027633093
166.81 0.684958782726
166.88 0.607971149986
166.95 0.554778965542
167.02 0.45513302863
167.09 0.50277857359
167.16 0.576836767254
167.23 0.565972052388
167.3 0.533047383048
167.37 0.457992504031
167.44 0.343328664338
167.51 0.377125981285
167.58 0.390645810238
167.65 0.386024300425
167.72 0.344860525717
167.79 0.285045157722
167.86 0.424860559024
167.93 0.496669435589
168.0 0.408986209646
168.07 0.288299658399
168.14 0.377935651541
168.21 0.920642163708
168.28 0.7701139392
168.35 0.579935930496
168.42 0.497139323542
168.49 0.339150997203
168.56 0.283199709378
168.63 0.28375332267
168.7 0.299723902141
168.77 0.291645325436
168.84 0.131790676396
168.91 0.553779521538
168.98 0.680865060944
169.05 0.621119680318
169.12 0.459188400087
169.19 0.300249579156
169.26 0.291609236189
169.33 0.310770638324
169.4 0.202202626283
169.47 0.3032539204
169.54 0.428242625586
169.61 0.468477424308
169.68 0.974747608289
169.75 0.566673947963
169.82 0.49903055421
169.89 0.396176187785
169.96 0.353498064901
170.03 0.719911940567
170.1 0.605659704006
170.17 0.532502212695
170.24 0.382550442432
170.31 0.308393809497
170.38 0.859501964036
170.45 0.659957545592
170.52 0.438134500223
170.59 0.306017382337
170.66 0.284603133836
170.73 0.542839359544
170.8 0.591721485301
170.87 0.443421860368
170.94 0.346169511794
171.01 0.27143340533
171.08 0.419332934486
171.15 0.692076262367
171.22 0.500789887514
171.29 0.758359817219
171.36 0.477523779766
171.43 0.489379290349
171.5 0.493577057838
171.57 0.447382227045
171.64 0.805460924081
171.71 0.555743049169
171.78 0.585394192732
171.85 0.847794981702
171.92 0.629214521217
171.99 0.620762318244
172.06 0.541911001857
172.13 0.466957635553
172.2 0.899290241537
172.27 0.664587712718
172.34 0.539518586933
172.41 0.553599659753
172.48 0.311454296339
172.55 0.95877226408
172.62 0.621070853889
172.69 0.550338388253
172.76 0.459064839604
172.83 0.388560416804
172.9 0.563671568802
172.97 0.543992884075
173.04 0.437480767648
173.11 0.510368625369
173.18 0.573196747083
173.25 0.943819924672
173.32 0.59437939753
173.39 0.566222492762
173.46 0.485263675371
173.53 0.651947595547
173.6 0.675906916736
173.67 0.534495580016
173.74 0.452846025765
173.81 0.462242575317
173.88 0.505110896183
173.95 0.887508252104
174.02 0.668599718633
174.09 0.511511846424
174.16 0.390469509313
174.23 0.393509916111
174.3 0.622500724163
174.37 0.645238237157
174.44 0.495514270535
174.51 0.616667855181
174.58 0.540697099539
174.65 0.982740912781
174.72 0.5960655933
174.79 0.887996336999
174.86 0.685985799699
174.93 0.711256331937
175.0 0.725663235846
175.07 0.609533165845
175.14 0.453254523862
175.21 0.489968517881
175.28 0.466855973907
175.35 0.948504502097
175.42 0.556289404219
175.49 0.321173956691
175.56 0.375915814711
175.63 0.377596810226
175.7 0.69795421188
175.77 0.447538836054
175.84 0.397014860546
175.91 0.46266484636
175.98 0.527167489504
176.05 0.850208629775
176.12 0.539471044489
176.19 0.465871771873
176.26 0.526464461133
176.33 0.563241246334
176.4 0.583037590627
176.47 0.412249806536
176.54 0.425176888845
176.61 0.406335663974
176.68 0.597027231939
176.75 0.736442967338
176.82 0.481676684483
176.89 0.434314418562
176.96 0.368305640011
177.03 0.400916989789
177.1 0.377258921181
177.17 0.273723231158
177.24 0.297548399546
177.31 0.315528390517
177.38 0.505973920666
177.45 0.474532993708
177.52 0.318519988938
177.59 0.597039058597
177.66 0.440065418231
177.73 0.414790751965
177.8 0.40137199231
177.87 0.317600825626
177.94 0.310644998416
178.01 0.224153024518
178.08 0.585255573061
178.15 0.409714672891
178.22 0.265567324221
178.29 0.224150457675
178.36 0.21324282971
178.43 0.397719755096
178.5 0.264701792694
178.57 0.239025586449
178.64 0.260238436508
178.71 0.212015922807
178.78 0.390081110442
178.85 0.267727646902
178.92 0.177597970326
178.99 0.187842266288
179.06 0.175229849583
179.13 0.201892464783
179.2 0.149007204796
179.27 0.13022559725
179.34 0.137882645321
179.41 0.119856313528
179.48 0.225536027061
179.55 0.120922336359
179.62 0.130450742657
179.69 0.149682249502
179.76 0.103751969385
179.83 0.101266345908
179.9 0.0803389253948
179.97 0.084558894101
180.04 0.0836526744465
180.11 0.0584219186829
180.18 0.141547698698
180.25 0.0823489439102
180.32 0.0808015900832
180.39 0.0589610256453
180.46 0.0537871413945
180.53 0.0650217749909
180.6 0.051861609808
180.67 0.0367200923857
180.74 0.0300444064611
180.81 0.0248130238012
180.88 0.0916846429257
180.95 0.0425117474612
181.02 0.0343586567173
181.09 0.0266913796359
181.16 0.0231680802996
181.23 0.0283796593435
181.3 0.0166807859762
181.37 0.0134676943996
181.44 0.0112214575123
181.51 0.0117458595676
181.58 0.023350144492
181.65 0.0109042340915
181.72 0.00739614287637
181.79 0.0029799060283
181.86 0.0
181.93 0.0
182.0 0.0
182.07 0.0
182.14 0.0
182.21 0.0
182.28 0.0
182.35 0.0
182.42 0.0
182.49 0.0
182.56 0.0
182.63 0.0
182.7 0.0
182.77 0.0
182.84 0.0
182.91 0.0
182.98 0.0
183.05 0.0
183.12 0.0
183.19 0.0
183.26 0.0
183.33 0.0
183.4 0.0
183.47 0.0
183.54 0.0
183.61 0.0
183.68 0.0
183.75 0.0
183.82 0.0
183.89 0.0
183.96 0.0
184.03 0.0
184.1 0.0
184.17 0.0
184.24 0.0
184.31 0.0
184.38 0.0
184.45 0.0
184.52 0.0
184.59 0.0
184.66 0.0
184.73 0.0
184.8 0.0
184.87 0.0
184.94 0.0
185.01 0.0
185.08 0.0
185.15 0.0
185.22 0.0
185.29 0.0
185.36 0.0
185.43 0.0
185.5 0.0
185.57 0.0
185.64 0.0
185.71 0.0
185.78 0.0
185.85 0.0
185.92 0.0
185.99 0.0
186.06 0.0
186.13 0.0
186.2 0.0
186.27 0.0
186.34 0.0
186.41 0.0
186.48 0.0
186.55 0.0
186.62 0.0
186.69 0.0
186.76 0.0
186.83 0.0
186.9 0.0
186.97 0.0
187.04 0.0
187.11 0.0
187.18 0.0
187.25 0.0
187.32 0.0
187.39 0.0
187.46 0.0
187.53 0.0
187.6 0.0
187.67 0.0
187.74 0.0
187.81 0.0
187.88 0.0
187.95 0.0
188.02 0.0
188.09 0.0
188.16 0.0
188.23 0.0
188.3 0.0
188.37 0.0
188.44 0.0
188.51 0.0
188.58 0.0
188.65 0.0
188.72 0.0
188.79 0.0
188.86 0.0
188.93 0.0
189.0 0.0
189.07 0.0
189.14 0.0
189.21 0.0
189.28 0.0
189.35 0.0
189.42 0.0
189.49 0.0
189.56 0.0
189.63 0.0
189.7 0.0
189.77 0.0
189.84 0.0
189.91 0.0
189.98 0.0
190.05 0.0
190.12 0.0
190.19 0.0
190.26 0.0
190.33 0.0
190.4 0.0
190.47 0.0
190.54 0.0
190.61 0.0
190.68 0.0
190.75 0.0
