0.0 0.0
4.74092888843 0.0
6.32962530138 1.0
62.5477671494 1.0
151.458120925 1.0
156.278125201 0.0
265.006033602 0.0
265.19057164 0.712765957447
293.180216748 0.702127659574
294.744649122 0.0
315.842940664 0.0
320.552930877 0.170212765957
328.850036539 0.329787234043
329.62623244 0.31914893617
329.702099482 0.574468085106
330.336341824 0.585106382979
330.374780754 0.744680851064
332.072500152 0.734042553191
333.310608237 0.734042553191
334.874676729 0.723404255319
336.322848819 1.0
339.508075946 1.0
342.964331066 0.0
