0.0 0.0
0.07 0.0
0.14 0.0
0.21 0.0
0.28 0.0
0.35 0.0
0.42 0.0
0.49 0.0
0.56 0.0
0.63 0.0
0.7 0.0
0.77 0.0
0.84 0.0
0.91 0.0
0.98 0.0
1.05 0.0
1.12 0.0
1.19 0.0
1.26 0.0
1.33 0.0
1.4 0.0
1.47 0.0
1.54 0.0
1.61 0.0
1.68 0.0
1.75 0.0
1.82 0.0
1.89 0.0
1.96 0.0
2.03 0.0
2.1 0.0
2.17 0.0
2.24 0.0
2.31 0.0
2.38 0.0
2.45 0.0
2.52 0.0
2.59 0.0
2.66 0.0
2.73 0.0
2.8 0.0
2.87 0.0
2.94 0.0
3.01 0.0
3.08 0.0
3.15 0.0
3.22 0.0
3.29 0.0
3.36 0.0
3.43 0.0
3.5 0.0
3.57 0.0
3.64 0.0
3.71 0.0
3.78 0.0
3.85 0.0
3.92 0.0
3.99 0.000243607532792
4.06 0.000193128312796
4.13 0.000177424388428
4.2 0.000195153112053
4.27 0.00413830830337
4.34 0.0375314504531
4.41 0.0440112207373
4.48 0.0388703095611
4.55 0.0323445271274
4.62 0.0497703730263
4.69 0.0446731821146
4.76 0.0451617771236
4.83 0.0543802538285
4.9 0.0459285203585
4.97 0.0493243373006
5.04 0.0481366620008
5.11 0.0443866459501
5.18 0.0416918907869
5.25 0.0602895781276
5.32 0.0766309028046
5.39 0.0632256320953
5.46 0.0518894644063
5.53 0.0510250856639
5.6 0.0535940157348
5.67 0.0459428130592
5.74 0.0516432197018
5.81 0.0484823841424
5.88 0.0425825245466
5.95 0.0363995828557
6.02 0.0806593257455
6.09 0.0711980211097
6.16 0.0692225509186
6.23 0.0690589476199
6.3 0.0567678747357
6.37 0.0456120597544
6.44 0.0498278626476
6.51 0.0945149729267
6.58 0.0703646977108
6.65 0.0653399857096
6.72 0.0811772520712
6.79 0.0743367787777
6.86 0.0631367863581
6.93 0.0714192680251
7.0 0.074760196425
7.07 0.0652993898681
7.14 0.121186188185
7.21 0.116420484463
7.28 0.0901450879834
7.35 0.070186782462
7.42 0.08284798456
7.49 0.0673397775535
7.56 0.081338147216
7.63 0.062626048491
7.7 0.0629239755047
7.77 0.0653286321561
7.84 0.266343686041
7.91 0.245896254948
7.98 0.179861781139
8.05 0.131164225682
8.12 0.113986756362
8.19 0.0990690231677
8.26 0.0923870821518
8.33 0.157301915359
8.4 0.13545077985
8.47 0.13646215204
8.54 0.14239357348
8.61 0.113606302236
8.68 0.0955724114058
8.75 0.094422454158
8.82 0.189571284296
8.89 0.166362989488
8.96 0.199195182839
9.03 0.17637123415
9.1 0.121847080016
9.17 0.0999956088444
9.24 0.14410122156
9.31 0.110674023562
9.38 0.267924813643
9.45 0.184152939529
9.52 0.144678711633
9.59 0.111371128381
9.66 0.224027296873
9.73 0.266491955966
9.8 0.285463253058
9.87 0.237825447215
9.94 0.157487884088
10.01 0.11594938959
10.08 0.0848117908005
10.15 0.237978930127
10.22 0.153357311649
10.29 0.0699678659305
10.36 0.0548088856647
10.43 0.0434746501371
10.5 0.0232430809322
10.57 0.151912093433
10.64 0.174279201451
10.71 0.115485388132
10.78 0.210752521649
10.85 0.169874327062
10.92 0.13411516427
10.99 0.148765154758
11.06 0.31822250431
11.13 0.168573909063
11.2 0.129211083625
11.27 0.0658323740591
11.34 0.0343476070143
11.41 0.0298945007762
11.48 0.142737995082
11.55 0.245678584817
11.62 0.115044039643
11.69 0.192168544714
11.76 0.145006895139
11.83 0.172423773102
11.9 0.202151018001
11.97 0.281867340713
12.04 0.153940335932
12.11 0.13823413171
12.18 0.0533302588627
12.25 0.0322815321697
12.32 0.0224731579322
12.39 0.160666326859
12.46 0.182736362057
12.53 0.138705754739
12.6 0.165934066504
12.67 0.126019576508
12.74 0.111511664849
12.81 0.26857195657
12.88 0.269571646763
12.95 0.132867459628
13.02 0.0723044156977
13.09 0.0426285595548
13.16 0.0273506972249
13.23 0.0317088460324
13.3 0.154948601746
13.37 0.146285526395
13.44 0.17119129957
13.51 0.226707120496
13.58 0.200708705246
13.65 0.174702408558
13.72 0.243609922127
13.79 0.192359483404
13.86 0.159476122665
13.93 0.152309304186
14.0 0.12851629716
14.07 0.149373567834
14.14 0.207790947751
14.21 0.236666898706
14.28 0.120969617678
14.35 0.285525633237
14.42 0.230702533073
14.49 0.180245767535
14.56 0.201724431416
14.63 0.292755231321
14.7 0.217106807315
14.77 0.167291543418
14.84 0.147846681512
14.91 0.034791674486
14.98 0.0407196238102
15.05 0.286288737127
15.12 0.278071993462
15.19 0.184931491086
15.26 0.223230546186
15.33 0.161325793029
15.4 0.182028791565
15.47 0.203469505198
15.54 0.281016384838
15.61 0.14803039926
15.68 0.0970349877937
15.75 0.114567723363
15.82 0.225566309132
15.89 0.232398920237
15.96 0.181798796987
16.03 0.21741125387
16.1 0.308754585089
16.17 0.333205268089
16.24 0.27946305702
16.31 0.187912171244
16.38 0.142645488344
16.45 0.131653049278
16.52 0.110870287126
16.59 0.181654194078
16.66 0.225205305351
16.73 0.2314838385
16.8 0.120682966017
16.87 0.239408004087
16.94 0.170411096172
17.01 0.244341372738
17.08 0.282690973228
17.15 0.273745666366
17.22 0.268370475208
17.29 0.413318931488
17.36 0.307740403685
17.43 0.273030988022
17.5 0.228275786499
17.57 0.163461096037
17.64 0.181395480556
17.71 0.142991790375
17.78 0.216908339692
17.85 0.195428548516
17.92 0.29559679586
17.99 0.295808474606
18.06 0.222245018759
18.13 0.196005743832
18.2 0.408074314016
18.27 0.258418166978
18.34 0.193602612698
18.41 0.166645792466
18.48 0.139970445799
18.55 0.119064830185
18.62 0.208580956327
18.69 0.344715508359
18.76 0.246941687799
18.83 0.299166482062
18.9 0.246776334005
18.97 0.238363983663
19.04 0.228375707876
19.11 0.427968361336
19.18 0.296924013876
19.25 0.193375356352
19.32 0.14733184111
19.39 0.119588864595
19.46 0.086115473984
19.53 0.173368869511
19.6 0.24773045238
19.67 0.204817342961
19.74 0.265973287335
19.81 0.212071117124
19.88 0.173176757808
19.95 0.193968515459
20.02 0.377845205237
20.09 0.22928697582
20.16 0.209534823256
20.23 0.176612968473
20.3 0.175609952941
20.37 0.231592315045
20.44 0.256881174706
20.51 0.269609778678
20.58 0.234635344103
20.65 0.275467200502
20.72 0.221946727209
20.79 0.187999561243
20.86 0.203388688879
20.93 0.257677181885
21.0 0.133245843237
21.07 0.161264007176
21.14 0.14698368151
21.21 0.154190100876
21.28 0.264076374061
21.35 0.231348825415
21.42 0.128959252977
21.49 0.270054548754
21.56 0.21599896902
21.63 0.151080086214
21.7 0.206266223381
21.77 0.318952713333
21.84 0.183840517696
21.91 0.108026678538
21.98 0.135081489189
22.05 0.193138453635
22.12 0.194707514252
22.19 0.258839498469
22.26 0.324265934565
22.33 0.220719115361
22.4 0.191103394432
22.47 0.133467092559
22.54 0.145229410111
22.61 0.217336348328
22.68 0.256518439679
22.75 0.2353861055
22.82 0.166567154942
22.89 0.109260457423
22.96 0.0548384792548
23.03 0.153395217383
23.1 0.212262443209
23.17 0.121164380989
23.24 0.196547758411
23.31 0.128564580742
23.38 0.178904030638
23.45 0.313112410265
23.52 0.311520989031
23.59 0.17656087952
23.66 0.185653292921
23.73 0.0886649873971
23.8 0.09026931417
23.87 0.0804866800277
23.94 0.101354105979
24.01 0.30340733207
24.08 0.434541436006
24.15 0.263605162489
24.22 0.212125198393
24.29 0.406521188317
24.36 0.518292635031
24.43 0.626066491576
24.5 0.592809888028
24.57 0.46055442548
24.64 0.515415901786
24.71 0.431673271164
24.78 0.443542598695
24.85 0.398183848185
24.92 0.348369486605
24.99 0.419388848957
25.06 0.47250685159
25.13 0.464991022927
25.2 0.3842863347
25.27 0.198902975312
25.34 0.212068072105
25.41 0.267677802571
25.48 0.372633542787
25.55 0.398930653824
25.62 0.354930088849
25.69 0.199849778904
25.76 0.137988036189
25.83 0.233154473539
25.9 0.288738704527
25.97 0.375758794575
26.04 0.39218997799
26.11 0.297888922759
26.18 0.227870108403
26.25 0.30760183908
26.32 0.373834360634
26.39 0.293434499138
26.46 0.411105244808
26.53 0.314196749821
26.6 0.299915383483
26.67 0.262361118847
26.74 0.50444753413
26.81 0.410359365547
26.88 0.192713505659
26.95 0.0803275847045
27.02 0.0576806284949
27.09 0.280984567939
27.16 0.413637201539
27.23 0.283463102694
27.3 0.13736450028
27.37 0.143267456628
27.44 0.393108687041
27.51 0.464953450449
27.58 0.273639895569
27.65 0.208759326344
27.72 0.247887974063
27.79 0.353407207611
27.86 0.557852749064
27.93 0.558594691817
28.0 0.466593676203
28.07 0.351029458051
28.14 0.360693580681
28.21 0.276158334389
28.28 0.319463865062
28.35 0.473630630819
28.42 0.546839162095
28.49 0.494253048841
28.56 0.329927130122
28.63 0.238257339423
28.7 0.245916406693
28.77 0.366544806596
28.84 0.455001584956
28.91 0.382434467495
28.98 0.228605405291
29.05 0.232655325031
29.12 0.209543716492
29.19 0.188076261794
29.26 0.198573316818
29.33 0.23093501203
29.4 0.189583820487
29.47 0.160227046479
29.54 0.185702169626
29.61 0.681208867573
29.68 0.637424273967
29.75 0.684466047725
29.82 0.538828381298
29.89 0.253988798895
29.96 0.221318281493
30.03 0.221871345244
30.1 0.209911263876
30.17 0.275315891573
30.24 0.215574521528
30.31 0.362929937173
30.38 0.181878756707
30.45 0.312735240573
30.52 0.284936351687
30.59 0.250532607323
30.66 0.231829712231
30.73 0.186191112327
30.8 0.196966227752
30.87 0.225433417094
30.94 0.196190496237
31.01 0.1697972716
31.08 0.148415367377
31.15 0.124900178931
31.22 0.25287494395
31.29 0.360256213214
31.36 0.241757714448
31.43 0.517021234342
31.5 0.376382336499
31.57 0.255555769746
31.64 0.150645793842
31.71 0.130434321041
31.78 0.196720327131
31.85 0.188923248678
31.92 0.190783868357
31.99 0.19166151958
32.06 0.26661795671
32.13 0.250981739801
32.2 0.192587657708
32.27 0.1865967423
32.34 0.321018542747
32.41 0.270876957727
32.48 0.226492643364
32.55 0.181160356006
32.62 0.195548388239
32.69 0.211739627529
32.76 0.381207600359
32.83 0.326156187536
32.9 0.268628229867
32.97 0.423465549464
33.04 0.360685122963
33.11 0.26040342791
33.18 0.351074528182
33.25 0.67381880866
33.32 0.373801470579
33.39 0.181975269732
33.46 0.0691266839525
33.53 0.212109785617
33.6 0.495160512617
33.67 0.465251755232
33.74 0.430191092842
33.81 0.381076455206
33.88 0.361543388809
33.95 0.336383423321
34.02 0.335399978442
34.09 0.26035063154
34.16 0.248344376809
34.23 0.421681440248
34.3 0.420995178874
34.37 0.373653817838
34.44 0.228928864265
34.51 0.0885799446251
34.58 0.0666360304794
34.65 0.433588118889
34.72 0.478562498014
34.79 0.444829746619
34.86 0.403094449574
34.93 0.256995299755
35.0 0.19610089496
35.07 0.219301884611
35.14 0.315985259938
35.21 0.397258712231
35.28 0.367847284284
35.35 0.360614656821
35.42 0.245429061694
35.49 0.185970665466
35.56 0.170604669628
35.63 0.181086073664
35.7 0.162705130076
35.77 0.195131082286
35.84 0.219374749713
35.91 0.176940776615
35.98 0.155985433712
36.05 0.357915551287
36.12 0.274673301136
36.19 0.232431153405
36.26 0.194701131864
36.33 0.150163826652
36.4 0.130549306299
36.47 0.104223728966
36.54 0.265546849933
36.61 0.370333981999
36.68 0.394078054572
36.75 0.183754364473
36.82 0.246629598018
36.89 0.196307521935
36.96 0.440203936915
37.03 0.412351118348
37.1 0.486157705305
37.17 0.292959948993
37.24 0.235425687137
37.31 0.189339761795
37.38 0.165758491264
37.45 0.142722794049
37.52 0.125199080447
37.59 0.119326260282
37.66 0.208223186449
37.73 0.142345941972
37.8 0.140696465665
37.87 0.191816099709
37.94 0.199925762414
38.01 0.221537662417
38.08 0.222878229912
38.15 0.263877203834
38.22 0.312017991228
38.29 0.29375714723
38.36 0.0600317284239
38.43 0.0678290005751
38.5 0.0934666129593
38.57 0.325812954586
38.64 0.286823469407
38.71 0.250281793286
38.78 0.215848483003
38.85 0.202981020873
38.92 0.159759369584
38.99 0.271474664512
39.06 0.388210442582
39.13 0.371866172742
39.2 0.508902102122
39.27 0.407728552173
39.34 0.289510113342
39.41 0.114835802935
39.48 0.067514332574
39.55 0.0730176094289
39.62 0.355165144823
39.69 0.364985475362
39.76 0.203110362595
39.83 0.144838659947
39.9 0.133446597933
39.97 0.153985625025
40.04 0.274268008029
40.11 0.518413061861
40.18 0.374118301735
40.25 0.267938003111
40.32 0.101063277192
40.39 0.0567326194074
40.46 0.054260598178
40.53 0.289254199409
40.6 0.280403676733
40.67 0.214052318833
40.74 0.147349694955
40.81 0.0950808243138
40.88 0.124018829411
40.95 0.197502589015
41.02 0.533773237154
41.09 0.492765031927
41.16 0.392290537004
41.23 0.174092661255
41.3 0.0865817011571
41.37 0.0522401288386
41.44 0.175363306404
41.51 0.268307702822
41.58 0.232581049908
41.65 0.206855485682
41.72 0.236156832163
41.79 0.410493695277
41.86 0.354647297901
41.93 0.180863499741
42.0 0.083082525612
42.07 0.0395010339283
42.14 0.0354967172873
42.21 0.222243694158
42.28 0.2155807415
42.35 0.19129843686
42.42 0.17828471276
42.49 0.155696843874
42.56 0.12438433034
42.63 0.242100367509
42.7 0.31847550797
42.77 0.107301739047
42.84 0.207852910459
42.91 0.137747497737
42.98 0.0503754956537
43.05 0.0920589985021
43.12 0.23621919189
43.19 0.269002632454
43.26 0.270578774455
43.33 0.224996102562
43.4 0.181858276518
43.47 0.1460929503
43.54 0.209231779504
43.61 0.172897163469
43.68 0.185418589451
43.75 0.19782233285
43.82 0.160931176136
43.89 0.142145982519
43.96 0.163719779482
44.03 0.299874095865
44.1 0.289698417267
44.17 0.110461234365
44.24 0.183596338696
44.31 0.140706077145
44.38 0.179083657883
44.45 0.316919890673
44.52 0.34100449526
44.59 0.223823755823
44.66 0.327370844519
44.73 0.251706282273
44.8 0.0654612330472
44.87 0.0953566313281
44.94 0.241590973493
45.01 0.185677856394
45.08 0.209711377811
45.15 0.177808410917
45.22 0.208016292389
45.29 0.373793796073
45.36 0.284724447962
45.43 0.126082415064
45.5 0.31812331802
45.57 0.32287960396
45.64 0.0799551575901
45.71 0.12390737522
45.78 0.169719192309
45.85 0.190829798696
45.92 0.173371730457
45.99 0.23665919292
46.06 0.236435408689
46.13 0.225650423119
46.2 0.149259062609
46.27 0.280303281339
46.34 0.321455658769
46.41 0.222463372245
46.48 0.151583576671
46.55 0.121755428675
46.62 0.114760656775
46.69 0.170696430451
46.76 0.301550387829
46.83 0.209133899769
46.9 0.330473971495
46.97 0.323379335966
47.04 0.273131958493
47.11 0.267948192074
47.18 0.321742680981
47.25 0.357352610173
47.32 0.232260188403
47.39 0.228217167177
47.46 0.199064487641
47.53 0.166372199136
47.6 0.141953957439
47.67 0.458003819662
47.74 0.388828308331
47.81 0.273217024124
47.88 0.270666750358
47.95 0.220778658655
48.02 0.221983046068
48.09 0.34573494967
48.16 0.305358665884
48.23 0.22001073158
48.3 0.169073455794
48.37 0.140214937602
48.44 0.136259782799
48.51 0.246994219489
48.58 0.27629735737
48.65 0.215107598969
48.72 0.252895157053
48.79 0.20443147373
48.86 0.19148405188
48.93 0.205322938825
49.0 0.3479090884
49.07 0.266000762285
49.14 0.210734906016
49.21 0.187131416831
49.28 0.18227575692
49.35 0.0843532176813
49.42 0.158576395957
49.49 0.241395861286
49.56 0.253742652844
49.63 0.258618829036
49.7 0.207908731395
49.77 0.16072868057
49.84 0.27631111229
49.91 0.461105577522
49.98 0.194072956843
50.05 0.176182723294
50.12 0.150714371134
50.19 0.116214088481
50.26 0.13788684435
50.33 0.286982645337
50.4 0.206511997677
50.47 0.228931168181
50.54 0.323167985663
50.61 0.228053379806
50.68 0.154940419536
50.75 0.171412457457
50.82 0.327335808153
50.89 0.298360879043
50.96 0.222391195309
51.03 0.161768386716
51.1 0.140026427949
51.17 0.216995842782
51.24 0.342481205541
51.31 0.239724204824
51.38 0.205623891608
51.45 0.150138607495
51.52 0.167376698078
51.59 0.386308103376
51.66 0.314682024303
51.73 0.19030384175
51.8 0.125892720368
51.87 0.124344906307
51.94 0.127767897427
52.01 0.098625467009
52.08 0.232279519642
52.15 0.236368675733
52.22 0.23252265797
52.29 0.295603601736
52.36 0.397417207213
52.43 0.369724273196
52.5 0.185735443466
52.57 0.271921679552
52.64 0.21605444467
52.71 0.275691976079
52.78 0.459808726682
52.85 0.397246546592
52.92 0.18599937238
52.99 0.247202088052
53.06 0.207043196484
53.13 0.461510567451
53.2 0.253115831298
53.27 0.358182338741
53.34 0.244493810165
53.41 0.379614219292
53.48 0.535003383911
53.55 0.402467957675
53.62 0.342700883628
53.69 0.266694313177
53.76 0.213933200963
53.83 0.172870577602
53.9 0.295572647452
53.97 0.2745677878
54.04 0.365063411485
54.11 0.442437869182
54.18 0.389042580938
54.25 0.256935150104
54.32 0.123645255752
54.39 0.300965882543
54.46 0.362301795838
54.53 0.46749886253
54.6 0.439857168086
54.67 0.339002507778
54.74 0.177353751448
54.81 0.21112830057
54.88 0.181104535069
54.95 0.448585648183
55.02 0.457104817213
55.09 0.397350669157
55.16 0.344428641345
55.23 0.318307520614
55.3 0.419714732156
55.37 0.351163455729
55.44 0.476151521535
55.51 0.407327024735
55.58 0.380972051118
55.65 0.275066937511
55.72 0.460861630718
55.79 0.425751176072
55.86 0.247841882509
55.93 0.124866702971
56.0 0.0960433089715
56.07 0.0998666725632
56.14 0.402923152519
56.21 0.419369672917
56.28 0.354335283915
56.35 0.417454384861
56.42 0.60149070654
56.49 0.51977718825
56.56 0.271015030268
56.63 0.212391557548
56.7 0.3580335178
56.77 0.569071335229
56.84 0.69110978825
56.91 0.645931468649
56.98 0.397314248035
57.05 0.406108967822
57.12 0.338098371748
57.19 0.339944864752
57.26 0.563282612208
57.33 0.584768750883
57.4 0.50979987381
57.47 0.37874139366
57.54 0.26993824491
57.61 0.321883473707
57.68 0.306329229287
57.75 0.28004213878
57.82 0.421724597467
57.89 0.33911571487
57.96 0.22495861791
58.03 0.292215751651
58.1 0.38095524757
58.17 0.257824282408
58.24 0.193132622262
58.31 0.235075002252
58.38 0.207851241774
58.45 0.194668340462
58.52 0.261039519258
58.59 0.419845378027
58.66 0.451377913732
58.73 0.30234733462
58.8 0.232099981426
58.87 0.223367970262
58.94 0.228582281915
59.01 0.311201970659
59.08 0.22635775179
59.15 0.261669477258
59.22 0.282456984394
59.29 0.284293914042
59.36 0.212213987585
59.43 0.167678896058
59.5 0.395068680692
59.57 0.333757193717
59.64 0.272260133831
59.71 0.208149106227
59.78 0.208669023665
59.85 0.229560791722
59.92 0.241393219301
59.99 0.191908776083
60.06 0.198103914693
60.13 0.216163650287
60.2 0.340592834201
60.27 0.256777591125
60.34 0.126294911911
60.41 0.366539958146
60.48 0.474716516344
60.55 0.280612867491
60.62 0.150295717721
60.69 0.119428075322
60.76 0.228437740363
60.83 0.22350793045
60.9 0.171906697361
60.97 0.171780678571
61.04 0.183596658717
61.11 0.205919160998
61.18 0.160305218409
61.25 0.146432208243
61.32 0.135581367972
61.39 0.176185142707
61.46 0.274253072879
61.53 0.244886615206
61.6 0.154122155206
61.67 0.274453543645
61.74 0.202524768513
61.81 0.409293357463
61.88 0.542702127863
61.95 0.404525638566
62.02 0.137600045912
62.09 0.08441727617
62.16 0.286569719832
62.23 0.331268491655
62.3 0.352056166021
62.37 0.256126534549
62.44 0.253592684156
62.51 0.214861298923
62.58 0.240329494681
62.65 0.243858109821
62.72 0.343069311673
62.79 0.370736923067
62.86 0.326978175427
62.93 0.433279327979
63.0 0.51350390057
63.07 0.542654409733
63.14 0.648148041541
63.21 0.835784026798
63.28 0.798701323833
63.35 0.444725953701
63.42 0.14577204789
63.49 0.0802116802864
63.56 0.0678335662989
63.63 0.0498592103418
63.7 0.0489976372036
63.77 0.032838357981
63.84 0.0246365121699
63.91 0.0189308949476
63.98 0.0706450355593
64.05 0.162331134133
64.12 0.328406331431
64.19 0.452144006096
64.26 0.402800100548
64.33 0.386028057878
64.4 0.266739604676
64.47 0.238145447308
64.54 0.270687386949
64.61 0.36124297501
64.68 0.260591587464
64.75 0.276032783601
64.82 0.281809526258
64.89 0.275179278379
64.96 0.192226629864
65.03 0.545076111753
65.1 0.344847060157
65.17 0.332674688873
65.24 0.222426428982
65.31 0.255409646131
65.38 0.177679831954
65.45 0.577697653796
65.52 0.569678758163
65.59 0.413399092124
65.66 0.104738517634
65.73 0.297631500152
65.8 0.294722983695
65.87 0.472852404096
65.94 0.505232949311
66.01 0.442346535456
66.08 0.549373427554
66.15 0.397613961636
66.22 0.299887013434
66.29 0.333939846732
66.36 0.337367669458
66.43 0.388623982866
66.5 0.26076289655
66.57 0.156410405751
66.64 0.235030602242
66.71 0.177379759832
66.78 0.302253171229
66.85 0.282714958016
66.92 0.245006869995
66.99 0.23492911324
67.06 0.326222855525
67.13 0.393699972939
67.2 0.353485224341
67.27 0.135611109542
67.34 0.0614131949387
67.41 0.0796264182568
67.48 0.454678548266
67.55 0.427531992433
67.62 0.270096370543
67.69 0.227785546867
67.76 0.227632760544
67.83 0.110595974348
67.9 0.0795759149751
67.97 0.281258854248
68.04 0.324107472066
68.11 0.259609854581
68.18 0.381746127183
68.25 0.33607823807
68.32 0.200196639168
68.39 0.101282745941
68.46 0.0626716070758
68.53 0.0599069620502
68.6 0.382282904714
68.67 0.3333017366
68.74 0.182979402935
68.81 0.157528502788
68.88 0.0928926419227
68.95 0.110423048311
69.02 0.286461936266
69.09 0.561879006444
69.16 0.359015322869
69.23 0.240711119413
69.3 0.0976460488697
69.37 0.059599233468
69.44 0.0357645478196
69.51 0.248644580067
69.58 0.337746808607
69.65 0.275264280246
69.72 0.212011078157
69.79 0.157957198388
69.86 0.356458990346
69.93 0.301778274594
70.0 0.170140389053
70.07 0.0672731961866
70.14 0.0374552732461
70.21 0.10716617615
70.28 0.400746251497
70.35 0.301018121882
70.42 0.184811444431
70.49 0.0856920298688
70.56 0.0619245187104
70.63 0.0411526745934
70.7 0.221681944102
70.77 0.254504879681
70.84 0.257846490233
70.91 0.215925031965
70.98 0.171052629094
71.05 0.135708912279
71.12 0.107196526483
71.19 0.137393213209
71.26 0.17633496943
71.33 0.251927692809
71.4 0.433960668718
71.47 0.468142547778
71.54 0.433405689649
71.61 0.336278583715
71.68 0.310240656607
71.75 0.233790709258
71.82 0.406332771302
71.89 0.418714521025
71.96 0.463360685364
72.03 0.370124152401
72.1 0.370070139708
72.17 0.241653553385
72.24 0.265583468362
72.31 0.381245075387
72.38 0.358656114096
72.45 0.366274696209
72.52 0.318570775798
72.59 0.266123804631
72.66 0.130128488527
72.73 0.289288351505
72.8 0.371819426708
72.87 0.386806126995
72.94 0.112694466434
73.01 0.0652077661978
73.08 0.25868394865
73.15 0.214239690363
73.22 0.301447302327
73.29 0.252251426088
73.36 0.20877760127
73.43 0.187195102362
73.5 0.155282971537
73.57 0.125236733532
73.64 0.1579904614
73.71 0.215015688964
73.78 0.168353112103
73.85 0.0781393337373
73.92 0.182069872252
73.99 0.194899492412
74.06 0.188702491419
74.13 0.152773916814
74.2 0.153631216579
74.27 0.131680663786
74.34 0.296466548802
74.41 0.471240245212
74.48 0.394408528761
74.55 0.37484652566
74.62 0.380850984244
74.69 0.321400072435
74.76 0.221353280563
74.83 0.127017643734
74.9 0.11529695668
74.97 0.371372897716
75.04 0.420017665225
75.11 0.231954272877
75.18 0.058141250475
75.25 0.074919827123
75.32 0.22616188284
75.39 0.247462435369
75.46 0.232581431287
75.53 0.182187232408
75.6 0.128827153774
75.67 0.0963048497531
75.74 0.102876333939
75.81 0.239101673495
75.88 0.47162078957
75.95 0.323658085737
76.02 0.121794242741
76.09 0.168150227939
76.16 0.121277340244
76.23 0.0474293381422
76.3 0.167549973011
76.37 0.0587569891622
76.44 0.0327296805202
76.51 0.0235640531211
76.58 0.318601529166
76.65 0.318489124534
76.72 0.188767678406
76.79 0.14998471433
76.86 0.113400146872
76.93 0.120726875166
77.0 0.118815197581
77.07 0.545864180949
77.14 0.467961900314
77.21 0.409869290738
77.28 0.334139638956
77.35 0.220604590886
77.42 0.204685421816
77.49 0.174289523957
77.56 0.152791818782
77.63 0.278555014558
77.7 0.378892055328
77.77 0.265298635772
77.84 0.180375647038
77.91 0.0600716637695
77.98 0.0641057388238
78.05 0.0929372043496
78.12 0.36707797125
78.19 0.33698228026
78.26 0.285544567456
78.33 0.239771610151
78.4 0.180193936043
78.47 0.088444688516
78.54 0.300509337832
78.61 0.399467829579
78.68 0.304145497123
78.75 0.26148902349
78.82 0.110409103303
78.89 0.0918006783905
78.96 0.0817140079471
79.03 0.273063150208
79.1 0.346881967771
79.17 0.295290089904
79.24 0.0975874487971
79.31 0.0610928026388
79.38 0.0716629621803
79.45 0.183278551084
79.52 0.264648582572
79.59 0.266624953877
79.66 0.306243821979
79.73 0.301052148856
79.8 0.233764572144
79.87 0.153262955763
79.94 0.24590539602
80.01 0.348434005877
80.08 0.295970405611
80.15 0.145938075414
80.22 0.0692350317668
80.29 0.233251233197
80.36 0.202580040841
80.43 0.249418502136
80.5 0.260932399798
80.57 0.231323680849
80.64 0.281005196108
80.71 0.169031862591
80.78 0.115960488089
80.85 0.166809897453
80.92 0.221940579423
80.99 0.079370628242
81.06 0.102526323987
81.13 0.200903799406
81.2 0.22720919612
81.27 0.335403900513
81.34 0.214656649827
81.41 0.165500320335
81.48 0.195253794986
81.55 0.353731228428
81.62 0.406850232032
81.69 0.276053332365
81.76 0.200168651702
81.83 0.143988943253
81.9 0.129146737598
81.97 0.112020933744
82.04 0.108190640358
82.11 0.0993285596026
82.18 0.472948376934
82.25 0.322855731059
82.32 0.176277882844
82.39 0.105312381596
82.46 0.0913334093421
82.53 0.0630246067044
82.6 0.103025420763
82.67 0.0932120248307
82.74 0.0969854373586
82.81 0.0735507716772
82.88 0.0541200508822
82.95 0.111755226664
83.02 0.131633062356
83.09 0.132736245899
83.16 0.141684604999
83.23 0.148806569903
83.3 0.152740576804
83.37 0.145037166069
83.44 0.196434104973
83.51 0.16022893533
83.58 0.158298347587
83.65 0.155073832512
83.72 0.147691906482
83.79 0.114470496906
83.86 0.0722828142297
83.93 0.0900678304022
84.0 0.261610696722
84.07 0.246683257003
84.14 0.197913460847
84.21 0.137177712248
84.28 0.409048544435
84.35 0.230566505783
84.42 0.170797652367
84.49 0.319633291313
84.56 0.338751425452
84.63 0.209407737326
84.7 0.425244183422
84.77 0.452182189743
84.84 0.408839680917
84.91 0.492250883302
84.98 0.313037087252
85.05 0.222563002474
85.12 0.156751951969
85.19 0.109455154564
85.26 0.0769572961138
85.33 0.74680758846
85.4 0.404772666481
85.47 0.309321272623
85.54 0.20242334929
85.61 0.112557971143
85.68 0.0651805270534
85.75 0.0943802906911
85.82 0.251973987684
85.89 0.216475998732
85.96 0.177142081123
86.03 0.155023590301
86.1 0.145673646015
86.17 0.114408282753
86.24 0.340697821787
86.31 0.386694386469
86.38 0.294795546821
86.45 0.245971458856
86.52 0.206880185105
86.59 0.23311012045
86.66 0.246222506292
86.73 0.358658227924
86.8 0.303956566388
86.87 0.229212141261
86.94 0.160376413623
87.01 0.149049034501
87.08 0.225044258617
87.15 0.443457470503
87.22 0.429905930606
87.29 0.313349128909
87.36 0.194647743574
87.43 0.146669233674
87.5 0.20914293497
87.57 0.366579076594
87.64 0.385050967716
87.71 0.215806857318
87.78 0.16614369278
87.85 0.227423739422
87.92 0.378989808738
87.99 0.284926335968
88.06 0.418539307915
88.13 0.373500007686
88.2 0.214286745591
88.27 0.17166623711
88.34 0.35357141847
88.41 0.440442075204
88.48 0.367793496568
88.55 0.364853994547
88.62 0.347720417533
88.69 0.250021346112
88.76 0.313181771972
88.83 0.375602258222
88.9 0.407050027865
88.97 0.416547605643
89.04 0.38540560114
89.11 0.313561054289
89.18 0.304691207592
89.25 0.205786742976
89.32 0.148339812168
89.39 0.121670441245
89.46 0.220768800542
89.53 0.273537542748
89.6 0.247650651468
89.67 0.222455590663
89.74 0.28337171122
89.81 0.388363006333
89.88 0.366413714379
89.95 0.305598600386
90.02 0.229657939978
90.09 0.173503934329
90.16 0.16769219621
90.23 0.191629397096
90.3 0.190725867423
90.37 0.3308709296
90.44 0.331645277562
90.51 0.341522362634
90.58 0.316974277527
90.65 0.28084825672
90.72 0.290532011361
90.79 0.441905396304
90.86 0.420824217481
90.93 0.383001477457
91.0 0.320021151657
91.07 0.263239633889
91.14 0.290385316279
91.21 0.286674102264
91.28 0.435201651701
91.35 0.3900458419
91.42 0.257692055677
91.49 0.182971006575
91.56 0.20108653784
91.63 0.173068384729
91.7 0.333650773252
91.77 0.299074508292
91.84 0.223247826157
91.91 0.174422994682
91.98 0.243529535311
92.05 0.399284830074
92.12 0.369490907562
92.19 0.296217357732
92.26 0.280047237472
92.33 0.218064833324
92.4 0.129870698978
92.47 0.306425409056
92.54 0.490375510139
92.61 0.383156256096
92.68 0.365775600637
92.75 0.325580037705
92.82 0.241427478472
92.89 0.233551242759
92.96 0.19114136393
93.03 0.200696029497
93.1 0.209500078038
93.17 0.165029583983
93.24 0.138538072968
93.31 0.117828091701
93.38 0.403700693481
93.45 0.391068647048
93.52 0.242792806747
93.59 0.287527814417
93.66 0.271465801353
93.73 0.294803484804
93.8 0.467812189087
93.87 0.333540469215
93.94 0.140407108256
94.01 0.314986184523
94.08 0.291516179297
94.15 0.23836059817
94.22 0.16462118089
94.29 0.261524283631
94.36 0.0888378592957
94.43 0.22897637787
94.5 0.185604475167
94.57 0.147330470792
94.64 0.149474059476
94.71 0.311993152247
94.78 0.313701168472
94.85 0.123819380067
94.92 0.216858320052
94.99 0.192270867457
95.06 0.157133164042
95.13 0.226635772489
95.2 0.492216503823
95.27 0.277016720543
95.34 0.336987082992
95.41 0.24025640821
95.48 0.229266929947
95.55 0.229343197385
95.62 0.424828341627
95.69 0.308477087734
95.76 0.242504133896
95.83 0.147844892518
95.9 0.0894354963015
95.97 0.0798996193797
96.04 0.190247514313
96.11 0.345639818994
96.18 0.257472423308
96.25 0.167621467795
96.32 0.0744560662829
96.39 0.0648984964583
96.46 0.182309167912
96.53 0.288402254595
96.6 0.233641881099
96.67 0.22389207806
96.74 0.237875394669
96.81 0.195526638791
96.88 0.159339558798
96.95 0.262870741451
97.02 0.242317349473
97.09 0.17760189583
97.16 0.128193415668
97.23 0.0998876989546
97.3 0.0660301968263
97.37 0.110814360318
97.44 0.244195649752
97.51 0.171327580711
97.58 0.315680789321
97.65 0.2725989346
97.72 0.206391771763
97.79 0.198474217151
97.86 0.390159725128
97.93 0.27630726481
98.0 0.175016141759
98.07 0.20180031507
98.14 0.184803812033
98.21 0.147189384512
98.28 0.194573248286
98.35 0.257504508496
98.42 0.237189247588
98.49 0.285286663614
98.56 0.196611001205
98.63 0.210853128787
98.7 0.208197484853
98.77 0.444570689014
98.84 0.290535269327
98.91 0.160269732087
98.98 0.15307229258
99.05 0.117018084173
99.12 0.0923427050006
99.19 0.201538343582
99.26 0.266720879795
99.33 0.296849676193
99.4 0.306933637279
99.47 0.227545648459
99.54 0.184200728642
99.61 0.202731027343
99.68 0.415285685298
99.75 0.255124701654
99.82 0.19382768664
99.89 0.179940960054
99.96 0.142353124415
100.03 0.20793672608
100.1 0.272946736883
100.17 0.272835424657
100.24 0.221315392876
100.31 0.244918424886
100.38 0.185510060329
100.45 0.177567872465
100.52 0.242161701
100.59 0.136087743438
100.66 0.157061084557
100.73 0.214104920302
100.8 0.287603378048
100.87 0.274810705963
100.94 0.205051088771
101.01 0.270046374965
101.08 0.228427432294
101.15 0.308809539801
101.22 0.454890265511
101.29 0.315448175619
101.36 0.224572518889
101.43 0.185226363456
101.5 0.22586429991
101.57 0.228405948728
101.64 0.243940716337
101.71 0.179546421362
101.78 0.135589084587
101.85 0.418331128955
101.92 0.33029791141
101.99 0.236739392054
102.06 0.241451324904
102.13 0.218126171628
102.2 0.165272822168
102.27 0.191637342298
102.34 0.168713240036
102.41 0.145801404472
102.48 0.188698809966
102.55 0.310763274981
102.62 0.127847635778
102.69 0.180760699372
102.76 0.238850824568
102.83 0.147540130754
102.9 0.24469077513
102.97 0.214247265013
103.04 0.198989124926
103.11 0.350656164713
103.18 0.303114290802
103.25 0.179578622046
103.32 0.190933750422
103.39 0.140758909608
103.46 0.0994049509595
103.53 0.134672492973
103.6 0.283349148483
103.67 0.339538664516
103.74 0.504349812
103.81 0.269145589538
103.88 0.252061454681
103.95 0.304616386267
104.02 0.647874937868
104.09 0.488993099199
104.16 0.360056554532
104.23 0.295251210871
104.3 0.227376069415
104.37 0.224255919929
104.44 0.16855405809
104.51 0.22976153198
104.58 0.30976309874
104.65 0.40488966932
104.72 0.452162195603
104.79 0.42280653325
104.86 0.291610215161
104.93 0.131140550088
105.0 0.0874494136599
105.07 0.289741396429
105.14 0.460288380332
105.21 0.44887849816
105.28 0.33428617523
105.35 0.250980355045
105.42 0.164849385271
105.49 0.110019062962
105.56 0.353667505601
105.63 0.415542986393
105.7 0.358973307382
105.77 0.300561385881
105.84 0.273286689009
105.91 0.379890192333
105.98 0.364865461191
106.05 0.429196287191
106.12 0.35242470836
106.19 0.315200725419
106.26 0.248705514133
106.33 0.57085122882
106.4 0.41651510178
106.47 0.244438729129
106.54 0.0868679389555
106.61 0.0603760441541
106.68 0.111501562508
106.75 0.29818242481
106.82 0.270057692426
106.89 0.280930064385
106.96 0.268516708304
107.03 0.205141926824
107.1 0.200589256527
107.17 0.417853200536
107.24 0.484537614453
107.31 0.200980545675
107.38 0.411765970612
107.45 0.432237783512
107.52 0.440985741625
107.59 0.288210101987
107.66 0.170269833038
107.73 0.159654769393
107.8 0.388944420883
107.87 0.51659752675
107.94 0.402866573637
108.01 0.394404133875
108.08 0.446875590315
108.15 0.47367351253
108.22 0.475850600032
108.29 0.367967936092
108.36 0.352987517134
108.43 0.308583037792
108.5 0.289511911961
108.57 0.288839636499
108.64 0.279627609556
108.71 0.267331028929
108.78 0.394466836482
108.85 0.267514246192
108.92 0.268339696575
108.99 0.283829673169
109.06 0.191292604283
109.13 0.246574452015
109.2 0.448170826608
109.27 0.475481847152
109.34 0.288256084059
109.41 0.184515157228
109.48 0.165552073627
109.55 0.206809738212
109.62 0.275420950141
109.69 0.281034437193
109.76 0.267634342173
109.83 0.260076517272
109.9 0.372429899474
109.97 0.372122179313
110.04 0.358479493372
110.11 0.400828322638
110.18 0.339454493984
110.25 0.162160686459
110.32 0.187193295322
110.39 0.245091936828
110.46 0.105684653512
110.53 0.112608289149
110.6 0.101931535897
110.67 0.100049329187
110.74 0.182291182931
110.81 0.333523046076
110.88 0.194836529937
110.95 0.493703250274
111.02 0.36662712437
111.09 0.244421764367
111.16 0.196003759938
111.23 0.130006122317
111.3 0.169950168607
111.37 0.15551372767
111.44 0.241437917677
111.51 0.243763457975
111.58 0.184773154912
111.65 0.266366882805
111.72 0.390099185676
111.79 0.335999225182
111.86 0.268532536146
111.93 0.273459973567
112.0 0.188073039921
112.07 0.195641204171
112.14 0.400260783317
112.21 0.272588059876
112.28 0.314426089918
112.35 0.292747641031
112.42 0.275514735763
112.49 0.288802637895
112.56 0.140238982545
112.63 0.136104561423
112.7 0.164761959179
112.77 0.477936401931
112.84 0.463777779574
112.91 0.310792464333
112.98 0.310820342318
113.05 0.22078318588
113.12 0.174275534435
113.19 0.144509616232
113.26 0.228019226507
113.33 0.31594939344
113.4 0.254878160989
113.47 0.26069177713
113.54 0.157419046929
113.61 0.491010199888
113.68 0.498488044617
113.75 0.398917327204
113.82 0.308859356119
113.89 0.265248351452
113.96 0.100993795177
114.03 0.1381258633
114.1 0.426206914713
114.17 0.37141527413
114.24 0.286219344141
114.31 0.25461593204
114.38 0.369051693352
114.45 0.37873472253
114.52 0.262934657975
114.59 0.234504408287
114.66 0.191091938616
114.73 0.158590747609
114.8 0.164902226155
114.87 0.406572632415
114.94 0.364915187277
115.01 0.31417609759
115.08 0.323865161464
115.15 0.183722452529
115.22 0.128899968347
115.29 0.205017753573
115.36 0.271237945868
115.43 0.301789719583
115.5 0.373201613874
115.57 0.226004091666
115.64 0.244950846939
115.71 0.245067023256
115.78 0.34242031238
115.85 0.251234389753
115.92 0.342977076834
115.99 0.280599785098
116.06 0.240100331438
116.13 0.235217543067
116.2 0.371628367709
116.27 0.349452116571
116.34 0.266574142604
116.41 0.175310283854
116.48 0.116173513092
116.55 0.156710892938
116.62 0.285015960104
116.69 0.56613604041
116.76 0.432358049129
116.83 0.483428473212
116.9 0.474536273117
116.97 0.346006796114
117.04 0.17958672004
117.11 0.319310965649
117.18 0.212813927304
117.25 0.322212898802
117.32 0.368354450179
117.39 0.37786711229
117.46 0.328863121572
117.53 0.238344719797
117.6 0.371445002466
117.67 0.263377497093
117.74 0.233570237132
117.81 0.152121380438
117.88 0.105290393936
117.95 0.202696821108
118.02 0.345989683372
118.09 0.301002368631
118.16 0.447135087047
118.23 0.354305942974
118.3 0.302601442717
118.37 0.302743424095
118.44 0.441978630755
118.51 0.430836543022
118.58 0.280124398806
118.65 0.291337044115
118.72 0.273418506689
118.79 0.140322887194
118.86 0.217631024595
118.93 0.316600131198
119.0 0.206793304013
119.07 0.422845042935
119.14 0.375112620135
119.21 0.241690610941
119.28 0.196355208784
119.35 0.531728590532
119.42 0.521521347684
119.49 0.383599379143
119.56 0.266430805345
119.63 0.352783407022
119.7 0.275945808667
119.77 0.318840155909
119.84 0.523230666855
119.91 0.362220624608
119.98 0.319418312493
120.05 0.224596562628
120.12 0.202824685437
120.19 0.480793160284
120.26 0.513229312285
120.33 0.375554756648
120.4 0.415395396212
120.47 0.316755431977
120.54 0.20424939098
120.61 0.115769284719
120.68 0.308544773537
120.75 0.249434043643
120.82 0.316346126567
120.89 0.455579582732
120.96 0.277539958508
121.03 0.213276593333
121.1 0.202240248726
121.17 0.358484125265
121.24 0.293484518778
121.31 0.311093456819
121.38 0.1939978564
121.45 0.109834951803
121.52 0.153035440752
121.59 0.309559235261
121.66 0.277839693765
121.73 0.390944547186
121.8 0.396805503687
121.87 0.27581680381
121.94 0.301970306893
122.01 0.651675990169
122.08 0.433404711538
122.15 0.291148391295
122.22 0.478108598897
122.29 0.462496307824
122.36 0.38235427197
122.43 0.638539960013
122.5 0.433815414937
122.57 0.269322669843
122.64 0.578467790946
122.71 0.709014470901
122.78 0.586841069761
122.85 0.345844079492
122.92 0.411866493534
122.99 0.423004495575
123.06 0.390379713613
123.13 0.434416152304
123.2 0.366078939146
123.27 0.437825185182
123.34 0.626318383581
123.41 0.441691488233
123.48 0.447040363016
123.55 0.459419157952
123.62 0.31015431089
123.69 0.26203934901
123.76 0.379831135086
123.83 0.446253788057
123.9 0.404732394271
123.97 0.523868420873
124.04 0.594102167128
124.11 0.447492375689
124.18 0.240736419177
124.25 0.415544991942
124.32 0.313270565976
124.39 0.455018965987
124.46 0.684169085589
124.53 0.504044666451
124.6 0.24565310098
124.67 0.641783843622
124.74 0.798292374538
124.81 0.578688971692
124.88 0.538329775383
124.95 0.414105736237
125.02 0.414660152261
125.09 0.318269717142
125.16 0.943687993839
125.23 0.761254267687
125.3 0.861295883869
125.37 0.74529301696
125.44 0.759777931567
125.51 0.668747065492
125.58 0.675486491317
125.65 1.0
125.72 0.96707010858
125.79 0.818034163691
125.86 0.668422492457
125.93 0.736598477215
126.0 0.737063874256
126.07 0.689275012132
126.14 0.62199114695
126.21 0.774649273639
126.28 0.830296740202
126.35 0.835799490104
126.42 0.709681908741
126.49 0.644034556579
126.56 0.655367998067
126.63 0.611834431445
126.7 0.906033618942
126.77 0.83069023341
126.84 0.722796013798
126.91 0.658385692471
126.98 0.601309810036
127.05 0.601048069542
127.12 0.712277828916
127.19 0.726821327956
127.26 0.618683220492
127.33 0.561569435933
127.4 0.502266559447
127.47 0.55342596642
127.54 0.483975243604
127.61 0.810925821366
127.68 0.7638555765
127.75 0.629311808064
127.82 0.556444487345
127.89 0.570905195796
127.96 0.642289026826
128.03 0.729167294303
128.1 0.877597116798
128.17 0.713590529254
128.24 0.661252819047
128.31 0.572235108732
128.38 0.898656954021
128.45 0.753879495226
128.52 0.566862136071
128.59 0.409019179432
128.66 0.280461801585
128.73 0.187956500271
128.8 0.16191349733
128.87 0.120529288205
128.94 0.138617865458
129.01 0.333087763562
129.08 0.349532502184
129.15 0.265700105461
129.22 0.235886354834
129.29 0.225987046297
129.36 0.244799498308
129.43 0.520099440526
129.5 0.457994943269
129.57 0.28216549872
129.64 0.24449825558
129.71 0.205480476147
129.78 0.182467336857
129.85 0.288563639397
129.92 0.612783926348
129.99 0.402752937042
130.06 0.353629530088
130.13 0.273710688951
130.2 0.224335550002
130.27 0.257641116877
130.34 0.524608551773
130.41 0.42872603809
130.48 0.289409400333
130.55 0.244768518759
130.62 0.245993417641
130.69 0.278418124654
130.76 0.44246939734
130.83 0.40407411555
130.9 0.260248608366
130.97 0.206264413934
131.04 0.213623913177
131.11 0.26958820849
131.18 0.248700772758
131.25 0.493883079638
131.32 0.311869139007
131.39 0.234902900331
131.46 0.263233726721
131.53 0.433307872475
131.6 0.48052824604
131.67 0.24433129085
131.74 0.120805760527
131.81 0.0804593927598
131.88 0.0688796283658
131.95 0.271415359429
132.02 0.668653111438
132.09 0.560136117473
132.16 0.441674122843
132.23 0.322140008435
132.3 0.209621290486
132.37 0.179204016137
132.44 0.209557985131
132.51 0.205056429285
132.58 0.35658662729
132.65 0.388040686684
132.72 0.320365404827
132.79 0.337094573004
132.86 0.128930041969
132.93 0.120932552903
133.0 0.213407413652
133.07 0.555074943445
133.14 0.537985373031
133.21 0.441698959418
133.28 0.229476510505
133.35 0.216368531579
133.42 0.205262078147
133.49 0.228177470043
133.56 0.321004679549
133.63 0.356324383905
133.7 0.410257733377
133.77 0.223724706686
133.84 0.206432554083
133.91 0.200920201123
133.98 0.494779192266
134.05 0.390509988932
134.12 0.326758523808
134.19 0.203449026212
134.26 0.194009137769
134.33 0.211709756025
134.4 0.20891040428
134.47 0.519131319395
134.54 0.51792150605
134.61 0.35281850234
134.68 0.165101088392
134.75 0.243180963051
134.82 0.434621805979
134.89 0.399905908072
134.96 0.25070583293
135.03 0.174557230571
135.1 0.223185198141
135.17 0.489788508442
135.24 0.433002352765
135.31 0.334856597154
135.38 0.255102010187
135.45 0.131161408047
135.52 0.100419304405
135.59 0.366251874809
135.66 0.610424695942
135.73 0.44659091172
135.8 0.6033468014
135.87 0.448863323595
135.94 0.231984500495
136.01 0.1764735593
136.08 0.156860379188
136.15 0.145142470067
136.22 0.473018738408
136.29 0.393039532266
136.36 0.320406451827
136.43 0.222353932025
136.5 0.191752796761
136.57 0.174185725024
136.64 0.548497257334
136.71 0.525116539379
136.78 0.263523129847
136.85 0.216944674191
136.92 0.310552897977
136.99 0.435874124469
137.06 0.26631782684
137.13 0.426365367586
137.2 0.318278888292
137.27 0.267451437713
137.34 0.22960697471
137.41 0.194466519829
137.48 0.293426521453
137.55 0.474477766885
137.62 0.419175305422
137.69 0.258786810377
137.76 0.158846916597
137.83 0.160854114658
137.9 0.178133543389
137.97 0.284169049015
138.04 0.479139228937
138.11 0.430394941884
138.18 0.402137956301
138.25 0.321079991735
138.32 0.259496477853
138.39 0.346270857368
138.46 0.57161809838
138.53 0.447720900092
138.6 0.352809674071
138.67 0.248444141784
138.74 0.227659741024
138.81 0.235464282241
138.88 0.447412254756
138.95 0.548716324251
139.02 0.458843841862
139.09 0.374791604635
139.16 0.461081216167
139.23 0.649904128402
139.3 0.483242427486
139.37 0.204114074717
139.44 0.254241873537
139.51 0.343238010055
139.58 0.29446282045
139.65 0.839194294045
139.72 0.521458487472
139.79 0.551554166432
139.86 0.347334390697
139.93 0.253833972132
140.0 0.161960489997
140.07 0.101629378821
140.14 0.0488949234564
140.21 0.0423832917588
140.28 0.0939824759868
140.35 0.068393771588
140.42 0.042113190997
140.49 0.0322976848463
140.56 0.0328658762421
140.63 0.0377056216882
140.7 0.0916405002869
140.77 0.105315355633
140.84 0.0552851321653
140.91 0.0452500826736
140.98 0.0529272263602
141.05 0.0367100797463
141.12 0.0703158607077
141.19 0.167253451206
141.26 0.0774131658913
141.33 0.0515105345944
141.4 0.0412764063103
141.47 0.0446417754689
141.54 0.0389901962047
141.61 0.145569857909
141.68 0.125541977735
141.75 0.0661451736626
141.82 0.0413525426123
141.89 0.0330307090981
141.96 0.0309361751765
142.03 0.0362493687376
142.1 0.184146619701
142.17 0.138797100496
142.24 0.0463190455449
142.31 0.0397287474486
142.38 0.0391230473384
142.45 0.0315424479572
142.52 0.112136158417
142.59 0.0795537251964
142.66 0.042685993834
142.73 0.0358861945829
142.8 0.0308727170294
142.87 0.0279690658653
142.94 0.0252216514843
143.01 0.133729879741
143.08 0.110939834108
143.15 0.0663565684799
143.22 0.0603915218977
143.29 0.0460807616822
143.36 0.0378230624513
143.43 0.0876645585066
143.5 0.432183676978
143.57 0.34395314076
143.64 0.340235436078
143.71 0.56565060712
143.78 0.3549575253
143.85 0.308947767541
143.92 0.225640826076
143.99 0.319134178898
144.06 0.319813398591
144.13 0.248342653985
144.2 0.148959300884
144.27 0.160618761521
144.34 0.167492294505
144.41 0.330681974804
144.48 0.250575836727
144.55 0.145803473785
144.62 0.183787585377
144.69 0.154061070754
144.76 0.146228165504
144.83 0.300136909515
144.9 0.40617289397
144.97 0.338578300904
145.04 0.234223282415
145.11 0.148632326483
145.18 0.122032047774
145.25 0.144101504286
145.32 0.525461218442
145.39 0.339806190666
145.46 0.339860169673
145.53 0.211414615366
145.6 0.187281942549
145.67 0.365526622514
145.74 0.306806882199
145.81 0.312196918275
145.88 0.201049784666
145.95 0.118370618797
146.02 0.120152502298
146.09 0.318386219496
146.16 0.447761858063
146.23 0.385057769983
146.3 0.331851215166
146.37 0.320489335053
146.44 0.188069153942
146.51 0.204073575122
146.58 0.256091347797
146.65 0.250656761325
146.72 0.279349069123
146.79 0.20713436298
146.86 0.203646822511
146.93 0.180091098377
147.0 0.193969533273
147.07 0.219375513675
147.14 0.363663044438
147.21 0.415003367164
147.28 0.471183495491
147.35 0.564037171758
147.42 0.647013487445
147.49 0.62614035043
147.56 0.349222082291
147.63 0.312246686469
147.7 0.32256396266
147.77 0.351505892234
147.84 0.312152286069
147.91 0.191246648679
147.98 0.187196875716
148.05 0.23774238954
148.12 0.458213810474
148.19 0.428849839587
148.26 0.423167784868
148.33 0.393328928174
148.4 0.381594072338
148.47 0.369989900872
148.54 0.363684353555
148.61 0.457866567627
148.68 0.422832030321
148.75 0.326510583951
148.82 0.317063047469
148.89 0.292187367166
148.96 0.339695824068
149.03 0.487036624585
149.1 0.336627431483
149.17 0.324731751484
149.24 0.257907859817
149.31 0.299222200735
149.38 0.226186885442
149.45 0.257637639949
149.52 0.40876779513
149.59 0.285363427928
149.66 0.239796372135
149.73 0.24655296845
149.8 0.225981771953
149.87 0.379274650953
149.94 0.448230297718
150.01 0.330965810033
150.08 0.319982021178
150.15 0.288217996659
150.22 0.397574779425
150.29 0.271170222769
150.36 0.187833940363
150.43 0.165099315038
150.5 0.119584417977
150.57 0.0855200121636
150.64 0.078479506028
150.71 0.135983768853
150.78 0.267087751043
150.85 0.481782135765
150.92 0.479495026952
150.99 0.506547552936
151.06 0.364795880522
151.13 0.290866974275
151.2 0.195803672957
151.27 0.288310131642
151.34 0.410467482368
151.41 0.421713484531
151.48 0.372267161196
151.55 0.216875316094
151.62 0.232132315653
151.69 0.175633251968
151.76 0.428680380852
151.83 0.448797467691
151.9 0.349509495508
151.97 0.25226539997
152.04 0.242185216584
152.11 0.143969307633
152.18 0.378256383857
152.25 0.708134816534
152.32 0.603632365469
152.39 0.321037978654
152.46 0.165291483286
152.53 0.129673634157
152.6 0.103007116962
152.67 0.516447155027
152.74 0.455887553135
152.81 0.559805131972
152.88 0.47430512598
152.95 0.366746268708
153.02 0.292376674467
153.09 0.338154344273
153.16 0.364099910217
153.23 0.375650096661
153.3 0.298222950872
153.37 0.232343081255
153.44 0.164989116872
153.51 0.110056493475
153.58 0.25261037018
153.65 0.321473145672
153.72 0.21430109604
153.79 0.293174317847
153.86 0.655340898481
153.93 0.574207331785
154.0 0.541634454703
154.07 0.159839208995
154.14 0.121706381131
154.21 0.150853092141
154.28 0.679540745788
154.35 0.552940403196
154.42 0.476188008826
154.49 0.203643279414
154.56 0.0813271906819
154.63 0.110449170988
154.7 0.039569754388
154.77 0.0324387711262
154.84 0.0300883918476
154.91 0.0183245343414
154.98 0.0160171823478
155.05 0.0137435361036
155.12 0.0135502213119
155.19 0.00912063426617
155.26 0.0103228621339
155.33 0.0121372085931
155.4 0.0389295917853
155.47 0.124148729366
155.54 0.0901973513848
155.61 0.0584180512411
155.68 0.0309030011927
155.75 0.0231474521777
155.82 0.013006323898
155.89 0.00943192158638
155.96 0.00966681033117
156.03 0.011142052843
156.1 0.00723092268518
156.17 0.00611096206239
156.24 0.00588410995399
156.31 0.0484234676573
156.38 0.208316634003
156.45 0.147082953219
156.52 0.0948147274331
156.59 0.0585409107183
156.66 0.0264799493279
156.73 0.0130337639583
156.8 0.0160660951456
156.87 0.0154775390576
156.94 0.00958632486145
157.01 0.0075249264248
157.08 0.109208524871
157.15 0.17089981149
157.22 0.0713517049373
157.29 0.0790778636843
157.36 0.0363724568018
157.43 0.0226007347225
157.5 0.0193257211781
157.57 0.0182220527904
157.64 0.232552156516
157.71 0.539290468641
157.78 0.669340062183
157.85 0.529192546907
157.92 0.2782420381
157.99 0.126014441722
158.06 0.0824325133174
158.13 0.070052310767
158.2 0.0734576898627
158.27 0.0450379190822
158.34 0.0417053665899
158.41 0.0362109733463
158.48 0.0290431466784
158.55 0.0205130030677
158.62 0.0194909570691
158.69 0.0141413435893
158.76 0.0
158.83 0.0
158.9 0.0
158.97 0.0
159.04 0.0
159.11 0.0
159.18 0.0
159.25 0.0
159.32 0.0
159.39 0.0
159.46 0.0
159.53 0.0
159.6 0.0
159.67 0.0
159.74 0.0
159.81 0.0
159.88 0.0
159.95 0.0
160.02 0.0
160.09 0.0
160.16 0.0
160.23 0.0
160.3 0.0
160.37 0.0
160.44 0.0
160.51 0.0
160.58 0.0
160.65 0.0
160.72 0.0
160.79 0.0
160.86 0.0
160.93 0.0
161.0 0.0
161.07 0.0
161.14 0.0
161.21 0.0
161.28 0.0
161.35 0.0
161.42 0.0
161.49 0.0
161.56 0.0
161.63 0.0
161.7 0.0
161.77 0.0
161.84 0.0
161.91 0.0
161.98 0.0
162.05 0.0
162.12 0.0
162.19 0.0
162.26 0.0
162.33 0.0
162.4 0.0
162.47 0.0
162.54 0.0
162.61 0.0
162.68 0.0
162.75 0.0
162.82 0.0
162.89 0.0
162.96 0.0
163.03 0.0
163.1 0.0
163.17 0.0
163.24 0.0
163.31 0.0
163.38 0.0
163.45 0.0
163.52 0.0
163.59 0.0
163.66 0.0
163.73 0.0
163.8 0.0
163.87 0.0
163.94 0.0
164.01 0.0
164.08 0.0
164.15 0.0
164.22 0.0
164.29 0.0
164.36 0.0
164.43 0.0
164.5 0.0
164.57 0.0
164.64 0.0
164.71 0.0
164.78 0.0
164.85 0.0
164.92 0.0
164.99 0.0
165.06 0.0
165.13 0.0
165.2 0.0
165.27 0.0
165.34 0.0
165.41 0.0
165.48 0.0
165.55 0.0
165.62 0.0
165.69 0.0
165.76 0.0
165.83 0.0
165.9 0.0
165.97 0.0
166.04 0.0
166.11 0.0
166.18 0.0
166.25 0.0
166.32 0.0
166.39 0.0
166.46 0.0
166.53 0.0
166.6 0.0
166.67 0.0
166.74 0.0
166.81 0.0
166.88 0.0
166.95 0.0
167.02 0.0
167.09 0.0
167.16 0.0
167.23 0.0
167.3 0.0
167.37 0.0
167.44 0.0
167.51 0.0
167.58 0.0
167.65 0.0
167.72 0.0
