0.0 0.0
0.07 0.0
0.14 0.0
0.21 0.0
0.28 0.0
0.35 0.0
0.42 0.0
0.49 0.0
0.56 0.0
0.63 0.0
0.7 0.0
0.77 0.0
0.84 0.0
0.91 0.0
0.98 0.0
1.05 0.0
1.12 0.0
1.19 0.0
1.26 0.0
1.33 0.0
1.4 0.0
1.47 0.0
1.54 0.0
1.61 0.0
1.68 0.0
1.75 0.0
1.82 0.0
1.89 0.0
1.96 0.0
2.03 0.0
2.1 0.0
2.17 0.0
2.24 0.0
2.31 0.0
2.38 0.0
2.45 0.0
2.52 0.0
2.59 0.0
2.66 0.0
2.73 0.0
2.8 0.0
2.87 0.0
2.94 0.0
3.01 0.0
3.08 0.0
3.15 0.0
3.22 0.0
3.29 0.0
3.36 0.0
3.43 0.0
3.5 0.0
3.57 0.0
3.64 0.0
3.71 0.0
3.78 0.0
3.85 0.0
3.92 0.0
3.99 3.8302068143e-05
4.06 0.000143782624946
4.13 0.00155989014102
4.2 0.200962728648
4.27 0.13583167429
4.34 0.105058250417
4.41 0.135747302555
4.48 0.101056057072
4.55 0.112641045919
4.62 0.0918505182853
4.69 0.156389614086
4.76 0.187132977759
4.83 0.108708559873
4.9 0.119058324096
4.97 0.156856424098
5.04 0.221532046188
5.11 0.14404829788
5.18 0.131544417946
5.25 0.177207329738
5.32 0.237475799007
5.39 0.173130174181
5.46 0.109612777986
5.53 0.0796465033267
5.6 0.0696427714456
5.67 0.165550145571
5.74 0.156299487555
5.81 0.129928295474
5.88 0.120082737475
5.95 0.0997485792679
6.02 0.0629656291981
6.09 0.0586324141661
6.16 0.0539621599053
6.23 0.0318826386766
6.3 0.0477991560504
6.37 0.0334311709929
6.44 0.0138723384632
6.51 0.0540545363741
6.58 0.0322369527263
6.65 0.0294520945306
6.72 0.0369500222113
6.79 0.020569981518
6.86 0.0412861862559
6.93 0.0388313860305
7.0 0.025015636549
7.07 0.0326431282316
7.14 0.0146870760018
7.21 0.0196755864911
7.28 0.06036354813
7.35 0.0442032662642
7.42 0.0433617106381
7.49 0.057555220195
7.56 0.0246308221773
7.63 0.04623459245
7.7 0.0481885822263
7.77 0.0270413786765
7.84 0.0410543344848
7.91 0.0356550253035
7.98 0.0234394514295
8.05 0.0527324273313
8.12 0.0330841550143
8.19 0.0344363498669
8.26 0.0875274403064
8.33 0.0769532523334
8.4 0.0785178709492
8.47 0.125275220232
8.54 0.0947251103159
8.61 0.0805900441375
8.68 0.0941096706361
8.75 0.0863325912603
8.82 0.240107412886
8.89 0.13333824475
8.96 0.12329876522
9.03 0.122855490396
9.1 0.110685702576
9.17 0.10957498813
9.24 0.11521596458
9.31 0.101222291653
9.38 0.0992160164232
9.45 0.0952949138118
9.52 0.0801890960394
9.59 0.0892491372402
9.66 0.0795707984069
9.73 0.0670563403484
9.8 0.0743424892736
9.87 0.0654964350307
9.94 0.0624104996247
10.01 0.0769526206054
10.08 0.0688954779871
10.15 0.0627147421149
10.22 0.0607895889204
10.29 0.0554593932505
10.36 0.0665173350162
10.43 0.0741948811845
10.5 0.066411413388
10.57 0.0733267284809
10.64 0.0687255071056
10.71 0.0518960896269
10.78 0.0700188127655
10.85 0.0618814719907
10.92 0.054626431402
10.99 0.0713376588288
11.06 0.0576424470371
11.13 0.0586455618869
11.2 0.067797006354
11.27 0.0538099608799
11.34 0.0796264815324
11.41 0.134648852738
11.48 0.120864130019
11.55 0.119905633569
11.62 0.0968279194675
11.69 0.078858861798
11.76 0.12379013864
11.83 0.100925984653
11.9 0.185261652345
11.97 0.17338387179
12.04 0.129716498696
12.11 0.137014385811
12.18 0.130065115811
12.25 0.119466084612
12.32 0.124395005886
12.39 0.118049683049
12.46 0.115003805459
12.53 0.114163518032
12.6 0.0992950203671
12.67 0.10027974017
12.74 0.232246499597
12.81 0.101962445446
12.88 0.0931258159026
12.95 0.0949055322174
13.02 0.085854632102
13.09 0.0815283158055
13.16 0.0874803832088
13.23 0.0804173936289
13.3 0.0776213929272
13.37 0.0774389923701
13.44 0.0782202540149
13.51 0.19685101681
13.58 0.0898820253237
13.65 0.0718660604261
13.72 0.0958949084055
13.79 0.0747436583817
13.86 0.0735883549405
13.93 0.0922737589839
14.0 0.0817575496046
14.07 0.0902735781276
14.14 0.100288425956
14.21 0.0705343331819
14.28 0.196927914994
14.35 0.143352461798
14.42 0.14377965886
14.49 0.168741493239
14.56 0.154996905168
14.63 0.138046178836
14.7 0.154667538684
14.77 0.153140073454
14.84 0.163851847236
14.91 0.182395787836
14.98 0.182852774763
15.05 0.172719934179
15.12 0.22016736949
15.19 0.172086709364
15.26 0.142237847902
15.33 0.168158873063
15.4 0.137361803022
15.47 0.182861015683
15.54 0.139171503653
15.61 0.120670612566
15.68 0.231072184558
15.75 0.144746686484
15.82 0.137093914298
15.89 0.16808415178
15.96 0.11630678149
16.03 0.149475085333
16.1 0.118229497884
16.17 0.100722339633
16.24 0.218321735297
16.31 0.174381633077
16.38 0.147124998295
16.45 0.150476536442
16.52 0.124411224033
16.59 0.201628932322
16.66 0.187405498207
16.73 0.133365729661
16.8 0.156328235922
16.87 0.17110452501
16.94 0.149510387167
17.01 0.202301146898
17.08 0.160912318118
17.15 0.142600289047
17.22 0.277951835815
17.29 0.172230508114
17.36 0.184301558553
17.43 0.209818109891
17.5 0.158901140831
17.57 0.264465816109
17.64 0.181679364631
17.71 0.138625471532
17.78 0.247384564904
17.85 0.184085511365
17.92 0.139409327435
17.99 0.166086291054
18.06 0.206539658691
18.13 0.216225151417
18.2 0.202193466675
18.27 0.169729410572
18.34 0.159449148762
18.41 0.143732259339
18.48 0.123430453005
18.55 0.22032456353
18.62 0.136878962674
18.69 0.103872978785
18.76 0.129975020583
18.83 0.109345746742
18.9 0.159315201554
18.97 0.15631826107
19.04 0.0985537188393
19.11 0.0799159874963
19.18 0.107342793302
19.25 0.101665185163
19.32 0.192894416016
19.39 0.123292940233
19.46 0.105839166793
19.53 0.109551575303
19.6 0.0913788593334
19.67 0.206395377133
19.74 0.133426579487
19.81 0.115559400766
19.88 0.107006517648
19.95 0.115805577397
20.02 0.099806835784
20.09 0.193037091694
20.16 0.123286926486
20.23 0.0951751216749
20.3 0.105658133083
20.37 0.103685870621
20.44 0.088915643656
20.51 0.167509968872
20.58 0.11433414151
20.65 0.156583193193
20.72 0.129676714059
20.79 0.0973816376125
20.86 0.201020457776
20.93 0.158773068884
21.0 0.133345226009
21.07 0.128342908563
21.14 0.131941653456
21.21 0.157385512439
21.28 0.154955048919
21.35 0.119606049361
21.42 0.105119944444
21.49 0.118191855052
21.56 0.111295740317
21.63 0.202975799222
21.7 0.129268102702
21.77 0.104441646878
21.84 0.130725040147
21.91 0.0982303224695
21.98 0.159613216875
22.05 0.179305604866
22.12 0.12876759294
22.19 0.0924365816637
22.26 0.110899782491
22.33 0.099620439974
22.4 0.213196655834
22.47 0.182406173407
22.54 0.162946830452
22.61 0.14132770805
22.68 0.137656325817
22.75 0.119369239569
22.82 0.232731027399
22.89 0.114652584601
22.96 0.101165897122
23.03 0.123767535866
23.1 0.114897586938
23.17 0.255297031372
23.24 0.167268328162
23.31 0.141416494293
23.38 0.149886769013
23.45 0.185378571353
23.52 0.177638914748
23.59 0.1793983285
23.66 0.157120807965
23.73 0.226124204258
23.8 0.249848033841
23.87 0.183350450285
23.94 0.267385140364
24.01 0.189115662785
24.08 0.137298393085
24.15 0.19934278925
24.22 0.200841076423
24.29 0.233619034954
24.36 0.247596698413
24.43 0.212671023026
24.5 0.162321024172
24.57 0.15605706999
24.64 0.150446539795
24.71 0.250874815727
24.78 0.182831299804
24.85 0.145631572391
24.92 0.194439569631
24.99 0.224447362859
25.06 0.176744802386
25.13 0.20683774041
25.2 0.0983841283226
25.27 0.0762688603941
25.34 0.127429205044
25.41 0.0980964796011
25.48 0.20765262023
25.55 0.176328422481
25.62 0.14389812304
25.69 0.139696326407
25.76 0.118706654577
25.83 0.125569037312
25.9 0.23153369792
25.97 0.122759596739
26.04 0.128117064848
26.11 0.169426140336
26.18 0.102195063638
26.25 0.182339866627
26.32 0.167667028219
26.39 0.131890212204
26.46 0.182581629699
26.53 0.172139848504
26.6 0.178904858807
26.67 0.230191230351
26.74 0.112391514301
26.81 0.153242997694
26.88 0.194226381344
26.95 0.114783515449
27.02 0.0886486484569
27.09 0.217928300589
27.16 0.166554938389
27.23 0.13626542387
27.3 0.164283468291
27.37 0.131083468965
27.44 0.210350193722
27.51 0.222771060231
27.58 0.130875181788
27.65 0.131456687429
27.72 0.134438833526
27.79 0.166415863371
27.86 0.235052363224
27.93 0.160810754086
28.0 0.0879334830159
28.07 0.156075411919
28.14 0.147730084654
28.21 0.197941917192
28.28 0.167274984071
28.35 0.0920757340666
28.42 0.141454653131
28.49 0.127052913309
28.56 0.0910465334026
28.63 0.18258054362
28.7 0.129354622881
28.77 0.102963810239
28.84 0.153141481088
28.91 0.158294301569
28.98 0.0857192412154
29.05 0.200657973946
29.12 0.111078157442
29.19 0.0957237613337
29.26 0.144100552031
29.33 0.145548681328
29.4 0.168994097181
29.47 0.149942303218
29.54 0.119749767486
29.61 0.139091781664
29.68 0.146027815728
29.75 0.114185948171
29.82 0.146650236667
29.89 0.104054312234
29.96 0.0798256636692
30.03 0.224782016509
30.1 0.162827979267
30.17 0.157344619906
30.24 0.145906761084
30.31 0.148927448281
30.38 0.175914343736
30.45 0.13099180485
30.52 0.116198958038
30.59 0.206768258865
30.66 0.15440534974
30.73 0.146723536088
30.8 0.150014959528
30.87 0.184426349499
30.94 0.23146555192
31.01 0.239442646251
31.08 0.177302556571
31.15 0.139204442673
31.22 0.134250065416
31.29 0.115263153524
31.36 0.228398050451
31.43 0.129628932277
31.5 0.109923518927
31.57 0.114362164244
31.64 0.120314928824
31.71 0.178567730415
31.78 0.226935647515
31.85 0.155687560321
31.92 0.13460141907
31.99 0.151228878982
32.06 0.137840153928
32.13 0.237797704271
32.2 0.162186680475
32.27 0.108798369591
32.34 0.16079989045
32.41 0.167759183678
32.48 0.145319828842
32.55 0.176904744348
32.62 0.124651916202
32.69 0.125221426599
32.76 0.167533068681
32.83 0.157671274513
32.9 0.199924527283
32.97 0.127159430621
33.04 0.102000870825
33.11 0.0818760270643
33.18 0.0971370156398
33.25 0.0828350148583
33.32 0.179694303511
33.39 0.14606185221
33.46 0.107167654771
33.53 0.218881923437
33.6 0.147786608187
33.67 0.196927050873
33.74 0.160387006866
33.81 0.130631620283
33.88 0.149819972786
33.95 0.178677965057
34.02 0.172257875407
34.09 0.226956768668
34.16 0.182788573743
34.23 0.13842817794
34.3 0.130118392489
34.37 0.108401027844
34.44 0.104923803328
34.51 0.225551924123
34.58 0.118501874154
34.65 0.0661125396374
34.72 0.12326737991
34.79 0.0978836773703
34.86 0.166464113733
34.93 0.153801317209
35.0 0.154817532353
35.07 0.124095461517
35.14 0.129248554229
35.21 0.0994746511857
35.28 0.188381821529
35.35 0.0975643445482
35.42 0.102591649398
35.49 0.12492821943
35.56 0.102698500596
35.63 0.153576687626
35.7 0.141290603989
35.77 0.101827057405
35.84 0.118598223111
35.91 0.126543577377
35.98 0.0941161406313
36.05 0.172640542282
36.12 0.129447908052
36.19 0.102015634859
36.26 0.176807605257
36.33 0.089809524574
36.4 0.144406779817
36.47 0.158123285396
36.54 0.129419015506
36.61 0.225486891233
36.68 0.151466117515
36.75 0.133937220611
36.82 0.276988658318
36.89 0.237514945276
36.96 0.190960363614
37.03 0.182932381979
37.1 0.146918218348
37.17 0.156032117682
37.24 0.229227956102
37.31 0.141855327101
37.38 0.172901054207
37.45 0.24555439287
37.52 0.223675561958
37.59 0.221776940392
37.66 0.150355433422
37.73 0.108277280293
37.8 0.132964766387
37.87 0.114696244026
37.94 0.120180184842
38.01 0.247351996763
38.08 0.16944862549
38.15 0.157434318645
38.22 0.231281841428
38.29 0.221248613729
38.36 0.263030557559
38.43 0.172134025413
38.5 0.135316412825
38.57 0.181961794482
38.64 0.111816907395
38.71 0.134646933841
38.78 0.268777437615
38.85 0.16767224709
38.92 0.148747826
38.99 0.146842479281
39.06 0.119768703201
39.13 0.225096125718
39.2 0.221329187508
39.27 0.189235155183
39.34 0.157219441007
39.41 0.128134708651
39.48 0.102165185559
39.55 0.14645955535
39.62 0.114208396332
39.69 0.123108938539
39.76 0.151381039118
39.83 0.127905587728
39.9 0.282383673456
39.97 0.300239530397
40.04 0.18450125385
40.11 0.223165323016
40.18 0.173007425443
40.25 0.0852662201371
40.32 0.163971350068
40.39 0.182015229566
40.46 0.17360109422
40.53 0.0928609928614
40.6 0.0420882493954
40.67 0.0938514114956
40.74 0.0939449015511
40.81 0.0387070399503
40.88 0.185888399577
40.95 0.128465604182
41.02 0.0507110276224
41.09 0.102345395936
41.16 0.127389251567
41.23 0.128643353096
41.3 0.158781399915
41.37 0.128321256227
41.44 0.112625366544
41.51 0.151971518901
41.58 0.140450274826
41.65 0.136958772877
41.72 0.137887359946
41.79 0.0886236145742
41.86 0.0546869444961
41.93 0.089865068264
42.0 0.0626737423974
42.07 0.101144903073
42.14 0.159448794008
42.21 0.153968196797
42.28 0.163162041027
42.35 0.176059197263
42.42 0.170192677785
42.49 0.165332464996
42.56 0.159473440886
42.63 0.14436811256
42.7 0.139064870619
42.77 0.136220445024
42.84 0.135360328357
42.91 0.130233277826
42.98 0.108307300653
43.05 0.0681876020804
43.12 0.097318670644
43.19 0.0937027524236
43.26 0.0804818498062
43.33 0.107433894932
43.4 0.0855398219213
43.47 0.248482610642
43.54 0.131214545889
43.61 0.140530639925
43.68 0.214247691902
43.75 0.130835475879
43.82 0.219336497276
43.89 0.190774714306
43.96 0.121923802549
44.03 0.235311139319
44.1 0.177461006479
44.17 0.145738632268
44.24 0.338308878854
44.31 0.247127378562
44.38 0.179202883613
44.45 0.25000196585
44.52 0.26445884149
44.59 0.269964520959
44.66 0.290678373317
44.73 0.225071667599
44.8 0.194144158054
44.87 0.233548625736
44.94 0.219507813188
45.01 0.265899162401
45.08 0.170586168458
45.15 0.119317988973
45.22 0.0981664771524
45.29 0.111081254427
45.36 0.165639119625
45.43 0.136771373512
45.5 0.0931510025003
45.57 0.0707734849211
45.64 0.0957724110309
45.71 0.0921196002737
45.78 0.184069130069
45.85 0.0850008241774
45.92 0.0843322074163
45.99 0.0954860048976
46.06 0.076957720908
46.13 0.185454813146
46.2 0.139702339205
46.27 0.0999602394559
46.34 0.0782048791208
46.41 0.0841239392094
46.48 0.0845705339253
46.55 0.205147210622
46.62 0.129161951527
46.69 0.106696590554
46.76 0.0863705973838
46.83 0.0937936652944
46.9 0.128660037925
46.97 0.118115040339
47.04 0.0899372550469
47.11 0.181270386188
47.18 0.232040716567
47.25 0.173126144781
47.32 0.2177658412
47.39 0.19602322261
47.46 0.170760540567
47.53 0.187278035223
47.6 0.197019703367
47.67 0.200761383839
47.74 0.234118209171
47.81 0.202425009222
47.88 0.214833392937
47.95 0.221425055555
48.02 0.212496651865
48.09 0.258733898332
48.16 0.23648117739
48.23 0.176579178666
48.3 0.136272451607
48.37 0.107735790733
48.44 0.0853323561797
48.51 0.202855674148
48.58 0.0956988517099
48.65 0.06637332569
48.72 0.105774955339
48.79 0.0997660532822
48.86 0.187768392755
48.93 0.131985593649
49.0 0.0984079291025
49.07 0.0735885247292
49.14 0.0778124195122
49.21 0.0752456782201
49.28 0.195514653099
49.35 0.101600688199
49.42 0.0861182343715
49.49 0.08500364324
49.56 0.0928442596572
49.63 0.162504199687
49.7 0.152564616656
49.77 0.107534239142
49.84 0.0864652209453
49.91 0.0924068098209
49.98 0.0842814424736
50.05 0.137298473711
50.12 0.0923348269742
50.19 0.139784483767
50.26 0.229595328709
50.33 0.146512518062
50.4 0.221955332416
50.47 0.203323084586
50.54 0.151703541014
50.61 0.192661424099
50.68 0.150127784635
50.75 0.127765978681
50.82 0.220775278706
50.89 0.152830613042
50.96 0.150000339672
51.03 0.194875369955
51.1 0.194316543919
51.17 0.187770389433
51.24 0.261432483917
51.31 0.211560694636
51.38 0.244108750647
51.45 0.235912668651
51.52 0.189418932073
51.59 0.233432540496
51.66 0.142708722411
51.73 0.127112991972
51.8 0.124348301646
51.87 0.142833070388
51.94 0.140496134865
52.01 0.21590218189
52.08 0.13146555818
52.15 0.231877258365
52.22 0.179080673647
52.29 0.145350421173
52.36 0.141989137719
52.43 0.10347936006
52.5 0.0995218704838
52.57 0.188782365549
52.64 0.130319891911
52.71 0.149747967175
52.78 0.13603977176
52.85 0.119467177331
52.92 0.13002669897
52.99 0.099719121392
53.06 0.110977779085
53.13 0.174543790829
53.2 0.159930166964
53.27 0.136608514787
53.34 0.139802981257
53.41 0.0476604054332
53.48 0.191396718835
53.55 0.285537344144
53.62 0.172449313658
53.69 0.147761368471
53.76 0.0980799067003
53.83 0.0923442905635
53.9 0.234178385533
53.97 0.230535920508
54.04 0.188301102624
54.11 0.230070417584
54.18 0.242734776354
54.25 0.222249733798
54.32 0.310817061975
54.39 0.225278062438
54.46 0.242274179282
54.53 0.220736324991
54.6 0.210040489535
54.67 0.217581729476
54.74 0.16992372385
54.81 0.126558072026
54.88 0.0867394753254
54.95 0.106449139085
55.02 0.104170442056
55.09 0.20923553145
55.16 0.14583191649
55.23 0.123980499349
55.3 0.157780721866
55.37 0.138280184743
55.44 0.186355398349
55.51 0.145579774488
55.58 0.105920908225
55.65 0.0982287735027
55.72 0.130102129761
55.79 0.167446950682
55.86 0.278256737541
55.93 0.174095497277
56.0 0.159142528281
56.07 0.234806596363
56.14 0.165083993846
56.21 0.214141325408
56.28 0.237270946495
56.35 0.149797311204
56.42 0.182728678149
56.49 0.233742157417
56.56 0.250744121065
56.63 0.245236623243
56.7 0.141331389336
56.77 0.105866765529
56.84 0.183810241098
56.91 0.176591994398
56.98 0.242154205026
57.05 0.223769638212
57.12 0.216543382984
57.19 0.172525801124
57.26 0.231605891342
57.33 0.215801983756
57.4 0.258435520668
57.47 0.237353250411
57.54 0.203814259761
57.61 0.233316291158
57.68 0.223983193584
57.75 0.278277323717
57.82 0.172295486937
57.89 0.129159920701
57.96 0.0901841250608
58.03 0.109892640138
58.1 0.0838357839673
58.17 0.213077190943
58.24 0.16117457346
58.31 0.122452009695
58.38 0.159184698497
58.45 0.12360413268
58.52 0.188520193678
58.59 0.145395798405
58.66 0.150791044039
58.73 0.254771305607
58.8 0.272273483072
58.87 0.24039022405
58.94 0.286732314603
59.01 0.235333842638
59.08 0.193801286249
59.15 0.201153982883
59.22 0.203524012038
59.29 0.195818926891
59.36 0.174171900323
59.43 0.139713895275
59.5 0.245584670285
59.57 0.24321848272
59.64 0.189886800656
59.71 0.292639457228
59.78 0.203100536101
59.85 0.131063634982
59.92 0.185554371965
59.99 0.176542282335
60.06 0.25794814345
60.13 0.246625748574
60.2 0.225612826119
60.27 0.179860945015
60.34 0.134265331228
60.41 0.142283196678
60.48 0.245871592425
60.55 0.182325656541
60.62 0.148746281776
60.69 0.197067163595
60.76 0.19358807994
60.83 0.229348775508
60.9 0.160331554236
60.97 0.126562151699
61.04 0.101222274579
61.11 0.130695955996
61.18 0.109949927245
61.25 0.204662396361
61.32 0.1560526441
61.39 0.133579649273
61.46 0.193914280195
61.53 0.137666061638
61.6 0.217294342551
61.67 0.141709294538
61.74 0.201655075049
61.81 0.232664322232
61.88 0.215383971413
61.95 0.176320529675
62.02 0.23455907565
62.09 0.177828720561
62.16 0.175562765278
62.23 0.187362381347
62.3 0.136625184439
62.37 0.220236485847
62.44 0.128889451947
62.51 0.118308240031
62.58 0.213195192236
62.65 0.118713750609
62.72 0.13836695344
62.79 0.259029151503
62.86 0.184234083171
62.93 0.139154760015
63.0 0.165644710323
63.07 0.134060112579
63.14 0.221939473767
63.21 0.237617564086
63.28 0.229209363758
63.35 0.216540530722
63.42 0.213162725589
63.49 0.195329134689
63.56 0.220248185146
63.63 0.16261085264
63.7 0.132482389875
63.77 0.139055278028
63.84 0.127241049691
63.91 0.257567109961
63.98 0.204829807132
64.05 0.185271800781
64.12 0.151252293706
64.19 0.192236282525
64.26 0.166348253297
64.33 0.251485082066
64.4 0.176227057642
64.47 0.129215966169
64.54 0.138504742237
64.61 0.113750316687
64.68 0.209597154953
64.75 0.159199428384
64.82 0.152096376244
64.89 0.115770129487
64.96 0.103740183105
65.03 0.0969009570913
65.1 0.235372522225
65.17 0.143294207179
65.24 0.10039780786
65.31 0.116151151594
65.38 0.110497378383
65.45 0.182816683743
65.52 0.130409863829
65.59 0.123132315322
65.66 0.186206613121
65.73 0.156322588312
65.8 0.13863343453
65.87 0.322514649227
65.94 0.173330789563
66.01 0.172423866212
66.08 0.187875531361
66.15 0.189269484763
66.22 0.256855127823
66.29 0.221084106441
66.36 0.208129281784
66.43 0.183305679171
66.5 0.202103269953
66.57 0.21502373847
66.64 0.260829135284
66.71 0.225365810029
66.78 0.199191435374
66.85 0.19893296376
66.92 0.15810803476
66.99 0.242807150948
67.06 0.213866574941
67.13 0.199669299678
67.2 0.155018735829
67.27 0.195783235207
67.34 0.16629575537
67.41 0.284509099609
67.48 0.188953429149
67.55 0.19680305765
67.62 0.215203672822
67.69 0.133552166259
67.76 0.241069944427
67.83 0.20675391124
67.9 0.19874153784
67.97 0.226721617873
68.04 0.175823898496
68.11 0.166958013115
68.18 0.251842347026
68.25 0.146588238158
68.32 0.177126776827
68.39 0.175356010941
68.46 0.141129123494
68.53 0.271652753382
68.6 0.231436214508
68.67 0.212663613976
68.74 0.220862074911
68.81 0.158476245878
68.88 0.250942238939
68.95 0.171322957778
69.02 0.168212806131
69.09 0.326862264054
69.16 0.274761542924
69.23 0.229597172672
69.3 0.195152470906
69.37 0.128557645816
69.44 0.151687865432
69.51 0.15312476306
69.58 0.0877752768831
69.65 0.135736285256
69.72 0.155126394235
69.79 0.113990250024
69.86 0.099073772331
69.93 0.034518770454
70.0 0.0296331102184
70.07 0.0845898585423
70.14 0.109876850731
70.21 0.0853411719158
70.28 0.0517155491579
70.35 0.0354783178869
70.42 0.0829416915248
70.49 0.0241940306282
70.56 0.0199109734729
70.63 0.129237397495
70.7 0.136890366029
70.77 0.0560708879501
70.84 0.0262532410612
70.91 0.0215500363981
70.98 0.0494895217408
71.05 0.0344142858648
71.12 0.0390378396793
71.19 0.0723927574959
71.26 0.0320691767677
71.33 0.0374664323587
71.4 0.0451590100494
71.47 0.0300624452902
71.54 0.0353075084956
71.61 0.0663282387112
71.68 0.0696054748305
71.75 0.0349073647598
71.82 0.0178291403474
71.89 0.0152115762517
71.96 0.0342784301934
72.03 0.041790583137
72.1 0.0203746257939
72.17 0.0176134621415
72.24 0.014824224534
72.31 0.00662851626384
72.38 0.00737544927695
72.45 0.121764627956
72.52 0.130476940824
72.59 0.0426965437191
72.66 0.06173562629
72.73 0.153544418276
72.8 0.043935439195
72.87 0.0594436392589
72.94 0.171701699593
73.01 0.0752489222288
73.08 0.050269985663
73.15 0.154443158567
73.22 0.228313561097
73.29 0.201287753662
73.36 0.214998033969
73.43 0.185663266319
73.5 0.151569790154
73.57 0.209087204367
73.64 0.163653814731
73.71 0.147574612215
73.78 0.150912404113
73.85 0.13513018301
73.92 0.315528134782
73.99 0.268267931894
74.06 0.27627627874
74.13 0.277805522484
74.2 0.305521291688
74.27 0.247261348535
74.34 0.174683128593
74.41 0.151006350417
74.48 0.124192352091
74.55 0.114352827759
74.62 0.270415875452
74.69 0.290620718175
74.76 0.25180217159
74.83 0.247594283429
74.9 0.342783675897
74.97 0.313311046411
75.04 0.260292260374
75.11 0.197074769941
75.18 0.132671957604
75.25 0.076323710701
75.32 0.219624655364
75.39 0.204133728224
75.46 0.222300827885
75.53 0.252109641015
75.6 0.205185221488
75.67 0.130223573307
75.74 0.111712386762
75.81 0.111497124965
75.88 0.0770319650754
75.95 0.040560582126
76.02 0.0715755139132
76.09 0.0519205344659
76.16 0.0271750470134
76.23 0.0883907772695
76.3 0.185650132826
76.37 0.141513566038
76.44 0.0766034618737
76.51 0.179867113374
76.58 0.11815349702
76.65 0.0567241345598
76.72 0.127729291029
76.79 0.162103131124
76.86 0.0566199610919
76.93 0.113350910916
77.0 0.18437389236
77.07 0.0926967691872
77.14 0.0632178613118
77.21 0.183449791888
77.28 0.215495608947
77.35 0.222951843527
77.42 0.191697634793
77.49 0.232190821215
77.56 0.213625257684
77.63 0.193116700807
77.7 0.246785431585
77.77 0.274373711245
77.84 0.250650224085
77.91 0.259062410181
77.98 0.332792448626
78.05 0.284007933457
78.12 0.24116116178
78.19 0.208545130506
78.26 0.185946829676
78.33 0.174836708694
78.4 0.267523020221
78.47 0.300995208954
78.54 0.319499154341
78.61 0.352165165165
78.68 0.337499492981
78.75 0.277090383602
78.82 0.273328872941
78.89 0.28223135112
78.96 0.174309725165
79.03 0.0957844688786
79.1 0.232596510119
79.17 0.142418297311
79.24 0.0924460841431
79.31 0.179866798459
79.38 0.15338484909
79.45 0.051127217819
79.52 0.107059427241
79.59 0.198362475418
79.66 0.140033993569
79.73 0.0969997646652
79.8 0.218919940943
79.87 0.140005830451
79.94 0.0556980403662
80.01 0.136444992085
80.08 0.182566054663
80.15 0.13038714818
80.22 0.0904251871608
80.29 0.22515550246
80.36 0.161239410951
80.43 0.095083936573
80.5 0.131067900569
80.57 0.16072617462
80.64 0.0589139438524
80.71 0.0906345461893
80.78 0.201764060463
80.85 0.0794354018291
80.92 0.0646675936425
80.99 0.194356083833
81.06 0.0927960368032
81.13 0.0582152147224
81.2 0.171757461447
81.27 0.129588063458
81.34 0.0689312133044
81.41 0.142597348571
81.48 0.187816861281
81.55 0.100540951168
81.62 0.0873757440075
81.69 0.234797517881
81.76 0.229621079689
81.83 0.224615179605
81.9 0.196092495477
81.97 0.192382764697
82.04 0.169348876015
82.11 0.188773209287
82.18 0.195122231432
82.25 0.168614606967
82.32 0.160078528194
82.39 0.284734840881
82.46 0.241004697167
82.53 0.217894153128
82.6 0.206183652445
82.67 0.184356143268
82.74 0.174035787597
82.81 0.15558891969
82.88 0.162541732489
82.95 0.160635346169
83.02 0.14280604457
83.09 0.20992364736
83.16 0.269283354058
83.23 0.209991079109
83.3 0.222133726338
83.37 0.197269599226
83.44 0.183930910635
83.51 0.199312930141
83.58 0.207428004875
83.65 0.179620112462
83.72 0.192697802527
83.79 0.232323760124
83.86 0.25723812479
83.93 0.229883188955
84.0 0.190739562341
84.07 0.200651861551
84.14 0.189756868621
84.21 0.217975601461
84.28 0.184737536254
84.35 0.191090773714
84.42 0.201662877743
84.49 0.169624413771
84.56 0.305239547632
84.63 0.245571178244
84.7 0.209553026001
84.77 0.17566799542
84.84 0.18174831025
84.91 0.167962607688
84.98 0.169045262408
85.05 0.161338931827
85.12 0.194178977081
85.19 0.264952370942
85.26 0.32694623171
85.33 0.306077028327
85.4 0.276778667561
85.47 0.246578363282
85.54 0.216806774677
85.61 0.220500193405
85.68 0.181708305552
85.75 0.182069057346
85.82 0.163959551172
85.89 0.157546606878
85.96 0.172820033665
86.03 0.174294172894
86.1 0.142427576884
86.17 0.159991292815
86.24 0.198417625464
86.31 0.17225201722
86.38 0.241509208822
86.45 0.256021089381
86.52 0.228530297874
86.59 0.252146040311
86.66 0.265279844139
86.73 0.274041631935
86.8 0.198983727754
86.87 0.34377570705
86.94 0.328883253044
87.01 0.240540021371
87.08 0.291990293137
87.15 0.311044688947
87.22 0.182170858514
87.29 0.261582935731
87.36 0.346517076558
87.43 0.254321625289
87.5 0.253999035179
87.57 0.289284934972
87.64 0.262763888658
87.71 0.262494722249
87.78 0.281179882518
87.85 0.248027128101
87.92 0.219314759572
87.99 0.246579566031
88.06 0.311690993188
88.13 0.253259175433
88.2 0.266534664663
88.27 0.274689299229
88.34 0.229911004908
88.41 0.241400123811
88.48 0.317858811835
88.55 0.301919315117
88.62 0.268818444921
88.69 0.305112755265
88.76 0.343328852434
88.83 0.304105817797
88.9 0.31829539755
88.97 0.296899499943
89.04 0.333542447322
89.11 0.289429871022
89.18 0.32587028507
89.25 0.293623092848
89.32 0.323169784381
89.39 0.304077967698
89.46 0.268217766429
89.53 0.23784858873
89.6 0.212446178125
89.67 0.0927956014231
89.74 0.0610049654904
89.81 0.0525018817006
89.88 0.0498340696168
89.95 0.0360727398048
90.02 0.025906631058
90.09 0.0257621171082
90.16 0.0210583774683
90.23 0.0184714275194
90.3 0.0161866702645
90.37 0.0124351809349
90.44 0.0618007692106
90.51 0.268368237214
90.58 0.406874383291
90.65 0.402895632178
90.72 0.289863880502
90.79 0.309590620837
90.86 0.305923167459
90.93 1.0
91.0 0.610494938736
91.07 0.186160283554
91.14 0.15198828151
91.21 0.0386081375223
91.28 0.253390830966
91.35 0.352832748966
91.42 0.240258889123
91.49 0.147698080895
91.56 0.15082273383
91.63 0.0859377498663
91.7 0.217046893928
91.77 0.245483028472
91.84 0.128018197516
91.91 0.0304500322459
91.98 0.150158173029
92.05 0.324251084585
92.12 0.269201116539
92.19 0.209335377676
92.26 0.221512056644
92.33 0.0621334679178
92.4 0.454166990222
92.47 0.411476556052
92.54 0.327544555924
92.61 0.320047854706
92.68 0.216281441609
92.75 0.294070595318
92.82 0.259574209473
92.89 0.178276825354
92.96 0.38779671409
93.03 0.31301272566
93.1 0.280783974964
93.17 0.261079328036
93.24 0.222300171494
93.31 0.226340778835
93.38 0.173351924943
93.45 0.181066074344
93.52 0.287621171101
93.59 0.179246084894
93.66 0.276163967743
93.73 0.228886453989
93.8 0.190739282521
93.87 0.513549273134
93.94 0.349678397226
94.01 0.287554225005
94.08 0.233676860833
94.15 0.195396928781
94.22 0.276212921921
94.29 0.210554397433
94.36 0.302703757218
94.43 0.393617686547
94.5 0.266386335683
94.57 0.310585679732
94.64 0.285984476682
94.71 0.203077395506
94.78 0.246914108701
94.85 0.196101479104
94.92 0.266562597285
94.99 0.247114501176
95.06 0.208214289042
95.13 0.296650434058
95.2 0.187074402534
95.27 0.296487273698
95.34 0.44742235457
95.41 0.309914350145
95.48 0.253356536482
95.55 0.296673130737
95.62 0.206226998852
95.69 0.283077295643
95.76 0.207880801149
95.83 0.335814472317
95.9 0.27770975688
95.97 0.290008363149
96.04 0.266138300861
96.11 0.199632728696
96.18 0.206643158695
96.25 0.222671157093
96.32 0.0973533208309
96.39 0.243573056669
96.46 0.252016630921
96.53 0.216011490757
96.6 0.270912654604
96.67 0.147937901356
96.74 0.36764814069
96.81 0.35444316976
96.88 0.267937218483
96.95 0.237097613037
97.02 0.180171218326
97.09 0.222483084263
97.16 0.311414043055
97.23 0.121455251964
97.3 0.413281828896
97.37 0.323068402468
97.44 0.23099868784
97.51 0.216712540017
97.58 0.174062050788
97.65 0.212011315907
97.72 0.21626686918
97.79 0.237383137976
97.86 0.337503651383
97.93 0.200704321535
98.0 0.15987635436
98.07 0.242254440153
98.14 0.104047125142
98.21 0.451160023664
98.28 0.409461786642
98.35 0.310416856584
98.42 0.329474766737
98.49 0.209015996478
98.56 0.297517043486
98.63 0.298192438518
98.7 0.187492001313
98.77 0.366879988824
98.84 0.318427765438
98.91 0.281870559487
98.98 0.288441573324
99.05 0.223573748459
99.12 0.223508502148
99.19 0.149000250667
99.26 0.163875058972
99.33 0.284737778512
99.4 0.228479552851
99.47 0.259727571409
99.54 0.233621489777
99.61 0.141565274778
99.68 0.5201300503
99.75 0.363306919975
99.82 0.287254667357
99.89 0.23374033527
99.96 0.187713054898
100.03 0.263675339393
100.1 0.245340385044
100.17 0.236261136846
100.24 0.425706808277
100.31 0.239662380416
100.38 0.318959262123
100.45 0.298475608231
100.52 0.214797323734
100.59 0.251063272715
100.66 0.205239309169
100.73 0.259970577068
100.8 0.274897316073
100.87 0.268036393142
100.94 0.308178871865
101.01 0.257362642556
101.08 0.287083414997
101.15 0.462216322557
101.22 0.335496597402
101.29 0.254136632371
101.36 0.297082256203
101.43 0.182111659149
101.5 0.280849869129
101.57 0.246944463896
101.64 0.310898279813
101.71 0.345226727499
101.78 0.265051254399
101.85 0.273852202692
101.92 0.188017491839
101.99 0.214585704333
102.06 0.253411616336
102.13 0.0787955135162
102.2 0.221160695401
102.27 0.254673139247
102.34 0.198225731913
102.41 0.290397187002
102.48 0.186758865771
102.55 0.335235673811
102.62 0.360275544623
102.69 0.235330962868
102.76 0.244073152868
102.83 0.179405478599
102.9 0.190675916217
102.97 0.306388779465
103.04 0.205507989924
103.11 0.379341730792
103.18 0.352316914582
103.25 0.243421123235
103.32 0.228943857768
103.39 0.177887579401
103.46 0.191877215339
103.53 0.219469606923
103.6 0.22173045811
103.67 0.323103511749
103.74 0.229155536926
103.81 0.243097374009
103.88 0.21673024927
103.95 0.254582683573
104.02 0.387689946363
104.09 0.31990722503
104.16 0.264477698477
104.23 0.345970144272
104.3 0.22225469182
104.37 0.291923204759
104.44 0.290933924374
104.51 0.167035767831
104.58 0.349628023082
104.65 0.336814291937
104.72 0.268754308402
104.79 0.181970938413
104.86 0.182778870173
104.93 0.211439732949
105.0 0.226168705039
105.07 0.180214016477
105.14 0.284561660139
105.21 0.209262899691
105.28 0.168236839304
105.35 0.184442310591
105.42 0.0673965970269
105.49 0.433436033781
105.56 0.306823340046
105.63 0.269943074457
105.7 0.264958503257
105.77 0.22050952325
105.84 0.256503619556
105.91 0.226414362818
105.98 0.139726822934
106.05 0.452902027903
106.12 0.328326607703
106.19 0.280623726623
106.26 0.263682687736
106.33 0.222647957688
106.4 0.222561797005
106.47 0.215617871083
106.54 0.233429144721
106.61 0.251404866836
106.68 0.148134506308
106.75 0.190563452505
106.82 0.186728954493
106.89 0.0856437117756
106.96 0.490400207914
107.03 0.353714167009
107.1 0.321952963342
107.17 0.317628730989
107.24 0.178426288788
107.31 0.276391113804
107.38 0.230101983117
107.45 0.287489484266
107.52 0.325997720547
107.59 0.308069767883
107.66 0.269317423738
107.73 0.13626849145
107.8 0.137774299602
107.87 0.252080490466
107.94 0.137828831199
108.01 0.228468236762
108.08 0.261035411556
108.15 0.157726585811
108.22 0.222108105309
108.29 0.16623187306
108.36 0.296831443106
108.43 0.43947424005
108.5 0.318684757329
108.57 0.294575893312
108.64 0.220264532295
108.71 0.164184864653
108.78 0.308520908954
108.85 0.188625533851
108.92 0.355620497364
108.99 0.387732293957
109.06 0.219266174376
109.13 0.279663589198
109.2 0.227264767379
109.27 0.18414149992
109.34 0.269438938425
109.41 0.237968390352
109.48 0.298855021613
109.55 0.270263196465
109.62 0.169117135224
109.69 0.247425907993
109.76 0.154819612502
109.83 0.338879711516
109.9 0.388696404819
109.97 0.273944628485
110.04 0.273222219989
110.11 0.258379891609
110.18 0.233068945925
110.25 0.278740971295
110.32 0.193734287983
110.39 0.360002144878
110.46 0.322571720068
110.53 0.27035616008
110.6 0.208364136635
110.67 0.213923926549
110.74 0.17717333025
110.81 0.215295916495
110.88 0.239760351377
110.95 0.304952040243
111.02 0.231432419397
111.09 0.145410614609
111.16 0.213201218314
111.23 0.102843125525
111.3 0.452526083334
111.37 0.354997509199
111.44 0.294025582325
111.51 0.22448305075
111.58 0.209750236122
111.65 0.24933297157
111.72 0.312556471956
111.79 0.159574770629
111.86 0.463552205357
111.93 0.262566057243
112.0 0.268155176031
112.07 0.280479922182
112.14 0.191799093538
112.21 0.203023036543
112.28 0.27666602742
112.35 0.297171395303
112.42 0.305502593108
112.49 0.225454312659
112.56 0.208534123642
112.63 0.223643792489
112.7 0.146991072903
112.77 0.454446882727
112.84 0.342346554256
112.91 0.262252322707
112.98 0.333249692607
113.05 0.22164900788
113.12 0.275958668468
113.19 0.258995738213
113.26 0.207515029677
113.33 0.381715242039
113.4 0.269801817796
113.47 0.257880109378
113.54 0.178752177923
113.61 0.154525668317
113.68 0.206812609776
113.75 0.147581878036
113.82 0.19158596406
113.89 0.247006005208
113.96 0.158624578652
114.03 0.209112840573
114.1 0.183975323201
114.17 0.156705410748
114.24 0.477815590104
114.31 0.305445213043
114.38 0.277341081926
114.45 0.2539358472
114.52 0.176526305118
114.59 0.313857767173
114.66 0.229326038991
114.73 0.283809136427
114.8 0.413877093118
114.87 0.276478895542
114.94 0.297399033657
115.01 0.240773420212
115.08 0.171255716686
115.15 0.233833795921
115.22 0.280633138991
115.29 0.289394159418
115.36 0.257328825188
115.43 0.212225848276
115.5 0.225409714178
115.57 0.221925051207
115.64 0.285329890733
115.71 0.435684926717
115.78 0.30815859017
115.85 0.273749807738
115.92 0.276430610085
115.99 0.213502103919
116.06 0.267511737331
116.13 0.171493004543
116.2 0.331252065222
116.27 0.372101529172
116.34 0.275111863618
116.41 0.227812969761
116.48 0.193262691635
116.55 0.168324015873
116.62 0.236041061206
116.69 0.11976424506
116.76 0.287909592883
116.83 0.198614306299
116.9 0.106313314715
116.97 0.206624886009
117.04 0.068794853958
117.11 0.42188565054
117.18 0.38690890478
117.25 0.28665889282
117.32 0.265819750585
117.39 0.195685103942
117.46 0.195667198342
117.53 0.277719910058
117.6 0.13642646519
117.67 0.417859232417
117.74 0.294530595757
117.81 0.279082591975
117.88 0.297481200035
117.95 0.192911137838
118.02 0.21090030931
118.09 0.224061209148
118.16 0.222165749068
118.23 0.283467413305
118.3 0.190769898565
118.37 0.192599464481
118.44 0.220694819701
118.51 0.0865406251777
118.58 0.417303849584
118.65 0.360668885426
118.72 0.274767435258
118.79 0.341692407481
118.86 0.16269429196
118.93 0.300528379022
119.0 0.267469663866
119.07 0.136576890445
119.14 0.392625340478
119.21 0.313562321448
119.28 0.247961863767
119.35 0.212844065282
119.42 0.197287302787
119.49 0.215259079922
119.56 0.180563846775
119.63 0.127537358588
119.7 0.243588434409
119.77 0.140244083923
119.84 0.210222192915
119.91 0.229435356394
119.98 0.10580439045
120.05 0.480457097261
120.12 0.35517151612
120.19 0.312936362453
120.26 0.232350750846
120.33 0.173009252332
120.4 0.263156759933
120.47 0.236639430949
120.54 0.257846940811
120.61 0.448650234644
120.68 0.256438662549
120.75 0.295153788808
120.82 0.248946781815
120.89 0.177081632936
120.96 0.240837605106
121.03 0.208657558174
121.1 0.284670232938
121.17 0.252990158894
121.24 0.171902649809
121.31 0.217782743244
121.38 0.183630781016
121.45 0.242540334074
121.52 0.428879555064
121.59 0.302285874825
121.66 0.278047443962
121.73 0.2822602541
121.8 0.174699909224
121.87 0.292206197095
121.94 0.239084241146
122.01 0.302977563887
122.08 0.383015497656
122.15 0.281699223655
122.22 0.194580312183
122.29 0.173175109393
122.36 0.17689838059
122.43 0.22271907926
122.5 0.112851841987
122.57 0.250255352338
122.64 0.263252996013
122.71 0.141703150841
122.78 0.226663555808
122.85 0.136158114527
122.92 0.365598219315
122.99 0.388929313264
123.06 0.290027837636
123.13 0.23489532095
123.2 0.175471841973
123.27 0.175857464501
123.34 0.253473807398
123.41 0.125140207813
123.48 0.436390268123
123.55 0.333415220524
123.62 0.256339068635
123.69 0.262058225696
123.76 0.192806680756
123.83 0.17614754528
123.9 0.206947523547
123.97 0.241955342547
124.04 0.285117527677
124.11 0.235763909983
124.18 0.210904239114
124.25 0.237890507583
124.32 0.177155813551
124.39 0.358163394244
124.46 0.325751842707
124.53 0.270842857194
124.6 0.304629301212
124.67 0.206021089665
124.74 0.282748928921
124.81 0.214474781999
124.88 0.143021406912
124.95 0.384140486689
125.02 0.272746127558
125.09 0.25791504887
125.16 0.149131946988
125.23 0.124560590716
125.3 0.214970267341
125.37 0.216375385066
125.44 0.142716766035
125.51 0.264596011839
125.58 0.230072059508
125.65 0.150178874927
125.72 0.17736257927
125.79 0.0290477316864
125.86 0.455872515487
125.93 0.320794737447
126.0 0.264827186352
126.07 0.257841698228
126.14 0.223899642336
126.21 0.265767597927
126.28 0.271829708368
126.35 0.126964218126
126.42 0.467094144053
126.49 0.283272927393
126.56 0.275091927193
126.63 0.260694277477
126.7 0.193569183114
126.77 0.241893107852
126.84 0.268889266754
126.91 0.29716279868
126.98 0.26906799551
127.05 0.222827204348
127.12 0.23453129764
127.19 0.215962361098
127.26 0.144029431408
127.33 0.459541163078
127.4 0.298762938243
127.47 0.26300737997
127.54 0.312755029953
127.61 0.199913346835
127.68 0.270583080389
127.75 0.230540962001
127.82 0.249489050126
127.89 0.348375867957
127.96 0.300429114252
128.03 0.232704545095
128.1 0.209630786408
128.17 0.178593838994
128.24 0.263271293361
128.31 0.145180016808
128.38 0.206009838077
128.45 0.251971977425
128.52 0.146401979886
128.59 0.218885339132
128.66 0.161110300351
128.73 0.278217776237
128.8 0.421080964685
128.87 0.286642308537
128.94 0.262562535311
129.01 0.232133509445
129.08 0.153548929535
129.15 0.286927879006
129.22 0.114167343496
129.29 0.362145082987
129.36 0.35905511818
129.43 0.265161304076
129.5 0.328294400008
129.57 0.201861798083
129.64 0.174271370927
129.71 0.235931256252
129.78 0.193909303203
129.85 0.274635032275
129.92 0.214848123772
129.99 0.127197288772
130.06 0.237150012315
130.13 0.107125790933
130.2 0.336213735807
130.27 0.385857844999
130.34 0.272510897085
130.41 0.333324435707
130.48 0.237923727371
130.55 0.218212691073
130.62 0.254844128861
130.69 0.177467079036
130.76 0.369691883272
130.83 0.318264674321
130.9 0.300746040626
130.97 0.170496636662
131.04 0.143420824066
131.11 0.181240452145
131.18 0.211802549716
131.25 0.0713669649382
131.32 0.276107853031
131.39 0.176276710895
131.46 0.139778811494
131.53 0.232658021077
131.6 0.101079171109
131.67 0.43607566093
131.74 0.38935236046
131.81 0.274004411203
131.88 0.221479153669
131.95 0.231588804332
132.02 0.281909801559
132.09 0.317805725813
132.16 0.132486757904
132.23 0.458896090042
132.3 0.290839219238
132.37 0.249962175522
132.44 0.290593864043
132.51 0.199152201839
132.58 0.227771035731
132.65 0.258765987459
132.72 0.296168837247
132.79 0.269670866079
132.86 0.198659980424
132.93 0.202566577005
133.0 0.234600088647
133.07 0.11998059673
133.14 0.502147075643
133.21 0.384122049906
133.28 0.304862190686
133.35 0.284666768867
133.42 0.198306779013
133.49 0.312696662457
133.56 0.254300982201
133.63 0.212097626459
133.7 0.337206964019
133.77 0.304298828729
133.84 0.302863493347
133.91 0.151917913079
133.98 0.179967404466
134.05 0.265945433159
134.12 0.141547117815
134.19 0.228075696527
134.26 0.280845509636
134.33 0.131233212219
134.4 0.209165371699
134.47 0.15909068959
134.54 0.256146766263
134.61 0.525771408063
134.68 0.352676631519
134.75 0.252245075534
134.82 0.186553731542
134.89 0.157515916847
134.96 0.295878322984
135.03 0.195329562481
135.1 0.320517870786
135.17 0.407698468697
135.24 0.257731372526
135.31 0.278691079958
135.38 0.292537137208
135.45 0.178349208485
135.52 0.286875488265
135.59 0.179016389155
135.66 0.287659256902
135.73 0.243694870146
135.8 0.203118537504
135.87 0.232287447145
135.94 0.211578624899
136.01 0.340151486254
136.08 0.465342403046
136.15 0.298908580956
136.22 0.276158543988
136.29 0.256650110264
136.36 0.16439106599
136.43 0.299029535055
136.5 0.179362954577
136.57 0.358664779509
136.64 0.246903031644
136.71 0.279838853885
136.78 0.226318638949
136.85 0.15045627277
136.92 0.184165201104
136.99 0.247350676395
137.06 0.0766822021234
137.13 0.262635446779
137.2 0.246487172488
137.27 0.120563072728
137.34 0.259482762573
137.41 0.152879845143
137.48 0.404308193101
137.55 0.4470111518
137.62 0.294386893758
137.69 0.263638491437
137.76 0.198383854574
137.83 0.194475404545
137.9 0.291300343698
137.97 0.160469010095
138.04 0.454485990106
138.11 0.315451327658
138.18 0.259271025554
138.25 0.219848189383
138.32 0.216750882873
138.39 0.243783314915
138.46 0.243847461868
138.53 0.227346376015
138.6 0.279827665849
138.67 0.230611375961
138.74 0.23383655902
138.81 0.226902466618
138.88 0.18783000995
138.95 0.415121202721
139.02 0.397962373228
139.09 0.329395379583
139.16 0.33625522592
139.23 0.218067472358
139.3 0.291595797011
139.37 0.275009364324
139.44 0.190094923737
139.51 0.350301618732
139.58 0.316576612636
139.65 0.263290072567
139.72 0.235708546515
139.79 0.219045583678
139.86 0.230532626226
139.93 0.19707320485
140.0 0.157582771884
140.07 0.283291385044
140.14 0.190908782927
140.21 0.248910277231
140.28 0.253548619741
140.35 0.15672989922
140.42 0.509665617956
140.49 0.361261945239
140.56 0.313030255638
140.63 0.247233996419
140.7 0.203774942754
140.77 0.281842880124
140.84 0.234164487516
140.91 0.285386002599
140.98 0.390723966247
141.05 0.243158717076
141.12 0.283577311215
141.19 0.308362819492
141.26 0.206972085056
141.33 0.226387753409
141.4 0.205270649897
141.47 0.257033486648
141.54 0.254769498638
141.61 0.20688875387
141.68 0.293865349161
141.75 0.22041400142
141.82 0.289662950204
141.89 0.4501742709
141.96 0.306458828237
142.03 0.300572008094
142.1 0.288384857238
142.17 0.186386335
142.24 0.288809825229
142.31 0.213391669135
142.38 0.322076737452
142.45 0.310806598624
142.52 0.278691361675
142.59 0.250618115987
142.66 0.211887823513
142.73 0.211999367141
142.8 0.247580014533
142.87 0.0869978425995
142.94 0.243679329258
143.01 0.245649614012
143.08 0.208748696798
143.15 0.268435565572
143.22 0.195204929942
143.29 0.354979509693
143.36 0.379984682891
143.43 0.267647878513
143.5 0.240533097025
143.57 0.187745242674
143.64 0.192748816936
143.71 0.332902067665
143.78 0.157552671846
143.85 0.402138691113
143.92 0.311002230374
143.99 0.235216953035
144.06 0.229477525662
144.13 0.182690007098
144.2 0.217573787345
144.27 0.210091769536
144.34 0.224080892314
144.41 0.325580626391
144.48 0.253996105137
144.55 0.120091977209
144.62 0.258617635714
144.69 0.101651787028
144.76 0.398422824225
144.83 0.409312441775
144.9 0.319411793755
144.97 0.318698290157
145.04 0.214506007954
145.11 0.306389922456
145.18 0.296518699795
145.25 0.216011316226
145.32 0.360831392241
145.39 0.321180364718
145.46 0.255874895565
145.53 0.263752004235
145.6 0.242952854368
145.67 0.222833362273
145.74 0.164962994217
145.81 0.119855525016
145.88 0.292590776229
145.95 0.235542526305
146.02 0.255451832244
146.09 0.263415352011
146.16 0.124058755843
146.23 0.498377179884
146.3 0.394411869211
146.37 0.310458917719
146.44 0.234161070873
146.51 0.195463348437
146.58 0.252404860039
146.65 0.256373013108
146.72 0.153900431162
146.79 0.452319362196
146.86 0.234236716035
146.93 0.286364213516
147.0 0.313781276861
147.07 0.226921814948
147.14 0.247801425718
147.21 0.211390368052
147.28 0.232912712757
147.35 0.273537181936
147.42 0.265841165785
147.49 0.284649459899
147.56 0.280322841967
147.63 0.200681409538
147.7 0.481107267753
147.77 0.365650244868
147.84 0.301776060829
147.91 0.293461081171
147.98 0.176472829246
148.05 0.269582379575
148.12 0.250790717171
148.19 0.280539454485
148.26 0.345577609729
148.33 0.262661683411
148.4 0.264251107312
148.47 0.208231586627
148.54 0.21911252598
148.61 0.260267032989
148.68 0.101461777278
148.75 0.210593156698
148.82 0.250173455345
148.89 0.201463630157
148.96 0.277371699867
149.03 0.210022042319
149.1 0.304791742578
149.17 0.408184969463
149.24 0.250633385593
149.31 0.245853226782
149.38 0.186702793744
149.45 0.168925307122
149.52 0.309175027272
149.59 0.227051780183
149.66 0.359928426202
149.73 0.353496463669
149.8 0.251579735033
149.87 0.232893080813
149.94 0.180959788476
150.01 0.175971078793
150.08 0.22337168845
150.15 0.216569378686
150.22 0.305694649808
150.29 0.249391235674
150.36 0.213826839628
150.43 0.204448564964
150.5 0.194697474017
150.57 0.619590025666
150.64 0.787970799361
150.71 0.666606954457
150.78 0.522415179382
150.85 0.290034206137
150.92 0.180971561762
150.99 0.162071713564
151.06 0.133657877311
151.13 0.0831185829582
151.2 0.415523109794
151.27 0.290444159679
151.34 0.0642955105823
151.41 0.0386184917912
151.48 0.0543933617049
151.55 0.230828504486
151.62 0.39861087429
151.69 0.397047756265
151.76 0.332132270082
151.83 0.236282169784
151.9 0.163048760621
151.97 0.707384685027
152.04 0.724114589217
152.11 0.713269827202
152.18 0.753563249083
152.25 0.670654005234
152.32 0.551420718087
152.39 0.465090211719
152.46 0.467668869526
152.53 0.342528022397
152.6 0.203799781237
152.67 0.179349718642
152.74 0.72937408921
152.81 0.723725601267
152.88 0.562126172692
152.95 0.460437359383
153.02 0.551797714587
153.09 0.762774355803
153.16 0.645354189724
153.23 0.498124659413
153.3 0.222732483086
153.37 0.155115903377
153.44 0.217634662782
153.51 0.1660264666
153.58 0.121136896139
153.65 0.418472666882
153.72 0.29183545622
153.79 0.0580332381629
153.86 0.0418961130179
153.93 0.386588861501
154.0 0.363860062356
154.07 0.373978666294
154.14 0.374768559658
154.21 0.206906410004
154.28 0.144109230229
154.35 0.291866821611
154.42 0.377737900458
154.49 0.385345755453
154.56 0.605250714041
154.63 0.720950094733
154.7 0.621416800027
154.77 0.537106990499
154.84 0.501518363035
154.91 0.448910800636
154.98 0.290290029425
155.05 0.783975613834
155.12 0.62371596751
155.19 0.647808704439
155.26 0.552721373039
155.33 0.594639562391
155.4 0.703114915976
155.47 0.640484153849
155.54 0.71500215443
155.61 0.616806582692
155.68 0.573289529565
155.75 0.390628199694
155.82 0.279816424694
155.89 0.16592408208
155.96 0.41406999971
156.03 0.38400310861
156.1 0.406716378249
156.17 0.300157450336
156.24 0.147211350582
156.31 0.0751930531894
156.38 0.0713914809177
156.45 0.153883133576
156.52 0.254600940133
156.59 0.223909217853
156.66 0.151215010371
156.73 0.152558422686
156.8 0.181058009852
156.87 0.715277120215
156.94 0.726807955933
157.01 0.687049292768
157.08 0.788612701425
157.15 0.672855944463
157.22 0.535523313806
157.29 0.413254251976
157.36 0.416500501172
157.43 0.454595397621
157.5 0.494491536564
157.57 0.322429032059
157.64 0.720659965578
157.71 0.68537585663
157.78 0.551298928324
157.85 0.493703048937
157.92 0.599591659356
157.99 0.781865830063
158.06 0.621024024554
158.13 0.476784859444
158.2 0.239237419065
158.27 0.272374019836
158.34 0.293211865416
158.41 0.266449260915
158.48 0.0839901883495
158.55 0.423266033172
158.62 0.291136114333
158.69 0.115823482997
158.76 0.257257398186
158.83 0.282581070439
158.9 0.271252324135
158.97 0.282140521721
159.04 0.228327131867
159.11 0.291687518987
159.18 0.452093883669
159.25 0.321154816726
159.32 0.296436236524
159.39 0.162127069443
159.46 0.606612348769
159.53 0.748172160902
159.6 0.643463940926
159.67 0.547380744372
159.74 0.492791847669
159.81 0.441587050614
159.88 0.377748073555
159.95 0.781091496559
160.02 0.595492012005
160.09 0.641786033367
160.16 0.513455077364
160.23 0.630190588758
160.3 0.705078492652
160.37 0.683307847534
160.44 0.830790979652
160.51 0.617482833308
160.58 0.556878358719
160.65 0.335325993844
160.72 0.309795210604
160.79 0.360135034463
160.86 0.292062350918
160.93 0.205180806032
161.0 0.444933509327
161.07 0.3519477056
161.14 0.297395056426
161.21 0.288852254397
161.28 0.263357645649
161.35 0.388389661975
161.42 0.405811537893
161.49 0.268794172716
161.56 0.154580092729
161.63 0.258603347848
161.7 0.411545099491
161.77 0.771306062753
161.84 0.721740250843
161.91 0.673747860005
161.98 0.691954530881
162.05 0.614263461009
162.12 0.474994691161
162.19 0.377874422005
162.26 0.408623979649
162.33 0.32730800034
162.4 0.312467566197
162.47 0.290299447485
162.54 0.762423576964
162.61 0.67048807798
162.68 0.569075056636
162.75 0.423091410648
162.82 0.571772585547
162.89 0.797839422072
162.96 0.650425295332
163.03 0.593765132246
163.1 0.325643194973
163.17 0.293500785182
163.24 0.38062697196
163.31 0.219632839372
163.38 0.256576126945
163.45 0.451846583967
163.52 0.353856269769
163.59 0.272835619515
163.66 0.258116778787
163.73 0.164904014913
163.8 0.372324548133
163.87 0.393890025823
163.94 0.29712230738
164.01 0.385159310319
164.08 0.332989997376
164.15 0.359941075939
164.22 0.406392747589
164.29 0.27676152269
164.36 0.63774608052
164.43 0.7757326967
164.5 0.645068138345
164.57 0.540907662605
164.64 0.386557272254
164.71 0.438696580963
164.78 0.391629309329
164.85 0.7685671272
164.92 0.653766900363
164.99 0.629690982006
165.06 0.494581798736
165.13 0.660194147701
165.2 0.677352424195
165.27 0.657125309739
165.34 0.734308468386
165.41 0.611559345432
165.48 0.537876355548
165.55 0.263145330019
165.62 0.316333469438
165.69 0.418150600367
165.76 0.398983715234
165.83 0.375774236516
165.9 0.418145427975
165.97 0.337082838948
166.04 0.282056507586
166.11 0.289839998147
166.18 0.254675567511
166.25 0.420785158515
166.32 0.454085621566
166.39 0.301629637467
166.46 0.220881769459
166.53 0.243100024231
166.6 0.3408498151
166.67 0.712287281454
166.74 0.685013422124
166.81 0.6552212758
166.88 0.746487170591
166.95 0.628528440252
167.02 0.532277731434
167.09 0.424042228662
167.16 0.394081064739
167.23 0.337370523714
167.3 0.303629157191
167.37 0.282466924016
167.44 0.761653821116
167.51 0.680445689922
167.58 0.593691411673
167.65 0.40746976608
167.72 0.603431598197
167.79 0.748617459912
167.86 0.611020855157
167.93 0.534792555307
168.0 0.291704670498
168.07 0.296927503706
168.14 0.367686233131
168.21 0.20000254759
168.28 0.254643583671
168.35 0.484797746954
168.42 0.349720768533
168.49 0.281878007427
168.56 0.267329539762
168.63 0.225106201116
168.7 0.434798244273
168.77 0.376128755451
168.84 0.332062053418
168.91 0.260570759473
168.98 0.356827425126
169.05 0.35743733102
169.12 0.375108128645
169.19 0.315875829916
169.26 0.651978247848
169.33 0.764306657641
169.4 0.621823895616
169.47 0.566420931044
169.54 0.407106731149
169.61 0.446398658287
169.68 0.41820169635
169.75 0.79747529537
169.82 0.62808296102
169.89 0.579990819759
169.96 0.493733467685
170.03 0.656423798539
170.1 0.71243556775
170.17 0.669934062942
170.24 0.776190658726
170.31 0.5896958012
170.38 0.570775818331
170.45 0.370699195414
170.52 0.337165181755
170.59 0.325579226345
170.66 0.269308093893
170.73 0.277935716317
170.8 0.444771590606
170.87 0.408189383022
170.94 0.392073118181
171.01 0.194096031002
171.08 0.190790278908
171.15 0.371609957508
171.22 0.440826901585
171.29 0.33555312378
171.36 0.180018601943
171.43 0.327228061135
171.5 0.198959723987
171.57 0.77064666296
171.64 0.686083152978
171.71 0.708090959797
171.78 0.718304888268
171.85 0.593431675654
171.92 0.566327164963
171.99 0.362702892187
172.06 0.393784789041
172.13 0.32308803631
172.2 0.279846988569
172.27 0.128225772339
172.34 0.806179790367
172.41 0.691878125938
172.48 0.549577128948
172.55 0.392001261491
172.62 0.612456096634
172.69 0.740992173586
172.76 0.605347148366
172.83 0.567054469826
172.9 0.148459835803
172.97 0.361183740915
173.04 0.297098764603
173.11 0.211044194377
173.18 0.362767050523
173.25 0.441519717513
173.32 0.359857154761
173.39 0.367793105196
173.46 0.208544890526
173.53 0.292033428968
173.6 0.461264717254
173.67 0.453024988165
173.74 0.219908513717
173.81 0.147118624102
173.88 0.421851986835
173.95 0.373025815558
174.02 0.382738579774
174.09 0.311521414054
174.16 0.699309592227
174.23 0.719659943919
174.3 0.591707443272
174.37 0.505956229599
174.44 0.401979912062
174.51 0.546014087121
174.58 0.430181943
174.65 0.780134805182
174.72 0.634327992766
174.79 0.587649541191
174.86 0.450462869111
174.93 0.664964861893
175.0 0.701811214312
175.07 0.698624891063
175.14 0.748683643381
175.21 0.58694069967
175.28 0.514637145775
175.35 0.380236062267
175.42 0.259613347205
175.49 0.0868451038545
175.56 0.381653864825
175.63 0.26863210792
175.7 0.482696242994
175.77 0.390838610654
175.84 0.364159704425
175.91 0.303861874031
175.98 0.224066493468
176.05 0.328907275783
176.12 0.269896820773
176.19 0.362825874266
176.26 0.150812137684
176.33 0.198933281521
176.4 0.242749997585
176.47 0.788802744374
176.54 0.681210367284
176.61 0.723363917057
176.68 0.746044748505
176.75 0.553689672656
176.82 0.572417508713
176.89 0.379946345727
176.96 0.391316871448
177.03 0.344718049854
177.1 0.330077182955
177.17 0.212164069828
177.24 0.804201065498
177.31 0.676884511978
177.38 0.549468361698
177.45 0.457723475736
177.52 0.60834504498
177.59 0.756667782523
177.66 0.611209537899
177.73 0.488238792235
177.8 0.268030779679
177.87 0.346933248732
177.94 0.332314466703
178.01 0.203087452881
178.08 0.273906563552
178.15 0.474014620156
178.22 0.442933713578
178.29 0.417674604687
178.36 0.298025751484
178.43 0.322538418705
178.5 0.403257355278
178.57 0.36187609775
178.64 0.145949336327
178.71 0.173184744668
178.78 0.379710583123
178.85 0.355379719827
178.92 0.28100999985
178.99 0.115506234119
179.06 0.718776006552
179.13 0.717579563009
179.2 0.568407414975
179.27 0.540248462006
179.34 0.420591275874
179.41 0.402486264834
179.48 0.341949080661
179.55 0.823377043341
179.62 0.618089639372
179.69 0.553173906568
179.76 0.389747459857
179.83 0.721892615863
179.9 0.699437446958
179.97 0.694660792056
180.04 0.807104278792
180.11 0.61991933998
180.18 0.529742874384
180.25 0.371654742851
180.32 0.281098074688
180.39 0.124869961965
180.46 0.280382323049
180.53 0.382616091885
180.6 0.50231879753
180.67 0.446595522191
180.74 0.270953767197
180.81 0.369716424862
180.88 0.375673566009
180.95 0.334137670757
181.02 0.350404971712
181.09 0.313879643364
181.16 0.249553349794
181.23 0.21803970573
181.3 0.257568330733
181.37 0.776331287453
181.44 0.675757224631
181.51 0.737044866593
181.58 0.714212575033
181.65 0.556133268721
181.72 0.561187321466
181.79 0.474608690165
181.86 0.487066672118
181.93 0.196492585146
182.0 0.154225971233
182.07 0.135202174393
182.14 0.823328479961
182.21 0.630635258885
182.28 0.586509694218
182.35 0.417118877533
182.42 0.620244384913
182.49 0.743831013226
182.56 0.656633215429
182.63 0.506586757714
182.7 0.220320121515
182.77 0.38704753019
182.84 0.345822908011
182.91 0.29217351513
182.98 0.387214630788
183.05 0.5415192256
183.12 0.397816807347
183.19 0.297026126315
183.26 0.203471289308
183.33 0.158699731521
183.4 0.196461463529
183.47 0.257602939184
183.54 0.294541782845
183.61 0.187324259502
183.68 0.155121271168
183.75 0.311885351996
183.82 0.431895239659
183.89 0.272953587608
183.96 0.690765194752
184.03 0.70788826806
184.1 0.568278272125
184.17 0.528406339937
184.24 0.460970816702
184.31 0.396010592603
184.38 0.390096763716
184.45 0.797502725266
184.52 0.607303541744
184.59 0.605208472684
184.66 0.364218595514
184.73 0.724419436876
184.8 0.692165254859
184.87 0.669637164053
184.94 0.755420990447
185.01 0.595609164354
185.08 0.521522092393
185.15 0.19799137884
185.22 0.31843540783
185.29 0.228127610152
185.36 0.294879111379
185.43 0.212909823806
185.5 0.492900905172
185.57 0.287844613112
185.64 0.169501987537
185.71 0.358374930173
185.78 0.0922665832745
185.85 0.330332101335
185.92 0.246818909376
185.99 0.236227104159
186.06 0.293028551414
186.13 0.15589222028
186.2 0.190335429043
186.27 0.794576164595
186.34 0.67662664079
186.41 0.735805329904
186.48 0.731378819267
186.55 0.587248789441
186.62 0.529248367936
186.69 0.482596345547
186.76 0.350059216344
186.83 0.227026379215
186.9 0.174928475251
186.97 0.158638965167
187.04 0.837551417041
187.11 0.68402310119
187.18 0.59001716959
187.25 0.489377272361
187.32 0.619150824823
187.39 0.743960498499
187.46 0.545956579952
187.53 0.55017438795
187.6 0.17979276297
187.67 0.428436226173
187.74 0.340861204227
187.81 0.276270080976
187.88 0.280961673606
187.95 0.479675161203
188.02 0.351460210763
188.09 0.294526921111
188.16 0.381651789418
188.23 0.13010085018
188.3 0.397003714578
188.37 0.27564860099
188.44 0.334480044578
188.51 0.256978656261
188.58 0.222444513758
188.65 0.309772928437
188.72 0.425890945612
188.79 0.294070292733
188.86 0.731788548005
188.93 0.730945627429
189.0 0.570661014569
189.07 0.591972611582
189.14 0.543209300088
189.21 0.406498018519
189.28 0.375073642555
189.35 0.803824848698
189.42 0.604943581348
189.49 0.571798862018
189.56 0.420750472284
189.63 0.695491697469
189.7 0.650038599056
189.77 0.732573180763
189.84 0.765874496552
189.91 0.582208305568
189.98 0.509914728423
190.05 0.266657554733
190.12 0.28054886875
190.19 0.29972688311
190.26 0.228781686735
190.33 0.207917334189
190.4 0.478320070457
190.47 0.304326157131
190.54 0.23018267736
190.61 0.227934035787
190.68 0.312004487743
190.75 0.351738503081
190.82 0.348639614405
190.89 0.299035486198
190.96 0.283432992665
191.03 0.304997774126
191.1 0.262270601084
191.17 0.774263331476
191.24 0.620068777804
191.31 0.70602171665
191.38 0.687291663854
191.45 0.568243635217
191.52 0.513869520349
191.59 0.463922469117
191.66 0.31053830013
191.73 0.29298371485
191.8 0.253346735212
191.87 0.201894351047
191.94 0.827826010676
192.01 0.628630642653
192.08 0.559046835334
192.15 0.36834875457
192.22 0.649985053941
192.29 0.759304333556
192.36 0.573752951391
192.43 0.502480159458
192.5 0.217127329219
192.57 0.289462773049
192.64 0.339504928752
192.71 0.214940135053
192.78 0.200312137952
192.85 0.479000415922
192.92 0.290014181497
192.99 0.24046640988
193.06 0.235813303336
193.13 0.290174576862
193.2 0.395279893862
193.27 0.352351195787
193.34 0.346455418575
193.41 0.237175853406
193.48 0.26781544105
193.55 0.292904075384
193.62 0.387468207932
193.69 0.217897532778
193.76 0.692978211039
193.83 0.713895777659
193.9 0.555975065433
193.97 0.536518206706
194.04 0.471470996694
194.11 0.373712138726
194.18 0.411507727941
194.25 0.770970328716
194.32 0.58278748349
194.39 0.549572700212
194.46 0.369682432014
194.53 0.737249728591
194.6 0.642725792347
194.67 0.692912602385
194.74 0.720121356736
194.81 0.552434711749
194.88 0.498941406909
194.95 0.224389186021
195.02 0.2707111438
195.09 0.293007008161
195.16 0.236145615038
195.23 0.150190386415
195.3 0.50584371846
195.37 0.316391256427
195.44 0.257950626729
195.51 0.223045804058
195.58 0.256845707866
195.65 0.360181274867
195.72 0.364651094918
195.79 0.311332222895
195.86 0.29972444536
195.93 0.296809158094
196.0 0.351134979916
196.07 0.760998055183
196.14 0.592272692824
196.21 0.707205891769
196.28 0.68917176896
196.35 0.589090211165
196.42 0.521102558591
196.49 0.474722329119
196.56 0.350954219386
196.63 0.313992152606
196.7 0.245556491042
196.77 0.239566021974
196.84 0.799080023024
196.91 0.631440569827
196.98 0.564338827584
197.05 0.396120357717
197.12 0.696596619178
197.19 0.711096643928
197.26 0.584628208037
197.33 0.517075168215
197.4 0.220587468622
197.47 0.265556810397
197.54 0.249050603374
197.61 0.204927167233
197.68 0.219828237781
197.75 0.492178360085
197.82 0.291362017806
197.89 0.205695390239
197.96 0.218852732101
198.03 0.227392229415
198.1 0.260755366336
198.17 0.271655656865
198.24 0.200938408068
198.31 0.189838698267
198.38 0.211007242083
198.45 0.185545508801
198.52 0.213242552866
198.59 0.143960499068
198.66 0.375493152644
198.73 0.344171384108
198.8 0.268201807234
198.87 0.215112535147
198.94 0.19942498029
199.01 0.146606581984
199.08 0.155335725756
199.15 0.282665164252
199.22 0.209412147807
199.29 0.185191893826
199.36 0.13729237175
199.43 0.203369271872
199.5 0.180259986547
199.57 0.170829855169
199.64 0.151522907588
199.71 0.101830017801
199.78 0.131132720037
199.85 0.268123373363
199.92 0.22139295125
199.99 0.182382092808
200.06 0.372036251559
200.13 0.33406470048
200.2 0.344161258438
200.27 0.362655018396
200.34 0.305254954776
200.41 0.0758416196999
200.48 0.136916654831
200.55 0.130591348096
200.62 0.307280867641
200.69 0.310747758756
200.76 0.312514025714
200.83 0.347264328281
200.9 0.330281590602
200.97 0.191495827096
201.04 0.135549076547
201.11 0.120597518979
201.18 0.173192011438
201.25 0.325594580372
201.32 0.329754068301
201.39 0.329321458868
201.46 0.327975348903
201.53 0.311259107491
201.6 0.338960078513
201.67 0.328699263682
201.74 0.322021533339
201.81 0.324039861674
201.88 0.29478207473
201.95 0.105801613123
202.02 0.0659763472341
202.09 0.181266298927
202.16 0.207789757379
202.23 0.212500270547
202.3 0.247328098284
202.37 0.277899363499
202.44 0.220557595286
202.51 0.193462283541
202.58 0.0818714475105
202.65 0.039071596341
202.72 0.0468582142408
202.79 0.213321380382
202.86 0.190348104391
202.93 0.155752615027
203.0 0.262257329104
203.07 0.25191298579
203.14 0.18600606224
203.21 0.16426712304
203.28 0.365379438433
203.35 0.314618969082
203.42 0.32006301523
203.49 0.307499393366
203.56 0.227076710674
203.63 0.107050963413
203.7 0.133489617596
203.77 0.183757007104
203.84 0.33537556078
203.91 0.302881824842
203.98 0.333010128252
204.05 0.318302325691
204.12 0.299193999658
204.19 0.103670226341
204.26 0.114522882112
204.33 0.174908251418
204.4 0.0984365076813
204.47 0.311197633525
204.54 0.277282485832
204.61 0.305264024721
204.68 0.302559246114
204.75 0.302728081593
204.82 0.299430987777
204.89 0.293256294108
204.96 0.309231243478
205.03 0.2887319491
205.1 0.0820832689504
205.17 0.0894176597003
205.24 0.259269146495
205.31 0.281005531276
205.38 0.23841866256
205.45 0.251637097075
205.52 0.142471260971
205.59 0.126020457254
205.66 0.0855364356315
205.73 0.159097707842
205.8 0.329776759289
205.87 0.251013386121
205.94 0.238008435838
206.01 0.28886266463
206.08 0.145526131673
206.15 0.276602191588
206.22 0.321506791675
206.29 0.285178368966
206.36 0.301648207046
206.43 0.221491215311
206.5 0.247955234417
206.57 0.260351747147
206.64 0.0977865231026
206.71 0.177828221629
206.78 0.263412092826
206.85 0.118138806023
206.92 0.305448217071
206.99 0.270861139365
207.06 0.142720251921
207.13 0.261975201837
207.2 0.22104223217
207.27 0.19142724951
207.34 0.211810179776
207.41 0.161788852126
207.48 0.149387782607
207.55 0.303303272799
207.62 0.264039645369
207.69 0.23839482953
207.76 0.230358878256
207.83 0.233020216551
207.9 0.25182552371
207.97 0.25271707691
208.04 0.271809738743
208.11 0.19408547754
208.18 0.220263693785
208.25 0.0982315005569
208.32 0.0905914350205
208.39 0.325159396599
208.46 0.286821387305
208.53 0.279808459799
208.6 0.196256742864
208.67 0.0934933592476
208.74 0.243799135623
208.81 0.315398949248
208.88 0.272108767106
208.95 0.179544828694
209.02 0.154608725375
209.09 0.17367919705
209.16 0.181830266053
209.23 0.197516277634
209.3 0.240401467102
209.37 0.209958462593
209.44 0.179865659262
209.51 0.283687911046
209.58 0.315098519891
209.65 0.319924902981
209.72 0.306614728468
209.79 0.277835059089
209.86 0.143310567607
209.93 0.107099301989
210.0 0.160206860042
210.07 0.268865612049
210.14 0.292728049968
210.21 0.29292650078
210.28 0.285614353307
210.35 0.279160333411
210.42 0.16091068568
210.49 0.123232659531
210.56 0.119243341676
210.63 0.203913543502
210.7 0.362673584181
210.77 0.296236802075
210.84 0.296890079987
210.91 0.308762605628
210.98 0.335135166452
211.05 0.303581033934
211.12 0.324392465505
211.19 0.347519701012
211.26 0.295799930849
211.33 0.151453633773
211.4 0.25566705515
211.47 0.285937444247
211.54 0.272116529013
211.61 0.250939816366
211.68 0.251820167302
211.75 0.177988440565
211.82 0.134676841325
211.89 0.0823089409796
211.96 0.0349524982171
212.03 0.0440312266157
212.1 0.0769201634442
212.17 0.0250153349131
212.24 0.0284348122789
212.31 0.0212956615312
212.38 0.0136122571763
212.45 0.0167630348156
212.52 0.0172759685617
212.59 0.0814740535938
212.66 0.0309424006841
212.73 0.0212856297661
212.8 0.0286829163441
212.87 0.0160991854194
212.94 0.0168508857974
213.01 0.0170387034696
213.08 0.0126146239425
213.15 0.232825863434
213.22 0.0890149311915
213.29 0.0840636803242
213.36 0.0689615353008
213.43 0.1393049377
213.5 0.103794781101
213.57 0.172326703407
213.64 0.115593089133
213.71 0.10447056124
213.78 0.141495200395
213.85 0.137174146602
213.92 0.175741158251
213.99 0.109286177446
214.06 0.0843158384517
214.13 0.0902749288494
214.2 0.0936022536019
214.27 0.0607259058037
214.34 0.0478372712561
214.41 0.0484821242303
214.48 0.0211946106588
214.55 0.0169560381591
214.62 0.0171408555976
214.69 0.0513587945133
214.76 0.0705066851214
214.83 0.0244725676689
214.9 0.0285795832831
214.97 0.0182407225339
215.04 0.0134728217128
215.11 0.0177042336797
215.18 0.016046755788
215.25 0.222923473627
215.32 0.101159092292
215.39 0.0760610408469
215.46 0.0786058367044
215.53 0.171104706182
215.6 0.0978004495752
215.67 0.182224862723
215.74 0.0979276820643
215.81 0.128189810321
215.88 0.0747236887571
215.95 0.179374657671
216.02 0.109943538825
216.09 0.170424705037
216.16 0.0865050378327
216.23 0.0856795229762
216.3 0.0909467896192
216.37 0.0665936318253
216.44 0.0477408473646
216.51 0.04444002199
216.58 0.236560083634
216.65 0.329724619911
216.72 0.133443647526
216.79 0.0948468991307
216.86 0.103782026076
216.93 0.034851102076
217.0 0.0258370973431
217.07 0.0261680317648
217.14 0.0139770582905
217.21 0.0170813858981
217.28 0.0176151040652
217.35 0.0813624890978
217.42 0.21364111823
217.49 0.0869913830382
217.56 0.0806356319458
217.63 0.154264736189
217.7 0.115858405415
217.77 0.187095312162
217.84 0.104084372433
217.91 0.11592101763
217.98 0.0888580681921
218.05 0.171820427467
218.12 0.110319536512
218.19 0.180371547249
218.26 0.0993049060569
218.33 0.089607720671
218.4 0.0789763328561
218.47 0.126884435431
218.54 0.0631845428758
218.61 0.0520049953637
218.68 0.187124765295
218.75 0.318967438543
218.82 0.246881007481
218.89 0.103998211751
218.96 0.142564132578
219.03 0.0612792312529
219.1 0.0446712097827
219.17 0.0355121741454
219.24 0.0837603057486
219.31 0.0278769072758
219.38 0.0349647286992
219.45 0.0267218732201
219.52 0.226544947449
219.59 0.080356438515
219.66 0.0848983628252
219.73 0.0913824903467
219.8 0.166790430659
219.87 0.102975805483
219.94 0.151502141189
220.01 0.104329032347
220.08 0.0885887879587
220.15 0.145000938989
220.22 0.128306131748
220.29 0.233850268277
220.36 0.160451395697
220.43 0.0849424481452
220.5 0.0882507736302
220.57 0.552695555662
220.64 0.421001895292
220.71 0.204782724423
220.78 0.0483209301947
220.85 0.358242936959
220.92 0.283048782514
220.99 0.118003546984
221.06 0.107823198746
221.13 0.633583727049
221.2 0.358651056972
221.27 0.107656079178
221.34 0.0842727775556
221.41 0.0555648472482
221.48 0.0180611941576
221.55 0.0173156678301
221.62 0.52337057695
221.69 0.474814486475
221.76 0.276626418263
221.83 0.0775940645248
221.9 0.19718743095
221.97 0.101204213418
222.04 0.59749781581
222.11 0.411013290736
222.18 0.230529537778
222.25 0.0836525961215
222.32 0.179384015972
222.39 0.210947896642
222.46 0.661015064981
222.53 0.336802182868
222.6 0.131132727626
222.67 0.127862518295
222.74 0.0682162385201
222.81 0.0451715971828
222.88 0.0433088276044
222.95 0.283847627255
223.02 0.353193789116
223.09 0.141223900719
223.16 0.0969143210793
223.23 0.568498156159
223.3 0.421384154296
223.37 0.196317752045
223.44 0.0267029545785
223.51 0.121630379112
223.58 0.0208120054382
223.65 0.0201131520494
223.72 0.0998613484104
223.79 0.652287815445
223.86 0.360896010619
223.93 0.116320578962
224.0 0.161918252979
224.07 0.145152585964
224.14 0.522091544929
224.21 0.455547553077
224.28 0.303741305039
224.35 0.0865583277904
224.42 0.189445713167
224.49 0.106394341896
224.56 0.654292982779
224.63 0.406119125886
224.7 0.187833290952
224.77 0.0992369364854
224.84 0.201871064376
224.91 0.0436521120243
224.98 0.0438268995948
225.05 0.205154720218
225.12 0.361181048957
225.19 0.252465866374
225.26 0.103580566493
225.33 0.492826641085
225.4 0.488799066692
225.47 0.267489588909
225.54 0.0298508590884
225.61 0.130531041784
225.68 0.0213911416248
225.75 0.0206729484423
225.82 0.0130720291753
225.89 0.610365337742
225.96 0.419143695782
226.03 0.195285324446
226.1 0.073968747216
226.17 0.218839794008
226.24 0.201963857254
226.31 0.631178789704
226.38 0.350334735129
226.45 0.132640293423
226.52 0.150297612286
226.59 0.127902991572
226.66 0.58716341415
226.73 0.506137121028
226.8 0.273299245277
226.87 0.0882052977497
226.94 0.218555809499
227.01 0.04240074324
227.08 0.0416352728985
227.15 0.0711957049901
227.22 0.337311187759
227.29 0.303063254094
227.36 0.125565338953
227.43 0.130288424077
227.5 0.635704206563
227.57 0.3649797149
227.64 0.0914770332822
227.71 0.229276921663
227.78 0.273789808642
227.85 0.117607075997
227.92 0.0669161422583
227.99 0.533212504884
228.06 0.486424199032
228.13 0.269770294947
228.2 0.0889395677462
228.27 0.285111925596
228.34 0.325350145261
228.41 0.628394518655
228.48 0.586875739818
228.55 0.388879182895
228.62 0.434305620678
228.69 0.373256185709
228.76 0.349452120976
228.83 0.65948447431
228.9 0.443034553874
228.97 0.226648769009
229.04 0.432232633642
229.11 0.573647638726
229.18 0.608327465677
229.25 0.569364230611
229.32 0.526295771723
229.39 0.525132252024
229.46 0.438747473958
229.53 0.371652893197
229.6 0.691098607711
229.67 0.498226861814
229.74 0.51773869321
229.81 0.363580099659
229.88 0.382799592749
229.95 0.301621149926
230.02 0.194746059214
230.09 0.240355968456
230.16 0.632245325873
230.23 0.309768872478
230.3 0.176555256473
230.37 0.153851984452
230.44 0.216701873679
230.51 0.517354951638
230.58 0.603743544733
230.65 0.407026721752
230.72 0.366743724332
230.79 0.201002430762
230.86 0.0991795327073
230.93 0.582656840049
231.0 0.338718995545
231.07 0.336135935561
231.14 0.145614355432
231.21 0.408547901952
231.28 0.413421785108
231.35 0.326768032239
231.42 0.427837822282
231.49 0.246654503582
231.56 0.115636705874
231.63 0.0997993499018
231.7 0.489936040536
231.77 0.554098057312
231.84 0.26991794572
231.91 0.107947417722
231.98 0.326276253794
232.05 0.176757809723
232.12 0.0591434090954
232.19 0.0934323443755
232.26 0.605835190511
232.33 0.464757131699
232.4 0.256630203243
232.47 0.188360844554
232.54 0.159321453385
232.61 0.0850714619935
232.68 0.684878093841
232.75 0.624146316571
232.82 0.323359141535
232.89 0.358686240239
232.96 0.146645624862
233.03 0.482024500791
233.1 0.461351927971
233.17 0.37589917164
233.24 0.344554129713
233.31 0.389908085717
233.38 0.582465645573
233.45 0.464775759138
233.52 0.539062852694
233.59 0.499789523591
233.66 0.39741635249
233.73 0.387712034079
233.8 0.395795279585
233.87 0.764056930623
233.94 0.623669932939
234.01 0.414491237091
234.08 0.39631720265
234.15 0.315779893574
234.22 0.215612031868
234.29 0.2118105867
234.36 0.545092030754
234.43 0.529440956767
234.5 0.352297772085
234.57 0.163628115921
234.64 0.196934941782
234.71 0.176233133993
234.78 0.641622391148
234.85 0.561624902201
234.92 0.47449923712
234.99 0.414829298847
235.06 0.229449770416
235.13 0.117658082818
235.2 0.70012072626
235.27 0.356348848468
235.34 0.345011745522
235.41 0.224261341723
235.48 0.444512980505
235.55 0.336063485084
235.62 0.356785703569
235.69 0.437430423482
235.76 0.137472387676
235.83 0.104620387017
235.9 0.442291142792
235.97 0.617011771937
236.04 0.463270250725
236.11 0.243582554406
236.18 0.216157751918
236.25 0.333688888706
236.32 0.126248550907
236.39 0.146820793746
236.46 0.263011181721
236.53 0.748744163115
236.6 0.592935536768
236.67 0.375045940428
236.74 0.334107685492
236.81 0.188612630854
236.88 0.481700252632
236.95 0.602550600357
237.02 0.53189263914
237.09 0.358783755901
237.16 0.234251917346
237.23 0.144800924982
237.3 0.665145099778
237.37 0.385273842799
237.44 0.367352159988
237.51 0.347856833198
237.58 0.522103852243
237.65 0.44019626344
237.72 0.375701615302
237.79 0.430175915973
237.86 0.460249421247
237.93 0.389885931604
238.0 0.377681806614
238.07 0.50608173859
238.14 0.547713379527
238.21 0.502353825236
238.28 0.344571807664
238.35 0.388529210315
238.42 0.258715060316
238.49 0.20498427222
238.56 0.200956745254
238.63 0.59809674045
238.7 0.470323046339
238.77 0.295116131747
238.84 0.13973728344
238.91 0.219129885221
238.98 0.109947362392
239.05 0.677803998748
239.12 0.530415591686
239.19 0.377470868266
239.26 0.333604084437
239.33 0.105326145781
239.4 0.440392545888
239.47 0.573822836066
239.54 0.431270293705
239.61 0.387444441299
239.68 0.221975079134
239.75 0.40325347385
239.82 0.314316941434
239.89 0.344475323065
239.96 0.362189158821
240.03 0.148094849724
240.1 0.0439275596685
240.17 0.0628877985988
240.24 0.648139838054
240.31 0.359882550986
240.38 0.250822860366
240.45 0.252507967347
240.52 0.2641416002
240.59 0.0566113616231
240.66 0.171526920559
240.73 0.482491808788
240.8 0.546591137467
240.87 0.358488497038
240.94 0.0942407494572
241.01 0.180344693117
241.08 0.0881001453879
241.15 0.554513411845
241.22 0.687292674998
241.29 0.42746460951
241.36 0.402006733944
241.43 0.326581389809
241.5 0.112703933211
241.57 0.776208201984
241.64 0.595610053136
241.71 0.319248792749
241.78 0.417314162117
241.85 0.528960054287
241.92 0.470927672657
241.99 0.546776953719
242.06 0.544517125059
242.13 0.432007013782
242.2 0.392658273806
242.27 0.571268951293
242.34 0.69841488513
242.41 0.472138508406
242.48 0.435644249503
242.55 0.343511368713
242.62 0.416210202228
242.69 0.222584504118
242.76 0.22701779018
242.83 0.186616665312
242.9 0.630769767629
242.97 0.423203936964
243.04 0.188632140436
243.11 0.189130959899
243.18 0.225891630648
243.25 0.48265320676
243.32 0.578713526412
243.39 0.455566307621
243.46 0.405664968456
243.53 0.344609808096
243.6 0.156776046667
243.67 0.650059031569
243.74 0.508143655209
243.81 0.379266466944
243.88 0.257055009034
243.95 0.35161695235
244.02 0.369448702132
244.09 0.312804811259
244.16 0.398150178569
244.23 0.226145223917
244.3 0.0487658554793
244.37 0.045620385873
244.44 0.411092900797
244.51 0.542721167832
244.58 0.289806250022
244.65 0.150558024614
244.72 0.374722691082
244.79 0.414060927868
244.86 0.321540880326
244.93 0.342763987989
245.0 0.651891170875
245.07 0.437891136276
245.14 0.436970258945
245.21 0.385701361415
245.28 0.285682846473
245.35 0.130074901904
245.42 0.663549293148
245.49 0.531978153866
245.56 0.349961040498
245.63 0.323303190921
245.7 0.0691142749943
245.77 0.370961749546
245.84 0.740526200186
245.91 0.505389732716
245.98 0.309576702901
246.05 0.653986883046
246.12 0.491806830973
246.19 0.588151146517
246.26 0.572123257201
246.33 0.551781199548
246.4 0.387188194962
246.47 0.429066153862
246.54 0.380483390426
246.61 0.693551607606
246.68 0.440280914045
246.75 0.360561675679
246.82 0.366568660736
246.89 0.370780353493
246.96 0.28543788018
247.03 0.233738543477
247.1 0.502273325444
247.17 0.597457670727
247.24 0.369262984529
247.31 0.132647897873
247.38 0.183287913954
247.45 0.164542815407
247.52 0.596982478462
247.59 0.551330269053
247.66 0.363719493387
247.73 0.325205254741
247.8 0.337505238292
247.87 0.232150502549
247.94 0.60411453792
248.01 0.442369081525
248.08 0.294899803791
248.15 0.172757749646
248.22 0.512267671516
248.29 0.437202554633
248.36 0.37999607676
248.43 0.452830599004
248.5 0.312280100433
248.57 0.184200838721
248.64 0.123748374398
248.71 0.585512627263
248.78 0.541763353383
248.85 0.247527879898
248.92 0.0790317712582
248.99 0.407858322445
249.06 0.247513756129
249.13 0.189880937727
249.2 0.147261712395
249.27 0.670661199914
249.34 0.415187899351
249.41 0.161623651455
249.48 0.124952328485
249.55 0.217218801729
249.62 0.474331278093
249.69 0.603689852594
249.76 0.489198132886
249.83 0.367834453028
249.9 0.337517884234
249.97 0.15372750937
250.04 0.551056905352
250.11 0.476758392317
250.18 0.331682717816
250.25 0.284599984023
250.32 0.522968094114
250.39 0.68580409424
250.46 0.6222219611
250.53 0.553249316492
250.6 0.54831056644
250.67 0.386117051731
250.74 0.421004447815
250.81 0.539500223802
250.88 0.672859674124
250.95 0.41349555216
251.02 0.313920303504
251.09 0.414973658184
251.16 0.329817560761
251.23 0.248557746437
251.3 0.230141226137
251.37 0.585688795909
251.44 0.552759626732
251.51 0.303038548406
251.58 0.125206684381
251.65 0.212105525905
251.72 0.114949201773
251.79 0.725062532205
251.86 0.50120131999
251.93 0.410879571178
252.0 0.397254146362
252.07 0.402600044172
252.14 0.447670407414
252.21 0.635329760688
252.28 0.362539152269
252.35 0.310535721997
252.42 0.339036049024
252.49 0.591610862871
252.56 0.347564407626
252.63 0.379389205248
252.7 0.454859703707
252.77 0.353991172157
252.84 0.18287323668
252.91 0.133222859533
252.98 0.680291132825
253.05 0.45449852507
253.12 0.200026934568
253.19 0.261020558359
253.26 0.357575015478
253.33 0.26253822232
253.4 0.250275942308
253.47 0.493619405682
253.54 0.731293357659
253.61 0.446205287858
253.68 0.404329051508
253.75 0.331999721971
253.82 0.180911179566
253.89 0.560992975938
253.96 0.674805250346
254.03 0.496951871524
254.1 0.42177321718
254.17 0.222022912138
254.24 0.157132830717
254.31 0.724306983598
254.38 0.357124423612
254.45 0.421475638188
254.52 0.468621881515
254.59 0.543327806004
254.66 0.434295037811
254.73 0.40323504845
254.8 0.497269941839
254.87 0.442954190671
254.94 0.42164606342
255.01 0.398912751119
255.08 0.584534518788
255.15 0.507988347817
255.22 0.441727182306
255.29 0.274335091416
255.36 0.43228432436
255.43 0.247942947023
255.5 0.253788587226
255.57 0.218160123904
255.64 0.637396249273
255.71 0.494025109762
255.78 0.271041443648
255.85 0.148342054573
255.92 0.146400754372
255.99 0.416371097473
256.06 0.624376273158
256.13 0.509873698352
256.2 0.402179492586
256.27 0.270026455916
256.34 0.422229840816
256.41 0.589528216846
256.48 0.591876614533
256.55 0.404729368827
256.62 0.351669251082
256.69 0.372418448907
256.76 0.549868906666
256.83 0.32591565756
256.9 0.403884858497
256.97 0.420105485565
257.04 0.348889658235
257.11 0.146944970986
257.18 0.345941661496
257.25 0.618575489439
257.32 0.360321551686
257.39 0.13443989684
257.46 0.329336952329
257.53 0.301420903527
257.6 0.177232562814
257.67 0.176742814245
257.74 0.519611142645
257.81 0.522425774581
257.88 0.280090522565
257.95 0.0826723771439
258.02 0.190785204216
258.09 0.0716858917849
258.16 0.685971189146
258.23 0.668180459949
258.3 0.348201242587
258.37 0.386189521179
258.44 0.249077031611
258.51 0.428091926815
258.58 0.694650304992
258.65 0.499967915615
258.72 0.265049035763
258.79 0.529173045278
258.86 0.560455620117
258.93 0.473760527954
259.0 0.55904913934
259.07 0.557452566289
259.14 0.46977627246
259.21 0.402639944531
259.28 0.397784538945
259.35 0.692796046668
259.42 0.451787609405
259.49 0.388262177175
259.56 0.36354923984
259.63 0.499077665711
259.7 0.288915836969
259.77 0.271202148236
259.84 0.433865963588
259.91 0.543168032882
259.98 0.434366904935
260.05 0.150725693388
260.12 0.245105050232
260.19 0.147632217084
260.26 0.589377864629
260.33 0.614304790819
260.4 0.441238750311
260.47 0.365449033803
260.54 0.239763590643
260.61 0.27780560975
260.68 0.727033862251
260.75 0.48255568351
260.82 0.413796770702
260.89 0.270611664659
260.96 0.581150343257
261.03 0.452266429839
261.1 0.381600720942
261.17 0.43151630529
261.24 0.371834527333
261.31 0.23158404171
261.38 0.143618508457
261.45 0.595181724466
261.52 0.549935832843
261.59 0.244153169853
261.66 0.0655809718118
261.73 0.47099856563
261.8 0.481996517896
261.87 0.39606549508
261.94 0.276798990991
262.01 0.71521157701
262.08 0.419875772753
262.15 0.455111808717
262.22 0.399179062421
262.29 0.255336928885
262.36 0.448544742705
262.43 0.61006459252
262.5 0.47473469714
262.57 0.42081799035
262.64 0.349920681046
262.71 0.164820790912
262.78 0.59687523362
262.85 0.735889275744
262.92 0.68887720348
262.99 0.470477173748
263.06 0.60704673482
263.13 0.600916482173
263.2 0.533428614676
263.27 0.520031994918
263.34 0.49295712612
263.41 0.464848372764
263.48 0.478931344146
263.55 0.485410477602
263.62 0.438762880154
263.69 0.426862231234
263.76 0.375969649153
263.83 0.348876648053
263.9 0.350290480969
263.97 0.293230322119
264.04 0.269365646592
264.11 0.285839387917
264.18 0.223033768027
264.25 0.215145328092
264.32 0.19839362549
264.39 0.179900005916
264.46 0.15966474729
264.53 0.134004440835
264.6 0.262012193971
264.67 0.551005772376
264.74 0.566737865007
264.81 0.386277271616
264.88 0.162815841742
264.95 0.255807868843
265.02 0.220481859064
265.09 0.166155181658
265.16 0.143458423265
265.23 0.102095510511
265.3 0.0438442484018
265.37 0.0468740899643
265.44 0.175929084057
265.51 0.176672111928
265.58 0.120976175425
265.65 0.232890052123
265.72 0.208545760337
265.79 0.205480381703
265.86 0.244284696385
265.93 0.147534362793
266.0 0.101386207051
266.07 0.0620971814984
266.14 0.0654238745229
266.21 0.13389144594
266.28 0.251193038756
266.35 0.200859132842
266.42 0.0338417069391
266.49 0.131071156909
266.56 0.0929248277445
266.63 0.583368253064
266.7 0.627990836863
266.77 0.33462703991
266.84 0.296802134151
266.91 0.225084996491
266.98 0.221980259114
267.05 0.610024824009
267.12 0.372563040637
267.19 0.327078481031
267.26 0.138342956312
267.33 0.367056857493
267.4 0.37473940911
267.47 0.382733121872
267.54 0.428977298376
267.61 0.186076638401
267.68 0.0994379350774
267.75 0.1321217225
267.82 0.558049606179
267.89 0.491132921355
267.96 0.270304536708
268.03 0.0807114696613
268.1 0.317203817065
268.17 0.12654293237
268.24 0.151658006324
268.31 0.0714815837349
268.38 0.668069347907
268.45 0.43703816117
268.52 0.266144855276
268.59 0.217729394477
268.66 0.0874010690921
268.73 0.462058746255
268.8 0.6128469589
268.87 0.473610926032
268.94 0.354006322247
269.01 0.293521455778
269.08 0.248226746566
269.15 0.538001339996
269.22 0.442359505059
269.29 0.361678566073
269.36 0.286448334836
269.43 0.341325764301
269.5 0.387631185224
269.57 0.34393570213
269.64 0.409496426395
269.71 0.360929648713
269.78 0.0876224167249
269.85 0.126345276435
269.92 0.451502282711
269.99 0.565439555796
270.06 0.359695268291
270.13 0.137133393505
270.2 0.304704492022
270.27 0.223693673392
270.34 0.183760317511
270.41 0.0712882171003
270.48 0.578040024667
270.55 0.476715388333
270.62 0.306767268968
270.69 0.119040364429
270.76 0.176179512995
270.83 0.0980947959416
270.9 0.71586038445
270.97 0.492587124158
271.04 0.488606445611
271.11 0.384175357886
271.18 0.175541103457
271.25 0.397770542281
271.32 0.632552214792
271.39 0.334180172014
271.46 0.300904276164
271.53 0.293128478266
271.6 0.672526231761
271.67 0.581079733897
271.74 0.644097230242
271.81 0.573917443502
271.88 0.40303611483
271.95 0.398054899567
272.02 0.394707853707
272.09 0.706969831324
272.16 0.410151285524
272.23 0.481865754939
272.3 0.416360454848
272.37 0.343721799592
272.44 0.266482252105
272.51 0.29315043698
272.58 0.50161116445
272.65 0.695379285926
272.72 0.513555538244
272.79 0.433865471295
272.86 0.35800452603
272.93 0.399352061044
273.0 0.560899788467
273.07 0.625354529606
273.14 0.478030105399
273.21 0.523189041462
273.28 0.296836809949
273.35 0.26473966072
273.42 0.691984314106
273.49 0.392572343619
273.56 0.423682600888
273.63 0.252239200274
273.7 0.435980832484
273.77 0.279851041682
273.84 0.22209754331
273.91 0.192012558799
273.98 0.276630038842
274.05 0.277704316051
274.12 0.294559081379
274.19 0.276103693681
274.26 0.251001470555
274.33 0.250162674233
274.4 0.237730902353
274.47 0.227106489157
274.54 0.205209251815
274.61 0.196740152337
274.68 0.204728929842
274.75 0.189465903802
274.82 0.219148035545
274.89 0.222346045762
274.96 0.207530350505
275.03 0.145507237694
275.1 0.118799419948
275.17 0.110196632213
275.24 0.14023511642
275.31 0.129237539776
275.38 0.123754061848
275.45 0.0933777274096
275.52 0.103322652621
275.59 0.0715129273094
275.66 0.0702882656333
275.73 0.0226013684105
275.8 0.0312724311466
275.87 0.0383013747599
275.94 0.0304487033406
276.01 0.0254949710912
276.08 0.317461895982
276.15 0.187739261177
276.22 0.152373782625
276.29 0.315472080777
276.36 0.600537246169
276.43 0.364577961491
276.5 0.148449511888
276.57 0.279202027461
276.64 0.205198667051
276.71 0.0522354081987
276.78 0.0616482979541
276.85 0.536246090336
276.92 0.489472841617
276.99 0.307409253555
277.06 0.209953790082
277.13 0.151783880503
277.2 0.139609899184
277.27 0.67746322227
277.34 0.528032472672
277.41 0.411948275711
277.48 0.342185065224
277.55 0.164800491195
277.62 0.358295656844
277.69 0.598640853673
277.76 0.438861444902
277.83 0.385769930465
277.9 0.516854921837
277.97 0.603122925073
278.04 0.442856006289
278.11 0.637487439118
278.18 0.496218747364
278.25 0.444957219995
278.32 0.423547261223
278.39 0.385515910352
278.46 0.684429757605
278.53 0.474713484927
278.6 0.379471109828
278.67 0.310488828997
278.74 0.360457578095
278.81 0.269268204917
278.88 0.257791242509
278.95 0.401838391706
279.02 0.599615234383
279.09 0.393387603804
279.16 0.171313196347
279.23 0.175290291308
279.3 0.120817362226
279.37 0.542396328732
279.44 0.652232420675
279.51 0.467157276068
279.58 0.372721551251
279.65 0.352049611108
279.72 0.119312071029
279.79 0.725166099555
279.86 0.641534983135
279.93 0.334709707117
280.0 0.102727432981
280.07 0.403577543684
280.14 0.314349749555
280.21 0.369529178211
280.28 0.44482343973
280.35 0.33649151781
280.42 0.208952462283
280.49 0.183944952829
280.56 0.542728393814
280.63 0.49969294319
280.7 0.283503333588
280.77 0.136587939994
280.84 0.299176666977
280.91 0.0926519117552
280.98 0.061460661453
281.05 0.0829998228335
281.12 0.609017679758
281.19 0.447728954184
281.26 0.18505714605
281.33 0.114521530441
281.4 0.136929229633
281.47 0.399767922097
281.54 0.614911347416
281.61 0.49019838504
281.68 0.389519519867
281.75 0.337174428129
281.82 0.0502737124789
281.89 0.627290568252
281.96 0.50420779805
282.03 0.410542514875
282.1 0.28717104402
282.17 0.581991824897
282.24 0.569719993082
282.31 0.484434763243
282.38 0.657615110477
282.45 0.508219359181
282.52 0.397380160925
282.59 0.413262190312
282.66 0.488172345071
282.73 0.612497306927
282.8 0.514836537539
282.87 0.327642395987
282.94 0.417244957546
283.01 0.464234003987
283.08 0.364662080914
283.15 0.33706126629
283.22 0.620462723776
283.29 0.46279794392
283.36 0.404017552683
283.43 0.351903133679
283.5 0.306592026098
283.57 0.189496638413
283.64 0.635194239852
283.71 0.561419033802
283.78 0.358767766352
283.85 0.398444609356
283.92 0.29296177321
283.99 0.248182869925
284.06 0.717488451893
284.13 0.587442609478
284.2 0.352393489314
284.27 0.405949357043
284.34 0.655383199263
284.41 0.498972408061
284.48 0.591067119579
284.55 0.57224117597
284.62 0.539864428284
284.69 0.430731382279
284.76 0.422362797747
284.83 0.690837962042
284.9 0.403043632014
284.97 0.419539121477
285.04 0.314431897911
285.11 0.466891218027
285.18 0.249354071855
285.25 0.369147096585
285.32 0.389717890054
285.39 0.626552058279
285.46 0.361781588962
285.53 0.208352814855
285.6 0.200741890382
285.67 0.170299631426
285.74 0.543452309542
285.81 0.650244916115
285.88 0.378413761223
285.95 0.341473873219
286.02 0.301863210839
286.09 0.207471106558
286.16 0.661963361774
286.23 0.424163897012
286.3 0.345721373383
286.37 0.135455421446
286.44 0.597096719739
286.51 0.386049277559
286.58 0.404189399777
286.65 0.453439360009
286.72 0.335198323129
286.79 0.119069813768
286.86 0.110226662059
286.93 0.499436812575
287.0 0.529445142677
287.07 0.282136591917
287.14 0.101720361768
287.21 0.438449961363
287.28 0.200275871452
287.35 0.150109993808
287.42 0.203819305048
287.49 0.631374702222
287.56 0.50071055174
287.63 0.164523191051
287.7 0.121107165083
287.77 0.200698165507
287.84 0.405561841228
287.91 0.639138130202
287.98 0.507457322556
288.05 0.383963801089
288.12 0.343316494847
288.19 0.277897053803
288.26 0.504460755797
288.33 0.555868019785
288.4 0.418001044924
288.47 0.321830010667
288.54 0.473813023034
288.61 0.730382054896
288.68 0.625357147577
288.75 0.507158895568
288.82 0.624515039901
288.89 0.379957553682
288.96 0.462358100916
289.03 0.438754281634
289.1 0.646132739492
289.17 0.442835071998
289.24 0.362984923651
289.31 0.426471216253
289.38 0.364088425395
289.45 0.28638888885
289.52 0.26284389426
289.59 0.568339875092
289.66 0.507183863053
289.73 0.305834554799
289.8 0.146910050465
289.87 0.225458420788
289.94 0.121644150973
290.01 0.665822058005
290.08 0.533878029403
290.15 0.432630570124
290.22 0.40333087476
290.29 0.343488202507
290.36 0.366776803736
290.43 0.677948192091
290.5 0.378178299307
290.57 0.350815035285
290.64 0.345756516811
290.71 0.53689453164
290.78 0.36586907128
290.85 0.373988886819
290.92 0.481660388318
290.99 0.291275898859
291.06 0.160264128178
291.13 0.138332419924
291.2 0.635246455113
291.27 0.472153107393
291.34 0.228427520658
291.41 0.23809931551
291.48 0.398532779047
291.55 0.186060001
291.62 0.22884973219
291.69 0.41523699012
291.76 0.757839065079
291.83 0.523990932916
291.9 0.399400428076
291.97 0.379888510363
292.04 0.192643311717
292.11 0.530772549319
292.18 0.664899448639
292.25 0.558116596857
292.32 0.430430975686
292.39 0.258765425923
292.46 0.167779227289
292.53 0.683111093661
292.6 0.64119652489
292.67 0.335647238924
292.74 0.490195256753
292.81 0.573158572158
292.88 0.466209602466
292.95 0.403718895199
293.02 0.481251774115
293.09 0.484703704848
293.16 0.432417846622
293.23 0.440209149363
293.3 0.593249242847
293.37 0.495740340495
293.44 0.494213712826
293.51 0.270383280752
293.58 0.432781778873
293.65 0.291304722161
293.72 0.354255358727
293.79 0.260344161668
293.86 0.583877180175
293.93 0.505489936541
294.0 0.251820239391
294.07 0.146398774768
294.14 0.229071718191
294.21 0.255897947947
294.28 0.708441326969
294.35 0.541438243949
294.42 0.395628654206
294.49 0.363747894589
294.56 0.237681019553
294.63 0.528777541803
294.7 0.587511298992
294.77 0.438733693561
294.84 0.379053999548
294.91 0.383347653798
294.98 0.466080278445
295.05 0.362665145964
295.12 0.367660251656
295.19 0.437506654842
295.26 0.152737756612
295.33 0.123534539207
295.4 0.167447437284
295.47 0.665223483376
295.54 0.356951720934
295.61 0.142651761601
295.68 0.325547812579
295.75 0.313164404885
295.82 0.110422042445
295.89 0.19505177289
295.96 0.513894993406
296.03 0.53144270651
296.1 0.29421464638
296.17 0.074283531786
296.24 0.170953354203
296.31 0.0827874531371
296.38 0.634104141935
296.45 0.683792839172
296.52 0.356382889692
296.59 0.391613722911
296.66 0.35356616907
296.73 0.294159156756
296.8 0.701439014581
296.87 0.550890826333
296.94 0.280101764668
297.01 0.468831292713
297.08 0.577384140166
297.15 0.635340920268
297.22 0.563174554744
297.29 0.605060284088
297.36 0.469243559746
297.43 0.40473065979
297.5 0.403561527576
297.57 0.677032903561
297.64 0.473191530717
297.71 0.520211098348
297.78 0.341475854721
297.85 0.5064097885
297.92 0.245293294748
297.99 0.260052154403
298.06 0.363999960708
298.13 0.670578726208
298.2 0.530979429811
298.27 0.192647568767
298.34 0.279324612101
298.41 0.223430432516
298.48 0.553036262898
298.55 0.665717171234
298.62 0.496252414863
298.69 0.380854405429
298.76 0.331534435315
298.83 0.184605487076
298.9 0.678397695033
298.97 0.519366522569
299.04 0.414074989033
299.11 0.264139938357
299.18 0.478378441746
299.25 0.411425411694
299.32 0.336543512061
299.39 0.454257915424
299.46 0.397896525542
299.53 0.176915704734
299.6 0.124264173686
299.67 0.498551636413
299.74 0.584004651696
299.81 0.280937305598
299.88 0.0985959469169
299.95 0.43434049472
300.02 0.446367483553
300.09 0.327951619263
300.16 0.345368473607
300.23 0.688841952867
300.3 0.462373321198
300.37 0.438926047154
300.44 0.40460793856
300.51 0.303619656608
300.58 0.299863216846
300.65 0.623776277616
300.72 0.514473838391
300.79 0.407671394503
300.86 0.339196120937
300.93 0.260564298963
301.0 0.776627814515
301.07 0.752077789023
301.14 0.687966194765
301.21 0.584104238022
301.28 0.616318583232
301.35 0.621537129037
301.42 0.563389474117
301.49 0.386815539932
301.56 0.290897875089
301.63 0.277089844831
301.7 0.308439276604
301.77 0.31132469338
301.84 0.260754545848
301.91 0.291414834442
301.98 0.225352557021
302.05 0.230154857614
302.12 0.258303646021
302.19 0.13154666409
302.26 0.0697453352402
302.33 0.0264303667842
302.4 0.0
302.47 0.0
302.54 0.0
302.61 0.0
302.68 0.0
302.75 0.0
302.82 0.0
302.89 0.0
302.96 0.0
303.03 0.0
303.1 0.0
303.17 0.0
303.24 0.0
303.31 0.0
303.38 0.0
303.45 0.0
303.52 0.0
303.59 0.0
303.66 0.0
303.73 0.0
303.8 0.0
303.87 0.0
303.94 0.0
304.01 0.0
304.08 0.0
304.15 0.0
304.22 0.0
304.29 0.0
304.36 0.0
304.43 0.0
304.5 0.0
304.57 0.0
304.64 0.0
304.71 0.0
304.78 0.0
304.85 0.0
304.92 0.0
304.99 0.0
305.06 0.0
305.13 0.0
305.2 0.0
305.27 0.0
305.34 0.0
305.41 0.0
305.48 0.0
305.55 0.0
305.62 0.0
305.69 0.0
305.76 0.0
305.83 0.0
305.9 0.0
305.97 0.0
306.04 0.0
306.11 0.0
306.18 0.0
306.25 0.0
306.32 0.0
306.39 0.0
306.46 0.0
306.53 0.0
306.6 0.0
306.67 0.0
306.74 0.0
306.81 0.0
306.88 0.0
306.95 0.0
307.02 0.0
307.09 0.0
307.16 0.0
307.23 0.0
307.3 0.0
307.37 0.0
307.44 0.0
307.51 0.0
307.58 0.0
307.65 0.0
307.72 0.0
307.79 0.0
307.86 0.0
307.93 0.0
308.0 0.0
308.07 0.0
308.14 0.0
308.21 0.0
308.28 0.0
308.35 0.0
308.42 0.0
308.49 0.0
308.56 0.0
308.63 0.0
308.7 0.0
308.77 0.0
308.84 0.0
308.91 0.0
308.98 0.0
309.05 0.0
309.12 0.0
309.19 0.0
309.26 0.0
309.33 0.0
309.4 0.0
309.47 0.0
309.54 0.0
309.61 0.0
309.68 0.0
309.75 0.0
309.82 0.0
309.89 0.0
309.96 0.0
310.03 0.0
310.1 0.0
310.17 0.0
310.24 0.0
310.31 0.0
310.38 0.0
310.45 0.0
310.52 0.0
310.59 0.0
310.66 0.0
310.73 0.0
310.8 0.0
310.87 0.0
310.94 0.0
311.01 0.0
311.08 0.0
311.15 0.0
311.22 0.0
311.29 0.0
311.36 0.0
