0.0 0.0
49.0645898027 0.0
96.4176241472 0.0
250.214054054 0.0
256.143696705 0.382978723404
269.188910537 0.372340425532
275.32225516 0.351063829787
276.071582054 0.765957446809
288.810139253 0.787234042553
291.379260033 0.0
358.856127743 0.0
373.837943678 0.0
380.664345232 0
381.543919336 0.563829787234
404.040302381 0.563829787234
404.929005715 0.563829787234
405.175071728 0
421.203112807 0.0
421.417727807 1.0
469.237088807 1.0
469.335261807 0.0
481.609045807 0.0
488.02768384 0
489.660540807 0.0
497.112602355 0
497.393431892 1
513.448779515 1
515.570796877 0
525.307930216 0.0
566.67538184 0.0
570.357068 0.0
571.081766 1.0
587.720272 1.0
587.828573 0.0
591.189016711 0.0
664.654036281 0.0
