0.0 0.0
355.126618737 0.0
356.164907929 0.627659574468
362.599698162 0.63829787234
373.204455654 0.648936170213
404.374697853 0.457446808511
405.479862298 1
417.396899126 1
417.976858657 1
424.513840659 0.18085106383
433.124174862 0.170212765957
438.891436209 0.68085106383
466.902083488 0.68085106383
469.176406271 0
473.180632105 0
473.425458753 1
475.180049726 0.351063829787
484.504007092 0.340425531915
487.271935095 0.478723404255
513.625287092 0.425531914894
519.742340817 0.0
664.654036281 0.0
