0.0 0.0
0.07 0.0
0.14 0.0
0.21 0.0
0.28 0.0
0.35 0.0
0.42 0.0
0.49 0.0
0.56 0.0
0.63 0.0
0.7 0.0
0.77 0.0
0.84 0.0
0.91 0.0
0.98 0.0
1.05 0.0
1.12 0.0
1.19 0.0
1.26 0.0
1.33 0.0
1.4 0.0
1.47 0.0
1.54 0.0
1.61 0.0
1.68 0.0
1.75 0.0
1.82 0.0
1.89 0.0
1.96 0.0
2.03 0.0
2.1 0.0
2.17 0.0
2.24 0.0
2.31 0.0
2.38 0.0
2.45 0.0
2.52 0.0
2.59 0.0
2.66 0.0
2.73 0.0
2.8 0.0
2.87 0.0
2.94 0.0
3.01 0.0
3.08 0.0
3.15 0.0
3.22 0.0
3.29 0.0
3.36 0.0
3.43 0.0
3.5 0.0
3.57 0.0
3.64 0.0
3.71 0.0
3.78 0.0
3.85 0.0
3.92 0.0
3.99 0.00816812278697
4.06 0.0549393370596
4.13 0.0793468661616
4.2 0.0227711604041
4.27 0.0404046137343
4.34 0.0283040039575
4.41 0.0226020158021
4.48 0.0169377985322
4.55 0.0153021284465
4.62 0.0168576607892
4.69 0.0140440714876
4.76 0.0157277920381
4.83 0.0296554712726
4.9 0.033608469557
4.97 0.016325940535
5.04 0.0326521621442
5.11 0.0336497080439
5.18 0.0166037050749
5.25 0.013865101506
5.32 0.015975333963
5.39 0.0143547736572
5.46 0.0148559433764
5.53 0.0141505049526
5.6 0.014487248248
5.67 0.0137982109165
5.74 0.014536724452
5.81 0.0153631806341
5.88 0.0160004809466
5.95 0.0138006112502
6.02 0.0153400694023
6.09 0.0149102070088
6.16 0.0324909884425
6.23 0.0771749755778
6.3 0.514031862068
6.37 0.541433278428
6.44 0.448593827888
6.51 0.344339984994
6.58 0.275224303497
6.65 0.242116988383
6.72 0.230240485453
6.79 0.139201069301
6.86 0.541812722611
6.93 0.586016501448
7.0 0.542108052257
7.07 0.231782373472
7.14 0.11599945584
7.21 0.181597478322
7.28 0.585915426725
7.35 0.587474558041
7.42 0.512164172284
7.49 0.551260393338
7.56 0.534721080754
7.63 0.421304683395
7.7 0.280603087787
7.77 0.205553714134
7.84 0.0500922414538
7.91 0.489847735091
7.98 0.111358806246
8.05 0.0484273009431
8.12 0.0384179826786
8.19 0.0289125562766
8.26 0.510769837066
8.33 0.16229371861
8.4 0.0642835021787
8.47 0.0611199244648
8.54 0.0368500555706
8.61 0.341540773254
8.68 0.493507442536
8.75 0.109868024866
8.82 0.0607174209874
8.89 0.0907063278406
8.96 0.0961277427499
9.03 0.500891509605
9.1 0.38293366151
9.17 0.384429025623
9.24 0.0827667052136
9.31 0.0620443044859
9.38 0.303154835081
9.45 0.490531194727
9.52 0.502966882739
9.59 0.439304739073
9.66 0.349386000746
9.73 0.297604750268
9.8 0.26672456091
9.87 0.253238849613
9.94 0.308196243659
10.01 0.523016108502
10.08 0.490473249632
10.15 0.32966141579
10.22 0.115065209704
10.29 0.0799211294539
10.36 0.471854870231
10.43 0.534374695388
10.5 0.457202741359
10.57 0.295711561138
10.64 0.506320512502
10.71 0.425815859579
10.78 0.281817965217
10.85 0.132485550673
10.92 0.054956888927
10.99 0.471307044216
11.06 0.144544656165
11.13 0.111167994483
11.2 0.0476782735997
11.27 0.035832121601
11.34 0.14160486858
11.41 0.162642388213
11.48 0.242935018447
11.55 0.116676950795
11.62 0.0517073533992
11.69 0.289540381575
11.76 0.167621361636
11.83 0.0488400707608
11.9 0.0674753013808
11.97 0.0826486316067
12.04 0.0411844003817
12.11 0.279204165762
12.18 0.367149692294
12.25 0.432987007781
12.32 0.0846785409746
12.39 0.0726450936961
12.46 0.301276066285
12.53 0.46792342403
12.6 0.451882077326
12.67 0.4173167932
12.74 0.35868964534
12.81 0.314253838657
12.88 0.275672588477
12.95 0.241554461979
13.02 0.402148871618
13.09 0.552300160466
13.16 0.459409354802
13.23 0.317122577586
13.3 0.0828880386713
13.37 0.102714250315
13.44 0.478889591489
13.51 0.478309087532
13.58 0.412087392767
13.65 0.2826388712
13.72 0.528396720793
13.79 0.305881743516
13.86 0.168107053939
13.93 0.0997559016426
14.0 0.0496476033107
14.07 0.246529819117
14.14 0.46543262513
14.21 0.528637172721
14.28 0.149708456302
14.35 0.0689020660545
14.42 0.0547206694078
14.49 0.15461912358
14.56 0.212317228234
14.63 0.431759826222
14.7 0.13921670966
14.77 0.0741907415929
14.84 0.0835681692066
14.91 0.160591997084
14.98 0.212431398371
15.05 0.118883730234
15.12 0.0603063141926
15.19 0.0434313398381
15.26 0.203157632178
15.33 0.312386874981
15.4 0.532152303087
15.47 0.252520707853
15.54 0.249619516046
15.61 0.177710559992
15.68 0.159632251603
15.75 0.24251597945
15.82 0.444969034758
15.89 0.212909128938
15.96 0.146835988047
16.03 0.40411784082
16.1 0.408743827705
16.17 0.256147614132
16.24 0.100641772449
16.31 0.0462879915543
16.38 0.045903734483
16.45 0.579478554559
16.52 0.303256728586
16.59 0.221166247382
16.66 0.194233431767
16.73 0.182501613865
16.8 0.200272292553
16.87 0.333380009318
16.94 0.505180180862
17.01 0.347202864136
17.08 0.21973426654
17.15 0.122904189404
17.22 0.0515207689521
17.29 0.0444103460367
17.36 0.110112448496
17.43 0.154878153908
17.5 0.0624933512182
17.57 0.0410942997771
17.64 0.177950006774
17.71 0.170488528179
17.78 0.053947016494
17.85 0.212066004847
17.92 0.169614353526
17.99 0.0471820583241
18.06 0.241777534147
18.13 0.151350177632
18.2 0.140309217934
18.27 0.202528277306
18.34 0.127265131379
18.41 0.038189629166
18.48 0.0268444106212
18.55 0.0966036605918
18.62 0.405458079421
18.69 0.35645742053
18.76 0.343832350567
18.83 0.317187704333
18.9 0.334631140239
18.97 0.28701433331
19.04 0.323633317298
19.11 0.321597964662
19.18 0.273896957651
19.25 0.264845425495
19.32 0.261111994096
19.39 0.174600725516
19.46 0.247549241965
19.53 0.27433705787
19.6 0.227238348258
19.67 0.215857979132
19.74 0.190982510217
19.81 0.18111087151
19.88 0.201631272495
19.95 0.0806752864032
20.02 0.0731537414172
20.09 0.0898800936665
20.16 0.254142361905
20.23 0.304568049123
20.3 0.237629033417
20.37 0.184662210558
20.44 0.143827145804
20.51 0.195494206796
20.58 0.227779502832
20.65 0.277455426414
20.72 0.330287734856
20.79 0.25507955321
20.86 0.118785067048
20.93 0.141130341852
21.0 0.184951397306
21.07 0.285480690137
21.14 0.335851986425
21.21 0.31188592727
21.28 0.190050305943
21.35 0.187642023733
21.42 0.150689524731
21.49 0.310082448703
21.56 0.33986141852
21.63 0.269323868745
21.7 0.179930998013
21.77 0.223251900096
21.84 0.124506263983
21.91 0.323289528815
21.98 0.340365821612
22.05 0.282661145319
22.12 0.220304512303
22.19 0.239036104559
22.26 0.285656114102
22.33 0.335530701197
22.4 0.222551948731
22.47 0.211400489156
22.54 0.186969206222
22.61 0.250650615698
22.68 0.218434408945
22.75 0.3008368653
22.82 0.298778075549
22.89 0.246834002603
22.96 0.287335786571
23.03 0.262716631951
23.1 0.384410105046
23.17 0.317534277081
23.24 0.256595193371
23.31 0.25168275614
23.38 0.327995380516
23.45 0.380314770129
23.52 0.376119649766
23.59 0.383082474053
23.66 0.341718230934
23.73 0.304564422653
23.8 0.281428911552
23.87 0.216793410669
23.94 0.441036480555
24.01 0.477358762114
24.08 0.373375704767
24.15 0.27160769411
24.22 0.372719277145
24.29 0.380226776564
24.36 0.338741467822
24.43 0.218543003424
24.5 0.194871344129
24.57 0.286527930175
24.64 0.450183632963
24.71 0.331404327939
24.78 0.301814883665
24.85 0.290365805114
24.92 0.216642166222
24.99 0.184797998974
25.06 0.160181685648
25.13 0.211819253189
25.2 0.297205540248
25.27 0.279301529489
25.34 0.228743160948
25.41 0.232816151477
25.48 0.38717637712
25.55 0.400793895966
25.62 0.40618375112
25.69 0.308089976191
25.76 0.256214427324
25.83 0.314017046805
25.9 0.204917676619
25.97 0.2924201211
26.04 0.407431239279
26.11 0.322584036417
26.18 0.282322441633
26.25 0.314316832905
26.32 0.348728723791
26.39 0.331298268221
26.46 0.254505097443
26.53 0.205494576511
26.6 0.213551314444
26.67 0.358463614764
26.74 0.383790038865
26.81 0.292348290324
26.88 0.211109108808
26.95 0.168038923974
27.02 0.269881808342
27.09 0.342148947752
27.16 0.207200448974
27.23 0.396322008061
27.3 0.268998842988
27.37 0.232461631251
27.44 0.174781790316
27.51 0.334344159314
27.58 0.335800166917
27.65 0.357452146521
27.72 0.262637049228
27.79 0.194603109637
27.86 0.239131932561
27.93 0.195978316528
28.0 0.322364957337
28.07 0.321617687727
28.14 0.258863057587
28.21 0.20791634825
28.28 0.222623788672
28.35 0.159094120615
28.42 0.335472162384
28.49 0.306911314572
28.56 0.297858756902
28.63 0.282460943026
28.7 0.372286092779
28.77 0.372605788308
28.84 0.408014574346
28.91 0.278586959206
28.98 0.211287492199
29.05 0.214488530191
29.12 0.233421786123
29.19 0.251361498409
29.26 0.426167874578
29.33 0.318445827487
29.4 0.296204313905
29.47 0.322142771165
29.54 0.323091658624
29.61 0.421513508355
29.68 0.330606508746
29.75 0.298388414926
29.82 0.284318041606
29.89 0.364580403397
29.96 0.339691942943
30.03 0.388030785937
30.1 0.392241039503
30.17 0.364164487788
30.24 0.301222008366
30.31 0.452387302255
30.38 0.294063985112
30.45 0.426876521933
30.52 0.351125520654
30.59 0.311260248768
30.66 0.325080253126
30.73 0.454770230749
30.8 0.357258014822
30.87 0.439706018451
30.94 0.27636072963
31.01 0.207340272232
31.08 0.255419152058
31.15 0.283332410812
31.22 0.280286937257
31.29 0.319856488436
31.36 0.314797603352
31.43 0.119396121539
31.5 0.0955339631252
31.57 0.173760451885
31.64 0.447933644462
31.71 0.476736990137
31.78 0.341800883069
31.85 0.24469506798
31.92 0.262126303633
31.99 0.296276763858
32.06 0.537447209105
32.13 0.565042870205
32.2 0.485940592651
32.27 0.424496645539
32.34 0.40073354239
32.41 0.449383315672
32.48 0.445805012841
32.55 0.322066194715
32.62 0.254918585222
32.69 0.234583559861
32.76 0.241313482528
32.83 0.338359932894
32.9 0.354015413479
32.97 0.341990142814
33.04 0.231428558987
33.11 0.199607190327
33.18 0.355820754672
33.25 0.379258530622
33.32 0.483344413295
33.39 0.37768626723
33.46 0.358068891749
33.53 0.34838370408
33.6 0.457226683593
33.67 0.423578795403
33.74 0.454678280757
33.81 0.421459494227
33.88 0.31349225768
33.95 0.215926368785
34.02 0.372109440642
34.09 0.405324044664
34.16 0.406157056191
34.23 0.326652506334
34.3 0.304428713671
34.37 0.293657145351
34.44 0.240529882028
34.51 0.450980370631
34.58 0.485527493895
34.65 0.426190799445
34.72 0.356980941766
34.79 0.359313801356
34.86 0.234337786871
34.93 0.436082634766
35.0 0.46331092973
35.07 0.381316975141
35.14 0.311148279362
35.21 0.267755978298
35.28 0.287698079113
35.35 0.453925883577
35.42 0.413266602277
35.49 0.412426795066
35.56 0.308941538621
35.63 0.369659589989
35.7 0.407189601951
35.77 0.491977876977
35.84 0.415976533213
35.91 0.326307637344
35.98 0.384313754612
36.05 0.405847793
36.12 0.307353696992
36.19 0.314969877451
36.26 0.276657079698
36.33 0.235597587306
36.4 0.22379780951
36.47 0.30026576002
36.54 0.356707189663
36.61 0.287699257384
36.68 0.218826379265
36.75 0.24607718054
36.82 0.266580412571
36.89 0.19149844041
36.96 0.285399370049
37.03 0.331409527813
37.1 0.271408712861
37.17 0.163837260486
37.24 0.384908272566
37.31 0.414027661841
37.38 0.347189843064
37.45 0.277544595196
37.52 0.211040553158
37.59 0.17346276264
37.66 0.336940227666
37.73 0.24419853395
37.8 0.403194687953
37.87 0.331851964208
37.94 0.244677502874
38.01 0.166002589615
38.08 0.213881343526
38.15 0.451085588144
38.22 0.480247712932
38.29 0.392355341012
38.36 0.338822060783
38.43 0.271966106604
38.5 0.261229360944
38.57 0.383715857656
38.64 0.463760045712
38.71 0.345831499612
38.78 0.264320649609
38.85 0.297261743904
38.92 0.363353141385
38.99 0.454782649955
39.06 0.289624496112
39.13 0.205250213984
39.2 0.194326591601
39.27 0.332507725806
39.34 0.395983034502
39.41 0.4172541727
39.48 0.32824721697
39.55 0.290669854174
39.62 0.320904636874
39.69 0.39624471976
39.76 0.422204684295
39.83 0.397658868679
39.9 0.296726935906
39.97 0.314110525393
40.04 0.339612973288
40.11 0.467389463329
40.18 0.331240914808
40.25 0.427112511297
40.32 0.395244528096
40.39 0.322079179125
40.46 0.317526593365
40.53 0.464528251284
40.6 0.38430378564
40.67 0.36101768695
40.74 0.36049968638
40.81 0.279010131828
40.88 0.218680345895
40.95 0.214402310652
41.02 0.320670794266
41.09 0.337144064575
41.16 0.290224615184
41.23 0.260103450656
41.3 0.244148848977
41.37 0.167318475572
41.44 0.714015709258
41.51 0.606904391794
41.58 0.520304981982
41.65 0.167432915581
41.72 0.0883080146025
41.79 0.0784024015493
41.86 0.175932475877
41.93 0.114960360846
42.0 0.36827536428
42.07 0.416907571436
42.14 0.435145615568
42.21 0.435227524282
42.28 0.438548211323
42.35 0.0922987705334
42.42 0.0736655929778
42.49 0.169721508007
42.56 0.285343427099
42.63 0.103163246128
42.7 0.16471245658
42.77 0.0950700316761
42.84 0.0306828935363
42.91 0.179278078728
42.98 0.173658070574
43.05 0.126913504385
43.12 0.410453518095
43.19 0.103886108102
43.26 0.0557221829359
43.33 0.334951849061
43.4 0.481511778363
43.47 0.333589258944
43.54 0.303907887083
43.61 0.26430943006
43.68 0.213556121222
43.75 0.289457703979
43.82 0.235751070163
43.89 0.382754931867
43.96 0.346990685634
44.03 0.27229706038
44.1 0.0865846442458
44.17 0.215940589514
44.24 0.152572823304
44.31 0.68834011349
44.38 0.354279360569
44.45 0.250613044416
44.52 0.0967673252635
44.59 0.0664910739217
44.66 0.133305686757
44.73 0.308445671633
44.8 0.327196040874
44.87 0.245659034667
44.94 0.132991409038
45.01 0.485746814331
45.08 0.377471907348
45.15 0.320995149925
45.22 0.25268333479
45.29 0.220804607626
45.36 0.196500152336
45.43 0.213188062584
45.5 0.266716707124
45.57 0.400553766866
45.64 0.413209246828
45.71 0.249578624828
45.78 0.236579838079
45.85 0.238323643351
45.92 0.274371218581
45.99 0.211609675643
46.06 0.17538593812
46.13 0.167238718705
46.2 0.220424041182
46.27 0.211078014455
46.34 0.467975467583
46.41 0.589992375717
46.48 0.492915443048
46.55 0.359919595888
46.62 0.33953168477
46.69 0.281837380729
46.76 0.401219072769
46.83 0.391663868721
46.9 0.308041527537
46.97 0.216809844349
47.04 0.294856405845
47.11 0.310709561091
47.18 0.389388986814
47.25 0.37420820812
47.32 0.258261302988
47.39 0.244983443074
47.46 0.531643610557
47.53 0.4079160242
47.6 0.372809247396
47.67 0.325019210104
47.74 0.207698982094
47.81 0.295253983394
47.88 0.343475954475
47.95 0.203930367527
48.02 0.322627323894
48.09 0.199419859403
48.16 0.181680433937
48.23 0.334405634132
48.3 0.415359393871
48.37 0.335892990683
48.44 0.393595152583
48.51 0.32905855217
48.58 0.266382230754
48.65 0.260020954333
48.72 0.182600932892
48.79 0.36412637167
48.86 0.532155809387
48.93 0.376062225066
49.0 0.263134781897
49.07 0.36983816891
49.14 0.258566641323
49.21 0.348689082132
49.28 0.25237688336
49.35 0.24758404324
49.42 0.101305865455
49.49 0.332366674375
49.56 0.252788980025
49.63 0.474015898719
49.7 0.450282442797
49.77 0.339697171332
49.84 0.305690773902
49.91 0.518569129279
49.98 0.606315765198
50.05 0.609845115274
50.12 0.467670300337
50.19 0.349200936748
50.26 0.369666234951
50.33 0.454333237623
50.4 0.476045333519
50.47 0.416939311445
50.54 0.347317310255
50.61 0.294238620847
50.68 0.367988324288
50.75 0.371710662418
50.82 0.401264537554
50.89 0.361517743574
50.96 0.278580169633
51.03 0.204925885822
51.1 0.325874296147
51.17 0.435898422138
51.24 0.502205275285
51.31 0.41897528937
51.38 0.292928635413
51.45 0.277365887958
51.52 0.438693452389
51.59 0.502799740282
51.66 0.455282898036
51.73 0.321191363203
51.8 0.25896070748
51.87 0.274066675604
51.94 0.245883348246
52.01 0.381756435814
52.08 0.455337597537
52.15 0.310657181471
52.22 0.318342973645
52.29 0.325347189177
52.36 0.299515334434
52.43 0.516223198716
52.5 0.452163981601
52.57 0.343015515069
52.64 0.287975894572
52.71 0.461589279426
52.78 0.455355007849
52.85 0.513427992284
52.92 0.530285193782
52.99 0.41679148368
53.06 0.289745201226
53.13 0.302848046566
53.2 0.31254088027
53.27 0.503369847545
53.34 0.450347349573
53.41 0.401390118696
53.48 0.369529401672
53.55 0.387576044395
53.62 0.38959213224
53.69 0.35017495897
53.76 0.348132138516
53.83 0.296224772243
53.9 0.278444561471
53.97 0.272526672616
54.04 0.418539216864
54.11 0.347429380481
54.18 0.32663611237
54.25 0.301825880188
54.32 0.41928599154
54.39 0.379730700807
54.46 0.361948143675
54.53 0.41464316362
54.6 0.350974510436
54.67 0.271186012404
54.74 0.4384037371
54.81 0.551570552708
54.88 0.397827998005
54.95 0.315543472683
55.02 0.270639750629
55.09 0.267188494396
55.16 0.363738661254
55.23 0.360970138549
55.3 0.344646364119
55.37 0.320256520293
55.44 0.294317013078
55.51 0.231633359288
55.58 0.316397043369
55.65 0.388865358648
55.72 0.309754287339
55.79 0.231392711831
55.86 0.17741123624
55.93 0.20760799244
56.0 0.590970185313
56.07 0.444749854859
56.14 0.349521589559
56.21 0.347687204022
56.28 0.340944124838
56.35 0.490329692975
56.42 0.42375644454
56.49 0.438767027659
56.56 0.37739987595
56.63 0.239911272138
56.7 0.242655137703
56.77 0.324108703543
56.84 0.362135809647
56.91 0.539606267018
56.98 0.483504392431
57.05 0.333208578441
57.12 0.240303452245
57.19 0.292100032475
57.26 0.305930134121
57.33 0.406152459201
57.4 0.314958458299
57.47 0.198499164918
57.54 0.170218955529
57.61 0.19663137024
57.68 0.324227022581
57.75 0.474632683663
57.82 0.436789916467
57.89 0.402750562058
57.96 0.302615975947
58.03 0.418860983788
58.1 0.526263039001
58.17 0.398911036316
58.24 0.353261668975
58.31 0.316264452682
58.38 0.328297524177
58.45 0.258293465627
58.52 0.261121446747
58.59 0.259315282699
58.66 0.226809886144
58.73 0.193896158912
58.8 0.386362264784
58.87 0.41004330035
58.94 0.459428460725
59.01 0.337013710262
59.08 0.259854297646
59.15 0.224354578983
59.22 0.253439083476
59.29 0.344414435057
59.36 0.533206666729
59.43 0.439604087267
59.5 0.274778093985
59.57 0.222147501156
59.64 0.402492904514
59.71 0.313754870686
59.78 0.456152483846
59.85 0.432318404347
59.92 0.330098981249
59.99 0.350599466695
60.06 0.544019416506
60.13 0.411232358662
60.2 0.415264536389
60.27 0.43555127502
60.34 0.33897503954
60.41 0.344578219898
60.48 0.434308494857
60.55 0.484879914003
60.62 0.352354331629
60.69 0.377445028091
60.76 0.226525565241
60.83 0.308559364147
60.9 0.307640985469
60.97 0.268378486567
61.04 0.312540112407
61.11 0.311429373002
61.18 0.164436715571
61.25 0.283272423855
61.32 0.345041038252
61.39 0.441235234704
61.46 0.374982887566
61.53 0.324708443776
61.6 0.296190431279
61.67 0.301093851728
61.74 0.236913005824
61.81 0.343930546314
61.88 0.300857394925
61.95 0.267219917687
62.02 0.246767203668
62.09 0.443368513216
62.16 0.48299390958
62.23 0.456880446912
62.3 0.401856216251
62.37 0.32022562147
62.44 0.245793455392
62.51 0.486746501895
62.58 0.500883663966
62.65 0.371143385247
62.72 0.146543974262
62.79 0.101200210037
62.86 0.179926210585
62.93 0.219129982272
63.0 0.512505834379
63.07 0.480239101468
63.14 0.47311884197
63.21 0.27114856842
63.28 0.344777608501
63.35 0.360898184549
63.42 0.46494297742
63.49 0.139891440717
63.56 0.109348963139
63.63 0.113524797325
63.7 0.469714371368
63.77 0.482971905333
63.84 0.45849572078
63.91 0.350228016834
63.98 0.262322714478
64.05 0.186720358727
64.12 0.16969324171
64.19 0.29716437814
64.26 0.481363711278
64.33 0.428799883777
64.4 0.280828266993
64.47 0.246819275736
64.54 0.328114899211
64.61 0.471237279744
64.68 0.425322767691
64.75 0.336394078931
64.82 0.296514490588
64.89 0.451177879295
64.96 0.509660476554
65.03 0.400310724167
65.1 0.239952766239
65.17 0.246630197264
65.24 0.262393826274
65.31 0.267564751034
65.38 0.280614322611
65.45 0.481763673884
65.52 0.363784156591
65.59 0.292426579698
65.66 0.311226455695
65.73 0.301731333314
65.8 0.514398920652
65.87 0.596351631662
65.94 0.413898594767
66.01 0.225546040684
66.08 0.191871103167
66.15 0.13274922891
66.22 0.218805837419
66.29 0.198882263067
66.36 0.132839669656
66.43 0.104982198038
66.5 0.218873797313
66.57 0.524258084142
66.64 0.57818502521
66.71 0.415862355948
66.78 0.3225446962
66.85 0.265208488954
66.92 0.250709446788
66.99 0.331907320567
67.06 0.342510659814
67.13 0.201436723258
67.2 0.139514785891
67.27 0.177033383792
67.34 0.111724960504
67.41 0.153343631868
67.48 0.251836765502
67.55 0.156941104781
67.62 0.148280106003
67.69 0.193844367918
67.76 0.226871391513
67.83 0.366068826197
67.9 0.317665611081
67.97 0.258994934385
68.04 0.227065060865
68.11 0.148132772155
68.18 0.06788016853
68.25 0.357587017372
68.32 0.389844061368
68.39 0.250383657242
68.46 0.176535163317
68.53 0.131018754299
68.6 0.170086502324
68.67 0.449583055618
68.74 0.352915176679
68.81 0.295601332152
68.88 0.341890783052
68.95 0.527304393791
69.02 0.345916010301
69.09 0.194193024283
69.16 0.0968213444835
69.23 0.0522620922122
69.3 0.0430277171555
69.37 0.0450464405813
69.44 0.0399036059383
69.51 0.360992467661
69.58 0.362223598518
69.65 0.309195902708
69.72 0.172398484001
69.79 0.209093565798
69.86 0.271658564483
69.93 0.240908963666
70.0 0.279284185373
70.07 0.257746114179
70.14 0.160513088532
70.21 0.180847417318
70.28 0.217764333945
70.35 0.230481085046
70.42 0.253861265209
70.49 0.236451402404
70.56 0.206400004385
70.63 0.331148384337
70.7 0.262716276534
70.77 0.0913485693577
70.84 0.0565025541363
70.91 0.0580444503024
70.98 0.044839903933
71.05 0.436696611005
71.12 0.469262140146
71.19 0.419635783403
71.26 0.314598328808
71.33 0.253178146731
71.4 0.21203918262
71.47 0.128154515614
71.54 0.142674497815
71.61 0.29361112962
71.68 0.289262667954
71.75 0.238886423333
71.82 0.116380627205
71.89 0.0487135812193
71.96 0.0763573111144
72.03 0.319276263518
72.1 0.320853297025
72.17 0.238917734602
72.24 0.214504600308
72.31 0.517213239117
72.38 0.48573291032
72.45 0.300511472925
72.52 0.117915441521
72.59 0.0674392373087
72.66 0.083486892909
72.73 0.0937361742764
72.8 0.128979806763
72.87 0.30855542096
72.94 0.345342136032
73.01 0.257082310394
73.08 0.15061215394
73.15 0.2837821918
73.22 0.246149535784
73.29 0.268604681103
73.36 0.24547021181
73.43 0.154774346858
73.5 0.184721367531
73.57 0.222570812279
73.64 0.213464841327
73.71 0.299692426513
73.78 0.264548604933
73.85 0.202142004851
73.92 0.190021461203
73.99 0.356502678583
74.06 0.210888642688
74.13 0.0630874007149
74.2 0.0583535505522
74.27 0.228287517117
74.34 0.610238876934
74.41 0.605672343372
74.48 0.468140717881
74.55 0.341219321011
74.62 0.226921087688
74.69 0.180916967929
74.76 0.148989495761
74.83 0.362620543649
74.9 0.512826154178
74.97 0.388609881467
75.04 0.281554367432
75.11 0.095952862603
75.18 0.0801048125218
75.25 0.429922491442
75.32 0.477069569256
75.39 0.380936365925
75.46 0.261714617377
75.53 0.355871802244
75.6 0.359838205531
75.67 0.262581763137
75.74 0.174521614305
75.81 0.103327930203
75.88 0.0375958688906
75.95 0.0389106346246
76.02 0.161847062028
76.09 0.356350700899
76.16 0.335451547214
76.23 0.252150791681
76.3 0.18906768957
76.37 0.303136529609
76.44 0.24594802283
76.51 0.32655992698
76.58 0.327028277202
76.65 0.240149931708
76.72 0.196777145959
76.79 0.34824489106
76.86 0.239351563605
76.93 0.306630067155
77.0 0.252400165681
77.07 0.24376634251
77.14 0.29199566735
77.21 0.333642174234
77.28 0.120183111224
77.35 0.0548881051596
77.42 0.0434772791906
77.49 0.0941741063535
77.56 0.488093071796
77.63 0.456839441635
77.7 0.400385952275
77.77 0.315578332006
77.84 0.245271673558
77.91 0.152976303413
77.98 0.0850016847552
78.05 0.249090308147
78.12 0.345786686594
78.19 0.307568956109
78.26 0.203053478877
78.33 0.0671331657362
78.4 0.0428841126337
78.47 0.371328577562
78.54 0.358737421859
78.61 0.30762568016
78.68 0.167393915505
78.75 0.325402432496
78.82 0.418078637939
78.89 0.267123538738
78.96 0.121867561957
79.03 0.0453620157237
79.1 0.0412401793712
79.17 0.0504956849006
79.24 0.0554341551108
79.31 0.361926210715
79.38 0.360304938558
79.45 0.305379647066
79.52 0.184111912923
79.59 0.280303408618
79.66 0.265014204497
79.73 0.261654632457
79.8 0.271837285979
79.87 0.196368709369
79.94 0.169117963088
80.01 0.329720185777
80.08 0.247288701373
80.15 0.292690308855
80.22 0.272991713087
80.29 0.20653072939
80.36 0.189574059163
80.43 0.483862340542
80.5 0.288977559839
80.57 0.0699625338968
80.64 0.0619273113856
80.71 0.214020504834
80.78 0.688685466213
80.85 0.611012264049
80.92 0.45464875268
80.99 0.274017071084
81.06 0.208415910957
81.13 0.189188784725
81.2 0.173037434097
81.27 0.389891582273
81.34 0.539614687026
81.41 0.414612968501
81.48 0.292923569965
81.55 0.0770049897897
81.62 0.0706509479766
81.69 0.433676323131
81.76 0.446534390444
81.83 0.385065593717
81.9 0.28920580744
81.97 0.387978376784
82.04 0.343351004732
82.11 0.204330894319
82.18 0.0837217335347
82.25 0.0614187196757
82.32 0.1556505593
82.39 0.661859833595
82.46 0.53456871812
82.53 0.472228960763
82.6 0.32957012673
82.67 0.272774254258
82.74 0.266010378632
82.81 0.262162298455
82.88 0.263436785021
82.95 0.456727075058
83.02 0.40894527752
83.09 0.291086436826
83.16 0.360058140054
83.23 0.172267399506
83.3 0.555863498128
83.37 0.50476824612
83.44 0.377054291035
83.51 0.239789304226
83.58 0.223030963482
83.65 0.191106888647
83.72 0.314816292756
83.79 0.499695817532
83.86 0.536593848207
83.93 0.528070387431
84.0 0.478236421681
84.07 0.369465838147
84.14 0.507883971954
84.21 0.523942560937
84.28 0.446600111927
84.35 0.350216019239
84.42 0.33083351188
84.49 0.481719843607
84.56 0.593985304882
84.63 0.432806069261
84.7 0.296862052188
84.77 0.26897608921
84.84 0.374581170282
84.91 0.450159389287
84.98 0.39547737065
85.05 0.295035068275
85.12 0.257925451798
85.19 0.257731006436
85.26 0.383229996302
85.33 0.386923633284
85.4 0.460636005782
85.47 0.407366885487
85.54 0.425970727441
85.61 0.429284933478
85.68 0.399022543376
85.75 0.230808557982
85.82 0.314803290015
85.89 0.288332809021
85.96 0.25586010772
86.03 0.26691150281
86.1 0.256598915569
86.17 0.302209110727
86.24 0.453194373476
86.31 0.409127245627
86.38 0.405168896747
86.45 0.28654275277
86.52 0.400609142575
86.59 0.408689221895
86.66 0.225421958605
86.73 0.199342219759
86.8 0.154072060336
86.87 0.241018811777
86.94 0.393023362948
87.01 0.451205686301
87.08 0.390400062979
87.15 0.296389193575
87.22 0.268968388181
87.29 0.27954296314
87.36 0.246020768115
87.43 0.328258886645
87.5 0.239993821417
87.57 0.197699435235
87.64 0.205662192517
87.71 0.315361374223
87.78 0.360431773332
87.85 0.404427619315
87.92 0.437032938799
87.99 0.407678261827
88.06 0.217476848919
88.13 0.414336496292
88.2 0.326545975104
88.27 0.291061136066
88.34 0.329227454397
88.41 0.314261776969
88.48 0.223439134273
88.55 0.182380499361
88.62 0.369711814814
88.69 0.45803165796
88.76 0.380686429777
88.83 0.243268261553
88.9 0.284840318375
88.97 0.278804033085
89.04 0.419966707646
89.11 0.319165281945
89.18 0.225288901498
89.25 0.161386756029
89.32 0.314348808161
89.39 0.312574362736
89.46 0.336694210264
89.53 0.319800327553
89.6 0.313863483496
89.67 0.289252475956
89.74 0.417144232935
89.81 0.35309209156
89.88 0.353556334635
89.95 0.299874001524
90.02 0.293214647853
90.09 0.283357171828
90.16 0.30171165404
90.23 0.27765497694
90.3 0.518718476474
90.37 0.515679440131
90.44 0.454523527973
90.51 0.356660388757
90.58 0.317434424421
90.65 0.306400661651
90.72 0.30931533484
90.79 0.291351172146
90.86 0.286008983525
90.93 0.335518046744
91.0 0.430473907265
91.07 0.433813913071
91.14 0.396965201768
91.21 0.326617744776
91.28 0.254716601774
91.35 0.325947161602
91.42 0.345121679077
91.49 0.507237689485
91.56 0.409596227248
91.63 0.347483467933
91.7 0.205464800967
91.77 0.375657680745
91.84 0.326179975641
91.91 0.423378017723
91.98 0.415202289636
92.05 0.282737317471
92.12 0.205134130302
92.19 0.285766465294
92.26 0.298728509727
92.33 0.350073385239
92.4 0.288003940898
92.47 0.243957763268
92.54 0.234256904689
92.61 0.187711617117
92.68 0.382503335751
92.75 0.560028213586
92.82 0.532486888424
92.89 0.438660279513
92.96 0.37986043085
93.03 0.347558123709
93.1 0.415420323852
93.17 0.448113268247
93.24 0.398987492597
93.31 0.304457549246
93.38 0.360030712906
93.45 0.387301995942
93.52 0.561302172628
93.59 0.493605827703
93.66 0.318526178072
93.73 0.288782787576
93.8 0.207573005819
93.87 0.243848879568
93.94 0.549464651443
94.01 0.506457155343
94.08 0.341830794059
94.15 0.324300440001
94.22 0.61081950717
94.29 0.417274046485
94.36 0.457958691685
94.43 0.475201214466
94.5 0.329150707876
94.57 0.354892694207
94.64 0.429938966877
94.71 0.32976994
94.78 0.356872432832
94.85 0.342742868932
94.92 0.3068788953
94.99 0.497042953842
95.06 0.307642275763
95.13 0.721419047229
95.2 0.33258257202
95.27 0.195677994758
95.34 0.171860021019
95.41 0.119155364096
95.48 0.0719822838548
95.55 0.148974174157
95.62 0.14214879418
95.69 0.0662535223548
95.76 0.0440104699929
95.83 0.11038237758
95.9 0.0573200648236
95.97 0.159714555451
96.04 0.0744807430483
96.11 0.0454624936726
96.18 0.0646363665104
96.25 0.062744878084
96.32 0.0988636119548
96.39 0.116933843532
96.46 0.0428377720375
96.53 0.0777664882772
96.6 0.104006761279
96.67 0.0916210474605
96.74 0.567116908236
96.81 0.372797025757
96.88 0.249620360287
96.95 0.316609678107
97.02 0.469452501783
97.09 0.270930247019
97.16 0.227214232898
97.23 0.16073682265
97.3 0.117298171825
97.37 0.10231315119
97.44 0.142225425623
97.51 0.124259949212
97.58 0.180436771851
97.65 0.139062419223
97.72 0.0988221728461
97.79 0.108260604783
97.86 0.143120522998
97.93 0.180970476938
98.0 0.176595705293
98.07 0.159822582689
98.14 0.140679897895
98.21 0.162535674693
98.28 0.184028348314
98.35 0.160324462223
98.42 0.13752855506
98.49 0.113161916157
98.56 0.163217041547
98.63 0.51598127013
98.7 0.396822776537
98.77 0.369073726271
98.84 0.385026311548
98.91 0.381900186983
98.98 0.27102393845
99.05 0.223109111301
99.12 0.24707575399
99.19 0.267884580989
99.26 0.238660859178
99.33 0.207921004307
99.4 0.378563952257
99.47 0.333871136741
99.54 0.360291263683
99.61 0.341651177402
99.68 0.214160245603
99.75 0.25418212577
99.82 0.434383683248
99.89 0.314663574706
99.96 0.380809839722
100.03 0.312517370849
100.1 0.221580620138
100.17 0.254842727752
100.24 0.322374174741
100.31 0.291793676773
100.38 0.315175500608
100.45 0.307886908162
100.52 0.281284441403
100.59 0.321890769732
100.66 0.271421162619
100.73 0.356529926495
100.8 0.348235882426
100.87 0.280999103133
100.94 0.234787490462
101.01 0.400432075955
101.08 0.33514217811
101.15 0.35579657108
101.22 0.319591073853
101.29 0.255921458295
101.36 0.248676917115
101.43 0.374394925975
101.5 0.343453749606
101.57 0.372686151114
101.64 0.302763932029
101.71 0.218295627495
101.78 0.373274450808
101.85 0.379600180497
101.92 0.338831449275
101.99 0.3575789151
102.06 0.370469551387
102.13 0.342408270356
102.2 0.532404055016
102.27 0.543888528559
102.34 0.542937388433
102.41 0.424953045012
102.48 0.384416889528
102.55 0.344352794242
102.62 0.497801401248
102.69 0.44529214595
102.76 0.305696405572
102.83 0.289396721042
102.9 0.263402899275
102.97 0.398067313415
103.04 0.388104585251
103.11 0.419827958785
103.18 0.392430073167
103.25 0.336595786397
103.32 0.281236443894
103.39 0.400670869952
103.46 0.322415201404
103.53 0.291333498073
103.6 0.207096185688
103.67 0.176151296287
103.74 0.197766310549
103.81 0.237275803485
103.88 0.495474746679
103.95 0.530905618434
104.02 0.426408624893
104.09 0.308344448226
104.16 0.25075347565
104.23 0.189016694953
104.3 0.538397729035
104.37 0.470463096251
104.44 0.326659787788
104.51 0.237683285847
104.58 0.429641086176
104.65 0.339700690871
104.72 0.220334508836
104.79 0.1441468617
104.86 0.10430227729
104.93 0.226635453068
105.0 0.282704234212
105.07 0.187725078131
105.14 0.133242065184
105.21 0.0798303516232
105.28 0.0671672123873
105.35 0.538439911565
105.42 0.528658662684
105.49 0.293489074127
105.56 0.118329392665
105.63 0.0833038249457
105.7 0.113714328979
105.77 0.275293363247
105.84 0.187456244829
105.91 0.159629909317
105.98 0.123236610673
106.05 0.098404761229
106.12 0.55697155918
106.19 0.749420321954
106.26 0.279030781623
106.33 0.190648874015
106.4 0.117328267142
106.47 0.111177926793
106.54 0.389043752224
106.61 0.473674757018
106.68 0.272113879376
106.75 0.238903288809
106.82 0.220631666484
106.89 0.144251565947
106.96 0.150729982116
107.03 0.161483130905
107.1 0.268550862505
107.17 0.227817667832
107.24 0.190576962787
107.31 0.225754890085
107.38 0.24785961927
107.45 0.203278053162
107.52 0.197798115734
107.59 0.174885132982
107.66 0.219723786338
107.73 0.182741647237
107.8 0.146203101415
107.87 0.386715869482
107.94 0.183529238788
108.01 0.207903121464
108.08 0.152961350464
108.15 0.0538447757204
108.22 0.0351930900338
108.29 0.0451807258608
108.36 0.0496577942905
108.43 0.0417140482222
108.5 0.0944498198658
108.57 0.255653976389
108.64 0.207892906043
108.71 0.0722405565036
108.78 0.121211794249
108.85 0.1751008076
108.92 0.0751539169949
108.99 0.450734378688
109.06 0.165887094559
109.13 0.116329306705
109.2 0.162066768432
109.27 0.0894019689841
109.34 0.046495782853
109.41 0.233228418213
109.48 0.399309485603
109.55 0.379265111427
109.62 0.242825014523
109.69 0.114205815892
109.76 0.243483928023
109.83 0.508835287243
109.9 0.543867087479
109.97 0.46020164009
110.04 0.373331205411
110.11 0.338534471882
110.18 0.259454116086
110.25 0.262141244361
110.32 0.244596284624
110.39 0.344989682109
110.46 0.424973550196
110.53 0.38337905835
110.6 0.134122851194
110.67 0.128950139168
110.74 0.150026765809
110.81 0.319647215387
110.88 0.235761716361
110.95 0.199926966308
111.02 0.19088780753
111.09 0.146350656253
111.16 0.227193494504
111.23 0.508064379895
111.3 0.508318170631
111.37 0.474858143944
111.44 0.325537374634
111.51 0.395386211943
111.58 0.304194093017
111.65 0.383416849603
111.72 0.369319905597
111.79 0.342499073646
111.86 0.28470612475
111.93 0.43677207436
112.0 0.440849350253
112.07 0.341210073056
112.14 0.238395374325
112.21 0.159535175061
112.28 0.314495360908
112.35 0.43592546841
112.42 0.336745239505
112.49 0.32550034717
112.56 0.297988201797
112.63 0.163470284392
112.7 0.278053566764
112.77 0.259465859085
112.84 0.283783660311
112.91 0.22916669917
112.98 0.169630520389
113.05 0.122445615679
113.12 0.449007920588
113.19 0.446051655532
113.26 0.396660654718
113.33 0.224939526153
113.4 0.143422229772
113.47 0.170082422673
113.54 0.184448044169
113.61 0.187329599475
113.68 0.283321229962
113.75 0.320698272333
113.82 0.285448047839
113.89 0.298058533509
113.96 0.358600439896
114.03 0.353647085987
114.1 0.378199214573
114.17 0.301010699565
114.24 0.255510618317
114.31 0.29265810548
114.38 0.408461840941
114.45 0.35807475561
114.52 0.338619936797
114.59 0.163027127999
114.66 0.0545217553722
114.73 0.171630210197
114.8 0.369642337526
114.87 0.322840236652
114.94 0.273528547671
115.01 0.271396070628
115.08 0.207079538146
115.15 0.268248258534
115.22 0.270845220009
115.29 0.250285129501
115.36 0.297019664597
115.43 0.250919110897
115.5 0.100720716645
115.57 0.355045166826
115.64 0.362397154764
115.71 0.396742455484
115.78 0.349197724761
115.85 0.259211440006
115.92 0.138555531271
115.99 0.172992079298
116.06 0.1393431493
116.13 0.294315591412
116.2 0.303260797034
116.27 0.266920317952
116.34 0.152144390723
116.41 0.206602346305
116.48 0.193888323457
116.55 0.435277993412
116.62 0.381845357129
116.69 0.336404464423
116.76 0.210507734067
116.83 0.244913400583
116.9 0.289251468773
116.97 0.42640011934
117.04 0.326271266738
117.11 0.247619758006
117.18 0.251615003997
117.25 0.297106895392
117.32 0.374290158588
117.39 0.399060720597
117.46 0.346457739244
117.53 0.21106103492
117.6 0.251986362202
117.67 0.298536090951
117.74 0.283034445585
117.81 0.343364049227
117.88 0.264866195459
117.95 0.220883103732
118.02 0.256446706711
118.09 0.313361421671
118.16 0.404436360114
118.23 0.443795769562
118.3 0.316303764384
118.37 0.212232646258
118.44 0.193754864087
118.51 0.249516902543
118.58 0.318272110335
118.65 0.322927953217
118.72 0.287995731695
118.79 0.163817963107
118.86 0.408976990032
118.93 0.394323481249
119.0 0.358074983729
119.07 0.320377117458
119.14 0.297634455543
119.21 0.289565295348
119.28 0.290722220555
119.35 0.310532499563
119.42 0.494025953317
119.49 0.328260899993
119.56 0.229999712734
119.63 0.168174722574
119.7 0.296811297911
119.77 0.31923415533
119.84 0.432259310514
119.91 0.357858389509
119.98 0.321766037923
120.05 0.280178825493
120.12 0.255941087668
120.19 0.336733841739
120.26 0.387074416402
120.33 0.280420939425
120.4 0.242919246716
120.47 0.157537507765
120.54 0.247571873538
120.61 0.259473913493
120.68 0.487254682177
120.75 0.462288119732
120.82 0.415065261845
120.89 0.271958070527
120.96 0.416943544872
121.03 0.378871312087
121.1 0.439196615088
121.17 0.381267448018
121.24 0.319448256543
121.31 0.1664675201
121.38 0.231293674897
121.45 0.267035388341
121.52 0.360547403833
121.59 0.280588860947
121.66 0.219791144367
121.73 0.331964454009
121.8 0.486011367361
121.87 0.384602052309
121.94 0.400130881429
122.01 0.300829341471
122.08 0.269421143872
122.15 0.346039437558
122.22 0.405658628983
122.29 0.349282412649
122.36 0.328018464251
122.43 0.311207890534
122.5 0.137510041837
122.57 0.0594273470189
122.64 0.0261520594645
122.71 0.0369116587046
122.78 0.131996571024
122.85 0.154193657555
122.92 0.166561267541
122.99 0.299783473197
123.06 0.486550048278
123.13 0.427491625524
123.2 0.282036131823
123.27 0.184595098979
123.34 0.199921660521
123.41 0.115095546378
123.48 0.0783792689314
123.55 0.339723054608
123.62 0.487334190558
123.69 0.392133937978
123.76 0.221693030505
123.83 0.195590803679
123.9 0.217804481741
123.97 0.14322370476
124.04 0.0539005027722
124.11 0.0406967089895
124.18 0.0388509480915
124.25 0.0375821257835
124.32 0.0397852655145
124.39 0.443917777191
124.46 0.462145683298
124.53 0.468261577789
124.6 0.42539646924
124.67 0.303146002627
124.74 0.263348303649
124.81 0.26250474267
124.88 0.200746931303
124.95 0.154743075306
125.02 0.1506686071
125.09 0.600931229068
125.16 0.377384816071
125.23 0.288487534308
125.3 0.238410204049
125.37 0.212742433552
125.44 0.174318557479
125.51 0.253740317719
125.58 0.5065212912
125.65 0.317682925664
125.72 0.0995876715504
125.79 0.0621372290724
125.86 0.0671829841176
125.93 0.195479495205
126.0 0.30543472337
126.07 0.191027823263
126.14 0.167789645703
126.21 0.110555723021
126.28 0.286151075745
126.35 0.544334829725
126.42 0.397844627215
126.49 0.257138141321
126.56 0.186569557278
126.63 0.131370466837
126.7 0.175647387112
126.77 0.083195509505
126.84 0.407292043346
126.91 0.469325111989
126.98 0.403926438393
127.05 0.349634362471
127.12 0.337901807258
127.19 0.351852155746
127.26 0.388098074715
127.33 0.22852222739
127.4 0.195676746218
127.47 0.2865648945
127.54 0.631691043269
127.61 0.398367982454
127.68 0.27866258754
127.75 0.238705022466
127.82 0.119465942022
127.89 0.0737009227942
127.96 0.0686349242897
128.03 0.0625535805506
128.1 0.105121218808
128.17 0.0779603938949
128.24 0.0532382489692
128.31 0.181408024066
128.38 0.497810743913
128.45 0.504426704194
128.52 0.297686998105
128.59 0.0826302253142
128.66 0.0731111892136
128.73 0.47697032559
128.8 0.217438276564
128.87 0.346844784654
128.94 0.156970993365
129.01 0.161760827213
129.08 0.261367290005
129.15 0.29779261177
129.22 0.389383058795
129.29 0.356970325101
129.36 0.367917305165
129.43 0.358216335582
129.5 0.290441392713
129.57 0.284458599119
129.64 0.280745583287
129.71 0.332809273711
129.78 0.313266698617
129.85 0.288670926118
129.92 0.272114991452
129.99 0.24377576359
130.06 0.253785984144
130.13 0.320136324372
130.2 0.28260300164
130.27 0.226373462295
130.34 0.338999062226
130.41 0.354233435474
130.48 0.413132162203
130.55 0.26143086677
130.62 0.210463586054
130.69 0.210302546779
130.76 0.203713425019
130.83 0.207767031606
130.9 0.349902273117
130.97 0.327035388585
131.04 0.28476280501
131.11 0.231594113781
131.18 0.196182557736
131.25 0.310975301558
131.32 0.318423542165
131.39 0.267870477374
131.46 0.193125947121
131.53 0.276876315608
131.6 0.35790689621
131.67 0.350539144689
131.74 0.258056136068
131.81 0.211404328468
131.88 0.172596536483
131.95 0.255497771388
132.02 0.259310372046
132.09 0.336530989608
132.16 0.254567957264
132.23 0.15400775339
132.3 0.157696380935
132.37 0.206298946975
132.44 0.506480624028
132.51 0.341559558386
132.58 0.280830085829
132.65 0.11136615695
132.72 0.167424936534
132.79 0.152997624323
132.86 0.0935966585709
132.93 0.121532239309
133.0 0.0859679397538
133.07 0.0680000243109
133.14 0.165547478399
133.21 0.127674603666
133.28 0.0896389054464
133.35 0.135200615289
133.42 0.0696883734218
133.49 0.122307961581
133.56 0.184516016283
133.63 0.126500968796
133.7 0.0604343995436
133.77 0.0446327460699
133.84 0.0344823712832
133.91 0.0251282443209
133.98 0.0275353340019
134.05 0.105308011006
134.12 0.114162103748
134.19 0.100932888018
134.26 0.0288530652734
134.33 0.360009670015
134.4 0.425924551823
134.47 0.573015649414
134.54 0.376925419491
134.61 0.315288251116
134.68 0.24045317828
134.75 0.110074729548
134.82 0.102023624302
134.89 0.569012393824
134.96 0.389531596374
135.03 0.291547226557
135.1 0.0882601718882
135.17 0.051654372932
135.24 0.0466811309805
135.31 0.286395736659
135.38 0.205204615791
135.45 0.13749179645
135.52 0.382827112967
135.59 0.168359690844
135.66 0.251808466617
135.73 0.167616399046
135.8 0.172149351359
135.87 0.355804137682
135.94 0.369005047398
136.01 0.283342132317
136.08 0.143377588861
136.15 0.244444091042
136.22 0.2904818613
136.29 0.0738057298982
136.36 0.350887769484
136.43 0.183519075304
136.5 0.503241776452
136.57 0.314725491502
136.64 0.224486074905
136.71 0.227067803376
136.78 0.329586085843
136.85 0.255104548455
136.92 0.377647112359
136.99 0.277972189646
137.06 0.442818671817
137.13 0.258865247115
137.2 0.474249439885
137.27 0.174532959116
137.34 0.526012803447
137.41 0.249117377842
137.48 0.372734497929
137.55 0.293479012482
137.62 0.709269500992
137.69 0.149989310622
137.76 0.172577771719
137.83 0.193640626737
137.9 0.856500109197
137.97 0.898874272614
138.04 0.349856943777
138.11 0.252894441951
138.18 0.478875472597
138.25 0.958620823281
138.32 0.92627319393
138.39 0.894234158691
138.46 0.766146081503
138.53 0.727891624996
138.6 0.617327923946
138.67 0.376350526836
138.74 0.173362299967
138.81 0.185200507544
138.88 0.18997612779
138.95 0.108417877052
139.02 0.107772905244
139.09 0.102083583763
139.16 0.0744048061439
139.23 0.0970452649657
139.3 0.103393816665
139.37 0.452687328693
139.44 0.774723554371
139.51 0.846329210895
139.58 0.542744026633
139.65 0.390583702256
139.72 0.641899581085
139.79 0.645390988169
139.86 0.395997434468
139.93 0.698227533093
140.0 0.504781061478
140.07 0.188114920027
140.14 0.316573788179
140.21 0.424130803926
140.28 0.990782082047
140.35 0.902193044072
140.42 0.70452615337
140.49 0.260731695488
140.56 0.235601940902
140.63 0.931650204193
140.7 0.880400733035
140.77 0.228174208534
140.84 0.223150088062
140.91 0.62819755155
140.98 1.0
141.05 0.365182784302
141.12 0.208256747548
141.19 0.457454143982
141.26 0.967675621399
141.33 0.610109112266
141.4 0.185022773882
141.47 0.159451267256
141.54 0.529227019343
141.61 0.629522679353
141.68 0.188998657316
141.75 0.162896130067
141.82 0.234791965246
141.89 0.547469071838
141.96 0.356358188066
142.03 0.130096419195
142.1 0.111013477964
142.17 0.338359951225
142.24 0.377266845321
142.31 0.157049514931
142.38 0.17884954329
142.45 0.106398874588
142.52 0.249123673499
142.59 0.315200616022
142.66 0.346008167025
142.73 0.345883912839
142.8 0.250245279073
142.87 0.242352983858
142.94 0.265732439948
143.01 0.182103754224
143.08 0.148934901153
143.15 0.138950869391
143.22 0.106734597462
143.29 0.0759372741005
143.36 0.082320936663
143.43 0.0585766288299
143.5 0.0592884963189
143.57 0.0595724343094
143.64 0.0509480709177
143.71 0.0566299031949
143.78 0.0543129548538
143.85 0.381728505584
143.92 0.386251967566
143.99 0.202408773886
144.06 0.19301748707
144.13 0.1200553874
144.2 0.0231749806534
144.27 0.00104592021094
144.34 9.33492531096e-05
144.41 4.6506593011e-05
144.48 4.49443902458e-05
144.55 4.08942726465e-05
144.62 0.0
144.69 0.0
144.76 0.0
144.83 0.0
144.9 0.0
144.97 0.0
145.04 0.0
145.11 0.0
145.18 0.0
145.25 0.0
145.32 0.0
145.39 0.0
145.46 0.0
145.53 0.0
145.6 0.0
145.67 0.0
145.74 0.0
145.81 0.0
145.88 0.0
145.95 0.0
146.02 0.0
146.09 0.0
146.16 0.0
146.23 0.0
146.3 0.0
146.37 0.0
146.44 0.0
146.51 0.0
146.58 0.0
146.65 0.0
146.72 0.0
146.79 0.0
146.86 0.0
146.93 0.0
147.0 0.0
147.07 0.0
147.14 0.0
147.21 0.0
147.28 0.0
147.35 0.0
147.42 0.0
147.49 0.0
147.56 0.0
147.63 0.0
147.7 0.0
147.77 0.0
147.84 0.0
147.91 0.0
147.98 0.0
148.05 0.0
148.12 0.0
148.19 0.0
148.26 0.0
148.33 0.0
148.4 0.0
148.47 0.0
148.54 0.0
148.61 0.0
148.68 0.0
148.75 0.0
148.82 0.0
148.89 0.0
148.96 0.0
149.03 0.0
149.1 0.0
149.17 0.0
149.24 0.0
149.31 0.0
149.38 0.0
149.45 0.0
149.52 0.0
149.59 0.0
149.66 0.0
149.73 0.0
149.8 0.0
149.87 0.0
149.94 0.0
150.01 0.0
150.08 0.0
150.15 0.0
150.22 0.0
150.29 0.0
150.36 0.0
150.43 0.0
150.5 0.0
150.57 0.0
150.64 0.0
150.71 0.0
150.78 0.0
150.85 0.0
150.92 0.0
150.99 0.0
151.06 0.0
151.13 0.0
151.2 0.0
151.27 0.0
151.34 0.0
151.41 0.0
151.48 0.0
151.55 0.0
151.62 0.0
151.69 0.0
151.76 0.0
151.83 0.0
151.9 0.0
151.97 0.0
152.04 0.0
152.11 0.0
152.18 0.0
152.25 0.0
152.32 0.0
152.39 0.0
152.46 0.0
152.53 0.0
152.6 0.0
152.67 0.0
152.74 0.0
152.81 0.0
152.88 0.0
152.95 0.0
153.02 0.0
153.09 0.0
153.16 0.0
153.23 0.0
153.3 0.0
153.37 0.0
153.44 0.0
153.51 0.0
153.58 0.0
