0.0 0.0
2.88363228039 0.0
9.21138713998 0.0
28.3759263807 0.351063829787
58.6125841846 0.372340425532
64.4739875402 0.382978723404
64.4892750846 1.0
65.0335909073 0.372340425532
74.2834977542 0.340425531915
80.6926040702 0.0
101.148060194 0.0
108.287973321 0.0
117.517085407 0.404255319149
140.41157871 0.404255319148
140.527404167 0
143.720677502 0.0
149.028015213 0.0
154.082073006 0.446808510638
163.990178254 0.425531914893
168.188856012 0.468085106382
183.560924466 0.478723404255
194.929473056 0.478723404255
202.875990941 0.957446808511
206.374671202 0.0
