0.0 0.0
0.07 0.0
0.14 0.0
0.21 0.0
0.28 0.0
0.35 0.0
0.42 0.0
0.49 0.0
0.56 0.0
0.63 0.0
0.7 0.0
0.77 0.0
0.84 0.0
0.91 0.0
0.98 0.0
1.05 0.0
1.12 0.0
1.19 0.0
1.26 0.0
1.33 0.0
1.4 0.0
1.47 0.0
1.54 0.0
1.61 0.0
1.68 0.0
1.75 0.0
1.82 0.0
1.89 0.0
1.96 0.0
2.03 0.0
2.1 0.0
2.17 0.0
2.24 0.0
2.31 0.0
2.38 0.0
2.45 0.0
2.52 0.0
2.59 0.0
2.66 0.0
2.73 0.0
2.8 0.0
2.87 0.0
2.94 0.0
3.01 0.0
3.08 0.0
3.15 0.0
3.22 0.0
3.29 0.0
3.36 0.0
3.43 0.0
3.5 0.0
3.57 0.0
3.64 0.0
3.71 0.0
3.78 0.0
3.85 0.0
3.92 0.0
3.99 4.02696921641e-05
4.06 0.124711890066
4.13 0.0314702921445
4.2 0.020928161592
4.27 0.0381318479504
4.34 0.0131338236624
4.41 0.0262457778086
4.48 0.016700932044
4.55 0.0153088325881
4.62 0.0679336261136
4.69 0.0346577463992
4.76 0.0443171477151
4.83 0.0841496822319
4.9 0.0169746980292
4.97 0.0131089551076
5.04 0.0200364510814
5.11 0.0131998460762
5.18 0.0113656899161
5.25 0.0136586276927
5.32 0.0328493795948
5.39 0.0225418552469
5.46 0.623548921515
5.53 1.0
5.6 0.521675497454
5.67 0.149834575942
5.74 0.142644947758
5.81 0.151378152095
5.88 0.249892687587
5.95 0.328697088981
6.02 0.350101508595
6.09 0.370432956558
6.16 0.329444162465
6.23 0.263470402625
6.3 0.194628431188
6.37 0.133744032906
6.44 0.125115626601
6.51 0.135110161816
6.58 0.21370746717
6.65 0.33714883221
6.72 0.250623460915
6.79 0.135556123508
6.86 0.835319081043
6.93 0.546475295093
7.0 0.630698960211
7.07 0.530871346811
7.14 0.157571906396
7.21 0.330459508812
7.28 0.610489687675
7.35 0.613432295033
7.42 0.635383075318
7.49 0.245494667297
7.56 0.165473498817
7.63 0.646975932754
7.7 0.721034353103
7.77 0.313868773861
7.84 0.115608824765
7.91 0.16137022491
7.98 0.306533667058
8.05 0.398459323677
8.12 0.378585993958
8.19 0.41973896982
8.26 0.446191172375
8.33 0.407300478552
8.4 0.308094455256
8.47 0.183425066587
8.54 0.140408484779
8.61 0.121010524954
8.68 0.122780836939
8.75 0.214160708139
8.82 0.363700518886
8.89 0.379212092027
8.96 0.119230441589
9.03 0.816824045697
9.1 0.666220053483
9.17 0.625028806959
9.24 0.557610094682
9.31 0.24706271695
9.38 0.234170887682
9.45 0.568761058782
9.52 0.620881809861
9.59 0.666369806401
9.66 0.306988262496
9.73 0.15263762652
9.8 0.537490355675
9.87 0.766702179086
9.94 0.452661209517
10.01 0.267010133517
10.08 0.260484952283
10.15 0.318899983378
10.22 0.258302819527
10.29 0.271274872334
10.36 0.206464722636
10.43 0.159194124885
10.5 0.116006325597
10.57 0.344375369658
10.64 0.416345585872
10.71 0.257618982292
10.78 0.12517594797
10.85 0.0743208644438
10.92 0.324669191043
10.99 0.30519475722
11.06 0.184117180139
11.13 0.226910506346
11.2 0.252682702396
11.27 0.25910566285
11.34 0.281732814953
11.41 0.220741139407
11.48 0.158071773554
11.55 0.119733559273
11.62 0.175795281717
11.69 0.28321053503
11.76 0.217012141358
11.83 0.111605494388
11.9 0.146061808168
11.97 0.31938226819
12.04 0.374891636835
12.11 0.199203084852
12.18 0.128792344942
12.25 0.170053233717
12.32 0.142427097159
12.39 0.0933140461389
12.46 0.074218544653
12.53 0.249156685497
12.6 0.232123432452
12.67 0.129180714004
12.74 0.0984198306261
12.81 0.336572288081
12.88 0.201117641781
12.95 0.132373704945
13.02 0.121156204566
13.09 0.368093259918
13.16 0.322789220584
13.23 0.32610117999
13.3 0.391485781718
13.37 0.758981019084
13.44 0.185506561747
13.51 0.165808473308
13.58 0.106745997406
13.65 0.386335760174
13.72 0.117829973736
13.79 0.582366036456
13.86 0.361246306299
13.93 0.268919334949
14.0 0.108933348034
14.07 0.150167086054
14.14 0.177901399884
14.21 0.711550344554
14.28 0.286097693342
14.35 0.20702561018
14.42 0.297715236163
14.49 0.565699324541
14.56 0.459104183034
14.63 0.343208941668
14.7 0.29645094189
14.77 0.278656276611
14.84 0.281552643922
14.91 0.351034582867
14.98 0.553826621854
15.05 0.36691024068
15.12 0.206941566801
15.19 0.137093914457
15.26 0.221908372355
15.33 0.336929300407
15.4 0.229874332719
15.47 0.158335165183
15.54 0.594076413828
15.61 0.327411499455
15.68 0.244597078512
15.75 0.353738576062
15.82 0.224052268112
15.89 0.196410133381
15.96 0.245314388344
16.03 0.239536327129
16.1 0.702153309114
16.17 0.317630739553
16.24 0.184363818142
16.31 0.144445664984
16.38 0.314762422014
16.45 0.258441940659
16.52 0.210595119574
16.59 0.319363508604
16.66 0.648519741582
16.73 0.4032527428
16.8 0.31954162615
16.87 0.278327419009
16.94 0.287609813749
17.01 0.19258063536
17.08 0.231759436891
17.15 0.508051760194
17.22 0.352683319432
17.29 0.227367292894
17.36 0.201206133716
17.43 0.238274772486
17.5 0.299358039007
17.57 0.255456303187
17.64 0.230971322421
17.71 0.610116057368
17.78 0.342002475671
17.85 0.190950749471
17.92 0.22759835649
17.99 0.198024245852
18.06 0.127350519268
18.13 0.188681798063
18.2 0.299975148871
18.27 0.578636350282
18.34 0.194522243043
18.41 0.149919296555
18.48 0.110829072109
18.55 0.375119611293
18.62 0.300253454504
18.69 0.234518097935
18.76 0.3437690797
18.83 0.77194557479
18.9 0.517521111177
18.97 0.481127824413
19.04 0.419084998217
19.11 0.371512588668
19.18 0.329204466112
19.25 0.376888457917
19.32 0.593341305806
19.39 0.546514350913
19.46 0.3490382608
19.53 0.2360843347
19.6 0.342890183173
19.67 0.419709715084
19.74 0.324202349944
19.81 0.269169305657
19.88 0.600297757502
19.95 0.393623038798
20.02 0.305234802157
20.09 0.411719417854
20.16 0.27756513944
20.23 0.226887822961
20.3 0.255401688803
20.37 0.377150051509
20.44 0.649538485981
20.51 0.255419032533
20.58 0.181844951471
20.65 0.16664186742
20.72 0.318896268491
20.79 0.368417850152
20.86 0.315428661061
20.93 0.30645592671
21.0 0.691990501992
21.07 0.303162310054
21.14 0.21652998328
21.21 0.200531290627
21.28 0.271178972407
21.35 0.209331494615
21.42 0.228487754108
21.49 0.557153441799
21.56 0.531116983814
21.63 0.210868497437
21.7 0.155597647905
21.77 0.236088154538
21.84 0.430619514501
21.91 0.250050013845
21.98 0.181853576306
22.05 0.60956928085
22.12 0.332508569998
22.19 0.194027602668
22.26 0.236550887678
22.33 0.253153937597
22.4 0.247310596549
22.47 0.240886247963
22.54 0.39582019249
22.61 0.539554947703
22.68 0.295395378327
22.75 0.224188940706
22.82 0.25967098311
22.89 0.484810718061
22.96 0.390127384565
23.03 0.142821961332
23.1 0.282235559366
23.17 0.703283367449
23.24 0.342028606614
23.31 0.136285033451
23.38 0.162454917465
23.45 0.445470124884
23.52 0.435503059238
23.59 0.280558441342
23.66 0.620991059421
23.73 0.392115759032
23.8 0.115568391705
23.87 0.348121706487
23.94 0.441066076812
24.01 0.459082774909
24.08 0.358562496466
24.15 0.30663554922
24.22 0.600690786014
24.29 0.265412194468
24.36 0.169564791421
24.43 0.182533964993
24.5 0.283279759454
24.57 0.169031563547
24.64 0.137677690338
24.71 0.189017770584
24.78 0.309246271225
24.85 0.124097833696
24.92 0.112433084484
24.99 0.108359293037
25.06 0.480938637455
25.13 0.401925253863
25.2 0.183516516967
25.27 0.09876157944
25.34 0.685487938796
25.41 0.321200301423
25.48 0.160945375301
25.55 0.129178531805
25.62 0.496924672561
25.69 0.398920039966
25.76 0.300377190341
25.83 0.473155243194
25.9 0.481259025668
25.97 0.0880803940918
26.04 0.316776274943
26.11 0.457120705644
26.18 0.255063986563
26.25 0.182876499953
26.32 0.267779786424
26.39 0.575198080756
26.46 0.381530963715
26.53 0.152907462764
26.6 0.154762868633
26.67 0.195633991303
26.74 0.160414707848
26.81 0.172036253678
26.88 0.225197647386
26.95 0.610088100665
27.02 0.205727763111
27.09 0.194070894171
27.16 0.4174989375
27.23 0.656123439074
27.3 0.512939263385
27.37 0.423933198062
27.44 0.370817844398
27.51 0.426692089801
27.58 0.387447815367
27.65 0.42459251031
27.72 0.468107301834
27.79 0.57470014431
27.86 0.372429372686
27.93 0.393143035196
28.0 0.581598979613
28.07 0.573850650045
28.14 0.357463539419
28.21 0.270408877911
28.28 0.351908775389
28.35 0.825058416549
28.42 0.470346156915
28.49 0.301201582386
28.56 0.247818211306
28.63 0.405829808047
28.7 0.415840360247
28.77 0.427642919689
28.84 0.506751618054
28.91 0.554573981479
28.98 0.205100018491
29.05 0.298323672677
29.12 0.469958289839
29.19 0.600055893802
29.26 0.406952915821
29.33 0.193085482764
29.4 0.160727534603
29.47 0.817519164228
29.54 0.508726522095
29.61 0.247200590547
29.68 0.132328052033
29.75 0.34105754584
29.82 0.380034689995
29.89 0.327801621999
29.96 0.302123605068
30.03 0.239876891773
30.1 0.234648827898
30.17 0.123663042408
30.24 0.0805093276051
30.31 0.344665731842
30.38 0.385449149713
30.45 0.420186948363
30.52 0.31953478054
30.59 0.236317779507
30.66 0.1929407794
30.73 0.0754267314585
30.8 0.341019180126
30.87 0.480023240579
30.94 0.267746916803
31.01 0.225935101965
31.08 0.384012786467
31.15 0.316234808377
31.22 0.198577807583
31.29 0.351928265674
31.36 0.6521964322
31.43 0.397389821367
31.5 0.147772006706
31.57 0.13075425876
31.64 0.355837353565
31.71 0.383467173327
31.78 0.242735466644
31.85 0.219049510353
31.92 0.484850876861
31.99 0.363759688759
32.06 0.315355248478
32.13 0.269530297229
32.2 0.268437943215
32.27 0.256274650619
32.34 0.268826767727
32.41 0.430107348215
32.48 0.586738835713
32.55 0.29689989965
32.62 0.223871522818
32.69 0.460033000831
32.76 0.412297222392
32.83 0.284073501701
32.9 0.250618040071
32.97 0.460041877153
33.04 0.452494004948
33.11 0.260518672407
33.18 0.285469516046
33.25 0.543203916274
33.32 0.251226294404
33.39 0.224824660649
33.46 0.371664959433
33.53 0.712308227052
33.6 0.316200952608
33.67 0.175884196429
33.74 0.199040318938
33.81 0.323160368689
33.88 0.271901410011
33.95 0.213433619006
34.02 0.306312676825
34.09 0.680971512423
34.16 0.425327889622
34.23 0.331896338398
34.3 0.278743010114
34.37 0.28129770584
34.44 0.233827895292
34.51 0.280569239465
34.58 0.555817367631
34.65 0.397990387508
34.72 0.29442055316
34.79 0.219795496697
34.86 0.301851296522
34.93 0.349632026876
35.0 0.250657221634
35.07 0.18536566832
35.14 0.563635972129
35.21 0.341363950751
35.28 0.22489886631
35.35 0.288335266233
35.42 0.294817879733
35.49 0.181703177838
35.56 0.253539648218
35.63 0.360619375549
35.7 0.448823392606
35.77 0.216829615849
35.84 0.183317716055
35.91 0.174216136907
35.98 0.499900622812
36.05 0.342804484334
36.12 0.286160812758
36.19 0.257538783505
36.26 0.57170047799
36.33 0.508182946598
36.4 0.458032139115
36.47 0.469051055417
36.54 0.457850893817
36.61 0.41855410997
36.68 0.414205971345
36.75 0.464477808698
36.82 0.70200861169
36.89 0.356127306834
36.96 0.294014984924
37.03 0.302262917291
37.1 0.604244687339
37.17 0.402253416408
37.24 0.302211007884
37.31 0.530898440139
37.38 0.401968294869
37.45 0.321009992672
37.52 0.319539593457
37.59 0.655084740028
37.66 0.473063513604
37.73 0.297627389778
37.8 0.421248907037
37.87 0.563045475391
37.94 0.429039474633
38.01 0.354512372573
38.08 0.303024338437
38.15 0.385660702231
38.22 0.501063856712
38.29 0.452561344206
38.36 0.443318607272
38.43 0.772453079645
38.5 0.611753667093
38.57 0.53055271406
38.64 0.450117098051
38.71 0.545308057195
38.78 0.497095386075
38.85 0.400890755848
38.92 0.416957908562
38.99 0.740424896025
39.06 0.424301118413
39.13 0.354926095343
39.2 0.323606999694
39.27 0.48462461628
39.34 0.481983951415
39.41 0.364461189529
39.48 0.469368230729
39.55 0.66600535341
39.62 0.392812940949
39.69 0.353251061497
39.76 0.369602812973
39.83 0.307573575026
39.9 0.262676775231
39.97 0.425300226981
40.04 0.439528399726
40.11 0.434355952225
40.18 0.273032033699
40.25 0.218992652383
40.32 0.555492843735
40.39 0.909201738324
40.46 0.72562719704
40.53 0.690158544863
40.6 0.827603325053
40.67 0.597933159634
40.74 0.265086959673
40.81 0.254454686674
40.88 0.39441609985
40.95 0.62287485269
41.02 0.581169747784
41.09 0.570024885723
41.16 0.791313490763
41.23 0.46137293048
41.3 0.274824989464
41.37 0.202270527067
41.44 0.423660545949
41.51 0.531663508844
41.58 0.564539014432
41.65 0.510167868556
41.72 0.778908103772
41.79 0.421559221886
41.86 0.246985470667
41.93 0.26114855071
42.0 0.510705759841
42.07 0.59423158759
42.14 0.518879750907
42.21 0.531894756601
42.28 0.603813885198
42.35 0.272422281331
42.42 0.232002527335
42.49 0.240173680751
42.56 0.341455512023
42.63 0.253745157115
42.7 0.236744404381
42.77 0.489831169058
42.84 0.649381783492
42.91 0.300042827736
42.98 0.219704745334
43.05 0.224013635069
43.12 0.455575327494
43.19 0.399869528257
43.26 0.336543549192
43.33 0.693311067101
43.4 0.330944908505
43.47 0.203868339382
43.54 0.358093782081
43.61 0.45149179437
43.68 0.33952339453
43.75 0.296778342052
43.82 0.308020045633
43.89 0.721268182072
43.96 0.472780215844
44.03 0.322837343816
44.1 0.260529493303
44.17 0.498916940134
44.24 0.349475439239
44.31 0.352760292445
44.38 0.298408503191
44.45 0.511387970327
44.52 0.335555785287
44.59 0.305873535
44.66 0.383435017573
44.73 0.734032815074
44.8 0.829380237101
44.87 0.650289398115
44.94 0.718240979846
45.01 0.816332990504
45.08 0.59947348724
45.15 0.300212417478
45.22 0.326176078726
45.29 0.535986777925
45.36 0.520737709275
45.43 0.56781421408
45.5 0.709589323814
45.57 0.678030203097
45.64 0.411815599963
45.71 0.313160160152
45.78 0.404186197274
45.85 0.627409723795
45.92 0.551123385103
45.99 0.512945478296
46.06 0.762383842725
46.13 0.517912962451
46.2 0.371635007661
46.27 0.309406623254
46.34 0.564198712166
46.41 0.483151718032
46.48 0.575819094618
46.55 0.474307364117
46.62 0.691804141794
46.69 0.490927911233
46.76 0.378852384625
46.83 0.300126655271
46.9 0.316319176511
46.97 0.276371076532
47.04 0.274444009582
47.11 0.363941526142
47.18 0.733910697074
47.25 0.317659664582
47.32 0.207475436265
47.39 0.217407370881
47.46 0.382735070283
47.53 0.351749360002
47.6 0.389656764221
47.67 0.531509805394
47.74 0.326811255099
47.81 0.196528585009
47.88 0.419769074068
47.95 0.475665042451
48.02 0.415774827937
48.09 0.315540599756
48.16 0.275160142176
48.23 0.561469812793
48.3 0.465537646559
48.37 0.226678952646
48.44 0.220645651365
48.51 0.219249010281
48.58 0.274102224134
48.65 0.226143792081
48.72 0.293848243724
48.79 0.421180882623
48.86 0.154934033636
48.93 0.105870536556
49.0 0.0955917580273
49.07 0.301791369216
49.14 0.351534953001
49.21 0.250563200932
49.28 0.26849201502
49.35 0.679620438112
49.42 0.419610502254
49.49 0.33329022302
49.56 0.329695643088
49.63 0.34671718216
49.7 0.320265278617
49.77 0.321873189048
49.84 0.353653053461
49.91 0.655281755775
49.98 0.297325195798
50.05 0.239327506319
50.12 0.231669603358
50.19 0.388277353006
50.26 0.377207295621
50.33 0.248694826623
50.4 0.293999929334
50.47 0.683773085758
50.54 0.30186642538
50.61 0.258928830466
50.68 0.347474131975
50.75 0.421343537645
50.82 0.321648061152
50.89 0.311836416796
50.96 0.339640816445
51.03 0.356947348342
51.1 0.424557089179
51.17 0.321506864752
51.24 0.245051853159
51.31 0.300031509806
51.38 0.259777609873
51.45 0.233478044421
51.52 0.577148776645
51.59 0.53097146361
51.66 0.269230506243
51.73 0.178948433663
51.8 0.271096756769
51.87 0.448265154592
51.94 0.398221495659
52.01 0.352980072766
52.08 0.582612485348
52.15 0.397191448182
52.22 0.379596326396
52.29 0.382344140801
52.36 0.462456225992
52.43 0.420770174734
52.5 0.278360794576
52.57 0.214446764341
52.64 0.65843353444
52.71 0.324944255061
52.78 0.221691876225
52.85 0.293206675211
52.92 0.290255531138
52.99 0.174426802289
53.06 0.282887131936
53.13 0.312468370366
53.2 0.424777847726
53.27 0.249194350214
53.34 0.186837342794
53.41 0.218554211555
53.48 0.533998216327
53.55 0.454362365395
53.62 0.378063935499
53.69 0.536050913192
53.76 0.57399600391
53.83 0.519337419642
53.9 0.456525671239
53.97 0.360681934563
54.04 0.297910468724
54.11 0.299220492147
54.18 0.382509130498
54.25 0.616547263445
54.32 0.456145957705
54.39 0.340820182183
54.46 0.331229675585
54.53 0.374261985267
54.6 0.463220432313
54.67 0.37379407584
54.74 0.319600577209
54.81 0.603478167135
54.88 0.399399237619
54.95 0.315802633946
55.02 0.32025480723
55.09 0.286628367726
55.16 0.295100500258
55.23 0.282181601424
55.3 0.33350589637
55.37 0.446501385244
55.44 0.362352423811
55.51 0.238993869464
55.58 0.352448547879
55.65 0.590567955512
55.72 0.35390458062
55.79 0.112222226031
55.86 0.0645499600809
55.93 0.195322470501
56.0 0.0796938623783
56.07 0.0889218942211
56.14 0.0576506416045
56.21 0.0431403928935
56.28 0.0692451337094
56.35 0.185924070691
56.42 0.196327987051
56.49 0.0613296134324
56.56 0.112316794262
56.63 0.28361851616
56.7 0.308868340877
56.77 0.143482302303
56.84 0.0291311420446
56.91 0.058074375361
56.98 0.627646552793
57.05 0.673226265062
57.12 0.568191076101
57.19 0.45815329176
57.26 0.474038598179
57.33 0.435645950704
57.4 0.435068777856
57.47 0.491307301001
57.54 0.471070942067
57.61 0.409614490787
57.68 0.24338527781
57.75 0.191032267083
57.82 0.401947366946
57.89 0.453600936329
57.96 0.340413382252
58.03 0.3837598187
58.1 0.489348272359
58.17 0.218499941729
58.24 0.12980715564
58.31 0.104140224953
58.38 0.281769992536
58.45 0.200351223558
58.52 0.23740966124
58.59 0.256973658297
58.66 0.474137204073
58.73 0.223993343786
58.8 0.202915908489
58.87 0.257084820746
58.94 0.330105123243
59.01 0.201885466948
59.08 0.121135264761
59.15 0.381790886004
59.22 0.468020638629
59.29 0.178292960066
59.36 0.323308714662
59.43 0.244718052936
59.5 0.166156004356
59.57 0.117991388151
59.64 0.590694568605
59.71 0.621793498781
59.78 0.355126732905
59.85 0.208067103311
59.92 0.169531506944
59.99 0.6809152703
60.06 0.37655032696
60.13 0.149398531177
60.2 0.11539538906
60.27 0.45197826338
60.34 0.428506292305
60.41 0.335563277438
60.48 0.270623192833
60.55 0.246481097525
60.62 0.265599308139
60.69 0.223484877536
60.76 0.254971346072
60.83 0.239574590861
60.9 0.226081032074
60.97 0.222817579073
61.04 0.226887061567
61.11 0.440767364054
61.18 0.31561118756
61.25 0.134391573754
61.32 0.102239428552
61.39 0.453914064077
61.46 0.430164880449
61.53 0.362605496529
61.6 0.413868693861
61.67 0.460370504059
61.74 0.162744253896
61.81 0.390949535004
61.88 0.454207865897
61.95 0.702208914597
62.02 0.40106300007
62.09 0.185618839059
62.16 0.186936910084
62.23 0.613429518768
62.3 0.338640422717
62.37 0.175020076281
62.44 0.285403506504
62.51 0.782962545529
62.58 0.306816235107
62.65 0.2152505651
62.72 0.140075752883
62.79 0.146759503951
62.86 0.122115662259
62.93 0.341123769245
63.0 0.534798863591
63.07 0.517402962522
63.14 0.154288126467
63.21 0.136266680801
63.28 0.210526888229
63.35 0.280614337917
63.42 0.167300780654
63.49 0.190393008492
63.56 0.453209743478
63.63 0.330688599122
63.7 0.243279430263
63.77 0.260211237783
63.84 0.209501634856
63.91 0.224612963575
63.98 0.137750333608
64.05 0.322146027302
64.12 0.431121201478
64.19 0.256279669479
64.26 0.16006196586
64.33 0.284532261535
64.4 0.64899332631
64.47 0.290071225414
64.54 0.130248189562
64.61 0.104920928461
64.68 0.458585770154
64.75 0.372230045036
64.82 0.333590460546
64.89 0.281682940218
64.96 0.302340653679
65.03 0.30953034622
65.1 0.309894375445
65.17 0.276910981697
65.24 0.272414468385
65.31 0.276473568602
65.38 0.267704861945
65.45 0.333502959709
65.52 0.373334886299
65.59 0.132694424845
65.66 0.0536378487613
65.73 0.0574914460221
65.8 0.0550204204033
65.87 0.0301005532986
65.94 0.0762356065232
66.01 0.0769134288491
66.08 0.0520788744417
66.15 0.104348246745
66.22 0.402109690281
66.29 0.80835078048
66.36 0.487061952468
66.43 0.543770011788
66.5 0.586375502535
66.57 0.611394840888
66.64 0.4471150426
66.71 0.338524927552
66.78 0.391561706207
66.85 0.662720031882
66.92 0.408328838884
66.99 0.229705969722
67.06 0.176580145661
67.13 0.426615591049
67.2 0.417730113969
67.27 0.305129874421
67.34 0.538108000198
67.41 0.746739485145
67.48 0.410004285605
67.55 0.357606044742
67.62 0.35398006451
67.69 0.527166690579
67.76 0.412848061325
67.83 0.380492601306
67.9 0.641934167691
67.97 0.60375403314
68.04 0.273114110721
68.11 0.433580349756
68.18 0.399617819908
68.25 0.329509847252
68.32 0.346404284117
68.39 0.478692663494
68.46 0.676371834757
68.53 0.471485734154
68.6 0.384423674556
68.67 0.416114250986
68.74 0.413222186686
68.81 0.375079471305
68.88 0.3129068706
68.95 0.369785075112
69.02 0.793718568227
69.09 0.387608603044
69.16 0.293018393212
69.23 0.282266676496
69.3 0.558051109792
69.37 0.452014923137
69.44 0.3621539932
69.51 0.471630279101
69.58 0.524361240969
69.65 0.199344095112
69.72 0.255255178491
69.79 0.392442220571
69.86 0.445490478544
69.93 0.245501371321
70.0 0.258871969526
70.07 0.587042121783
70.14 0.477232376257
70.21 0.216522519842
70.28 0.265345645316
70.35 0.246001488977
70.42 0.232429419538
70.49 0.456644274353
70.56 0.40356196655
70.63 0.360099435922
70.7 0.237945530722
70.77 0.18744388424
70.84 0.264655452575
70.91 0.84956708368
70.98 0.467988968029
71.05 0.171683715652
71.12 0.108447965173
71.19 0.238508794527
71.26 0.200933661803
71.33 0.0791794039915
71.4 0.0550978944117
71.47 0.160540292218
71.54 0.205448907968
71.61 0.0839781627693
71.68 0.0380513887649
71.75 0.0383132031507
71.82 0.0449327179603
71.89 0.0222993242139
71.96 0.0699664851645
72.03 0.848038538365
72.1 0.579208383477
72.17 0.278679668914
72.24 0.122355824952
72.31 0.169884790522
72.38 0.208119214701
72.45 0.168887893856
72.52 0.139583606591
72.59 0.179666712812
72.66 0.1924185348
72.73 0.178308887941
72.8 0.212778040457
72.87 0.239683982997
72.94 0.199260967584
73.01 0.155818549029
73.08 0.128398624344
73.15 0.809070672516
73.22 0.666973148806
73.29 0.304233031188
73.36 0.132008918287
73.43 0.213449636981
73.5 0.208200548152
73.57 0.123266239602
73.64 0.148127236837
73.71 0.0768668650373
73.78 0.0648366796554
73.85 0.0609011420068
73.92 0.0780498892258
73.99 0.216566168775
74.06 0.17641868273
74.13 0.269521889228
74.2 0.145846874428
74.27 0.174738363685
74.34 0.0600289475244
74.41 0.048460033882
74.48 0.379592107544
74.55 0.586506924584
74.62 0.270728737407
74.69 0.196688272675
74.76 0.390513790242
74.83 0.43585117841
74.9 0.182355034569
74.97 0.333550783928
75.04 0.63089043432
75.11 0.47373595964
75.18 0.209304097323
75.25 0.100378405798
75.32 0.559175268071
75.39 0.494617130684
75.46 0.254498835612
75.53 0.270415356191
75.6 0.600208136843
75.67 0.200164642565
75.74 0.118903051328
75.81 0.0791641543407
75.88 0.106403209968
75.95 0.0838227989068
76.02 0.367502841398
76.09 0.506399928551
76.16 0.392000205451
76.23 0.152316205623
76.3 0.219729391114
76.37 0.267179114341
76.44 0.34013006865
76.51 0.195707245469
76.58 0.259604936934
76.65 0.635067739628
76.72 0.288133127666
76.79 0.347370550786
76.86 0.394893932144
76.93 0.329740337575
77.0 0.205619277914
77.07 0.149488959765
77.14 0.438626341592
77.21 0.452025965817
77.28 0.234177357051
77.35 0.38594243661
77.42 0.287145828122
77.49 0.183460587719
77.56 0.107017263367
77.63 0.0748508358503
77.7 0.382037755692
77.77 0.150260219618
77.84 0.071708545394
77.91 0.0671396690133
77.98 0.223381609221
78.05 0.199313091845
78.12 0.246672430049
78.19 0.235883253568
78.26 0.684936953328
78.33 0.395569026721
78.4 0.273772056619
78.47 0.227056545367
78.54 0.281830319846
78.61 0.195863401418
78.68 0.134342009913
78.75 0.0860258863189
78.82 0.589333299147
78.89 0.160639710991
78.96 0.189441060772
79.03 0.316325038943
79.1 0.243766820074
79.17 0.15730862962
79.24 0.306008381835
79.31 0.464169074061
79.38 0.50796711681
79.45 0.144527362795
79.52 0.260230453809
79.59 0.228376501558
79.66 0.191479292151
79.73 0.117856331414
79.8 0.109817840653
79.87 0.617247942425
79.94 0.491043533131
80.01 0.227041173932
80.08 0.213840058537
80.15 0.275614848506
80.22 0.292408322029
80.29 0.128537370226
80.36 0.178591591636
80.43 0.593554422696
80.5 0.257476329442
80.57 0.140460728843
80.64 0.201513118831
80.71 0.197022966966
80.78 0.181528525672
80.85 0.255716956175
80.92 0.347514156121
80.99 0.668753323262
81.06 0.228209367286
81.13 0.203706363575
81.2 0.199657465436
81.27 0.34049122458
81.34 0.185889706006
81.41 0.19091203623
81.48 0.37612245554
81.55 0.475928503387
81.62 0.177431146871
81.69 0.275590407678
81.76 0.25733776079
81.83 0.285370179452
81.9 0.274096537941
81.97 0.473208038749
82.04 0.413217418323
82.11 0.558366893011
82.18 0.428509451741
82.25 0.287826568297
82.32 0.286846572784
82.39 0.321845817499
82.46 0.292575148377
82.53 0.381757442119
82.6 0.472760058225
82.67 0.397827935459
82.74 0.368286555826
82.81 0.324625814391
82.88 0.374457246541
82.95 0.319211165563
83.02 0.183482278026
83.09 0.162341401527
83.16 0.414280483939
83.23 0.412790167702
83.3 0.363645041127
83.37 0.378020051911
83.44 0.293006591118
83.51 0.403915515477
83.58 0.364786267886
83.65 0.359402510443
83.72 0.256030193825
83.79 0.254300957481
83.86 0.213747795278
83.93 0.209155743429
84.0 0.848673949394
84.07 0.766037509361
84.14 0.737151332036
84.21 0.694025585817
84.28 0.677340180654
84.35 0.599118867016
84.42 0.252334298073
84.49 0.279690562743
84.56 0.550982610489
84.63 0.641362178061
84.7 0.580750113077
84.77 0.587235573139
84.84 0.589767483498
84.91 0.374709382616
84.98 0.34151974036
85.05 0.281378534336
85.12 0.581247148525
85.19 0.705673659623
85.26 0.634826159099
85.33 0.625495056964
85.4 0.667494217158
85.47 0.367326719912
85.54 0.259927437048
85.61 0.313865345116
85.68 0.526334101426
85.75 0.651607907758
85.82 0.572678543782
85.89 0.487875060246
85.96 0.463833863924
86.03 0.380164838765
86.1 0.203320916323
86.17 0.156189841689
86.24 0.175307733488
86.31 0.234032477447
86.38 0.166866089366
86.45 0.104194597751
86.52 0.519527390766
86.59 0.498534443406
86.66 0.136850123016
86.73 0.116296662038
86.8 0.254731665562
86.87 0.390945407242
86.94 0.350293420332
87.01 0.579850177735
87.08 0.539799470834
87.15 0.13738372515
87.22 0.183696110764
87.29 0.415774654668
87.36 0.425591967396
87.43 0.314260736027
87.5 0.362805537057
87.57 0.561585204986
87.64 0.435765342935
87.71 0.186387588987
87.78 0.198707821698
87.85 0.404315236132
87.92 0.461354959021
87.99 0.321860127537
88.06 0.422766791854
88.13 0.352725735679
88.2 0.243686485642
88.27 0.511850812379
88.34 0.549136683919
88.41 0.84996045279
88.48 0.74673889108
88.55 0.760829714987
88.62 0.707185873099
88.69 0.757501366315
88.76 0.565021441819
88.83 0.402429186407
88.9 0.543349048355
88.97 0.661446878119
89.04 0.612963298467
89.11 0.630916948435
89.18 0.696297349134
89.25 0.665921009038
89.32 0.350782953728
89.39 0.328959964764
89.46 0.642646366583
89.53 0.600408032814
89.6 0.587102084733
89.67 0.545897775707
89.74 0.733295819905
89.81 0.452125516274
89.88 0.366018139076
89.95 0.417163336269
90.02 0.662006790406
90.09 0.617466419763
90.16 0.575721882797
90.23 0.551007754294
90.3 0.741863726621
90.37 0.412823033363
90.44 0.27700036374
90.51 0.227700174296
90.58 0.315396803331
90.65 0.174126963777
90.72 0.226200485692
90.79 0.425978911691
90.86 0.40426711785
90.93 0.132765280968
91.0 0.0999428640079
91.07 0.175963481346
91.14 0.407270900051
91.21 0.314147701282
91.28 0.422709228927
91.35 0.561580706924
91.42 0.164931544127
91.49 0.143097960012
91.56 0.361425557519
91.63 0.388485917377
91.7 0.293100466274
91.77 0.269303230701
91.84 0.274756008606
91.91 0.570584359392
91.98 0.199550016883
92.05 0.175188075908
92.12 0.194223682762
92.19 0.234776710309
92.26 0.133873269786
92.33 0.323964529847
92.4 0.294297873768
92.47 0.41416485808
92.54 0.14717322573
92.61 0.294137083121
92.68 0.575883397213
92.75 0.699138114923
92.82 0.495943849316
92.89 0.471407521524
92.96 0.645818750397
93.03 0.68961263073
93.1 0.294608803476
93.17 0.182954117527
93.24 0.471154218111
93.31 0.618923430731
93.38 0.461292324759
93.45 0.540207537114
93.52 0.757867227241
93.59 0.488858541932
93.66 0.220830197685
93.73 0.538095931765
93.8 0.508780813703
93.87 0.472521745055
93.94 0.461751830145
94.01 0.500529923881
94.08 0.78317211288
94.15 0.693485457878
94.22 0.500166501593
94.29 0.573885415724
94.36 0.492350112957
94.43 0.304205338844
94.5 0.43033848409
94.57 0.54799819184
94.64 0.756335971008
94.71 0.507183800406
94.78 0.258911842184
94.85 0.287227478408
94.92 0.552190785413
94.99 0.553233748856
95.06 0.545714949206
95.13 0.578995071535
95.2 0.747352876162
95.27 0.56592255836
95.34 0.453537529782
95.41 0.406128878235
95.48 0.536649197133
95.55 0.541923706007
95.62 0.548037911032
95.69 0.59123401634
95.76 0.66890390391
95.83 0.255729349363
95.9 0.456085715545
95.97 0.500368991649
96.04 0.335661823925
96.11 0.180187692053
96.18 0.406752430735
96.25 0.716820017738
96.32 0.409491370798
96.39 0.216833569352
96.46 0.290266353023
96.53 0.249557610124
96.6 0.173751315629
96.67 0.257210940764
96.74 0.376625563323
96.81 0.684825057208
96.88 0.308233277376
96.95 0.350716575865
97.02 0.458048068971
97.09 0.534988819863
97.16 0.599741205643
97.23 0.384977018463
97.3 0.369318779562
97.37 0.783823162673
97.44 0.552129231359
97.51 0.402152293659
97.58 0.356445938595
97.65 0.508024034186
97.72 0.474421992936
97.79 0.407082961619
97.86 0.442941777924
97.93 0.720132639526
98.0 0.334583308657
98.07 0.396195512912
98.14 0.473882156089
98.21 0.490139520523
98.28 0.379453993351
98.35 0.42230383396
98.42 0.545356427954
98.49 0.773842826603
98.56 0.488410002988
98.63 0.514719570515
98.7 0.481938250978
98.77 0.425741885661
98.84 0.370980647936
98.91 0.426628572362
98.98 0.646667811985
99.05 0.689633509147
99.12 0.328021233011
99.19 0.463958540364
99.26 0.466208144062
99.33 0.532879141266
99.4 0.450600139305
99.47 0.484247923568
99.54 0.703473109859
99.61 0.639187422603
99.68 0.522616170809
99.75 0.541180897911
99.82 0.534241219642
99.89 0.49835577338
99.96 0.397913977866
100.03 0.573061163284
100.1 0.767421453293
100.17 0.509032672548
100.24 0.482943020986
100.31 0.479807077125
100.38 0.602597223064
100.45 0.505499391223
100.52 0.387939767598
100.59 0.414639090339
100.66 0.713206499011
100.73 0.364653097305
100.8 0.432761755786
100.87 0.439490817188
100.94 0.514568621547
101.01 0.357478877189
101.08 0.611632023355
101.15 0.69068249641
101.22 0.663819698838
101.29 0.361663227119
101.36 0.206723908284
101.43 0.536179666899
101.5 0.688180856637
101.57 0.45584955784
101.64 0.259824545965
101.71 0.48771628051
101.78 0.483419201779
101.85 0.370389725451
101.92 0.325550780665
101.99 0.532630806217
102.06 0.683114171534
102.13 0.519152465397
102.2 0.472510974654
102.27 0.492131629679
102.34 0.514207527003
102.41 0.452704806964
102.48 0.577462826184
102.55 0.600247471872
102.62 0.727578690956
102.69 0.694776348445
102.76 0.544958584544
102.83 0.432568607404
102.9 0.484660235433
102.97 0.469919843926
103.04 0.431412747832
103.11 0.675997524246
103.18 0.636536973485
103.25 0.497278208616
103.32 0.436322414601
103.39 0.410308025145
103.46 0.394512613644
103.53 0.341011219654
103.6 0.391114894012
103.67 0.818750582939
103.74 0.64812389126
103.81 0.231126535787
103.88 0.128387592555
103.95 0.335217639478
104.02 0.261095060099
104.09 0.359313548205
104.16 0.382819783965
104.23 0.197809221022
104.3 0.151787220364
104.37 0.207301263312
104.44 0.1989924165
104.51 0.247497438931
104.58 0.169422683131
104.65 0.121383096835
104.72 0.0962256056751
104.79 0.333200128099
104.86 0.278576099606
104.93 0.144286376332
105.0 0.51619498562
105.07 0.863891025659
105.14 0.373437980354
105.21 0.182319111453
105.28 0.537429925394
105.35 0.765952290724
105.42 0.40773107574
105.49 0.12472844963
105.56 0.104921863124
105.63 0.0973775087738
105.7 0.076861313499
105.77 0.0666653110101
105.84 0.0580570078681
105.91 0.0420605508802
105.98 0.000202862336689
106.05 4.55311286354e-05
106.12 4.28301126976e-05
106.19 1.10169370749e-05
106.26 0.0
106.33 0.0
106.4 0.0
106.47 0.0
106.54 0.0
106.61 0.0
106.68 0.0
106.75 0.0
106.82 0.0
106.89 0.0
106.96 0.0
107.03 0.0
107.1 0.0
107.17 0.0
107.24 0.0
107.31 0.0
107.38 0.0
107.45 0.0
107.52 0.0
107.59 0.0
107.66 0.0
107.73 0.0
107.8 0.0
107.87 0.0
107.94 0.0
108.01 0.0
108.08 0.0
108.15 0.0
108.22 0.0
108.29 0.0
108.36 0.0
108.43 0.0
108.5 0.0
108.57 0.0
108.64 0.0
108.71 0.0
108.78 0.0
108.85 0.0
108.92 0.0
108.99 0.0
109.06 0.0
109.13 0.0
109.2 0.0
109.27 0.0
109.34 0.0
109.41 0.0
109.48 0.0
109.55 0.0
109.62 0.0
109.69 0.0
109.76 0.0
109.83 0.0
109.9 0.0
109.97 0.0
110.04 0.0
110.11 0.0
110.18 0.0
110.25 0.0
110.32 0.0
110.39 0.0
110.46 0.0
110.53 0.0
110.6 0.0
110.67 0.0
110.74 0.0
110.81 0.0
110.88 0.0
110.95 0.0
111.02 0.0
111.09 0.0
111.16 0.0
111.23 0.0
111.3 0.0
111.37 0.0
111.44 0.0
111.51 0.0
111.58 0.0
111.65 0.0
111.72 0.0
111.79 0.0
111.86 0.0
111.93 0.0
112.0 0.0
112.07 0.0
112.14 0.0
112.21 0.0
112.28 0.0
112.35 0.0
112.42 0.0
112.49 0.0
112.56 0.0
112.63 0.0
112.7 0.0
112.77 0.0
112.84 0.0
112.91 0.0
112.98 0.0
113.05 0.0
113.12 0.0
113.19 0.0
113.26 0.0
113.33 0.0
113.4 0.0
113.47 0.0
113.54 0.0
113.61 0.0
113.68 0.0
113.75 0.0
113.82 0.0
113.89 0.0
113.96 0.0
114.03 0.0
114.1 0.0
114.17 0.0
114.24 0.0
114.31 0.0
114.38 0.0
114.45 0.0
114.52 0.0
114.59 0.0
114.66 0.0
114.73 0.0
114.8 0.0
114.87 0.0
114.94 0.0
115.01 0.0
115.08 0.0
115.15 0.0
