0.0 0.000155938252649
0.07 0.000484203557556
0.14 3.01666073437e-05
0.21 0.000107730620844
0.28 8.5385074034e-05
0.35 0.000195722715056
0.42 2.23955901585e-05
0.49 0.000379239619004
0.56 0.00011507825541
0.63 9.52571175358e-05
0.7 0.000406295595324
0.77 0.000331128102201
0.84 0.000250157169279
0.91 0.000352567308358
0.98 0.000282376348268
1.05 0.000103245783572
1.12 0.000311445179291
1.19 0.000197482969996
1.26 0.000157406985224
1.33 0.000515483033659
1.4 0.000354302144454
1.47 0.000329982665548
1.54 0.00130333215712
1.61 0.00114732241397
1.68 0.000239969773245
1.75 0.000643733016246
1.82 0.000351777735519
1.89 0.000396513312115
1.96 0.00060109608295
2.03 0.000657846829324
2.1 0.00017495869694
2.17 0.000267781960172
2.24 0.000283774384683
2.31 8.10948497861e-05
2.38 0.0313836401428
2.45 0.262695794871
2.52 0.203190095413
2.59 0.1392356733
2.66 0.234544878813
2.73 0.328639537808
2.8 0.121488033134
2.87 0.175231408568
2.94 0.427971894953
3.01 0.187261534158
3.08 0.130815176057
3.15 0.165719658908
3.22 0.151356062794
3.29 0.110681516674
3.36 0.265112555797
3.43 0.21673654798
3.5 0.180061869831
3.57 0.302593334593
3.64 0.262170761501
3.71 0.17111832586
3.78 0.254896098875
3.85 0.194874609768
3.92 0.160553479058
3.99 0.193804088803
4.06 0.231644629235
4.13 0.13704952563
4.2 0.234884631052
4.27 0.262392456714
4.34 0.159133973252
4.41 0.423768243316
4.48 0.587724592256
4.55 0.158077852061
4.62 0.229433431294
4.69 0.263747676675
4.76 0.15032712944
4.83 0.207098922617
4.9 0.391363644981
4.97 0.232846891302
5.04 0.23714467289
5.11 0.306734166735
5.18 0.22347020467
5.25 0.177942684134
5.32 0.379301801439
5.39 0.249051293879
5.46 0.201342587908
5.53 0.35961784986
5.6 0.180602059981
5.67 0.140540511524
5.74 0.172935877257
5.81 0.100408459136
5.88 0.0853201471577
5.95 0.154232617244
6.02 0.258241754117
6.09 0.269868168097
6.16 0.335994380205
6.23 0.341924787924
6.3 0.373819893334
6.37 0.382916610465
6.44 0.47168971216
6.51 0.435783772136
6.58 0.51059922698
6.65 0.529806004106
6.72 0.515869322241
6.79 0.602393827727
6.86 0.567006560801
6.93 0.609814994243
7.0 0.585882409205
7.07 0.604984376494
7.14 0.675215812121
7.21 0.638716326205
7.28 0.71004890615
7.35 0.714200386404
7.42 0.672237604537
7.49 0.70417761869
7.56 0.70452639303
7.63 0.685195015908
7.7 0.800233889586
7.77 0.818422329839
7.84 0.371307100811
7.91 0.153691697097
7.98 0.160369217859
8.05 0.145669405107
8.12 0.0608179830199
8.19 0.0592583192975
8.26 0.0745547409114
8.33 0.0909298024286
8.4 0.241600438948
8.47 0.436771345853
8.54 0.515273561733
8.61 0.169971053489
8.68 0.309134270375
8.75 0.358066882559
8.82 0.290054725683
8.89 0.212772543615
8.96 0.305472233137
9.03 0.258638612967
9.1 0.244743924621
9.17 0.284807625737
9.24 0.276691473078
9.31 0.158858512418
9.38 0.26371570533
9.45 0.184091840863
9.52 0.149540077833
9.59 0.278909196513
9.66 0.189455539429
9.73 0.110105399371
9.8 0.143303630411
9.87 0.0617383890313
9.94 0.0664284254807
10.01 0.210278635703
10.08 0.280075763374
10.15 0.142938295694
10.22 0.151162093979
10.29 0.183901286911
10.36 0.105948085492
10.43 0.12337151863
10.5 0.243478933612
10.57 0.154322029616
10.64 0.161177839738
10.71 0.236443159665
10.78 0.134911856461
10.85 0.206132514853
10.92 0.384398247074
10.99 0.363925439944
11.06 0.166238892016
11.13 0.285981859558
11.2 0.192714074761
11.27 0.0873230130481
11.34 0.223694216176
11.41 0.279505564691
11.48 0.344149546818
11.55 0.308540675234
11.62 0.310696889038
11.69 0.287116579785
11.76 0.277507965267
11.83 0.302656807829
11.9 0.246004164689
11.97 0.176924421134
12.04 0.188961742641
12.11 0.189285523903
12.18 0.173788578589
12.25 0.0993161415117
12.32 0.100050638865
12.39 0.101077085938
12.46 0.119839780769
12.53 0.098593140625
12.6 0.106658882951
12.67 0.203306610627
12.74 0.342342635589
12.81 0.308751303718
12.88 0.159775223165
12.95 0.345838284252
13.02 0.406521052526
13.09 0.240368396321
13.16 0.325199874148
13.23 0.519113827166
13.3 0.378618279194
13.37 0.382309571138
13.44 0.327673582022
13.51 0.158916533312
13.58 0.252286332667
13.65 0.334220130602
13.72 0.334765787392
13.79 0.195374597634
13.86 0.227506369162
13.93 0.140320958642
14.0 0.124127115212
14.07 0.270733613802
14.14 0.377001947337
14.21 0.34323691659
14.28 0.160449016347
14.35 0.115848721222
14.42 0.0913775887263
14.49 0.071952940334
14.56 0.0736866000147
14.63 0.0796770335391
14.7 0.318704990163
14.77 0.20962446428
14.84 0.119485768558
14.91 0.127248609614
14.98 0.181105484157
15.05 0.266342495014
15.12 0.27197727284
15.19 0.186431557273
15.26 0.182576211316
15.33 0.0949312932343
15.4 0.214799380269
15.47 0.372716414454
15.54 0.303287220577
15.61 0.193964477736
15.68 0.168880096567
15.75 0.130512244601
15.82 0.106504330819
15.89 0.264113858157
15.96 0.398174426415
16.03 0.379531303415
16.1 0.192104389492
16.17 0.142967038051
16.24 0.16045507477
16.31 0.290908391342
16.38 0.359095965249
16.45 0.164096550546
16.52 0.215750476357
16.59 0.298285787403
16.66 0.231997712069
16.73 0.217749840802
16.8 0.385423690103
16.87 0.323620866686
16.94 0.203753666133
17.01 0.206048634257
17.08 0.160739985853
17.15 0.149486394029
17.22 0.312931027485
17.29 0.330802104734
17.36 0.182008278881
17.43 0.169515119658
17.5 0.18053563101
17.57 0.218602361025
17.64 0.332730485468
17.71 0.42032122805
17.78 0.304463947033
17.85 0.163284054676
17.92 0.493448927263
17.99 0.416359484373
18.06 0.347786895209
18.13 0.415375338228
18.2 0.433035694849
18.27 0.260491646688
18.34 0.457561291984
18.41 0.516504079228
18.48 0.396703572162
18.55 0.252468221177
18.62 0.467076898158
18.69 0.467623710711
18.76 0.442333682358
18.83 0.535049589102
18.9 0.496544959926
18.97 0.455089658129
19.04 0.570995291347
19.11 0.469631715974
19.18 0.48822400923
19.25 0.529335869084
19.32 0.426367675175
19.39 0.552899241443
19.46 0.398966318724
19.53 0.421796066708
19.6 0.449254277963
19.67 0.308400785804
19.74 0.403877922498
19.81 0.224345655073
19.88 0.1795344598
19.95 0.231307445093
20.02 0.0704861642163
20.09 0.0871946733052
20.16 0.107642125933
20.23 0.0564836070345
20.3 0.10967828892
20.37 0.362344414066
20.44 0.412001656327
20.51 0.437237139019
20.58 0.462619512444
20.65 0.484782848242
20.72 0.461521991105
20.79 0.54140329524
20.86 0.52121975932
20.93 0.569148356561
21.0 0.60782127437
21.07 0.540712163229
21.14 0.684379385577
21.21 0.617664673218
21.28 0.714272098523
21.35 0.726881133518
21.42 0.652866350015
21.49 0.723574187997
21.56 0.643566659444
21.63 0.650801089601
21.7 0.700533363522
21.77 0.607492176598
21.84 0.651224087759
21.91 0.67713463537
21.98 0.718721382775
22.05 0.741509146773
22.12 0.616386128405
22.19 0.256787298195
22.26 0.141661988534
22.33 0.129690901385
22.4 0.0865779883219
22.47 0.0737816029438
22.54 0.0875546406745
22.61 0.0758554716087
22.68 0.0966560896818
22.75 0.267400547242
22.82 0.386082170021
22.89 0.21077162306
22.96 0.218386717085
23.03 0.265675723787
23.1 0.227416527053
23.17 0.129384118975
23.24 0.249511197022
23.31 0.289579168504
23.38 0.27777762981
23.45 0.281764903539
23.52 0.125724657778
23.59 0.0822604610583
23.66 0.182745783601
23.73 0.20290656489
23.8 0.10388570535
23.87 0.174326378574
23.94 0.268407556049
24.01 0.279886335795
24.08 0.279480634365
24.15 0.0947375619268
24.22 0.0708981941439
24.29 0.21515332655
24.36 0.270538223915
24.43 0.291748369748
24.5 0.348123315991
24.57 0.358553552539
24.64 0.220623665903
24.71 0.0861518541133
24.78 0.2281389441
24.85 0.273737960695
24.92 0.21557062771
24.99 0.24314014014
25.06 0.284842919007
25.13 0.180484489091
25.2 0.305313264481
25.27 0.328481322185
25.34 0.349713731749
25.41 0.186066614959
25.48 0.278254067911
25.55 0.220052448877
25.62 0.207917827213
25.69 0.363199202127
25.76 0.362570284325
25.83 0.373858546658
25.9 0.382843496338
25.97 0.410201546228
26.04 0.374761378716
26.11 0.421831051775
26.18 0.354010917583
26.25 0.387263635503
26.32 0.392732220162
26.39 0.326990767534
26.46 0.332878292868
26.53 0.281184754172
26.6 0.26809916272
26.67 0.244072114903
26.74 0.194261125971
26.81 0.121144117765
26.88 0.104157726697
26.95 0.144429740799
27.02 0.240846500945
27.09 0.301194566592
27.16 0.214045198404
27.23 0.2680326424
27.3 0.276610222538
27.37 0.158840008294
27.44 0.185663024882
27.51 0.277063592243
27.58 0.285131588903
27.65 0.293697646361
27.72 0.306763848001
27.79 0.185573028671
27.86 0.284515483787
27.93 0.304370690061
28.0 0.311724136805
28.07 0.196499490301
28.14 0.168350042976
28.21 0.142181999299
28.28 0.0907167972827
28.35 0.376066891334
28.42 0.410546993083
28.49 0.333484781718
28.56 0.114090954151
28.63 0.11171348202
28.7 0.0876797871751
28.77 0.0773778538305
28.84 0.0811863226733
28.91 0.0629677650621
28.98 0.108405058235
29.05 0.328236208274
29.12 0.200686939808
29.19 0.0978610532961
29.26 0.157931576941
29.33 0.313277937512
29.4 0.389974118319
29.47 0.281901915079
29.54 0.10973560603
29.61 0.134044992861
29.68 0.312857063415
29.75 0.372472843149
29.82 0.351268919372
29.89 0.382056273153
29.96 0.229147373185
30.03 0.0976797732504
30.1 0.288640258368
30.17 0.433440574933
30.24 0.438479925873
30.31 0.294343312004
30.38 0.114730043462
30.45 0.116730731275
30.52 0.154403951373
30.59 0.332915511616
30.66 0.294400572716
30.73 0.109465464089
30.8 0.28700394015
30.87 0.174536006191
30.94 0.228446844145
31.01 0.334239020775
31.08 0.37233872459
31.15 0.424251959149
31.22 0.408214053178
31.29 0.422496065924
31.36 0.163166150957
31.43 0.342101160544
31.5 0.423469382053
31.57 0.528821979494
31.64 0.506626946397
31.71 0.212261774982
31.78 0.164200476284
31.85 0.448623669808
31.92 0.527410544966
31.99 0.422978968354
32.06 0.124076351398
32.13 0.287490306693
32.2 0.321298146745
32.27 0.123077421812
32.34 0.275483195482
32.41 0.301450005321
32.48 0.165495983408
32.55 0.410848428003
32.62 0.289366148265
32.69 0.206198013653
32.76 0.130404910356
32.83 0.178515449327
32.9 0.326242910989
32.97 0.516946834184
33.04 0.451736100009
33.11 0.567421370915
33.18 0.622835221932
33.25 0.641167632134
33.32 0.635264082601
33.39 0.613205767933
33.46 0.556345384525
33.53 0.618822646922
33.6 0.555295981852
33.67 0.60346829338
33.74 0.493368370181
33.81 0.517303455003
33.88 0.446433436059
33.95 0.375343419404
34.02 0.157928337627
34.09 0.0759300052194
34.16 0.0806649249924
34.23 0.0633051406396
34.3 0.0913159845694
34.37 0.271407191718
34.44 0.312584262028
34.51 0.154875029275
34.58 0.309299838397
34.65 0.39987895054
34.72 0.424795991516
34.79 0.23696720726
34.86 0.288283370651
34.93 0.2804423738
35.0 0.291021123915
35.07 0.267043327491
35.14 0.349535362161
35.21 0.167267826164
35.28 0.260571326025
35.35 0.34045147122
35.42 0.224219375051
35.49 0.29428173406
35.56 0.459341422871
35.63 0.438783266413
35.7 0.533045577775
35.77 0.331450575187
35.84 0.210780889817
35.91 0.167347870104
35.98 0.360503905481
36.05 0.503499653322
36.12 0.458344217795
36.19 0.331998580043
36.26 0.293454572312
36.33 0.189013812348
36.4 0.300134495949
36.47 0.423306755467
36.54 0.407330235209
36.61 0.418495565658
36.68 0.457439382414
36.75 0.436759194057
36.82 0.376248589996
36.89 0.402986640921
36.96 0.358608477895
37.03 0.278880602696
37.1 0.209963640624
37.17 0.173675954047
37.24 0.227288887917
37.31 0.213397791571
37.38 0.130079070962
37.45 0.153583779012
37.52 0.188098687101
37.59 0.174640460958
37.66 0.121393518724
37.73 0.180980747535
37.8 0.344600328567
37.87 0.357125469462
37.94 0.172740114031
38.01 0.303907672315
38.08 0.399410755294
38.15 0.529618601296
38.22 0.59191380043
38.29 0.521307669597
38.36 0.238310736936
38.43 0.174473540176
38.5 0.379460184667
38.57 0.420627068375
38.64 0.460607281298
38.71 0.438139947247
38.78 0.285554946103
38.85 0.407060146489
38.92 0.59791483679
38.99 0.343578120086
39.06 0.420851584285
39.13 0.688652019985
39.2 0.652190064992
39.27 0.57410055264
39.34 0.25748510027
39.41 0.20827491987
39.48 0.13939793449
39.55 0.311181392855
39.62 0.272436676344
39.69 0.323904471876
39.76 0.551925261247
39.83 0.371196200778
39.9 0.224727595444
39.97 0.169578871707
40.04 0.316551011629
40.11 0.395201670379
40.18 0.529282534789
40.25 0.543588585818
40.32 0.535397670779
40.39 0.464021983652
40.46 0.462034814692
40.53 0.413087007599
40.6 0.395749575148
40.67 0.303082950776
40.74 0.238513936762
40.81 0.314873864393
40.88 0.315157609387
40.95 0.228487365754
41.02 0.124098026523
41.09 0.112059712093
41.16 0.332913718793
41.23 0.257159121072
41.3 0.222250568028
41.37 0.277391601771
41.44 0.190981967218
41.51 0.219365429158
41.58 0.452334896481
41.65 0.402239657355
41.72 0.139712881909
41.79 0.15988165107
41.86 0.154411927329
41.93 0.274804818964
42.0 0.373121761609
42.07 0.472648789765
42.14 0.480055010795
42.21 0.567140078045
42.28 0.540485580449
42.35 0.647445963456
42.42 0.677669035584
42.49 0.668383751143
42.56 0.713525508155
42.63 0.686970150405
42.7 0.630205304515
42.77 0.70045171343
42.84 0.65610610241
42.91 0.660073807601
42.98 0.738982827452
43.05 0.696847598588
43.12 0.692448569773
43.19 0.656412484474
43.26 0.650491205297
43.33 0.683783552784
43.4 0.738830182529
43.47 0.404777014808
43.54 0.536932729061
43.61 0.927759416057
43.68 0.995770410816
43.75 1.0
43.82 0.902137866403
43.89 0.704101585367
43.96 0.678175313025
44.03 0.241283397651
44.1 0.171907682638
44.17 0.0800622179902
44.24 0.255151694882
44.31 0.553890195867
44.38 0.483182661322
44.45 0.331794887726
44.52 0.3691876363
44.59 0.14100834614
44.66 0.126433243003
44.73 0.343450714486
44.8 0.409461444814
44.87 0.414753379629
44.94 0.324993496172
45.01 0.329591258246
45.08 0.233970459807
45.15 0.211246484398
45.22 0.214244213654
45.29 0.205870916027
45.36 0.361358711811
45.43 0.537567223916
45.5 0.557587599454
45.57 0.664043441446
45.64 0.639240773353
45.71 0.692983822313
45.78 0.663736755945
45.85 0.686893165464
45.92 0.791358202807
45.99 0.651561226624
46.06 0.736019103049
46.13 0.710321039498
46.2 0.647173060393
46.27 0.829506636135
46.34 0.637583465524
46.41 0.804408964882
46.48 0.75401940414
46.55 0.604883512933
46.62 0.68412106181
46.69 0.635699180924
46.76 0.646076810791
46.83 0.659250380834
46.9 0.570750171081
46.97 0.591871389883
47.04 0.551956319102
47.11 0.710239934322
47.18 0.615813473626
47.25 0.630105162213
47.32 0.527760003232
47.39 0.488885419464
47.46 0.314545709501
47.53 0.277857339333
47.6 0.124081637723
47.67 0.0812457431926
47.74 0.056504672107
47.81 0.175159195221
47.88 0.556460089441
47.95 0.333637845258
48.02 0.303247421817
48.09 0.259267123273
48.16 0.14083052544
48.23 0.144273808902
48.3 0.204299589027
48.37 0.0955729339619
48.44 0.0977881488744
48.51 0.154950363579
48.58 0.190048550731
48.65 0.176022021196
48.72 0.142422756262
48.79 0.0773840989227
48.86 0.132797154012
48.93 0.429654993376
49.0 0.670028804705
49.07 0.606812406016
49.14 0.620529786011
49.21 0.531906600685
49.28 0.230898882454
49.35 0.261954283505
49.42 0.282419688192
49.49 0.492222090734
49.56 0.322346395243
49.63 0.195273298775
49.7 0.12697063152
49.77 0.158992002654
49.84 0.452535334391
49.91 0.615807611405
49.98 0.541859826414
50.05 0.447283459675
50.12 0.37556919593
50.19 0.275280630332
50.26 0.325067845496
50.33 0.434626949429
50.4 0.11874628514
50.47 0.316042796796
50.54 0.432434247669
50.61 0.352631296326
50.68 0.173697007999
50.75 0.36032340071
50.82 0.443871963272
50.89 0.472875475015
50.96 0.464613552435
51.03 0.505934265426
51.1 0.483807311142
51.17 0.478505703662
51.24 0.495239062054
51.31 0.492569618756
51.38 0.484916046956
51.45 0.369695713712
51.52 0.39453977401
51.59 0.506897147119
51.66 0.581243345481
51.73 0.360572915259
51.8 0.1759184545
51.87 0.166538814515
51.94 0.104982064571
52.01 0.186667182013
52.08 0.630986989569
52.15 0.433210524069
52.22 0.129421230487
52.29 0.389566322217
52.36 0.515136596264
52.43 0.27359757242
52.5 0.362405483633
52.57 0.622765605279
52.64 0.582537024832
52.71 0.59620036357
52.78 0.574372091028
52.85 0.491137238306
52.92 0.44048110697
52.99 0.414974487031
53.06 0.410625282327
53.13 0.392866124248
53.2 0.422765007618
53.27 0.365318178913
53.34 0.393736824505
53.41 0.368216849346
53.48 0.417818188419
53.55 0.178426128304
53.62 0.149734202338
53.69 0.117663630648
53.76 0.112598205535
53.83 0.160120844774
53.9 0.33661777894
53.97 0.575525493312
54.04 0.647387067995
54.11 0.446825654381
54.18 0.14295738604
54.25 0.109474199434
54.32 0.181421030508
54.39 0.540900066472
54.46 0.586690538594
54.53 0.535264435526
54.6 0.517919563297
54.67 0.53625712558
54.74 0.579881374434
54.81 0.522600545077
54.88 0.591741973017
54.95 0.476587259313
55.02 0.478472743365
55.09 0.458076018012
55.16 0.493440842482
55.23 0.486368837944
55.3 0.449657816409
55.37 0.416491620261
55.44 0.443600312882
55.51 0.426422892847
55.58 0.346052420537
55.65 0.381259387631
55.72 0.28698504124
55.79 0.116859481691
55.86 0.0627295674589
55.93 0.0318649260936
56.0 0.020841842672
56.07 0.0673771012182
56.14 0.163073054441
56.21 0.164538044091
56.28 0.0878943174517
56.35 0.185177826812
56.42 0.268454693706
56.49 0.161044797509
56.56 0.1080498847
56.63 0.178213307444
56.7 0.145137894698
56.77 0.100597360069
56.84 0.120048243091
56.91 0.101333515207
56.98 0.117847770314
57.05 0.197748725598
57.12 0.150635161345
57.19 0.163151149073
57.26 0.271081032206
57.33 0.224921962223
57.4 0.207744556486
57.47 0.310171847724
57.54 0.271098193897
57.61 0.204162536181
57.68 0.279791348753
57.75 0.22741300972
57.82 0.143631587512
57.89 0.361067282383
57.96 0.331642692398
58.03 0.260433728263
58.1 0.278623294888
58.17 0.224176697606
58.24 0.146644306737
58.31 0.348689685167
58.38 0.298033034334
58.45 0.199840624166
58.52 0.286789026208
58.59 0.356718415273
58.66 0.223109029906
58.73 0.331707244347
58.8 0.317528898384
58.87 0.269149833951
58.94 0.26612499947
59.01 0.434124401409
59.08 0.265874692965
59.15 0.301591780511
59.22 0.444473949809
59.29 0.232124374962
59.36 0.240812829715
59.43 0.403308422832
59.5 0.240647136981
59.57 0.172093410982
59.64 0.127496162146
59.71 0.189371345069
59.78 0.239279460992
59.85 0.236140313998
59.92 0.242876074892
59.99 0.320430265597
60.06 0.351470023733
60.13 0.485585592014
60.2 0.457204113538
60.27 0.536876211055
60.34 0.430900847172
60.41 0.546604355305
60.48 0.547930555683
60.55 0.558318840813
60.62 0.482428191907
60.69 0.515293514731
60.76 0.55245694085
60.83 0.463717824149
60.9 0.588735133488
60.97 0.686785375268
61.04 0.648849492724
61.11 0.712631657686
61.18 0.627596613842
61.25 0.696646112944
61.32 0.64013386205
61.39 0.715883328342
61.46 0.723906842819
61.53 0.474744988884
61.6 0.228662681109
61.67 0.179511426355
61.74 0.186643579822
61.81 0.151939387928
61.88 0.161004930435
61.95 0.237944358457
62.02 0.235382160439
62.09 0.3232006646
62.16 0.450414223216
62.23 0.305795108058
62.3 0.367090403746
62.37 0.34060602494
62.44 0.328476910427
62.51 0.302990319742
62.58 0.351883625657
62.65 0.349969998973
62.72 0.323026671025
62.79 0.408453163476
62.86 0.38102738031
62.93 0.352648589877
63.0 0.285129256724
63.07 0.416568612351
63.14 0.358589546416
63.21 0.442311224809
63.28 0.498815773794
63.35 0.449221718013
63.42 0.455713792422
63.49 0.453884299728
63.56 0.399709981159
63.63 0.435711855077
63.7 0.576303609401
63.77 0.513970238313
63.84 0.481892184746
63.91 0.448413210519
63.98 0.45179981393
64.05 0.411833335125
64.12 0.5440834359
64.19 0.560592669196
64.26 0.483667679872
64.33 0.472768383042
64.4 0.50612845745
64.47 0.516796854267
64.54 0.575915533557
64.61 0.637430279656
64.68 0.554404187927
64.75 0.556444014405
64.82 0.510529922502
64.89 0.374515954218
64.96 0.610193874026
65.03 0.654035846399
65.1 0.475249927864
65.17 0.185153041057
65.24 0.0869222841796
65.31 0.0524075444898
65.38 0.143199484641
65.45 0.738518978034
65.52 0.442835756951
65.59 0.217599147569
65.66 0.575498979869
65.73 0.701172183553
65.8 0.647303565504
65.87 0.731581180226
65.94 0.859635607702
66.01 0.563192122502
66.08 0.448262167776
66.15 0.385398867014
66.22 0.269366844154
66.29 0.215313181687
66.36 0.308713366887
66.43 0.239342178812
66.5 0.183910413865
66.57 0.288635840256
66.64 0.138920856946
66.71 0.217337752093
66.78 0.343654432221
66.85 0.390452935464
66.92 0.390229598353
66.99 0.297677863977
67.06 0.229229484788
67.13 0.200762631565
67.2 0.425370458183
67.27 0.278528838464
67.34 0.189747875992
67.41 0.147220167468
67.48 0.157353388797
67.55 0.204274399747
67.62 0.487704441706
67.69 0.446060965796
67.76 0.225964476389
67.83 0.108398862391
67.9 0.0969735178215
67.97 0.14198422719
68.04 0.122943889476
68.11 0.0889976986279
68.18 0.0961739895336
68.25 0.0967078051141
68.32 0.318552784509
68.39 0.368275620096
68.46 0.204825969595
68.53 0.338964515717
68.6 0.504954743127
68.67 0.515293637853
68.74 0.400550525134
68.81 0.21247940318
68.88 0.16157843754
68.95 0.266972115805
69.02 0.532672548297
69.09 0.529140111418
69.16 0.404966830025
69.23 0.199760954361
69.3 0.171549465198
69.37 0.16587927495
69.44 0.440225805663
69.51 0.363451881322
69.58 0.098724026224
69.65 0.0945495220573
69.72 0.127291372053
69.79 0.0953708398548
69.86 0.31942733016
69.93 0.52498391438
70.0 0.28569048335
70.07 0.377048039644
70.14 0.486051395506
70.21 0.288530616568
70.28 0.349998761189
70.35 0.463789431416
70.42 0.312414466534
70.49 0.209405445989
70.56 0.262019694929
70.63 0.184372514149
70.7 0.289699448884
70.77 0.559804452294
70.84 0.494141825089
70.91 0.256314489429
70.98 0.25097740757
71.05 0.268549392404
71.12 0.362568807649
71.19 0.537142901594
71.26 0.51733766559
71.33 0.219297538604
71.4 0.270061757218
71.47 0.413344340826
71.54 0.441541372227
71.61 0.481656220823
71.68 0.618325578252
71.75 0.490547422629
71.82 0.25089678138
71.89 0.621643932862
71.96 0.566791946325
72.03 0.360718859935
72.1 0.467977350377
72.17 0.487793143939
72.24 0.636068345148
72.31 0.640171614594
72.38 0.645871781602
72.45 0.669332166337
72.52 0.630645291199
72.59 0.679325544307
72.66 0.733135907132
72.73 0.679559561305
72.8 0.748724983045
72.87 0.683630683856
72.94 0.663005101531
73.01 0.538060636244
73.08 0.541135572855
73.15 0.497240568037
73.22 0.358986133602
73.29 0.209122759848
73.36 0.16157261027
73.43 0.114032540853
73.5 0.0897445813127
73.57 0.0529397134059
73.64 0.115121813776
73.71 0.104967489247
73.78 0.0529808021727
73.85 0.186294451206
73.92 0.418983470835
73.99 0.283027383642
74.06 0.493834307121
74.13 0.363609941254
74.2 0.394925444597
74.27 0.420512362664
74.34 0.470006515239
74.41 0.467538783971
74.48 0.528691830248
74.55 0.553309557188
74.62 0.544963735742
74.69 0.514185166554
74.76 0.585579365748
74.83 0.694938849145
74.9 0.559510557237
74.97 0.591426560909
75.04 0.645067843145
75.11 0.686976088088
75.18 0.681052643543
75.25 0.780024860948
75.32 0.738108632105
75.39 0.793067571605
75.46 0.696311524702
75.53 0.614569171173
75.6 0.710049116649
75.67 0.798710759097
75.74 0.664812244706
75.81 0.530441583234
75.88 0.338734868378
75.95 0.32406697534
76.02 0.276571836906
76.09 0.27721239495
76.16 0.30263534797
76.23 0.357092564769
76.3 0.387218001529
76.37 0.678609818771
76.44 0.596820508693
76.51 0.549501727788
76.58 0.606120547979
76.65 0.588939358807
76.72 0.512994721071
76.79 0.456321732529
76.86 0.543286409779
76.93 0.473375098278
77.0 0.571563343728
77.07 0.503920639421
77.14 0.532261775014
77.21 0.550461834856
77.28 0.54561909629
77.35 0.535234816218
77.42 0.571646430779
77.49 0.654325372591
77.56 0.613995302644
77.63 0.629943352208
77.7 0.489504234864
77.77 0.493471033714
77.84 0.574145706833
77.91 0.641488502144
77.98 0.697198336534
78.05 0.712788254446
78.12 0.584773160247
78.19 0.615777737908
78.26 0.54318236648
78.33 0.571628543857
78.4 0.641498466331
78.47 0.595834976427
78.54 0.497510445463
78.61 0.566537687984
78.68 0.551969710067
78.75 0.587968595682
78.82 0.608319471796
78.89 0.562195417859
78.96 0.575530412653
79.03 0.509324131981
79.1 0.55621013165
79.17 0.568542575467
79.24 0.634184565747
79.31 0.402472543214
79.38 0.207997987921
79.45 0.0985381715808
79.52 0.0511071442375
79.59 0.0977421272632
79.66 0.51028179884
79.73 0.647722974839
79.8 0.335852439792
79.87 0.468022656289
79.94 0.579242610007
80.01 0.422798312659
80.08 0.643914070699
80.15 0.730887055146
80.22 0.475350876419
80.29 0.244945307795
80.36 0.420911500472
80.43 0.225113449523
80.5 0.160421653756
80.57 0.383798667384
80.64 0.393807192602
80.71 0.247765295785
80.78 0.38971717829
80.85 0.311089112126
80.92 0.282862749762
80.99 0.467854702072
81.06 0.398006367346
81.13 0.328197175256
81.2 0.275081851001
81.27 0.177594214025
81.34 0.166962317874
81.41 0.440753117196
81.48 0.430029533686
81.55 0.221264223153
81.62 0.154276969949
81.69 0.1036017157
81.76 0.141595765296
81.83 0.435725785398
81.9 0.574909458098
81.97 0.434230170013
82.04 0.146108261447
82.11 0.0839382310559
82.18 0.119038072815
82.25 0.143775054644
82.32 0.0808521816437
82.39 0.079435083479
82.46 0.0943236192311
82.53 0.266654792519
82.6 0.36581537706
82.67 0.203090254166
82.74 0.351554019508
82.81 0.520303902487
82.88 0.475205625996
82.95 0.241615073053
83.02 0.119142902511
83.09 0.130257158559
83.16 0.219011731506
83.23 0.540349250451
83.3 0.464889880687
83.37 0.388105489343
83.44 0.31593375075
83.51 0.152649683364
83.58 0.260345022058
83.65 0.597491254792
83.72 0.446419235663
83.79 0.184546940639
83.86 0.0866866785041
83.93 0.114215003669
84.0 0.109980495938
84.07 0.186614447444
84.14 0.371651047953
84.21 0.274305181403
84.28 0.184595157803
84.35 0.345321103716
84.42 0.229154679514
84.49 0.267740798326
84.56 0.523595782576
84.63 0.470322495299
84.7 0.458898570213
84.77 0.445237528702
84.84 0.463550479985
84.91 0.396383751473
84.98 0.294801357188
85.05 0.445973784722
85.12 0.526823725536
85.19 0.587851247207
85.26 0.552577461121
85.33 0.346922671992
85.4 0.240509629773
85.47 0.415261210001
85.54 0.504196100255
85.61 0.145608854244
85.68 0.367862102371
85.75 0.434639906684
85.82 0.238841169427
85.89 0.430287983753
85.96 0.425036378317
86.03 0.242746179833
86.1 0.375968032684
86.17 0.3719235324
86.24 0.116610616911
86.31 0.0615547895162
86.38 0.153971453715
86.45 0.239455297433
86.52 0.259607446642
86.59 0.363772373227
86.66 0.545144920467
86.73 0.624985589402
86.8 0.665239603786
86.87 0.752433903752
86.94 0.7176415744
87.01 0.657544513481
87.08 0.738195780611
87.15 0.790048558039
87.22 0.775974252198
87.29 0.685324421654
87.36 0.656280606746
87.43 0.618857309487
87.5 0.643330445305
87.57 0.665881043546
87.64 0.511441524856
87.71 0.522806921465
87.78 0.424825236691
87.85 0.399155517533
87.92 0.400297300228
87.99 0.651463746946
88.06 0.467399116956
88.13 0.395237889054
88.2 0.412107235084
88.27 0.368164887668
88.34 0.337438431082
88.41 0.590257871574
88.48 0.550325836097
88.55 0.760827981284
88.62 0.549186521414
88.69 0.586177791263
88.76 0.48996424842
88.83 0.428941897895
88.9 0.495395427661
88.97 0.422299465464
89.04 0.384836386126
89.11 0.507403948824
89.18 0.445453669104
89.25 0.534280298912
89.32 0.332630757017
89.39 0.249707231118
89.46 0.188842799132
89.53 0.267193054808
89.6 0.358132765025
89.67 0.280263811187
89.74 0.220923761569
89.81 0.274307979858
89.88 0.211658922616
89.95 0.326474031827
90.02 0.317267985072
90.09 0.304114612684
90.16 0.289309449945
90.23 0.313423564452
90.3 0.324474533934
90.37 0.399583491431
90.44 0.788820295671
90.51 0.870878289283
90.58 0.805235834314
90.65 0.758923372729
90.72 0.65636441188
90.79 0.454111080299
90.86 0.511134276169
90.93 0.575715443566
91.0 0.537693835177
91.07 0.278738216659
91.14 0.192359737666
91.21 0.218347655471
91.28 0.222858199137
91.35 0.460503527137
91.42 0.476581772814
91.49 0.22483574071
91.56 0.448714496898
91.63 0.456835079585
91.7 0.480254407327
91.77 0.643809483277
91.84 0.517474725585
91.91 0.309776896877
91.98 0.584552629535
92.05 0.84713536536
92.12 0.918418945717
92.19 0.818579853592
92.26 0.746106294823
92.33 0.468888325203
92.4 0.418003907231
92.47 0.745216682152
92.54 0.585886642237
92.61 0.55787117446
92.68 0.70803505217
92.75 0.671437033282
92.82 0.628612624097
92.89 0.417174234577
92.96 0.243201553656
93.03 0.21302279531
93.1 0.417070430373
93.17 0.495333787759
93.24 0.490393562367
93.31 0.459734030419
93.38 0.237198834886
93.45 0.149488769896
93.52 0.505410729384
93.59 0.626337823443
93.66 0.615381589198
93.73 0.579853230213
93.8 0.534819556508
93.87 0.421737700276
93.94 0.256607188211
94.01 0.241863178445
94.08 0.299442122386
94.15 0.186816583651
94.22 0.230256535559
94.29 0.23357155474
94.36 0.176079013421
94.43 0.319689215742
94.5 0.509351248327
94.57 0.522532998471
94.64 0.49653148635
94.71 0.489158614843
94.78 0.410934646339
94.85 0.316611299566
94.92 0.330233219887
94.99 0.278239263023
95.06 0.160186248254
95.13 0.196938997205
95.2 0.288454452974
95.27 0.231708377312
95.34 0.500762049394
95.41 0.577024622852
95.48 0.535011832587
95.55 0.591784788676
95.62 0.490314106238
95.69 0.441774670348
95.76 0.380537789547
95.83 0.398153930089
95.9 0.324165957907
95.97 0.218999747315
96.04 0.242502058051
96.11 0.261165520892
96.18 0.203926577819
96.25 0.51163867182
96.32 0.671762738433
96.39 0.649907429773
96.46 0.685782508144
96.53 0.624071831213
96.6 0.544955595357
96.67 0.526752843501
96.74 0.40942007644
96.81 0.347600476585
96.88 0.276732854161
96.95 0.30536110354
97.02 0.284913824873
97.09 0.242152691134
97.16 0.487853169745
97.23 0.78779365319
97.3 0.784570206189
97.37 0.71792334705
97.44 0.672280465474
97.51 0.559040141814
97.58 0.593575592301
97.65 0.432176049407
97.72 0.315686571557
97.79 0.206636689679
97.86 0.257234097924
97.93 0.219136176605
98.0 0.218850232087
98.07 0.566122082737
98.14 0.748499337585
98.21 0.823149009934
98.28 0.686125551329
98.35 0.749288329762
98.42 0.687067588777
98.49 0.620652257178
98.56 0.547626331045
98.63 0.359702659833
98.7 0.300643061085
98.77 0.254153394413
98.84 0.229515387207
98.91 0.263649251734
98.98 0.588620716123
99.05 0.643189023595
99.12 0.702754282582
99.19 0.788362418887
99.26 0.753244654459
99.33 0.72346449536
99.4 0.801022694299
99.47 0.786112875825
99.54 0.751647615504
99.61 0.800756179309
99.68 0.731456637423
99.75 0.673940346166
99.82 0.705189199711
99.89 0.59569412108
99.96 0.453245379611
100.03 0.26869496374
100.1 0.191271117689
100.17 0.300954514208
100.24 0.257387108244
100.31 0.153354622574
100.38 0.332276720182
100.45 0.257615524358
100.52 0.235868965456
100.59 0.367142301876
100.66 0.294907552352
100.73 0.17361355714
100.8 0.207991900902
100.87 0.377009672282
100.94 0.384254690976
101.01 0.400911059661
101.08 0.430968686889
101.15 0.410396503995
101.22 0.378971083216
101.29 0.504642251803
101.36 0.460899100747
101.43 0.478061679354
101.5 0.44830608439
101.57 0.458619735821
101.64 0.440865941912
101.71 0.467311068463
101.78 0.509562611574
101.85 0.470153567223
101.92 0.497363800975
101.99 0.532271478658
102.06 0.523959664448
102.13 0.558524564254
102.2 0.575228261238
102.27 0.556711234768
102.34 0.60215394692
102.41 0.544568613317
102.48 0.518321612356
102.55 0.592340137989
102.62 0.910848868464
102.69 0.890533241138
102.76 0.731848180556
102.83 0.805673426067
102.9 0.621444159813
102.97 0.591837709915
103.04 0.55849651456
103.11 0.437535357662
103.18 0.609599543328
103.25 0.447974693361
103.32 0.660886417061
103.39 0.690359622968
103.46 0.56098754061
103.53 0.574866378718
103.6 0.518563809456
103.67 0.457741554481
103.74 0.475419531922
103.81 0.534879141456
103.88 0.550236611984
103.95 0.497875209845
104.02 0.429858386227
104.09 0.294198101298
104.16 0.240399706777
104.23 0.219465600056
104.3 0.191629122246
104.37 0.271968354798
104.44 0.503248179139
104.51 0.496595571227
104.58 0.633260410457
104.65 0.54699378232
104.72 0.57800884446
104.79 0.604954447394
104.86 0.5800904198
104.93 0.643195032769
105.0 0.618418886062
105.07 0.58620166909
105.14 0.627476391448
105.21 0.624124121746
105.28 0.605346891308
105.35 0.593957600985
105.42 0.670578525333
105.49 0.650033511211
105.56 0.65634501333
105.63 0.658348118316
105.7 0.615146591986
105.77 0.596230330798
105.84 0.663831174241
105.91 0.682025534701
105.98 0.575507748576
106.05 0.607882413839
106.12 0.589039984861
106.19 0.579543385627
106.26 0.593822883496
106.33 0.636643278092
106.4 0.526023253573
106.47 0.496271060762
106.54 0.433751372726
106.61 0.369661437196
106.68 0.357541401977
106.75 0.450369547215
106.82 0.42053574244
106.89 0.584499184827
106.96 0.580088284617
107.03 0.512400805017
107.1 0.500671261227
107.17 0.453633434008
107.24 0.421159560586
107.31 0.496100762451
107.38 0.372917088284
107.45 0.337859535537
107.52 0.345020550512
107.59 0.256443856252
107.66 0.201036218554
107.73 0.208527012843
107.8 0.142462514511
107.87 0.232017465688
107.94 0.64320239629
108.01 0.728122318985
108.08 0.673466174314
108.15 0.643932164944
108.22 0.468615742259
108.29 0.218468407689
108.36 0.448617923561
108.43 0.547833583588
108.5 0.365322166494
108.57 0.335661263873
108.64 0.205469895636
108.71 0.110582268004
108.78 0.327470445743
108.85 0.495236436764
108.92 0.542937727583
108.99 0.483461004018
109.06 0.510216717068
109.13 0.326039789802
109.2 0.185961145027
109.27 0.314459468129
109.34 0.159939022195
109.41 0.143074826659
109.48 0.377977826798
109.55 0.314013418257
109.62 0.250851363467
109.69 0.421572046465
109.76 0.494555781289
109.83 0.477643726041
109.9 0.443496272759
109.97 0.432082337278
110.04 0.448920030492
110.11 0.453659998289
110.18 0.477131869164
110.25 0.432343373713
110.32 0.40763953329
110.39 0.379781439931
110.46 0.273678498076
110.53 0.517023808798
110.6 0.511666661145
110.67 0.23450066194
110.74 0.15673671414
110.81 0.0679420715636
110.88 0.0469850982099
110.95 0.258851340888
111.02 0.492425041138
111.09 0.253953951809
111.16 0.235847589797
111.23 0.459163496524
111.3 0.476561710992
111.37 0.339860413991
111.44 0.691029264141
111.51 0.757110008291
111.58 0.829590054426
111.65 0.768452419911
111.72 0.658709412232
111.79 0.377812622582
111.86 0.462726326397
111.93 0.507616643383
112.0 0.598191797335
112.07 0.541169278242
112.14 0.474042651929
112.21 0.455935936437
112.28 0.358801674612
112.35 0.435180224723
112.42 0.401100606392
112.49 0.423535566368
112.56 0.39101646329
112.63 0.318744568097
112.7 0.307501298706
112.77 0.336978386547
112.84 0.483566164158
112.91 0.502918493556
112.98 0.373727826282
113.05 0.254548114108
113.12 0.183397754706
113.19 0.193008692666
113.26 0.456001394726
113.33 0.522905193893
113.4 0.484711372836
113.47 0.374081876621
113.54 0.243832036305
113.61 0.154921693506
113.68 0.103974861945
113.75 0.0985369705404
113.82 0.0792870735226
113.89 0.0636021042269
113.96 0.0428996227496
114.03 0.0628546710652
114.1 0.0481276490303
114.17 0.167512401514
114.24 0.214577184623
114.31 0.0891306630117
114.38 0.132912056719
114.45 0.189398693362
114.52 0.098205342799
114.59 0.0458524059293
114.66 0.0707201724763
114.73 0.0451940006797
114.8 0.0370342864769
114.87 0.0423404312196
114.94 0.0474887924604
115.01 0.0908357423798
115.08 0.2641865211
115.15 0.252045334225
115.22 0.128906535438
115.29 0.203271461132
115.36 0.18546866287
115.43 0.0664990390291
115.5 0.0553333074384
115.57 0.0622543208665
115.64 0.0377847460696
115.71 0.0385091036871
115.78 0.0639227812125
115.85 0.0620941630857
115.92 0.180084317848
115.99 0.262177079672
116.06 0.10935756904
116.13 0.11861293153
116.2 0.261150966221
116.27 0.186123767641
116.34 0.0709112641957
116.41 0.0637817399911
116.48 0.0516248863709
116.55 0.0395866378707
116.62 0.0772762904567
116.69 0.0878112415207
116.76 0.0906990334825
116.83 0.357014098386
116.9 0.342758804817
116.97 0.18818851253
117.04 0.223260432484
117.11 0.32476023459
117.18 0.161187744349
117.25 0.08711915392
117.32 0.0966518963669
117.39 0.0647622496533
117.46 0.0577861051358
117.53 0.0948712571023
117.6 0.0940935826655
117.67 0.242722685672
117.74 0.368362443718
117.81 0.21189614636
117.88 0.159210397389
117.95 0.37917515761
118.02 0.4167839743
118.09 0.186096804602
118.16 0.117762227166
118.23 0.11068749328
118.3 0.0724524357092
118.37 0.101830292355
118.44 0.101448738032
118.51 0.217601126267
118.58 0.422355298749
118.65 0.399326945394
118.72 0.240956153866
118.79 0.400069483045
118.86 0.517693044858
118.93 0.308207861544
119.0 0.227712795593
119.07 0.174603676714
119.14 0.113097754131
119.21 0.159164704634
119.28 0.19722543183
119.35 0.170144808763
119.42 0.443132922301
119.49 0.468170043484
119.56 0.220614284761
119.63 0.271292978498
119.7 0.467426946618
119.77 0.476039134512
119.84 0.391396779238
119.91 0.256739513152
119.98 0.172900964475
120.05 0.139471357615
120.12 0.171470050375
120.19 0.191834938626
120.26 0.405273958767
120.33 0.606751284817
120.4 0.546692197269
120.47 0.289697162777
120.54 0.519318405965
120.61 0.609607640818
120.68 0.508806199206
120.75 0.352997779657
120.82 0.192101036587
120.89 0.138270982102
120.96 0.213725262537
121.03 0.17959836039
121.1 0.28950668111
121.17 0.618842105841
121.24 0.469895084588
121.31 0.247769507369
121.38 0.470179844747
121.45 0.548561447418
121.52 0.541362753773
121.59 0.450346274675
121.66 0.276864878048
121.73 0.157159976814
121.8 0.197481884135
121.87 0.21020176197
121.94 0.323951665932
122.01 0.708397710759
122.08 0.835156828901
122.15 0.626108429498
122.22 0.570670069949
122.29 0.730117240692
122.36 0.771607665771
122.43 0.673856955677
122.5 0.615571710235
122.57 0.35787967754
122.64 0.242028217438
122.71 0.308391084543
122.78 0.254306284787
122.85 0.506743977932
122.92 0.73790967087
122.99 0.432284059635
123.06 0.382358951214
123.13 0.661721805778
123.2 0.718860043363
123.27 0.622318321004
123.34 0.606751332477
123.41 0.382448965695
123.48 0.30424935877
123.55 0.545131937792
123.62 0.478117036035
123.69 0.44816733563
123.76 0.65591337197
123.83 0.761665997673
123.9 0.629774913444
123.97 0.497156070239
124.04 0.664701711658
124.11 0.628480927478
124.18 0.594242221341
124.25 0.529458731066
124.32 0.315047125587
124.39 0.30323272893
124.46 0.429403081512
124.53 0.415105093817
124.6 0.638892261939
124.67 0.735264816332
124.74 0.684709940961
124.81 0.63367737164
124.88 0.455380131967
124.95 0.541302143334
125.02 0.541697281645
125.09 0.547725416875
125.16 0.596107634833
125.23 0.640469444805
125.3 0.331455907584
125.37 0.454769646799
125.44 0.265771861032
125.51 0.4072937687
125.58 0.626579891065
125.65 0.592111771918
125.72 0.503213374387
125.79 0.595123738904
125.86 0.670282208338
125.93 0.605060165955
126.0 0.577712773709
126.07 0.475102788503
126.14 0.361412108064
126.21 0.247335463929
126.28 0.213308031278
126.35 0.225520935038
126.42 0.576428975139
126.49 0.588828852766
126.56 0.257307737904
126.63 0.261740663541
126.7 0.427299708718
126.77 0.566606352225
126.84 0.481770753368
126.91 0.458455915344
126.98 0.363629787016
127.05 0.165625403452
127.12 0.380329790324
127.19 0.420268892239
127.26 0.503283701179
127.33 0.708523599966
127.4 0.75396193134
127.47 0.446634262401
127.54 0.358728297559
127.61 0.577729575565
127.68 0.643677800162
127.75 0.570549705368
127.82 0.606037460133
127.89 0.420868438567
127.96 0.337723284179
128.03 0.505864298469
128.1 0.535531561362
128.17 0.725321628663
128.24 0.861340266865
128.31 0.703575806908
128.38 0.588304581961
128.45 0.40577828134
128.52 0.369051213365
128.59 0.312330538277
128.66 0.493496369152
128.73 0.454716829619
128.8 0.412287610377
128.87 0.655158367964
128.94 0.294583967292
129.01 0.249646378405
129.08 0.340778784907
129.15 0.583753690646
129.22 0.525556639855
129.29 0.562373732638
129.36 0.529382496776
129.43 0.573721591834
129.5 0.511690755031
129.57 0.533615517505
129.64 0.503136639663
129.71 0.334804370814
129.78 0.364240041032
129.85 0.33047603101
129.92 0.175657276673
129.99 0.168026533378
130.06 0.0960896116813
130.13 0.074959888687
130.2 0.325473597763
130.27 0.353154827601
130.34 0.216773429928
130.41 0.350733133831
130.48 0.42995564905
130.55 0.197197416292
130.62 0.457575076146
130.69 0.350625705853
130.76 0.214158963618
130.83 0.23711025101
130.9 0.380068228038
130.97 0.448830624475
131.04 0.526611046069
131.11 0.599154292186
131.18 0.589984911319
131.25 0.678649525388
131.32 0.619199402643
131.39 0.67156855753
131.46 0.621125243082
131.53 0.610922563968
131.6 0.687251086616
131.67 0.715840625479
131.74 0.682997841226
131.81 0.712736596206
131.88 0.799269491499
131.95 0.745197814221
132.02 0.780061108219
132.09 0.662808919688
132.16 0.750760539952
132.23 0.720509997997
132.3 0.663507359617
132.37 0.764606629851
132.44 0.589039397844
132.51 0.491184284614
132.58 0.562862436919
132.65 0.876867968185
132.72 0.987214048263
132.79 0.914337882809
132.86 0.776603560815
132.93 0.674838783147
133.0 0.329858609675
133.07 0.160749689497
133.14 0.105058496652
133.21 0.0954283515778
133.28 0.341327947909
133.35 0.462265721853
133.42 0.394951930238
133.49 0.318380578196
133.56 0.279798723395
133.63 0.0841174331111
133.7 0.242627171983
133.77 0.386434380671
133.84 0.462722433343
133.91 0.357125869015
133.98 0.245355119134
134.05 0.273731029294
134.12 0.201331581548
134.19 0.241795337139
134.26 0.189848255801
134.33 0.315093313215
134.4 0.536718027207
134.47 0.578169957036
134.54 0.69234786508
134.61 0.642862462942
134.68 0.798231220691
134.75 0.630766523992
134.82 0.809706162192
134.89 0.769066825142
134.96 0.720858589639
135.03 0.667260107971
135.1 0.65331962996
135.17 0.59308486325
135.24 0.672112832964
135.31 0.684385015851
135.38 0.695655776516
135.45 0.577813881133
135.52 0.695775058413
135.59 0.69785541206
135.66 0.603960391077
135.73 0.638953423649
135.8 0.625665325828
135.87 0.708762363933
135.94 0.719355226273
136.01 0.659121076763
136.08 0.621694382118
136.15 0.666687655747
136.22 0.596103622627
136.29 0.767809907794
136.36 0.688391464126
136.43 0.574380456211
136.5 0.645445778459
136.57 0.480051379872
136.64 0.542020996977
136.71 0.465210841252
136.78 0.495139479762
136.85 0.692257753689
136.92 0.579166791156
136.99 0.641834215896
137.06 0.547972421314
137.13 0.342151210248
137.2 0.266446744047
137.27 0.317592981672
137.34 0.258595166602
137.41 0.164674965871
137.48 0.276338584062
137.55 0.347010922246
137.62 0.338672367412
137.69 0.250653315722
137.76 0.152292612154
137.83 0.214528845131
137.9 0.652683053937
137.97 0.771273779725
138.04 0.767511429402
138.11 0.757457850078
138.18 0.613574735162
138.25 0.314496199153
138.32 0.473751560889
138.39 0.472056760266
138.46 0.511910269784
138.53 0.534994736031
138.6 0.244145812075
138.67 0.1371128257
138.74 0.282951428959
138.81 0.570418513949
138.88 0.610226956652
138.95 0.536998370842
139.02 0.552065269827
139.09 0.390177923432
139.16 0.303035597853
139.23 0.366991593551
139.3 0.333032157897
139.37 0.177892624898
139.44 0.438232595756
139.51 0.489656370616
139.58 0.347640518413
139.65 0.393945345608
139.72 0.557770553172
139.79 0.579197851395
139.86 0.577168981233
139.93 0.608266427434
140.0 0.615917924421
140.07 0.554219966444
140.14 0.534167015863
140.21 0.416461009619
140.28 0.448713853484
140.35 0.529263137829
140.42 0.342619590575
140.49 0.599599812235
140.56 0.583267274855
140.63 0.440226666726
140.7 0.199759708043
140.77 0.152160239553
140.84 0.132661095678
140.91 0.195833522151
140.98 0.481941775321
141.05 0.676282343123
141.12 0.244863868996
141.19 0.383333632018
141.26 0.555908748362
141.33 0.468811047152
141.4 0.524253097199
141.47 0.764287214276
141.54 0.814858301308
141.61 0.76581098103
141.68 0.657748759453
141.75 0.506033948599
141.82 0.474254357536
141.89 0.518436458665
141.96 0.543141210988
142.03 0.505728634922
142.1 0.494904585814
142.17 0.50128859598
142.24 0.535628759049
142.31 0.527767837796
142.38 0.281277161996
142.45 0.210428285175
142.52 0.144102019617
142.59 0.123516252733
142.66 0.0870097400951
142.73 0.217369291318
142.8 0.463567866474
142.87 0.464565557686
142.94 0.226571543517
143.01 0.117849178677
143.08 0.0840969415512
143.15 0.106119854918
143.22 0.444236200213
143.29 0.438479062426
143.36 0.407642680461
143.43 0.217941498091
143.5 0.124160153355
143.57 0.120075917857
143.64 0.447249338849
143.71 0.546463532526
143.78 0.502563608367
143.85 0.349509147389
143.92 0.181081272708
143.99 0.163691615653
144.06 0.38232938751
144.13 0.611569444155
144.2 0.566760736751
144.27 0.525898984023
144.34 0.202469547445
144.41 0.132346099804
144.48 0.370788927351
144.55 0.613138414352
144.62 0.673155321711
144.69 0.301525220474
144.76 0.243824355843
144.83 0.166993899199
144.9 0.469537455752
144.97 0.775569829654
145.04 0.69929435931
145.11 0.677124314525
145.18 0.289082085536
145.25 0.189251766883
145.32 0.337200779984
145.39 0.687388837686
145.46 0.592176099863
145.53 0.377119943199
145.6 0.313341303512
145.67 0.23817368965
145.74 0.339290076298
145.81 0.688003478836
145.88 0.723364751022
145.95 0.61021766527
146.02 0.355107928161
146.09 0.172949874303
146.16 0.23664191596
146.23 0.668042437233
146.3 0.700417007176
146.37 0.326828874122
146.44 0.459805518535
146.51 0.683759909287
146.58 0.709779783345
146.65 0.657230027573
146.72 0.446922686052
146.79 0.645679544446
146.86 0.807328189627
146.93 0.875973922309
147.0 0.813339773219
147.07 0.841844028682
147.14 0.766259722123
147.21 0.727438734782
147.28 0.775874034434
147.35 0.726712362721
147.42 0.691900730934
147.49 0.787685758935
147.56 0.700543559656
147.63 0.682479695568
147.7 0.735782566409
147.77 0.779469286837
147.84 0.710470008221
147.91 0.681985260132
147.98 0.793626049818
148.05 0.6824486957
148.12 0.664717655628
148.19 0.760262213422
148.26 0.760015547372
148.33 0.711691208917
148.4 0.803409109097
148.47 0.666162391225
148.54 0.753654665177
148.61 0.677561001526
148.68 0.716036149609
148.75 0.693925225878
148.82 0.692239450533
148.89 0.71481013522
148.96 0.702669254166
149.03 0.717969109707
149.1 0.648971276788
149.17 0.620483816826
149.24 0.643229180603
149.31 0.629475794816
149.38 0.641989777632
149.45 0.651559300352
149.52 0.658079275914
149.59 0.705348438442
149.66 0.706299630645
149.73 0.677452671179
149.8 0.636934795692
149.87 0.690985385656
149.94 0.647796109619
150.01 0.728431830743
150.08 0.603924521117
150.15 0.638689622915
150.22 0.63234635439
150.29 0.571001628583
150.36 0.628348802711
150.43 0.64712332207
150.5 0.677534075821
150.57 0.606593247127
150.64 0.595156308387
150.71 0.605306697761
150.78 0.634519292205
150.85 0.581826846163
150.92 0.589740558384
150.99 0.593078468028
151.06 0.612676091653
151.13 0.52777547457
151.2 0.492806975154
151.27 0.431266795119
151.34 0.256825544818
151.41 0.27071006086
151.48 0.357547554131
151.55 0.308003393158
151.62 0.221464866797
151.69 0.0934584960279
151.76 0.0636727948261
151.83 0.0373902686481
151.9 0.0234571668686
151.97 0.0181438826081
152.04 0.0155003355514
152.11 0.014866958331
152.18 0.162778481814
152.25 0.762268189149
152.32 0.901937264064
152.39 0.926381979232
152.46 0.936734362627
152.53 0.699673281193
152.6 0.43738029477
152.67 0.156540361514
152.74 0.0808278264196
152.81 0.0430167956767
152.88 0.0211699141582
152.95 0.00867614249976
153.02 0.00476247856583
153.09 0.00251838387502
153.16 0.00117156484201
153.23 0.00126158726638
153.3 0.00105407576812
153.37 0.00100512304646
153.44 0.000624473475954
153.51 0.00025735387946
153.58 0.000192007592151
153.65 0.000165999348803
153.72 0.000130690191601
153.79 0.000133182826982
153.86 5.07145652858e-05
153.93 0.0
154.0 7.90605479348e-06
154.07 0.000127673292565
154.14 4.11705837382e-06
154.21 5.80733205965e-05
