0.0 0.000433248109511
0.07 0.0
0.14 0.0513127392021
0.21 0.513211535485
0.28 0.995757897402
0.35 0.579160668337
0.42 0.323744970824
0.49 0.27801639669
0.56 0.301250659702
0.63 0.256443215109
0.7 0.555914259111
0.77 0.518830266485
0.84 0.390425804378
0.91 0.323191786553
0.98 0.310709759168
1.05 0.29746309409
1.12 0.339955849789
1.19 0.50570036769
1.26 0.501646163553
1.33 0.389367710039
1.4 0.385546102114
1.47 0.339995126536
1.54 0.345001924029
1.61 0.330418079784
1.68 0.603880879196
1.75 0.763486455779
1.82 0.551640218359
1.89 0.420790727447
1.96 0.424250560013
2.03 0.426840775764
2.1 0.521160632285
2.17 0.389488013175
2.24 0.500280633247
2.31 0.548472402705
2.38 0.465995183036
2.45 0.36202570697
2.52 0.401919878686
2.59 0.382231260246
2.66 0.374247067735
2.73 0.570918371861
2.8 0.64588564786
2.87 0.506289995003
2.94 0.456691338092
3.01 0.45499917918
3.08 0.449306180446
3.15 0.415905144804
3.22 0.524368047659
3.29 0.498071891511
3.36 0.387329185144
3.43 0.384306197382
3.5 0.375031191996
3.57 0.440870363858
3.64 0.299354771417
3.71 0.636534354183
3.78 0.704178105638
3.85 0.572576391657
3.92 0.457579387197
3.99 0.421298097206
4.06 0.403828311839
4.13 0.462213842776
4.2 0.441686288107
4.27 0.516473644023
4.34 0.459389344671
4.41 0.405259420437
4.48 0.365788662463
4.55 0.442679375297
4.62 0.507048970564
4.69 0.528410565839
4.76 0.607884095987
4.83 0.609219619813
4.9 0.555476230662
4.97 0.544847064994
5.04 0.448640359885
5.11 0.496605278867
5.18 0.469065673214
5.25 0.479776214642
5.32 0.740741034313
5.39 0.568007178196
5.46 0.499171962538
5.53 0.373091694561
5.6 0.422384798774
5.67 0.469562415696
5.74 0.706655482692
5.81 0.636048547869
5.88 0.467568186376
5.95 0.491190128515
6.02 0.468996654874
6.09 0.575880468083
6.16 0.699794856326
6.23 0.528400794834
6.3 0.479078975148
6.37 0.341589093139
6.44 0.336414939793
6.51 0.296767101602
6.58 0.450997249877
6.65 0.42901527806
6.72 0.556561104402
6.79 0.592345716153
6.86 0.382718245804
6.93 0.373707000353
7.0 0.347852219418
7.07 0.335295007303
7.14 0.511019713262
7.21 0.470094063802
7.28 0.550661628832
7.35 0.621250894354
7.42 0.420442901489
7.49 0.281009812707
7.56 0.321281921586
7.63 0.590525760625
7.7 0.581785905876
7.77 0.549342981397
7.84 0.462244938738
7.91 0.393056579084
7.98 0.253640422134
8.05 0.234556937187
8.12 0.546613863016
8.19 0.507557404283
8.26 0.439758150137
8.33 0.534872235457
8.4 0.451567681913
8.47 0.3140873333
8.54 0.257957991072
8.61 0.546926954075
8.68 0.530013405814
8.75 0.522873284523
8.82 0.429800204031
8.89 0.366065211037
8.96 0.338172767639
9.03 0.225471008627
9.1 0.3562381047
9.17 0.483648295973
9.24 0.429349103574
9.31 0.402400958342
9.38 0.510422252776
9.45 0.418993702936
9.52 0.347250159001
9.59 0.332362551164
9.66 0.523731389629
9.73 0.434314989218
9.8 0.431896687012
9.87 0.397090408699
9.94 0.313622360005
10.01 0.287437040478
10.08 0.340271490303
10.15 0.527708678011
10.22 0.424095435736
10.29 0.324237907164
10.36 0.345938805278
10.43 0.269401179239
10.5 0.314848279255
10.57 0.280508137641
10.64 0.487024440052
10.71 0.410266811952
10.78 0.377526885174
10.85 0.320605489589
10.92 0.220084036927
10.99 0.150426630306
11.06 0.21115501207
11.13 0.365091347286
11.2 0.352609128053
11.27 0.372894271504
11.34 0.424697549836
11.41 0.338534286028
11.48 0.280629801307
11.55 0.217017271929
11.62 0.392653643707
11.69 0.465186355372
11.76 0.471914354622
11.83 0.445759503594
11.9 0.451240082631
11.97 0.387658669456
12.04 0.251796160098
12.11 0.332950680661
12.18 0.447735371028
12.25 0.334071032046
12.32 0.233013380628
12.39 0.232014825794
12.46 0.207589298347
12.53 0.172059456116
12.6 0.217447728575
12.67 0.302963913003
12.74 0.29353031073
12.81 0.368014631722
12.88 0.290965031591
12.95 0.239079835398
13.02 0.178711974066
13.09 0.187784409963
13.16 0.343638918537
13.23 0.334398252034
13.3 0.277858533751
13.37 0.375527052685
13.44 0.314903878853
13.51 0.242030084922
13.58 0.176893741643
13.65 0.298050646285
13.72 0.397442377851
13.79 0.391875348784
13.86 0.30151846427
13.93 0.294696901683
14.0 0.220015448924
14.07 0.180182478216
14.14 0.264152590071
14.21 0.356624922275
14.28 0.249827181562
14.35 0.211712093127
14.42 0.240224884906
14.49 0.246207376618
14.56 0.208495021152
14.63 0.255664475769
14.7 0.269851435744
14.77 0.336719540295
14.84 0.360478908369
14.91 0.29594681415
14.98 0.226522196467
15.05 0.168455432802
15.12 0.212269377471
15.19 0.344755561463
15.26 0.287499067836
15.33 0.231947903694
15.4 0.358951758263
15.47 0.261899449796
15.54 0.195055639432
15.61 0.1682723402
15.68 0.36315422154
15.75 0.353387545301
15.82 0.407607446737
15.89 0.400574414009
15.96 0.330999007091
16.03 0.328497329689
16.1 0.231184368682
16.17 0.387018269526
16.24 0.403311927903
16.31 0.39160228426
16.38 0.439390485598
16.45 0.392369870063
16.52 0.308591050076
16.59 0.205045305444
16.66 0.364472982499
16.73 0.446713179391
16.8 0.433052241472
16.87 0.373918834829
16.94 0.300832702164
17.01 0.252684058717
17.08 0.173415107174
17.15 0.325484794078
17.22 0.364927296836
17.29 0.3210612683
17.36 0.354415479153
17.43 0.209478895277
17.5 0.23899345665
17.57 0.210927044831
17.64 0.213341206483
17.71 0.306657115329
17.78 0.293053298585
17.85 0.427026328937
17.92 0.325111742858
17.99 0.25983039392
18.06 0.197221469005
18.13 0.15502266541
18.2 0.295938321832
18.27 0.26232961339
18.34 0.300441449224
18.41 0.365642979179
18.48 0.264323524138
18.55 0.254387585894
18.62 0.183668592964
18.69 0.378002498067
18.76 0.413445413289
18.83 0.394623045539
18.9 0.418765030791
18.97 0.250119605929
19.04 0.238356843501
19.11 0.166703440454
19.18 0.33153500432
19.25 0.44572006316
19.32 0.404251343647
19.39 0.321027321032
19.46 0.340294365878
19.53 0.264436528281
19.6 0.212742452349
19.67 0.246875161412
19.74 0.460531785761
19.81 0.394039019636
19.88 0.443710170135
19.95 0.415484511966
20.02 0.383029975452
20.09 0.247197392493
20.16 0.194451400933
20.23 0.404714215424
20.3 0.394520682754
20.37 0.362335498786
20.44 0.327354058728
20.51 0.259262192767
20.58 0.189442273993
20.65 0.16144024098
20.72 0.245495299769
20.79 0.291036958439
20.86 0.360447266787
20.93 0.364240175959
21.0 0.314912412531
21.07 0.243887169917
21.14 0.204440264355
21.21 0.215619163685
21.28 0.381208006409
21.35 0.321918544415
21.42 0.260332655968
21.49 0.394214934689
21.56 0.284488873992
21.63 0.159036696045
21.7 0.164514720347
21.77 0.392365440858
21.84 0.32081051173
21.91 0.374414488711
21.98 0.294435077819
22.05 0.275393773728
22.12 0.206227855793
22.19 0.137567133056
22.26 0.308217608122
22.33 0.357305657632
22.4 0.244320977728
22.47 0.23451096867
22.54 0.197273402385
22.61 0.18749050274
22.68 0.155642418889
22.75 0.270474507826
22.82 0.266137482242
22.89 0.256352064822
22.96 0.383118729409
23.03 0.315996552323
23.1 0.249153177576
23.17 0.219153271907
23.24 0.183076441717
23.31 0.32168665047
23.38 0.313945971858
23.45 0.300511856255
23.52 0.378439681683
23.59 0.279689874264
23.66 0.169693494746
23.73 0.152461921961
23.8 0.383631295762
23.87 0.366850485501
23.94 0.40442376409
24.01 0.407716362247
24.08 0.417311890571
24.15 0.302967227207
24.22 0.177723769299
24.29 0.344263470835
24.36 0.341380392461
24.43 0.255958155943
24.5 0.384169992932
24.57 0.354958477043
24.64 0.303373175816
24.71 0.20996763474
24.78 0.208186109369
24.85 0.423279928623
24.92 0.340320699982
24.99 0.381772982241
25.06 0.394655866366
25.13 0.354451052722
25.2 0.319964423474
25.27 0.324058171888
25.34 0.376962347599
25.41 0.339638876024
25.48 0.310979757657
25.55 0.353693091839
25.62 0.328434585105
25.69 0.33192838166
25.76 0.249442452306
25.83 0.321487601992
25.9 0.332950314567
25.97 0.389617442251
26.04 0.392578562822
26.11 0.411431590917
26.18 0.383735243486
26.25 0.362527439238
26.32 0.380762913057
26.39 0.41661288221
26.46 0.359404367096
26.53 0.4037030726
26.6 0.354466179607
26.67 0.245669715247
26.74 0.237260119239
26.81 0.277683738979
26.88 0.436226467286
26.95 0.392512783003
27.02 0.462227952343
27.09 0.438525905211
27.16 0.421165518492
27.23 0.410230396191
27.3 0.3185944358
27.37 0.429776675472
27.44 0.370116174892
27.51 0.335578910312
27.58 0.228308236407
27.65 0.200442068151
27.72 0.159886630045
27.79 0.130054917141
27.86 0.440140241935
27.93 0.391339086665
28.0 0.425096464343
28.07 0.396514107724
28.14 0.369422568174
28.21 0.357986549635
28.28 0.273503820385
28.35 0.391979567558
28.42 0.411258512209
28.49 0.300663889856
28.56 0.339966515787
28.63 0.287401707158
28.7 0.24507597818
28.77 0.201158831175
28.84 0.267507535037
28.91 0.311687692191
28.98 0.310362907407
29.05 0.377654233853
29.12 0.310574339707
29.19 0.305083426444
29.26 0.217239973051
29.33 0.19506842103
29.4 0.372674900426
29.47 0.350546910913
29.54 0.312620527929
29.61 0.424737367804
29.68 0.376203795333
29.75 0.206110543009
29.82 0.18851357001
29.89 0.401955377452
29.96 0.368216687273
30.03 0.395913562723
30.1 0.344349557412
30.17 0.307096299261
30.24 0.240019787082
30.31 0.156949081156
30.38 0.289174038826
30.45 0.433315935406
30.52 0.31047993418
30.59 0.29722091696
30.66 0.266054011122
30.73 0.212972944402
30.8 0.190796516998
30.87 0.302716371193
30.94 0.292824460114
31.01 0.350422411781
31.08 0.355098147062
31.15 0.321328512287
31.22 0.280434013351
31.29 0.278944012953
31.36 0.238463565089
31.43 0.374191252529
31.5 0.338842005367
31.57 0.258047739466
31.64 0.398331016578
31.71 0.268657436167
31.78 0.129669189927
31.85 0.183561478001
31.92 0.406680849552
31.99 0.299386892618
32.06 0.432382598049
32.13 0.370954920154
32.2 0.315194636438
32.27 0.32982147909
32.34 0.238963837383
32.41 0.400291687604
32.48 0.435197923572
32.55 0.363956605603
32.62 0.409865487915
32.69 0.398124016123
32.76 0.273543125294
32.83 0.210745536289
32.9 0.444569910342
32.97 0.448210462061
33.04 0.461315379362
33.11 0.454783399517
33.18 0.485928135566
33.25 0.40380237551
33.32 0.320565834427
33.39 0.298005926534
33.46 0.372089500791
33.53 0.334217138626
33.6 0.348395225229
33.67 0.44614690111
33.74 0.397224625154
33.81 0.379201665197
33.88 0.256509572228
33.95 0.412125623571
34.02 0.416139707009
34.09 0.425491040287
34.16 0.360262044506
34.23 0.257471703381
34.3 0.271216091298
34.37 0.210481746431
34.44 0.216765441719
34.51 0.375608707416
34.58 0.286822236304
34.65 0.286085155961
34.72 0.26043760077
34.79 0.258195365862
34.86 0.203340278691
34.93 0.215353083982
35.0 0.299533535137
35.07 0.283100572834
35.14 0.307858808154
35.21 0.353882727485
35.28 0.251514226603
35.35 0.243392635438
35.42 0.214421247962
35.49 0.495600133467
35.56 0.381983479947
35.63 0.307097634271
35.7 0.406673960655
35.77 0.30132821524
35.84 0.216716411567
35.91 0.171798771895
35.98 0.386594597054
36.05 0.368259481512
36.12 0.409386348731
36.19 0.39415259316
36.26 0.340721622724
36.33 0.337096657267
36.4 0.329174808045
36.47 0.384362730694
36.54 0.471618509567
36.61 0.365519493845
36.68 0.277823212751
36.75 0.30243209769
36.82 0.251166716578
36.89 0.216256825833
36.96 0.253052337519
37.03 0.299783124784
37.1 0.297880825459
37.17 0.445158248407
37.24 0.336693213231
37.31 0.297727812381
37.38 0.226276469285
37.45 0.225179536455
37.52 0.355925352453
37.59 0.28309296495
37.66 0.31026077959
37.73 0.417345493746
37.8 0.275406796455
37.87 0.164474418361
37.94 0.133042644626
38.01 0.331160371681
38.08 0.469432865175
38.15 0.402462628407
38.22 0.369994698673
38.29 0.337348706606
38.36 0.269100512483
38.43 0.219311642625
38.5 0.2849113725
38.57 0.378224780293
38.64 0.273006150348
38.71 0.30178342105
38.78 0.230736270898
38.85 0.212666906806
38.92 0.172723340604
38.99 0.291764060969
39.06 0.279467041137
39.13 0.315470921882
39.2 0.361042701437
39.27 0.363939854177
39.34 0.26791436104
39.41 0.255853317625
39.48 0.213017812879
39.55 0.363602936227
39.62 0.277398186789
39.69 0.33308740609
39.76 0.489472702978
39.83 0.299155153558
39.9 0.175688314839
39.97 0.258151071167
40.04 0.392914812826
40.11 0.422424487377
40.18 0.419052500573
40.25 0.34429626966
40.32 0.354213212394
40.39 0.342979027638
40.46 0.214250800552
40.53 0.429184114129
40.6 0.421046666531
40.67 0.340361675193
40.74 0.379593928415
40.81 0.310553963426
40.88 0.26038837525
40.95 0.184488854895
41.02 0.450632063511
41.09 0.469864976282
41.16 0.458432128502
41.23 0.473260985343
41.3 0.449253907372
41.37 0.441256746696
41.44 0.302088313724
41.51 0.344826830046
41.58 0.381530067644
41.65 0.316682519476
41.72 0.421233494872
41.79 0.376683092923
41.86 0.411821126033
41.93 0.372931214404
42.0 0.26835646228
42.07 0.46025663732
42.14 0.357714702197
42.21 0.468272435332
42.28 0.42888789594
42.35 0.335372861173
42.42 0.259053551051
42.49 0.189822920777
42.56 0.32432021136
42.63 0.312793933129
42.7 0.306451846779
42.77 0.35079597518
42.84 0.295901662302
42.91 0.270128692744
42.98 0.238089118137
43.05 0.374378981144
43.12 0.389075415037
43.19 0.360919745882
43.26 0.469307859143
43.33 0.312322938649
43.4 0.279816667642
43.47 0.180904574239
43.54 0.28358484349
43.61 0.47499369705
43.68 0.452006860564
43.75 0.427653200122
43.82 0.344407263808
43.89 0.309820776348
43.96 0.229787040147
44.03 0.227015921316
44.1 0.396236325344
44.17 0.40312586255
44.24 0.440815269399
44.31 0.422998397303
44.38 0.34957354174
44.45 0.336024470082
44.52 0.273576425738
44.59 0.366472817628
44.66 0.440719893195
44.73 0.35454439341
44.8 0.309698284571
44.87 0.299059846877
44.94 0.22974297514
45.01 0.211945346723
45.08 0.250097205572
45.15 0.323436111843
45.22 0.315105489106
45.29 0.434747659146
45.36 0.403542426117
45.43 0.304202546088
45.5 0.303924483857
45.57 0.250172683353
45.64 0.376149177852
45.71 0.38027164614
45.78 0.319263682329
45.85 0.46095511414
45.92 0.346296845777
45.99 0.241337858975
46.06 0.209382614399
46.13 0.449884713184
46.2 0.426650922749
46.27 0.363972875651
46.34 0.425783713704
46.41 0.359975184586
46.48 0.290092447305
46.55 0.2588584504
46.62 0.300153747993
46.69 0.413646075747
46.76 0.314073807195
46.83 0.36683840617
46.9 0.280340836349
46.97 0.274473685267
47.04 0.22950051552
47.11 0.264303269301
47.18 0.332456502595
47.25 0.322614118007
47.32 0.49049501782
47.39 0.41866224735
47.46 0.36135027469
47.53 0.278719796414
47.6 0.174296221619
47.67 0.361458244165
47.74 0.335917985223
47.81 0.328178917071
47.88 0.440598498819
47.95 0.29290007166
48.02 0.176903634973
48.09 0.157725909064
48.16 0.423681394345
48.23 0.506272756039
48.3 0.489763831057
48.37 0.423961040634
48.44 0.441855587074
48.51 0.334562350006
48.58 0.233028831365
48.65 0.357844594171
48.72 0.467481998595
48.79 0.378074874611
48.86 0.420736510381
48.93 0.519020090458
49.0 0.444625683306
49.07 0.288835812267
49.14 0.281070485694
49.21 0.467272887821
49.28 0.374226219756
49.35 0.441021601909
49.42 0.421530904626
49.49 0.42154038258
49.56 0.417809857178
49.63 0.423584988502
49.7 0.417832225854
49.77 0.485151197654
49.84 0.375901071941
49.91 0.452780993812
49.98 0.375956954029
50.05 0.307991150139
50.12 0.248021160475
50.19 0.301457080216
50.26 0.373038039836
50.33 0.356878930566
50.4 0.441678777027
50.47 0.376578319728
50.54 0.314364496137
50.61 0.281263150414
50.68 0.280801244033
50.75 0.433086316346
50.82 0.419600849944
50.89 0.344130655392
50.96 0.485244720508
51.03 0.355302136045
51.1 0.211578879909
51.17 0.222056467833
51.24 0.371495527876
51.31 0.389488944249
51.38 0.410089978144
51.45 0.431613444028
51.52 0.408675806659
51.59 0.312628561749
51.66 0.282724533903
51.73 0.355027942439
51.8 0.373151645921
51.87 0.361872436042
51.94 0.352929294577
52.01 0.291252336807
52.08 0.265244123899
52.15 0.190907177614
52.22 0.275168009212
52.29 0.438624335129
52.36 0.443320002275
52.43 0.467220858517
52.5 0.441914136541
52.57 0.412509367191
52.64 0.326508654257
52.71 0.379048307146
52.78 0.431947370746
52.85 0.411336813135
52.92 0.396243095437
52.99 0.379404665022
53.06 0.336381568066
53.13 0.273101438549
53.2 0.201285642154
53.27 0.315410695071
53.34 0.294355475325
53.41 0.411945928777
53.48 0.390574905709
53.55 0.400606582731
53.62 0.297194724541
53.69 0.234718583388
53.76 0.261104718498
53.83 0.366281011821
53.9 0.321874439807
53.97 0.359092309195
54.04 0.479594044315
54.11 0.340186671854
54.18 0.214334870974
54.25 0.237310342716
54.32 0.470160185953
54.39 0.393594038928
54.46 0.45838068794
54.53 0.387810371285
54.6 0.269123273654
54.67 0.211315219416
54.74 0.164915633408
54.81 0.3444091814
54.88 0.479252512353
54.95 0.376576720709
55.02 0.350589879398
55.09 0.279552032953
55.16 0.260330917903
55.23 0.203520551667
55.3 0.316018628828
55.37 0.318763836851
55.44 0.432756952598
55.51 0.416749134182
55.58 0.346380241214
55.65 0.287083246138
55.72 0.218507633141
55.79 0.246436839913
55.86 0.353536880721
55.93 0.317051974002
56.0 0.383142880151
56.07 0.454281276514
56.14 0.358194497886
56.21 0.207236209793
56.28 0.324124145313
56.35 0.536827644767
56.42 0.508727928103
56.49 0.484890570634
56.56 0.402103005609
56.63 0.374972542204
56.7 0.308032893619
56.77 0.344639400642
56.84 0.447452363013
56.91 0.406956484652
56.98 0.40420138242
57.05 0.469269402586
57.12 0.3852497352
57.19 0.205708253577
57.26 0.195128227185
57.33 0.355875824202
57.4 0.309028475702
57.47 0.376295431397
57.54 0.395865250678
57.61 0.356083240033
57.68 0.29569796109
57.75 0.248088482991
57.82 0.285110194809
57.89 0.426433991123
57.96 0.361234910299
58.03 0.325183986517
58.1 0.472655653843
58.17 0.339180126322
58.24 0.218743293627
58.31 0.216415492242
58.38 0.4151819725
58.45 0.344539756279
58.52 0.426340290502
58.59 0.352252888101
58.66 0.225519488758
58.73 0.194548111267
58.8 0.161053825581
58.87 0.401746875661
58.94 0.352592752401
59.01 0.376692604319
59.08 0.448686130396
59.15 0.314256817073
59.22 0.238907490638
59.29 0.197588217429
59.36 0.295366283736
59.43 0.284904359518
59.5 0.287289718573
59.57 0.396459116229
59.64 0.286806530358
59.71 0.228745398903
59.78 0.230604639979
59.85 0.311709534607
59.92 0.3749194595
59.99 0.343376705698
60.06 0.351675726454
60.13 0.432929145992
60.2 0.276850667289
60.27 0.208293886996
60.34 0.216419328306
60.41 0.430707313768
60.48 0.381598979499
60.55 0.402691462478
60.62 0.353875563137
60.69 0.267462134141
60.76 0.231333003596
60.83 0.16964598089
60.9 0.387318881719
60.97 0.431794025896
61.04 0.328666308324
61.11 0.362665248868
61.18 0.259179327111
61.25 0.422525802043
61.32 0.413409030089
61.39 0.390244259754
61.46 0.337712997098
61.53 0.303309776487
61.6 0.430292867561
61.67 0.376386187429
61.74 0.319576987236
61.81 0.263413023635
61.88 0.34087031572
61.95 0.459433069985
62.02 0.438836958994
62.09 0.405009223567
62.16 0.44942030663
62.23 0.311317403394
62.3 0.24327654766
62.37 0.200544494299
62.44 0.420532965815
62.51 0.358046051299
62.58 0.399533740801
62.65 0.386409762867
62.72 0.241993201864
62.79 0.222696452388
62.86 0.203510095996
62.93 0.335534364808
63.0 0.444522612974
63.07 0.384675286694
63.14 0.428190733889
63.21 0.425944229942
63.28 0.382253083301
63.35 0.311877305836
63.42 0.285912860483
63.49 0.374271130474
63.56 0.312532600323
63.63 0.452906795392
63.7 0.410911926218
63.77 0.310703638539
63.84 0.286081195813
63.91 0.203812532498
63.98 0.446617844548
64.05 0.404351750999
64.12 0.402235995298
64.19 0.485754267469
64.26 0.349506028257
64.33 0.194385235661
64.4 0.201921141181
64.47 0.389086439209
64.54 0.430313758661
64.61 0.305968725446
64.68 0.414718299894
64.75 0.306862779015
64.82 0.30523612799
64.89 0.258620424386
64.96 0.253959656704
65.03 0.378135222866
65.1 0.318477088695
65.17 0.377321110605
65.24 0.315177555879
65.31 0.290077740195
65.38 0.195467088247
65.45 0.238724291552
65.52 0.525081554562
65.59 0.443885173475
65.66 0.458443741416
65.73 0.377098697254
65.8 0.287515450528
65.87 0.226631145418
65.94 0.198912177623
66.01 0.363922700576
66.08 0.386162725316
66.15 0.368021355174
66.22 0.358522713191
66.29 0.346537631575
66.36 0.247067320992
66.43 0.208494241443
66.5 0.268664970128
66.57 0.355735743208
66.64 0.432121314526
66.71 0.419395697558
66.78 0.349197323282
66.85 0.272670430123
66.92 0.197115170712
66.99 0.206508109305
67.06 0.410909727016
67.13 0.271654580883
67.2 0.308430263668
67.27 0.394417637944
67.34 0.335138401931
67.41 0.22745544142
67.48 0.177878985979
67.55 0.42487802082
67.62 0.404617747979
67.69 0.395580468516
67.76 0.400846363531
67.83 0.287436308291
67.9 0.238440087572
67.97 0.165468106612
68.04 0.374833070192
68.11 0.418409128772
68.18 0.360206351624
68.25 0.393029495192
68.32 0.382976231844
68.39 0.296741168793
68.46 0.249455379989
68.53 0.260472736963
68.6 0.494974173116
68.67 0.40002103613
68.74 0.483683994507
68.81 0.456150286834
68.88 0.368492732468
68.95 0.259110474218
69.02 0.177074429115
69.09 0.40401672952
69.16 0.34795502838
69.23 0.304606753992
69.3 0.312232348943
69.37 0.252481987326
69.44 0.250916536429
69.51 0.216406792237
69.58 0.286898337148
69.65 0.29020070543
69.72 0.363404501132
69.79 0.440107475671
69.86 0.379193677138
69.93 0.240029565127
70.0 0.270625108734
70.07 0.276148638656
70.14 0.368263334296
70.21 0.275945768195
70.28 0.336304363661
70.35 0.466284275599
70.42 0.303006823406
70.49 0.177495608453
70.56 0.230376727302
70.63 0.438201477568
70.7 0.300481298873
70.77 0.450236733378
70.84 0.31882884576
70.91 0.280664058347
70.98 0.216390787959
71.05 0.187640999804
71.12 0.37657355259
71.19 0.384568860797
71.26 0.308515364608
71.33 0.262435029889
71.4 0.224927034779
71.47 0.25017045951
71.54 0.193477633986
71.61 0.32021052203
71.68 0.297769954516
71.75 0.393473453302
71.82 0.398646404523
71.89 0.317212099506
71.96 0.288454732507
72.03 0.264560120099
72.1 0.294835894077
72.17 0.384383434348
72.24 0.300167455385
72.31 0.397471311573
72.38 0.410291591038
72.45 0.233841055956
72.52 0.221457415368
72.59 0.258502612624
72.66 0.485435361152
72.73 0.384109566354
72.8 0.48849917628
72.87 0.456522926199
72.94 0.424766217922
73.01 0.247720112666
73.08 0.198485975936
73.15 0.423686668382
73.22 0.388590571479
73.29 0.302928065743
73.36 0.453853588452
73.43 0.446226476324
73.5 0.371321677379
73.57 0.299949836454
73.64 0.325009601841
73.71 0.494284739514
73.78 0.403142761822
73.85 0.446496227524
73.92 0.420595812483
73.99 0.385759743298
74.06 0.295959246374
74.13 0.348649818743
74.2 0.423570018263
74.27 0.35227185193
74.34 0.331451134546
74.41 0.331678738331
74.48 0.363629910115
74.55 0.324052402392
74.62 0.273760342051
74.69 0.37246491842
74.76 0.341618763448
74.83 0.423809410088
74.9 0.447829215095
74.97 0.461302984099
75.04 0.386219000779
75.11 0.409835427752
75.18 0.438140967387
75.25 0.430299691336
75.32 0.372618680405
75.39 0.397068470359
75.46 0.411554002611
75.53 0.260539930994
75.6 0.232496691321
75.67 0.298652433012
75.74 0.365764148267
75.81 0.34496341819
75.88 0.44669738016
75.95 0.445779262092
76.02 0.382093729587
76.09 0.392988741749
76.16 0.321452045143
76.23 0.427449899325
76.3 0.375569456189
76.37 0.32978938077
76.44 0.312312241849
76.51 0.206299735999
76.58 0.167111802994
76.65 0.146408862171
76.72 0.385832178804
76.79 0.425436451847
76.86 0.439692411681
76.93 0.410724525856
77.0 0.320093776867
77.07 0.331453513275
77.14 0.285194052263
77.21 0.330782529562
77.28 0.400390995795
77.35 0.282766373306
77.42 0.294451484272
77.49 0.290810196846
77.56 0.231584839967
77.63 0.193818935379
77.7 0.177074914013
77.77 0.304300349422
77.84 0.265364959454
77.91 0.36123090439
77.98 0.298360696831
78.05 0.290709543084
78.12 0.274720743939
78.19 0.138539282503
78.26 0.309793859663
78.33 0.323216350031
78.4 0.293128271227
78.47 0.394884133696
78.54 0.359957981703
78.61 0.237011041772
78.68 0.207279429968
78.75 0.35143878112
78.82 0.509891363258
78.89 0.480382867952
78.96 0.467855063896
79.03 0.302281298775
79.1 0.434703301089
79.17 0.278554990896
79.24 0.351877194143
79.31 0.424187089401
79.38 0.441512089998
79.45 0.429877188428
79.52 0.393873063914
79.59 0.407699905632
79.66 0.3399524071
79.73 0.361531638908
79.8 0.437159435909
79.87 0.250193071955
79.94 0.157043981262
80.01 0.0920567428343
80.08 0.0452064215827
80.15 0.0138441748458
80.22 0.00619371632531
80.29 0.00882838605701
80.36 0.0158730061787
80.43 0.0617616926161
80.5 0.0903070561724
80.57 0.309400736652
80.64 0.228717868834
80.71 0.116993159292
80.78 0.092997625593
80.85 0.0925826830475
80.92 0.105799175318
80.99 0.255221204965
81.06 0.488079010739
81.13 0.441858787753
81.2 0.324397951705
81.27 0.3906410173
81.34 0.301439037782
81.41 0.322357713386
81.48 0.289490858585
81.55 0.32998310857
81.62 0.307697905581
81.69 0.257400440958
81.76 0.286554854153
81.83 0.321009978224
81.9 0.322520680515
81.97 0.275254035067
82.04 0.187643749027
82.11 0.127834244799
82.18 0.269091191175
82.25 0.394706068722
82.32 0.323553431667
82.39 0.460511537085
82.46 0.374899060338
82.53 0.315672943111
82.6 0.283460810776
82.67 0.357518042128
82.74 0.325662255349
82.81 0.158565594201
82.88 0.127848350846
82.95 0.129097730893
83.02 0.118689463159
83.09 0.126476990322
83.16 0.16195645067
83.23 0.117739127967
83.3 0.108144338872
83.37 0.126318678566
83.44 0.137694554777
83.51 0.163653240315
83.58 0.193288522839
83.65 0.158494608989
83.72 0.14687205604
83.79 0.160809113076
83.86 0.170746466413
83.93 0.141277686111
84.0 0.227323389846
84.07 0.206297412712
84.14 0.157611784639
84.21 0.151589293672
84.28 0.121612362142
84.35 0.305207381716
84.42 0.414333708803
84.49 0.560758470528
84.56 0.49321608918
84.63 0.445333992734
84.7 0.433460003829
84.77 0.432684306763
84.84 0.45422311602
84.91 0.420464016118
84.98 0.390353228946
85.05 0.401088732507
85.12 0.397188020187
85.19 0.394012175992
85.26 0.46346315506
85.33 0.405265856117
85.4 0.329188382552
85.47 0.167885681912
85.54 0.24349384978
85.61 0.402653699387
85.68 0.345088403981
85.75 0.457690958646
85.82 0.461471153103
85.89 0.359847570138
85.96 0.286739829145
86.03 0.415737242449
86.1 0.343395810332
86.17 0.149299872282
86.24 0.117913527604
86.31 0.103096145512
86.38 0.0972202759439
86.45 0.0749716374422
86.52 0.150579875713
86.59 0.107395601613
86.66 0.103403627242
86.73 0.132447992325
86.8 0.28529458986
86.87 0.264420620806
86.94 0.248905621686
87.01 0.217481880011
87.08 0.189278697001
87.15 0.17611278814
87.22 0.218889907986
87.29 0.190081121546
87.36 0.255606955059
87.43 0.142080325383
87.5 0.119388358876
87.57 0.110333746285
87.64 0.103340477842
87.71 0.309594273485
87.78 0.535343850361
87.85 0.547944483298
87.92 0.511020094316
87.99 0.448553408236
88.06 0.446091449358
88.13 0.431360856109
88.2 0.391804080201
88.27 0.392770159181
88.34 0.386298319903
88.41 0.359335923419
88.48 0.351877467833
88.55 0.414630851026
88.62 0.441407338803
88.69 0.356443447173
88.76 0.298037965891
88.83 0.163625062542
88.9 0.257750364914
88.97 0.357928905721
89.04 0.328284110042
89.11 0.410270603133
89.18 0.405355014889
89.25 0.316571698695
89.32 0.23501221868
89.39 0.3509126605
89.46 0.346514935527
89.53 0.1819718306
89.6 0.154408361095
89.67 0.141173418934
89.74 0.122935877038
89.81 0.0834576528655
89.88 0.150498900367
89.95 0.0860694725434
90.02 0.067169587977
90.09 0.0535532342844
90.16 0.447238385657
90.23 0.493568545871
90.3 0.422799873324
90.37 0.142336302309
90.44 0.106824909968
90.51 0.0740530291958
90.58 0.324818994638
90.65 0.397952892848
90.72 0.397605213856
90.79 0.51659103865
90.86 0.373010644412
90.93 0.174503382241
91.0 0.131010730538
91.07 0.111659236856
91.14 0.324347135086
91.21 0.403810608218
91.28 0.30434470924
91.35 0.18166061401
91.42 0.145055118145
91.49 0.112845801035
91.56 0.318178695065
91.63 0.447548272516
91.7 0.381735380196
91.77 0.167464813225
91.84 0.107521587121
91.91 0.0848153702404
91.98 0.304918623566
92.05 0.4442192938
92.12 0.385577178715
92.19 0.188819514322
92.26 0.128243924748
92.33 0.0850250011138
92.4 0.238840060758
92.47 0.366507736453
92.54 0.316189466092
92.61 0.179364429567
92.68 0.126901534026
92.75 0.104114987744
92.82 0.332959363946
92.89 0.36021372894
92.96 0.319250237186
93.03 0.194166391723
93.1 0.169085494106
93.17 0.109745067647
93.24 0.187277670307
93.31 0.340820930035
93.38 0.256543582859
93.45 0.20816982436
93.52 0.16549371909
93.59 0.187811463934
93.66 0.213824255653
93.73 0.135710205586
93.8 0.0866800023975
93.87 0.0776955926703
93.94 0.169097946571
94.01 0.215356161457
94.08 0.208945662231
94.15 0.166282257595
94.22 0.148575222403
94.29 0.139348365376
94.36 0.157094367545
94.43 0.143890374381
94.5 0.127687148183
94.57 0.12631958148
94.64 0.115825833512
94.71 0.136455408633
94.78 0.118492316432
94.85 0.100787651169
94.92 0.195652846469
94.99 0.28106555311
95.06 0.329656945502
95.13 0.334245825058
95.2 0.335424793673
95.27 0.320724642521
95.34 0.307925667772
95.41 0.303283720473
95.48 0.253540556003
95.55 0.0931387555867
95.62 0.123130220861
95.69 0.326073149743
95.76 0.356165531908
95.83 0.326301245467
95.9 0.272000270121
95.97 0.250700529717
96.04 0.246145168854
96.11 0.229000746605
96.18 0.191077991997
96.25 0.164961792013
96.32 0.136033142454
96.39 0.118963941016
96.46 0.129496950771
96.53 0.168611038457
96.6 0.280613427415
96.67 0.307430504069
96.74 0.258902695814
96.81 0.264118398153
96.88 0.280565513145
96.95 0.166238300833
97.02 0.135400039756
97.09 0.0872777092925
97.16 0.0886850948433
97.23 0.123600413631
97.3 0.266998536337
97.37 0.293629961254
97.44 0.253999506353
97.51 0.19013396224
97.58 0.168882504841
97.65 0.143746717813
97.72 0.128184878062
97.79 0.171423790763
97.86 0.142541455575
97.93 0.131239565489
98.0 0.138715672774
98.07 0.126842699428
98.14 0.135067890705
98.21 0.185220764165
98.28 0.171304105411
98.35 0.149901579806
98.42 0.122508847241
98.49 0.137343811511
98.56 0.161535963037
98.63 0.164773645382
98.7 0.271316114955
98.77 0.178959225465
98.84 0.0961345969745
98.91 0.0904254865979
98.98 0.234261665914
99.05 0.368296869709
99.12 0.361558067175
99.19 0.267504317637
99.26 0.199786576537
99.33 0.187159957988
99.4 0.13417261565
99.47 0.147386242534
99.54 0.333141812363
99.61 0.302801281166
99.68 0.29622889197
99.75 0.273587336386
99.82 0.256928899097
99.89 0.213662142156
99.96 0.195433771962
100.03 0.171217480254
100.1 0.15611691942
100.17 0.218956957691
100.24 0.185660401313
100.31 0.186632499718
100.38 0.204330496093
100.45 0.142599898559
100.52 0.0832547445633
100.59 0.0754636039858
100.66 0.0827537216012
100.73 0.300214435061
100.8 0.170028561106
100.87 0.141611009126
100.94 0.125076842161
101.01 0.115425652638
101.08 0.118329999647
101.15 0.122537614636
101.22 0.108821659702
101.29 0.0997322673314
101.36 0.0960025885217
101.43 0.0867972958205
101.5 0.092453922796
101.57 0.121454405919
101.64 0.123596262515
101.71 0.116593457156
101.78 0.1067166008
101.85 0.10102478395
101.92 0.13753648151
101.99 0.119033012157
102.06 0.0932858838845
102.13 0.0798235764282
102.2 0.0773210603548
102.27 0.0922624338005
102.34 0.215178113204
102.41 0.342874268523
102.48 0.321355270567
102.55 0.294088479508
102.62 0.288599412554
102.69 0.261362106996
102.76 0.180993543803
102.83 0.0940756262754
102.9 0.093581098836
102.97 0.0884431201213
103.04 0.225206380978
103.11 0.268922047095
103.18 0.281430447305
103.25 0.234690341372
103.32 0.200737270782
103.39 0.206356066024
103.46 0.172707111038
103.53 0.124390084739
103.6 0.202247855149
103.67 0.214648156521
103.74 0.0715179307849
103.81 0.0472826664473
103.88 0.0353079789001
103.95 0.119283486237
104.02 0.159334207882
104.09 0.182636888171
104.16 0.170613524245
104.23 0.157109316663
104.3 0.125109757151
104.37 0.125981742136
104.44 0.132288085069
104.51 0.111615917237
104.58 0.111832007552
104.65 0.0950685154575
104.72 0.0973116444782
104.79 0.190578791583
104.86 0.181396807432
104.93 0.155771737081
105.0 0.148759351684
105.07 0.133101215214
105.14 0.122537933208
105.21 0.122307329391
105.28 0.14456338393
105.35 0.123273540376
105.42 0.123996595635
105.49 0.11195881589
105.56 0.188788600527
105.63 0.15785613897
105.7 0.108527191898
105.77 0.170746285126
105.84 0.276675245934
105.91 0.245914616958
105.98 0.248619955091
106.05 0.166370518734
106.12 0.153893482895
106.19 0.240854429631
106.26 0.241860445383
106.33 0.236292439479
106.4 0.225534592763
106.47 0.216464385989
106.54 0.181929738627
106.61 0.180663621235
106.68 0.138399043982
106.75 0.124688525011
106.82 0.216006892974
106.89 0.15384303237
106.96 0.140738785653
107.03 0.119043746798
107.1 0.10432923703
107.17 0.105138118376
107.24 0.0864698725454
107.31 0.120989811038
107.38 0.166101072905
107.45 0.159444553446
107.52 0.143059358448
107.59 0.115385597061
107.66 0.12349014727
107.73 0.117005018615
107.8 0.11520680342
107.87 0.109912882878
107.94 0.0879984843862
108.01 0.0790746939642
108.08 0.0779093878593
108.15 0.106448411659
108.22 0.137042174079
108.29 0.102725014524
108.36 0.0731471374247
108.43 0.0550195820385
108.5 0.0476758581
108.57 0.131174118323
108.64 0.28848102613
108.71 0.258164858642
108.78 0.251509010648
108.85 0.171918203798
108.92 0.15991700174
108.99 0.238624516944
109.06 0.328809095419
109.13 0.300276255611
109.2 0.282778406876
109.27 0.236484130882
109.34 0.197662934861
109.41 0.205173767364
109.48 0.143592848463
109.55 0.132209994471
109.62 0.15521188304
109.69 0.230382666644
109.76 0.335357973656
109.83 0.270495055714
109.9 0.214803325679
109.97 0.178396725166
110.04 0.163230923974
110.11 0.108860881007
110.18 0.136401407175
110.25 0.14725315164
110.32 0.103529816037
110.39 0.0766553823599
110.46 0.0652287220912
110.53 0.059031314908
110.6 0.0954584395481
110.67 0.0878188247928
110.74 0.0520149693629
110.81 0.0539531854697
110.88 0.0643424805744
110.95 0.148685445642
111.02 0.226200963343
111.09 0.20378180527
111.16 0.177756686049
111.23 0.146558368318
111.3 0.128219308468
111.37 0.103672453527
111.44 0.208477146804
111.51 0.385559932711
111.58 0.265680243556
111.65 0.103175288629
111.72 0.098132883246
111.79 0.324996829044
111.86 0.402723576638
111.93 0.306860721498
112.0 0.155162937371
112.07 0.112425595893
112.14 0.153079405834
112.21 0.360276006227
112.28 0.399781298452
112.35 0.283005700889
112.42 0.220600004608
112.49 0.188445461625
112.56 0.124738432556
112.63 0.155161968455
112.7 0.214670483835
112.77 0.108009218623
112.84 0.104127798383
112.91 0.106556724346
112.98 0.152934105365
113.05 0.207809589059
113.12 0.178287006186
113.19 0.134139259764
113.26 0.134955076649
113.33 0.12395818044
113.4 0.125464224717
113.47 0.118545133366
113.54 0.159105405493
113.61 0.1260193301
113.68 0.115144610616
113.75 0.108307379044
113.82 0.104420807972
113.89 0.127377643257
113.96 0.162261325742
114.03 0.173807597441
114.1 0.128839647169
114.17 0.138918601317
114.24 0.190836716901
114.31 0.240246730842
114.38 0.198659026483
114.45 0.155095352606
114.52 0.144618855043
114.59 0.14968838128
114.66 0.0983825406552
114.73 0.34523583413
114.8 0.353961628593
114.87 0.281167397556
114.94 0.104257572432
115.01 0.213475136928
115.08 0.2967108543
115.15 0.374127113092
115.22 0.337621487759
115.29 0.296972235507
115.36 0.266915596758
115.43 0.306524801505
115.5 0.362127549655
115.57 0.351572253068
115.64 0.281404228486
115.71 0.254268886179
115.78 0.22990193636
115.85 0.157292157576
115.92 0.211435113337
115.99 0.213697099702
116.06 0.144819998879
116.13 0.147550036894
116.2 0.147972591724
116.27 0.17691185272
116.34 0.174649727309
116.41 0.185280113583
116.48 0.159720690164
116.55 0.154515222608
116.62 0.220930273029
116.69 0.403047456021
116.76 0.294918645329
116.83 0.277566052182
116.9 0.228886366091
116.97 0.196304670986
117.04 0.134426673224
117.11 0.168740464893
117.18 0.157774640885
117.25 0.28528923134
117.32 0.293696163488
117.39 0.348772270919
117.46 0.33596634127
117.53 0.331721547531
117.6 0.398061612991
117.67 0.342180760369
117.74 0.300870110602
117.81 0.292239291048
117.88 0.262950313784
117.95 0.228480406921
118.02 0.305075971686
118.09 0.345773591425
118.16 0.302363691854
118.23 0.1866860682
118.3 0.217834358702
118.37 0.260979754709
118.44 0.305108491541
118.51 0.273007681606
118.58 0.251924216324
118.65 0.283456062118
118.72 0.276457891012
118.79 0.294567913503
118.86 0.329475603285
118.93 0.292351346515
119.0 0.270609702878
119.07 0.282627934453
119.14 0.272961608364
119.21 0.345552559725
119.28 0.297483002193
119.35 0.324580181874
119.42 0.233801251189
119.49 0.189937853952
119.56 0.275744545156
119.63 0.333709142283
119.7 0.379232549071
119.77 0.382800645923
119.84 0.340004992585
119.91 0.30708049651
119.98 0.396968306776
120.05 0.419515709402
120.12 0.382061082127
120.19 0.344290399841
120.26 0.341726684521
120.33 0.283500644584
120.4 0.209310585468
120.47 0.26552112217
120.54 0.334157992496
120.61 0.334251253101
120.68 0.274588169625
120.75 0.25029944857
120.82 0.215249683639
120.89 0.261238361172
120.96 0.242233838936
121.03 0.234266524575
121.1 0.231124874059
121.17 0.205340943691
121.24 0.195439167444
121.31 0.21161368873
121.38 0.191834455064
121.45 0.174449717835
121.52 0.147061012301
121.59 0.170778584973
121.66 0.221553571281
121.73 0.203530295391
121.8 0.100340301412
121.87 0.20530585414
121.94 0.136547611438
122.01 0.108403282388
122.08 0.317361084673
122.15 0.296481718378
122.22 0.242659227472
122.29 0.20406548739
122.36 0.234467140392
122.43 0.213281470731
122.5 0.225647081206
122.57 0.186440565426
122.64 0.188557278603
122.71 0.186206379875
122.78 0.17947369181
122.85 0.139714736267
122.92 0.314560798912
122.99 0.319360339861
123.06 0.275925684085
123.13 0.265093252821
123.2 0.259643217085
123.27 0.237737537079
123.34 0.229343176201
123.41 0.255834764772
123.48 0.245205168768
123.55 0.236196857347
123.62 0.293911272566
123.69 0.31423853791
123.76 0.294465449514
123.83 0.175772700312
123.9 0.175767469397
123.97 0.153446133138
124.04 0.19192856226
124.11 0.167781308252
124.18 0.125602565887
124.25 0.130585011109
124.32 0.0973010180811
124.39 0.101459698842
124.46 0.10069724099
124.53 0.137134196478
124.6 0.175319236967
124.67 0.148081141141
124.74 0.162687359342
124.81 0.158078398316
124.88 0.167124905803
124.95 0.150118341586
125.02 0.296789316272
125.09 0.184752554989
125.16 0.113763820539
125.23 0.134971557025
125.3 0.350084482673
125.37 0.413006713376
125.44 0.384742604809
125.51 0.286578650242
125.58 0.248368012236
125.65 0.179878763906
125.72 0.133380631815
125.79 0.175088977243
125.86 0.248798296395
125.93 0.222996180148
126.0 0.266675371541
126.07 0.25701084776
126.14 0.249053072075
126.21 0.240681636054
126.28 0.175028571786
126.35 0.134743749072
126.42 0.127010068482
126.49 0.120370780066
126.56 0.185692383468
126.63 0.121967220442
126.7 0.124466297347
126.77 0.111516637207
126.84 0.0981998634289
126.91 0.0871022914575
126.98 0.0867047401219
127.05 0.229120080824
127.12 0.193618558052
127.19 0.120982811257
127.26 0.115862670808
127.33 0.104706881142
127.4 0.119729975321
127.47 0.13335853683
127.54 0.124676061105
127.61 0.11780048386
127.68 0.097795907214
127.75 0.112895250963
127.82 0.119424457824
127.89 0.174458636088
127.96 0.133930647968
128.03 0.13257445569
128.1 0.150558476833
128.17 0.205220880805
128.24 0.280671508706
128.31 0.251916796766
128.38 0.125621828046
128.45 0.165080582372
128.52 0.125827033234
128.59 0.0688243085302
128.66 0.336290900918
128.73 0.449456405579
128.8 0.385297543866
128.87 0.340467527309
128.94 0.339681836589
129.01 0.29783054742
129.08 0.201507016186
129.15 0.224003157776
129.22 0.180180761271
129.29 0.185665150851
129.36 0.194340945366
129.43 0.231983903199
129.5 0.301185680714
129.57 0.259601454245
129.64 0.270876714536
129.71 0.278753562396
129.78 0.228159015391
129.85 0.272736161539
129.92 0.268087667676
129.99 0.287641697406
130.06 0.296993007803
130.13 0.343049662597
130.2 0.296864857415
130.27 0.223652040496
130.34 0.165476209075
130.41 0.159547878107
130.48 0.169651616621
130.55 0.197758215142
130.62 0.17881859181
130.69 0.173510922515
130.76 0.188097306535
130.83 0.172991507745
130.9 0.159097589041
130.97 0.175499119209
131.04 0.172592718203
131.11 0.209607530564
131.18 0.19690101823
131.25 0.16129572902
131.32 0.111323837842
131.39 0.131304934331
131.46 0.100968816499
131.53 0.172133824175
131.6 0.142352139381
131.67 0.103586587839
131.74 0.106117302806
131.81 0.229435920226
131.88 0.249311351167
131.95 0.230916537714
132.02 0.21998322564
132.09 0.16925821728
132.16 0.126774436157
132.23 0.220514810385
132.3 0.24762307144
132.37 0.233582045558
132.44 0.191499409824
132.51 0.138985172285
132.58 0.119881007445
132.65 0.194592807257
132.72 0.252190600518
132.79 0.253083072668
132.86 0.217443402333
132.93 0.143719918171
133.0 0.153246661364
133.07 0.185092300485
133.14 0.187710570804
133.21 0.178060331716
133.28 0.143273219639
133.35 0.126391983545
133.42 0.120983791613
133.49 0.0901331871953
133.56 0.189808505839
133.63 0.193649035351
133.7 0.160106053925
133.77 0.142118834743
133.84 0.121153451393
133.91 0.181617502959
133.98 0.146742390234
134.05 0.11900257534
134.12 0.12268222516
134.19 0.112199414241
134.26 0.115458586989
134.33 0.141698458874
134.4 0.166812295242
134.47 0.137749330664
134.54 0.0859995565708
134.61 0.0785370774747
134.68 0.0929994560614
134.75 0.209116948312
134.82 0.307559109435
134.89 0.298028423695
134.96 0.21717276318
135.03 0.169306527566
135.1 0.115929522507
135.17 0.111409759853
135.24 0.242711328059
135.31 0.327247110091
135.38 0.316907513084
135.45 0.264717919676
135.52 0.255284524211
135.59 0.237892542551
135.66 0.196087616155
135.73 0.155825071474
135.8 0.164210989317
135.87 0.195235085178
135.94 0.326511332197
136.01 0.30287524969
136.08 0.223526669251
136.15 0.143016514047
136.22 0.130907046823
136.29 0.132604297606
136.36 0.222127462726
136.43 0.373239591127
136.5 0.485497709722
136.57 0.224720746271
136.64 0.212889455682
136.71 0.236761463566
136.78 0.232899800944
136.85 0.356373373675
136.92 0.367279652018
136.99 0.273940246293
137.06 0.357736930068
137.13 0.349627186785
137.2 0.351167740672
137.27 0.426726573896
137.34 0.360261206714
137.41 0.336692419442
137.48 0.408150320543
137.55 0.470549336495
137.62 0.439627543577
137.69 0.458840827214
137.76 0.308244092711
137.83 0.182698071578
137.9 0.214911007383
137.97 0.341784780772
138.04 0.392654748148
138.11 0.31774583505
138.18 0.283642167952
138.25 0.550923538059
138.32 0.51958291901
138.39 0.434631981464
138.46 0.417381256523
138.53 0.430683855611
138.6 0.451827063685
138.67 0.52338193033
138.74 0.470014843242
138.81 0.470520827829
138.88 0.498061530884
138.95 0.482200595236
139.02 0.439257665755
139.09 0.37566661622
139.16 0.429588089705
139.23 0.423940177695
139.3 0.438052797772
139.37 0.402258924555
139.44 0.40639737688
139.51 0.414851615196
139.58 0.3487214543
139.65 0.413099756613
139.72 0.378688851554
139.79 0.207500697516
139.86 0.182960793075
139.93 0.178549969692
140.0 0.333557629661
140.07 0.47625146117
140.14 0.437395421127
140.21 0.450793532825
140.28 0.428385997345
140.35 0.534994920842
140.42 0.60053397861
140.49 0.44710332437
140.56 0.489388692399
140.63 0.468486940708
140.7 0.49372587551
140.77 0.547531770756
140.84 0.54738417428
140.91 0.546269715596
140.98 0.437624262238
141.05 0.518641386787
141.12 0.451482394406
141.19 0.540838215113
141.26 0.485686177565
141.33 0.52026907977
141.4 0.540694591986
141.47 0.472587280568
141.54 0.558753217036
141.61 0.52736611025
141.68 0.442186300792
141.75 0.528356158686
141.82 0.369577476842
141.89 0.476900730072
141.96 0.502110880759
142.03 0.547189140512
142.1 0.551845068894
142.17 0.498010732746
142.24 0.455152542511
142.31 0.468033540725
142.38 0.494044091001
142.45 0.545151066194
142.52 0.565525078885
142.59 0.534753147647
142.66 0.466379356112
142.73 0.463507076621
142.8 0.51723222181
142.87 0.466188169848
142.94 0.420120343036
143.01 0.367267166991
143.08 0.384416425901
143.15 0.374038910036
143.22 0.309412339886
143.29 0.362758650278
143.36 0.275569775905
143.43 0.260522748352
143.5 0.411598451312
143.57 0.467892681781
143.64 0.564643401219
143.71 0.630806261497
143.78 0.512837090293
143.85 0.43810411865
143.92 0.487008700664
143.99 0.566368141589
144.06 0.523970571127
144.13 0.455591886608
144.2 0.50417473212
144.27 0.458565371641
144.34 0.458007269746
144.41 0.537979159876
144.48 0.599570784377
144.55 0.522658465856
144.62 0.402569713448
144.69 0.362213756797
144.76 0.340217264437
144.83 0.383234695742
144.9 0.634400163553
144.97 0.490387306195
145.04 0.464655062799
145.11 0.465330789889
145.18 0.447098359224
145.25 0.50415732859
145.32 0.436578564043
145.39 0.449803907684
145.46 0.482547589563
145.53 0.40410290146
145.6 0.551927332608
145.67 0.586856936089
145.74 0.516373617725
145.81 0.478218316187
145.88 0.454000952599
145.95 0.52032178758
146.02 0.508861857668
146.09 0.500130108022
146.16 0.499244370764
146.23 0.332007101482
146.3 0.333305698247
146.37 0.234881060339
146.44 0.472105852418
146.51 0.593032529017
146.58 0.499510951205
146.65 0.477187775678
146.72 0.448643577286
146.79 0.453423620225
146.86 0.486060419469
146.93 0.50205497491
147.0 0.452532812218
147.07 0.440215887802
147.14 0.417494528195
147.21 0.450437132707
147.28 0.5203924375
147.35 0.408002473259
147.42 0.393877398956
147.49 0.421862100602
147.56 0.464727217575
147.63 0.449530073132
147.7 0.460111689743
147.77 0.446753064241
147.84 0.40829233233
147.91 0.421268270252
147.98 0.465732005682
148.05 0.595872070405
148.12 0.494135699784
148.19 0.459741265421
148.26 0.468318527934
148.33 0.4807818335
148.4 0.46114136958
148.47 0.485546831397
148.54 0.443059064605
148.61 0.459256552109
148.68 0.457709635584
148.75 0.447639702653
148.82 0.50244408849
148.89 0.508170847046
148.96 0.495831131539
149.03 0.443303240289
149.1 0.449542507997
149.17 0.487099668784
149.24 0.472888063488
149.31 0.466825231813
149.38 0.543045955371
149.45 0.387041824486
149.52 0.356751043307
149.59 0.354000724934
149.66 0.401416072179
149.73 0.517211775125
149.8 0.552325503487
149.87 0.465585175715
149.94 0.44275895227
150.01 0.414628993277
150.08 0.508454847739
150.15 0.530918050578
150.22 0.468239017843
150.29 0.399600405052
150.36 0.442358702754
150.43 0.540336408921
150.5 0.479253653756
150.57 0.432731257398
150.64 0.373214861323
150.71 0.429501663435
150.78 0.405278668516
150.85 0.434018275571
150.92 0.611438781138
150.99 0.56783736441
151.06 0.376646500276
151.13 0.376281199506
151.2 0.428204510803
151.27 0.574916813594
151.34 0.641548846683
151.41 0.533631133
151.48 0.516907000377
151.55 0.492322909484
151.62 0.49953141901
151.69 0.502529587205
151.76 0.443678779362
151.83 0.378859865705
151.9 0.520619307337
151.97 0.644408517063
152.04 0.610562803444
152.11 0.533465548653
152.18 0.463394348809
152.25 0.438720263113
152.32 0.510015813109
152.39 0.485762790587
152.46 0.532137205895
152.53 0.646294644023
152.6 0.377815211228
152.67 0.318845121088
152.74 0.32458114639
152.81 0.406303600575
152.88 0.534499553851
152.95 0.549322503911
153.02 0.542140112002
153.09 0.522477488853
153.16 0.475754012022
153.23 0.558473253935
153.3 0.577703564448
153.37 0.488338981254
153.44 0.458190487312
153.51 0.448854938304
153.58 0.544241024188
153.65 0.562766541005
153.72 0.474270696354
153.79 0.536010813203
153.86 0.522737150476
153.93 0.514952004683
154.0 0.476183879045
154.07 0.571906537906
154.14 0.45137706151
154.21 0.468457818659
154.28 0.467195097314
154.35 0.535505658487
154.42 0.571377074041
154.49 0.627457442439
154.56 0.701200912147
154.63 0.628459866777
154.7 0.565032596642
154.77 0.494978805609
154.84 0.484572231939
154.91 0.43769602804
154.98 0.456473522033
155.05 0.453891086653
155.12 0.534110217622
155.19 0.564560013703
155.26 0.481268227676
155.33 0.453552105026
155.4 0.478104718022
155.47 0.468613676883
155.54 0.507474864239
155.61 0.372994428046
155.68 0.343958843932
155.75 0.323523288781
155.82 0.286459155857
155.89 0.28811626834
155.96 0.247639641579
156.03 0.182014005296
156.1 0.165251619403
156.17 0.135081388649
156.24 0.0812624900372
156.31 0.304200061755
156.38 0.51231220788
156.45 0.745877258242
156.52 0.651982717214
156.59 0.514018294192
156.66 0.484123552453
156.73 0.406285630304
156.8 0.480694652162
156.87 0.586101325774
156.94 0.532639915001
157.01 0.606540855153
157.08 0.570008349215
157.15 0.449810044154
157.22 0.437701842417
157.29 0.388924757807
157.36 0.242395177125
157.43 0.15797896164
157.5 0.290287432671
157.57 0.494413681932
157.64 0.498610323791
157.71 0.507471877407
157.78 0.442218429032
157.85 0.386019336278
157.92 0.354176791353
157.99 0.482836970776
158.06 0.397815957091
158.13 0.217474790466
158.2 0.180946563248
158.27 0.164190106136
158.34 0.100354480502
158.41 0.0903235655893
158.48 0.10635530858
158.55 0.0836706322641
158.62 0.0651322880877
158.69 0.0526572992053
158.76 0.0395822660606
158.83 0.0319908031847
158.9 0.0304606240053
158.97 0.024589619259
159.04 0.0145216039198
159.11 0.00895268630183
159.18 0.00666327459165
159.25 0.00543797840507
159.32 0.516867129607
159.39 0.537352308052
159.46 0.454659101912
159.53 0.388427120331
159.6 0.334723924043
159.67 0.361783594963
159.74 0.337742159628
159.81 0.309792963789
159.88 0.28472645119
159.95 0.284604359827
160.02 0.306210788171
160.09 0.382638028166
160.16 0.353796367218
160.23 0.390803331445
160.3 0.35639974914
160.37 0.379027157316
160.44 0.287761465481
160.51 0.308893198807
160.58 0.262272238766
160.65 0.24866703333
160.72 0.357208653367
160.79 0.415560855698
160.86 0.428684434097
160.93 0.37957612887
161.0 0.521607613308
161.07 0.51034714901
161.14 0.444732619622
161.21 0.495370013668
161.28 0.511763539937
161.35 0.396265861888
161.42 0.323070803152
161.49 0.230067738956
161.56 0.238581786067
161.63 0.32847566328
161.7 0.287971269721
161.77 0.283421471546
161.84 0.275026638089
161.91 0.298707623395
161.98 0.351476350604
162.05 0.352874856623
162.12 0.352011484521
162.19 0.352834067099
162.26 0.36135186227
162.33 0.345141553567
162.4 0.403292465096
162.47 0.39673211211
162.54 0.401616641354
162.61 0.416107952782
162.68 0.404306737317
162.75 0.426158485388
162.82 0.414597679067
162.89 0.45009601964
162.96 0.408723817734
163.03 0.357671554185
163.1 0.490526575799
163.17 0.586472150511
163.24 0.542755743406
163.31 0.443981446432
163.38 0.375697874988
163.45 0.335042660514
163.52 0.368039735541
163.59 0.339010521984
163.66 0.380780538356
163.73 0.459626242483
163.8 0.389324789075
163.87 0.494304696019
163.94 0.47935144829
164.01 0.446113029525
164.08 0.449475445971
164.15 0.492976648953
164.22 0.442075787142
164.29 0.437978507156
164.36 0.434148690284
164.43 0.349448012089
164.5 0.329907579747
164.57 0.343756038593
164.64 0.318447464148
164.71 0.32619322407
164.78 0.397728485343
164.85 0.44475264389
164.92 0.517356988472
164.99 0.471883312342
165.06 0.516121270056
165.13 0.416697606496
165.2 0.366639126243
165.27 0.349999184606
165.34 0.330236161146
165.41 0.367801794889
165.48 0.333887884002
165.55 0.340504258121
165.62 0.332666919338
165.69 0.340422775877
165.76 0.417053384431
165.83 0.425673463184
165.9 0.42914748012
165.97 0.457871742921
166.04 0.438040369947
166.11 0.39928697078
166.18 0.366940937921
166.25 0.438952431629
166.32 0.404625421866
166.39 0.378350066174
166.46 0.438150271094
166.53 0.458392994319
166.6 0.461481973108
166.67 0.458381716698
166.74 0.452876543382
166.81 0.446612974446
166.88 0.372519414456
166.95 0.642203621951
167.02 0.50734483146
167.09 0.489323475802
167.16 0.405323062655
167.23 0.445196708484
167.3 0.384908852702
167.37 0.360689997457
167.44 0.431988370598
167.51 0.345245876185
167.58 0.483289642091
167.65 0.483264921088
167.72 0.481727798449
167.79 0.475517841117
167.86 0.426471765655
167.93 0.47718059285
168.0 0.433755929847
168.07 0.362653568191
168.14 0.343140857765
168.21 0.341222455599
168.28 0.301241899855
168.35 0.315963926864
168.42 0.302976182421
168.49 0.312720305177
168.56 0.347539248923
168.63 0.396365547613
168.7 0.46172822831
168.77 0.448294129427
168.84 0.516211058931
168.91 0.412457006994
168.98 0.402218215994
169.05 0.32348714231
169.12 0.303683760542
169.19 0.312890778108
169.26 0.302546400761
169.33 0.367859156313
169.4 0.387550511655
169.47 0.381910975798
169.54 0.348743263275
169.61 0.387767841056
169.68 0.434680165904
169.75 0.41097620646
169.82 0.413428471776
169.89 0.425658336299
169.96 0.335683896475
170.03 0.357688674345
170.1 0.374031372555
170.17 0.40300515988
170.24 0.37136077636
170.31 0.487444678636
170.38 0.442484425132
170.45 0.377389666046
170.52 0.431605805342
170.59 0.343267405614
170.66 0.277692398503
170.73 0.48456424564
170.8 0.571293401395
170.87 0.465253589004
170.94 0.39551528096
171.01 0.326643360011
171.08 0.282730994224
171.15 0.292978928766
171.22 0.266128639671
171.29 0.259612954515
171.36 0.242448397114
171.43 0.255940497203
171.5 0.360603229735
171.57 0.349977493555
171.64 0.338276391511
171.71 0.463446319151
171.78 0.438645077504
171.85 0.353713584284
171.92 0.4865215391
171.99 0.418810529371
172.06 0.336209654522
172.13 0.272435042447
172.2 0.435146364205
172.27 0.438135337816
172.34 0.392008047183
172.41 0.443206819486
172.48 0.46166454561
172.55 0.441299015556
172.62 0.443549250842
172.69 0.44649799903
172.76 0.382488824751
172.83 0.340001489174
172.9 0.413698087451
172.97 0.380305715733
173.04 0.360175872566
173.11 0.44437103435
173.18 0.438581683455
173.25 0.469141147474
173.32 0.413463458363
173.39 0.503931842164
173.46 0.487273976897
173.53 0.469667919318
173.6 0.501810072318
173.67 0.509414767369
173.74 0.52757054893
173.81 0.463638916108
173.88 0.550064502758
173.95 0.43443252905
174.02 0.533656595872
174.09 0.542815541641
174.16 0.505954353981
174.23 0.418779150039
174.3 0.4881357579
174.37 0.422379710424
174.44 0.422710460223
174.51 0.445423428716
174.58 0.71128908376
174.65 0.708632946506
174.72 0.716808678175
174.79 0.497964463257
174.86 0.44859740812
174.93 0.496586271917
175.0 0.578951126347
175.07 0.521012081854
175.14 0.228630623254
175.21 0.167437621089
175.28 0.145319503784
175.35 0.121938558651
175.42 0.0936129190651
175.49 0.341573003498
175.56 0.298178337297
175.63 0.220809440994
175.7 0.189642498195
175.77 0.481171342215
175.84 0.732538069147
175.91 0.800912924642
175.98 0.783180652747
176.05 0.692485653438
176.12 0.530476171106
176.19 0.69902746061
176.26 0.776261814845
176.33 0.692811293766
176.4 0.619685310572
176.47 0.561529356454
176.54 0.443607018841
176.61 0.44822702428
176.68 0.436253766786
176.75 0.4161442823
176.82 0.392663046858
176.89 0.41088788372
176.96 0.633381403164
177.03 0.18235533485
177.1 0.0778880857833
177.17 0.068117247869
177.24 0.0356393799238
177.31 0.0431469114234
177.38 0.24904221951
177.45 0.340590751273
177.52 0.179762222032
177.59 0.163196628212
177.66 0.162810031526
177.73 0.144794008868
177.8 0.174386534114
177.87 0.585566463787
177.94 0.765072955303
178.01 0.6126152619
178.08 0.662271388478
178.15 0.92622142314
178.22 0.579993608022
178.29 0.540816216931
178.36 0.700426427767
178.43 0.610309596863
178.5 0.763601273669
178.57 0.584322282095
178.64 0.38511218606
178.71 0.352855059403
178.78 0.362972839722
178.85 0.713574131387
178.92 0.253632237829
178.99 0.0919211852088
179.06 0.175235930414
179.13 0.173033773085
179.2 0.192157219445
179.27 0.184618948397
179.34 0.424300327633
179.41 0.225688565956
179.48 0.197679695967
179.55 0.446459909447
179.62 0.352028226266
179.69 0.975436566119
179.76 0.710055746713
179.83 0.679361917513
179.9 0.392011953649
179.97 0.35020670428
180.04 0.919280813225
180.11 0.678730995537
180.18 0.729646399012
180.25 0.606078161143
180.32 0.405723562101
180.39 0.375806480726
180.46 0.37086273671
180.53 0.396056287336
180.6 0.371196497102
180.67 0.261839464994
180.74 0.658871694719
180.81 0.343345897507
180.88 0.104880559152
180.95 0.114121817917
181.02 0.190259425889
181.09 0.178783292811
181.16 0.181468932288
181.23 0.420398251261
181.3 0.220120331244
181.37 0.189250558829
181.44 0.306573836938
181.51 0.329888506795
181.58 0.236041322095
181.65 0.287469556813
181.72 0.79631345037
181.79 0.609944409616
181.86 0.509994541834
181.93 0.817786859983
182.0 0.636210307594
182.07 0.571532430647
182.14 0.705434812839
182.21 0.679223497141
182.28 0.742205335111
182.35 0.607117067245
182.42 0.522445478537
182.49 0.486323076724
182.56 0.46925371688
182.63 0.653028744541
182.7 0.458920445549
182.77 0.251628480393
182.84 0.225825459472
182.91 0.45814599637
182.98 0.400576481206
183.05 0.336186098681
183.12 0.404910865812
183.19 0.431689976087
183.26 0.310441498743
183.33 0.349059077156
183.4 0.439692339518
183.47 0.794786588034
183.54 0.775573813056
183.61 0.757527277898
183.68 0.620440863685
183.75 0.470160123471
183.82 0.726436662111
183.89 0.711058587307
183.96 0.75227175495
184.03 0.556163582987
184.1 0.590529458523
184.17 0.5789252657
184.24 0.508377425966
184.31 0.45186117024
184.38 0.501111304207
184.45 0.435459204455
184.52 0.553975155931
184.59 0.548987581876
184.66 0.274972744876
184.73 0.168503043461
184.8 0.272256442413
184.87 0.44804959205
184.94 0.417278260114
185.01 0.447642819729
185.08 0.482774802613
185.15 0.32198022328
185.22 0.180887960098
185.29 0.173321902891
185.36 0.256930369632
185.43 0.212119059054
185.5 0.661707368362
185.57 0.735271615853
185.64 0.616771287601
185.71 0.7603142294
185.78 0.800407112541
185.85 0.525097055461
185.92 0.568573852491
185.99 0.720836425003
186.06 0.69801348232
186.13 0.740073961466
186.2 0.599018282131
186.27 0.475585865898
186.34 0.383800705613
186.41 0.435336715318
186.48 0.694651804222
186.55 0.40250391163
186.62 0.21817951816
186.69 0.299596543732
186.76 0.473033514443
186.83 0.468525926164
186.9 0.447660978328
186.97 0.45973803218
187.04 0.384859396614
187.11 0.253022013346
187.18 0.432620998958
187.25 0.438781965739
187.32 0.947605987273
187.39 0.729769671378
187.46 0.648427431881
187.53 0.526749103354
187.6 0.430707321688
187.67 0.881270621189
187.74 0.627987569849
187.81 0.744336336502
187.88 0.606660891639
187.95 0.416086331254
188.02 0.368325499819
188.09 0.319159790926
188.16 0.528316772814
188.23 0.595498338039
188.3 0.457101934155
188.37 0.659662553872
188.44 0.423547227171
188.51 0.307398378469
188.58 0.146580882199
188.65 0.0647766650389
188.72 0.0476444382859
188.79 0.0203973018815
188.86 0.610995778744
188.93 0.586333289242
189.0 0.440723964227
189.07 0.444477124074
189.14 0.538791802483
189.21 0.449342258274
189.28 0.472874354335
189.35 0.758634416469
189.42 0.583023606126
189.49 0.589106887125
189.56 0.807926293036
189.63 0.595893168313
189.7 0.579246520825
189.77 0.731336827779
189.84 0.661493775581
189.91 0.709387155809
189.98 0.582178968164
190.05 0.4586306428
190.12 0.476045466593
190.19 0.42407224599
190.26 0.673956591848
190.33 0.419837796158
190.4 0.295020264486
190.47 0.250090257713
190.54 0.264064035001
190.61 0.198133458524
190.68 0.174458351838
190.75 0.442438123962
190.82 0.348889071523
190.89 0.287032536003
190.96 0.436918242656
191.03 0.431569542707
191.1 0.845663036853
191.17 0.770793039689
191.24 0.766940033951
191.31 0.578991944912
191.38 0.367441634391
191.45 0.792335710531
191.52 0.749991769272
191.59 0.74266238195
191.66 0.564314997587
191.73 0.549378256635
191.8 0.428917374402
191.87 0.421118779065
191.94 0.436983342209
192.01 0.467880374522
192.08 0.413845052943
192.15 0.597499448336
192.22 0.552008920457
192.29 0.23097878244
192.36 0.205356662838
192.43 0.277018561723
192.5 0.262956398332
192.57 0.128089713946
192.64 0.336408271784
192.71 0.3472174825
192.78 0.278446140509
192.85 0.256436105323
192.92 0.293176402865
192.99 0.0814180622506
193.06 0.036297920852
193.13 0.693001061417
193.2 0.691429408928
193.27 0.571093183353
193.34 0.78049392819
193.41 0.704298142124
193.48 0.499549929622
193.55 0.676017387736
193.62 0.753447872259
193.69 0.663411300354
193.76 0.702762606184
193.83 0.499349074436
193.9 0.445333517516
193.97 0.427060773424
194.04 0.560672636521
194.11 0.607805195759
194.18 0.260199005374
194.25 0.186305739108
194.32 0.169954377854
194.39 0.228431867827
194.46 0.0528819047183
194.53 0.321594373741
194.6 0.387364727032
194.67 0.294198504739
194.74 0.298645343468
194.81 0.535227509133
194.88 0.678712103871
194.95 0.856222823369
195.02 0.751832416133
195.09 0.560558636181
195.16 0.389676050681
195.23 0.54820545441
195.3 0.755840754716
195.37 0.729806040497
195.44 0.675853507132
195.51 0.590965176005
195.58 0.490552982946
195.65 0.41064703368
195.72 0.415682005425
195.79 0.44389335778
195.86 0.406437299571
195.93 0.391110794694
196.0 0.696766346358
196.07 0.338525608024
196.14 0.247185494448
196.21 0.247325162707
196.28 0.2108277252
196.35 0.196994077307
196.42 0.214338721998
196.49 0.56356388072
196.56 0.346931907428
196.63 0.32950490222
196.7 0.39672997451
196.77 0.437928602251
196.84 0.280130397605
196.91 0.546922822321
196.98 0.756436116323
197.05 0.525857235787
197.12 0.47478120431
197.19 0.898863203704
197.26 0.537434245274
197.33 0.640399220124
197.4 0.691150126092
197.47 0.666910945608
197.54 0.680254126533
197.61 0.524245723088
197.68 0.50429114111
197.75 0.451466791423
197.82 0.369796531108
197.89 0.713468912895
197.96 0.41235279174
198.03 0.255957039181
198.1 0.179653745658
198.17 0.235493092409
198.24 0.097724965123
198.31 0.0797649292767
198.38 0.439443328933
198.45 0.327089668688
198.52 0.339588616466
198.59 0.437074232005
198.66 0.423759384619
198.73 0.942239665546
198.8 0.782576870105
198.87 0.741268386099
198.94 0.538170259017
199.01 0.34808776286
199.08 0.810167581028
199.15 0.721794159511
199.22 0.767190076815
199.29 0.573485094253
199.36 0.51324832526
199.43 0.479640942148
199.5 0.481506104085
199.57 0.407989786704
199.64 0.382030600428
199.71 0.372920769294
199.78 0.682593931566
199.85 0.507946263534
199.92 0.124571969935
199.99 0.0547717630181
200.06 0.245797217051
200.13 0.16601049464
200.2 0.203577554037
200.27 0.446466940029
200.34 0.26038704024
200.41 0.285570114075
200.48 0.335987774471
200.55 0.463680283814
200.62 0.254171850233
200.69 0.19046606729
200.76 0.831463113114
200.83 0.800619776008
200.9 0.728676997027
200.97 0.890676182094
201.04 0.781242839695
201.11 0.536127825896
201.18 0.733997042225
201.25 0.699069847394
201.32 0.632798198331
201.39 0.633779870614
201.46 0.451295331976
201.53 0.384859124683
201.6 0.3667990775
201.67 0.610899197775
201.74 0.573575331065
201.81 0.338362301201
201.88 0.250714951696
201.95 0.316374198195
202.02 0.241907912597
202.09 0.0873211723566
202.16 0.338563195988
202.23 0.404586569294
202.3 0.302703300944
202.37 0.338990368351
202.44 0.523014620445
202.51 0.715496274573
202.58 0.862202948673
202.65 0.756121838099
202.72 0.524226109795
202.79 0.37806065856
202.86 0.684024735672
202.93 0.63023793714
203.0 0.799833955043
203.07 0.568223940856
203.14 0.630585991026
203.21 0.347708668454
203.28 0.14440310178
203.35 0.352213981848
203.42 0.461290629318
203.49 0.381850594981
203.56 0.438216832381
203.63 0.624416405202
203.7 0.354135831983
203.77 0.237217754456
203.84 0.256451372133
203.91 0.268977992545
203.98 0.11469458028
204.05 0.330511694162
204.12 0.534926538767
204.19 0.340647711402
204.26 0.341926657033
204.33 0.502048482907
204.4 0.462240909947
204.47 0.249050184688
204.54 0.613202194552
204.61 0.704116079161
204.68 0.566980332065
204.75 0.593017109961
204.82 0.848144979518
204.89 0.519933468669
204.96 0.684197974546
205.03 0.720187588197
205.1 0.700054568991
205.17 0.651776525509
205.24 0.551945391763
205.31 0.50560081221
205.38 0.480264919784
205.45 0.422093558931
205.52 0.718815037868
205.59 0.305232201284
205.66 0.181173175236
205.73 0.233595444939
205.8 0.388677799459
205.87 0.312413905888
205.94 0.188272558924
206.01 0.451180529926
206.08 0.248247394929
206.15 0.187884711711
206.22 0.465042800008
206.29 0.463124917061
206.36 1.0
206.43 0.73902450817
206.5 0.688411224385
206.57 0.578276801149
206.64 0.409469593682
206.71 0.90836886571
206.78 0.652049091054
206.85 0.734170422784
206.92 0.605261804798
206.99 0.423951158745
207.06 0.411137702175
207.13 0.407441414453
207.2 0.47598171525
207.27 0.482331471967
207.34 0.465490854671
207.41 0.662570061079
207.48 0.374107093224
207.55 0.179143837004
207.62 0.179922019283
207.69 0.307465013679
207.76 0.255737475377
207.83 0.152402903435
207.9 0.438942311251
207.97 0.24990820443
208.04 0.196680005891
208.11 0.182013368152
208.18 0.345347610627
208.25 0.169556372422
208.32 0.266024680506
208.39 0.803580029746
208.46 0.704209059915
208.53 0.780178454001
208.6 0.839099433026
208.67 0.738098417005
208.74 0.524597390389
208.81 0.621579642959
208.88 0.60223036608
208.95 0.695507510358
209.02 0.640222785851
209.09 0.509060398367
209.16 0.506394627393
209.23 0.43916681908
209.3 0.649058842275
209.37 0.46558264034
209.44 0.189277427994
209.51 0.117079481718
209.58 0.345249391036
209.65 0.365968643268
209.72 0.312706507142
209.79 0.522496698211
209.86 0.415533281628
209.93 0.302688688878
210.0 0.33140759844
210.07 0.460790776799
210.14 0.759565053005
210.21 0.760029269471
210.28 0.761464074207
210.35 0.489125412081
210.42 0.354165228601
210.49 0.745389781626
210.56 0.819042121289
210.63 0.677113789026
210.7 0.653162496339
210.77 0.630820448507
210.84 0.47454488996
210.91 0.462706469344
210.98 0.49909307551
211.05 0.411301975273
211.12 0.342158734905
211.19 0.561202796491
211.26 0.626907416606
211.33 0.31273081629
211.4 0.349400491194
211.47 0.336952964618
211.54 0.250502776648
211.61 0.0792186427032
211.68 0.430189591301
211.75 0.498159207494
211.82 0.286658143613
211.89 0.278314671516
211.96 0.439576172537
212.03 0.383572137312
212.1 0.119532396498
212.17 0.67292259105
212.24 0.665958796668
212.31 0.534504819088
212.38 0.66760223608
212.45 0.768710713797
212.52 0.518058633411
212.59 0.70179239985
212.66 0.722424230495
212.73 0.649267287744
212.8 0.627368688483
212.87 0.544520700399
212.94 0.541160460274
213.01 0.504327432786
213.08 0.529252956197
213.15 0.622692912719
213.22 0.272938792631
213.29 0.175947867338
213.36 0.232906445192
213.43 0.40845690904
213.5 0.357817445156
213.57 0.424773554756
213.64 0.447727478013
213.71 0.330794499769
213.78 0.237037312513
213.85 0.495378026367
213.92 0.557066396403
213.99 0.90123410558
214.06 0.724483222315
214.13 0.719180020946
214.2 0.47205263859
214.27 0.433466648958
214.34 0.89216104838
214.41 0.685296079579
214.48 0.710217955254
214.55 0.527207367278
214.62 0.459256919962
214.69 0.404283501809
214.76 0.406219800324
214.83 0.51298151953
214.9 0.505649041532
214.97 0.429617231114
215.04 0.70811951948
215.11 0.314621038043
215.18 0.170572926568
215.25 0.155021433364
215.32 0.404028162907
215.39 0.351374589761
215.46 0.251954913631
215.53 0.459126056432
215.6 0.233209709804
215.67 0.184015544169
215.74 0.227568526526
215.81 0.289411881794
215.88 0.2868274813
215.95 0.425135164669
216.02 0.770113659582
216.09 0.688157539946
216.16 0.760788963139
216.23 0.884007131846
216.3 0.649528197254
216.37 0.516694655482
216.44 0.675905524995
216.51 0.478603648266
216.58 0.516722540204
216.65 0.429823642827
216.72 0.472108977415
216.79 0.445275430065
216.86 0.373488944045
216.93 0.688841275335
217.0 0.407529869198
217.07 0.180261712856
217.14 0.196777142161
217.21 0.42748643037
217.28 0.357018117447
217.35 0.384264572706
217.42 0.474103296498
217.49 0.321072842493
217.56 0.304565982949
217.63 0.37571129725
217.7 0.51026259897
217.77 0.874581344266
217.84 0.776873789713
217.91 0.723821489508
217.98 0.50195623258
218.05 0.268724895967
218.12 0.777081591878
218.19 0.709972580085
218.26 0.728680935174
218.33 0.509761681612
218.4 0.570950498341
218.47 0.364402198814
218.54 0.307098505503
218.61 0.420595741201
218.68 0.448734710851
218.75 0.417395209444
218.82 0.62808689124
218.89 0.616268010875
218.96 0.372257355624
219.03 0.272787079362
219.1 0.476632846302
219.17 0.447783163854
219.24 0.268325010785
219.31 0.555573729506
219.38 0.498098155212
219.45 0.390763228347
219.52 0.34836047097
219.59 0.501099447524
219.66 0.382824215843
219.73 0.184711505855
219.8 0.718101429762
219.87 0.768621041087
219.94 0.649073640028
220.01 0.831626981397
220.08 0.65654350964
220.15 0.491419287318
220.22 0.602714064715
220.29 0.784316973208
220.36 0.665926594505
220.43 0.696584469081
220.5 0.535080602604
220.57 0.538235887469
220.64 0.534497752424
220.71 0.632015483883
220.78 0.567056887006
220.85 0.261567443309
220.92 0.228436300553
220.99 0.428055777326
221.06 0.435888796908
221.13 0.375906244774
221.2 0.399395195464
221.27 0.424090591155
221.34 0.323328606146
221.41 0.276101157362
221.48 0.496975316854
221.55 0.61700968587
221.62 0.883570824743
221.69 0.738818054216
221.76 0.681865930522
221.83 0.467078976095
221.9 0.591912140671
221.97 0.814428248799
222.04 0.684605458812
222.11 0.652907592174
222.18 0.580714008222
222.25 0.619218665214
222.32 0.531090525583
222.39 0.46458230608
222.46 0.499725396739
222.53 0.445206190838
222.6 0.520514380136
222.67 0.650640354653
222.74 0.320999842885
222.81 0.177289546113
222.88 0.22245833221
222.95 0.488589997434
223.02 0.402216304562
223.09 0.409226805809
223.16 0.524365038827
223.23 0.350257928354
223.3 0.213560752687
223.37 0.223572187192
223.44 0.290237980983
223.51 0.339290969984
223.58 0.548437609725
223.65 0.754168908723
223.72 0.69375418124
223.79 0.726595147233
223.86 0.934565592223
223.93 0.536599419678
224.0 0.492083496538
224.07 0.691313438195
224.14 0.632836922418
224.21 0.754158849067
224.28 0.655336269088
224.35 0.471625609673
224.42 0.422931120549
224.49 0.359355851763
224.56 0.700325947372
224.63 0.478347360689
224.7 0.245116186003
224.77 0.274310337963
224.84 0.466653642121
224.91 0.49454342342
224.98 0.428380789311
225.05 0.470237386838
225.12 0.426581403672
225.19 0.287588305811
225.26 0.386941894112
225.33 0.409497839217
225.4 0.874079872487
225.47 0.741362817148
225.54 0.710813852801
225.61 0.507906191237
225.68 0.480758407025
225.75 0.825478309555
225.82 0.681863780602
225.89 0.705621456373
225.96 0.578877559998
226.03 0.493852330955
226.1 0.414067129241
226.17 0.388012120584
226.24 0.467441886696
226.31 0.613206027096
226.38 0.528643064367
226.45 0.640359731289
226.52 0.468475003942
226.59 0.334043945514
226.66 0.214479560701
226.73 0.16143007044
226.8 0.292015654451
226.87 0.205437617944
226.94 0.559382234621
227.01 0.635324283445
227.08 0.521405654561
227.15 0.442250355745
227.22 0.534941005627
227.29 0.415606248675
227.36 0.22480074478
227.43 0.788541115215
227.5 0.632622970583
227.57 0.541488144919
227.64 0.788123080234
227.71 0.642276952451
227.78 0.554424092386
227.85 0.74600617514
227.92 0.679939909031
227.99 0.699163790905
228.06 0.672234058601
228.13 0.525709737875
228.2 0.530044586259
228.27 0.507500192465
228.34 0.622182131953
228.41 0.527131496123
228.48 0.259166583355
228.55 0.232895021485
228.62 0.552810447368
228.69 0.479891193579
228.76 0.364656085661
228.83 0.395894656096
228.9 0.422395634619
228.97 0.306251233603
229.04 0.269678945778
229.11 0.616280957039
229.18 0.678364864895
229.25 0.833652983425
229.32 0.752982990488
229.39 0.633688403516
229.46 0.487761537116
229.53 0.649774327491
229.6 0.76621852579
229.67 0.672681788532
229.74 0.620580518744
229.81 0.575587234086
229.88 0.599528194306
229.95 0.518954640652
230.02 0.447006703799
230.09 0.50125376745
230.16 0.446386282375
230.23 0.507656520627
230.3 0.606622886538
230.37 0.303774323846
230.44 0.16488545268
230.51 0.235044877581
230.58 0.518671885207
230.65 0.406779434356
230.72 0.421385400869
230.79 0.497056650374
230.86 0.327596491067
230.93 0.198091413192
231.0 0.209704354422
231.07 0.28308252072
231.14 0.403432493289
231.21 0.575361579573
231.28 0.749840908755
231.35 0.697399711305
231.42 0.740996580902
231.49 0.906755645747
231.56 0.505238122497
231.63 0.44609791232
231.7 0.682251146437
231.77 0.658667005231
231.84 0.732987930517
231.91 0.610841505459
231.98 0.465973313339
232.05 0.409811511978
232.12 0.368724127435
232.19 0.705290007828
232.26 0.445581339177
232.33 0.242108683299
232.4 0.271385052332
232.47 0.455123240056
232.54 0.471869888321
232.61 0.449238642322
232.68 0.479993631167
232.75 0.421034226386
232.82 0.275714476192
232.89 0.381446555163
232.96 0.404459839278
233.03 0.919141046402
233.1 0.712591144335
233.17 0.678975987892
233.24 0.508891518296
233.31 0.427063686333
233.38 0.82151458952
233.45 0.663891294051
233.52 0.721997587033
233.59 0.586033620444
233.66 0.464623929876
233.73 0.388979087517
233.8 0.365665920756
233.87 0.504148641785
233.94 0.590246464588
234.01 0.483948488391
234.08 0.639337201719
234.15 0.457648009521
234.22 0.324204770406
234.29 0.214018216661
234.36 0.163211797339
234.43 0.294273514342
234.5 0.226145814323
234.57 0.571453782988
234.64 0.626567526785
234.71 0.50300766771
234.78 0.437466897398
234.85 0.503065364426
234.92 0.331994042674
234.99 0.262240684307
235.06 0.790325791104
235.13 0.607095110424
235.2 0.555660226178
235.27 0.783214254162
235.34 0.621537503464
235.41 0.574550595829
235.48 0.691046086844
235.55 0.716948270751
235.62 0.671403978143
235.69 0.631213721123
235.76 0.471517869007
235.83 0.501239148344
235.9 0.416663103927
235.97 0.602377808549
236.04 0.50513946113
236.11 0.282847056481
236.18 0.240585632386
236.25 0.463894219808
236.32 0.41187322926
236.39 0.343341730551
236.46 0.404149208791
236.53 0.408050795864
236.6 0.31066807641
236.67 0.379049041974
236.74 0.473369543559
236.81 0.751125920453
236.88 0.825793397409
236.95 0.725617702628
237.02 0.615446600501
237.09 0.481775445189
237.16 0.729380278827
237.23 0.653755823311
237.3 0.695431109423
237.37 0.609134372787
237.44 0.678055589659
237.51 0.532400457173
237.58 0.487743426039
237.65 0.417474100872
237.72 0.49981053376
237.79 0.460046895562
237.86 0.510122660541
237.93 0.563358106151
238.0 0.282803260764
238.07 0.191220389238
238.14 0.293155816256
238.21 0.452378302204
238.28 0.472604423609
238.35 0.408026109182
238.42 0.503686236426
238.49 0.31569514018
238.56 0.228612388973
238.63 0.22389221027
238.7 0.316983491603
238.77 0.361618246464
238.84 0.682649759972
238.91 0.681214070804
238.98 0.671425394623
239.05 0.752594600294
239.12 0.831716604826
239.19 0.469745929833
239.26 0.472056186882
239.33 0.699322431793
239.4 0.61225827304
239.47 0.577047015034
239.54 0.455689711064
239.61 0.479996828326
239.68 0.374332884141
239.75 0.440544348635
239.82 0.695994469514
239.89 0.389253920027
239.96 0.313770695708
240.03 0.317815510774
240.1 0.465246876994
240.17 0.390240112159
240.24 0.374700153545
240.31 0.447822558526
240.38 0.259469876128
240.45 0.0960366000326
240.52 0.486456676276
240.59 0.503347691296
240.66 0.906400676563
240.73 0.714896715209
240.8 0.664369400956
240.87 0.550815421618
240.94 0.547495120906
241.01 0.865892517344
241.08 0.601321157465
241.15 0.717336071322
241.22 0.598826966502
241.29 0.436952754906
241.36 0.371483351741
241.43 0.37469678742
241.5 0.520568769689
241.57 0.569570064677
241.64 0.532522795824
241.71 0.707831800649
241.78 0.547393103974
241.85 0.366820887355
241.92 0.371706884494
241.99 0.365015656537
242.06 0.39276692594
242.13 0.364386791198
242.2 0.57713039199
242.27 0.470864420829
242.34 0.469153141442
242.41 0.580679121078
242.48 0.585177874706
242.55 0.482488304387
242.62 0.549774105107
242.69 0.825617008898
242.76 0.669308956896
242.83 0.722493357958
242.9 0.806738445769
242.97 0.702544031537
243.04 0.638633695511
243.11 0.764303872564
243.18 0.652714462797
243.25 0.639954993605
243.32 0.617411999063
243.39 0.536634614833
243.46 0.434509011828
243.53 0.384052973199
243.6 0.645178916331
243.67 0.500774259532
243.74 0.173702117579
243.81 0.148607303122
243.88 0.424028731884
243.95 0.185899570491
244.02 0.214701407311
244.09 0.475927903
244.16 0.407308351721
244.23 0.372446252042
244.3 0.489911694183
244.37 0.51227583436
244.44 0.811300949859
244.51 0.765571157759
244.58 0.709985615132
244.65 0.522666940573
244.72 0.295990084486
244.79 0.735760799733
244.86 0.657294706591
244.93 0.701089206933
245.0 0.486555074513
245.07 0.604406816769
245.14 0.363208144675
245.21 0.230541551301
245.28 0.322445354101
245.35 0.436165610372
245.42 0.462958472041
245.49 0.658806646209
245.56 0.520818772951
245.63 0.353040090717
245.7 0.458805507094
245.77 0.41294687818
245.84 0.447542539102
245.91 0.383632236517
245.98 0.425506387181
246.05 0.272818472775
246.12 0.13237400708
246.19 0.248375312989
246.26 0.487483086791
246.33 0.304413701178
246.4 0.147189412619
246.47 0.701459191239
246.54 0.736433523271
246.61 0.727698199812
246.68 0.838870692239
246.75 0.692752971347
246.82 0.650404159107
246.89 0.565337656522
246.96 0.792140163704
247.03 0.641635047664
247.1 0.579901078724
247.17 0.549155774641
247.24 0.485669145408
247.31 0.432861979243
247.38 0.478896018071
247.45 0.603634181337
247.52 0.336728886244
247.59 0.351976278805
247.66 0.301197730124
247.73 0.176859168671
247.8 0.271114019804
247.87 0.397932828098
247.94 0.478754806235
248.01 0.3449866977
248.08 0.311129577975
248.15 0.553329745093
248.22 0.63746020158
248.29 0.826900555341
248.36 0.722614663451
248.43 0.576108366679
248.5 0.310949024269
248.57 0.513229179265
248.64 0.798144159019
248.71 0.643517876262
248.78 0.608520051751
248.85 0.637124260466
248.92 0.608280839452
248.99 0.540481038806
249.06 0.546481481429
249.13 0.622519678246
249.2 0.418063354171
249.27 0.263629908619
249.34 0.760119982381
249.41 0.615005957475
249.48 0.574718094248
249.55 0.526557037937
249.62 0.546930108113
249.69 0.435622553519
249.76 0.305904156553
249.83 0.62583949142
249.9 0.624682225295
249.97 0.592406108409
250.04 0.595007396734
250.11 0.532500535392
250.18 0.52126432568
250.25 0.575698483443
250.32 0.811243584036
250.39 0.635357942063
250.46 0.78558896042
250.53 0.860181291368
250.6 0.677419056593
250.67 0.606661365976
250.74 0.746123365599
250.81 0.657748041451
250.88 0.621245780483
250.95 0.618780845334
251.02 0.544656772844
251.09 0.550247633201
251.16 0.48721116543
251.23 0.655022869137
251.3 0.443111030547
251.37 0.215802500936
251.44 0.242148285659
251.51 0.345589242136
251.58 0.237227540422
251.65 0.309548106959
251.72 0.503257742255
251.79 0.387529087254
251.86 0.367850586552
251.93 0.485086971974
252.0 0.482857602267
252.07 0.886093154756
252.14 0.766998576379
252.21 0.696083874695
252.28 0.491876015585
252.35 0.251430574197
252.42 0.754561204502
252.49 0.686322880829
252.56 0.701437217698
252.63 0.537185624543
252.7 0.550366480763
252.77 0.344346118243
252.84 0.241053991168
252.91 0.362936172272
252.98 0.4044267078
253.05 0.433235130786
253.12 0.649430587526
253.19 0.523940083267
253.26 0.503825136417
253.33 0.424785412319
253.4 0.424340255605
253.47 0.369252718307
253.54 0.314373196142
253.61 0.436451849868
253.68 0.22069772698
253.75 0.127677004924
253.82 0.231654993548
253.89 0.432336287199
253.96 0.260034667153
254.03 0.175494116222
254.1 0.786555783028
254.17 0.747926985076
254.24 0.752790134801
254.31 0.853381794726
254.38 0.706937430268
254.45 0.635468058818
254.52 0.595259172382
254.59 0.751025571183
254.66 0.643531705098
254.73 0.559177586494
254.8 0.544669169867
254.87 0.451699069062
254.94 0.451873450219
255.01 0.602903231303
255.08 0.540674549237
255.15 0.350891863563
255.22 0.34876401181
255.29 0.415631189687
255.36 0.357053340764
255.43 0.230602057962
255.5 0.370787046841
255.57 0.409150205107
255.64 0.339809013662
255.71 0.387147763725
255.78 0.581897000347
255.85 0.713299894659
255.92 0.807642760521
255.99 0.719225816098
256.06 0.53200807867
256.13 0.274008537725
256.2 0.629036759135
256.27 0.715350175914
256.34 0.673353322265
256.41 0.540280763562
256.48 0.651441024412
256.55 0.638750324509
256.62 0.55965142964
256.69 0.511261425734
256.76 0.414484158345
256.83 0.357240597681
256.9 0.489488217078
256.97 0.659284052608
257.04 0.555429483316
257.11 0.444210068415
257.18 0.51173818531
257.25 0.50467595485
257.32 0.365628902173
257.39 0.458647654715
257.46 0.610463509334
257.53 0.592371047019
257.6 0.55534689663
257.67 0.656530804606
257.74 0.554274162944
257.81 0.472269233163
257.88 0.615091974529
257.95 0.801915778436
258.02 0.650250838017
258.09 0.741869857775
258.16 0.81869316185
258.23 0.658662498582
258.3 0.625219492412
258.37 0.670939774876
258.44 0.725700819094
258.51 0.661919615573
258.58 0.545885239789
258.65 0.685760181642
258.72 0.666319448225
258.79 0.741288968308
258.86 0.737174222309
258.93 0.387043481588
259.0 0.821820756481
259.07 0.519969416252
259.14 0.387905800291
259.21 0.239242988215
259.28 0.231197839345
259.35 0.956746970691
259.42 0.614134050814
259.49 0.286392735375
259.56 0.124466131021
259.63 0.0411365678214
259.7 0.0640137231694
259.77 0.296855044168
259.84 0.577264920857
259.91 0.235667576529
259.98 0.17574937416
260.05 0.193769154559
260.12 0.164883178675
260.19 0.163202206741
260.26 0.631674965719
260.33 0.817501377315
260.4 0.848487225187
260.47 0.630504263252
260.54 0.86615895786
260.61 0.837147821939
260.68 0.793171338716
260.75 0.804736737929
260.82 0.48069752899
260.89 0.807639005421
260.96 0.584206104554
261.03 0.487392928302
261.1 0.370262554282
261.17 0.273611991387
261.24 0.871051102909
261.31 0.623592881869
261.38 0.268930183879
261.45 0.193004959523
261.52 0.0640718801426
261.59 0.0582526873324
261.66 0.0830318058326
261.73 0.583464891576
261.8 0.360724529068
261.87 0.397636653911
261.94 0.527081693302
262.01 0.205846760192
262.08 0.397560597949
262.15 0.429062059728
262.22 0.889062861808
262.29 0.748739107583
262.36 0.674676486909
262.43 0.753628702296
262.5 0.720876536901
262.57 0.870204178621
262.64 0.7749188081
262.71 0.627515242999
262.78 0.64093591698
262.85 0.664370750047
262.92 0.710050472676
262.99 0.591475994613
263.06 0.522775942326
263.13 0.799908692716
263.2 0.627057023956
263.27 0.26198198368
263.34 0.214626233142
263.41 0.0891899160274
263.48 0.0549208397088
263.55 0.0289627279523
263.62 0.634330729838
263.69 0.357017240935
263.76 0.237660981259
263.83 0.193706844711
263.9 0.165395092924
263.97 0.0600044323912
264.04 0.167277202534
264.11 0.869587487657
264.18 0.826659712342
264.25 0.671101092825
264.32 0.829353456041
264.39 0.811080263133
264.46 0.708634643209
264.53 0.638201201589
264.6 0.656625749593
264.67 0.548251363965
264.74 0.742402878733
264.81 0.62204585358
264.88 0.594621384389
264.95 0.813105009353
265.02 0.658545853743
265.09 0.632850448524
265.16 0.461798315009
265.23 0.407400879258
265.3 0.275452133109
265.37 0.168634068037
265.44 0.140910003091
265.51 0.580345820063
265.58 0.368880245268
265.65 0.476323232252
265.72 0.416133079481
265.79 0.394830167439
265.86 0.330386012265
265.93 0.270177451846
266.0 0.861605438025
266.07 0.764857417648
266.14 0.73993623984
266.21 0.654919563837
266.28 0.82076233917
266.35 0.819169358204
266.42 0.756524281538
266.49 0.763294551408
266.56 0.529427480799
266.63 0.801814894987
266.7 0.552292812025
266.77 0.424135304746
266.84 0.256609650448
266.91 0.474989787944
266.98 0.887629354241
267.05 0.507433987591
267.12 0.272623813901
267.19 0.195391729271
267.26 0.24247211752
267.33 0.294442963794
267.4 0.493162143165
267.47 0.486899771954
267.54 0.315720688415
267.61 0.267346430057
267.68 0.243593985202
267.75 0.210932802006
267.82 0.184046183394
267.89 0.723592233021
267.96 0.847344355521
268.03 0.819651954158
268.1 0.652293004488
268.17 0.865364826745
268.24 0.801208521528
268.31 0.773880524182
268.38 0.79379604238
268.45 0.476346492401
268.52 0.824465069613
268.59 0.537331191663
268.66 0.402333089326
268.73 0.303872231905
268.8 0.221277342159
268.87 0.922280482756
268.94 0.557049862346
269.01 0.297609208589
269.08 0.177114682699
269.15 0.259432000393
269.22 0.25489030644
269.29 0.44274474942
269.36 0.49998020674
269.43 0.419710677168
269.5 0.355652721786
269.57 0.543033796837
269.64 0.199931480112
269.71 0.404886415858
269.78 0.592899017468
269.85 0.805873178076
269.92 0.813781656078
269.99 0.602728722542
270.06 0.720424841543
270.13 0.755453684572
270.2 0.850524386911
270.27 0.760206303047
270.34 0.586209168524
270.41 0.716336350445
270.48 0.643001741375
270.55 0.715424057314
270.62 0.536319964356
270.69 0.472038435739
270.76 0.813846785551
270.83 0.555740788788
270.9 0.264268644407
270.97 0.219314922507
271.04 0.312172162614
271.11 0.315025170265
271.18 0.275964999554
271.25 0.64435143461
271.32 0.333135893262
271.39 0.275290712197
271.46 0.262055672353
271.53 0.177235805145
271.6 0.143613553877
271.67 0.322349577482
271.74 0.896590835591
271.81 0.788334846067
271.88 0.630426378582
271.95 0.826539841302
272.02 0.808334217319
272.09 0.688781640787
272.16 0.664811366672
272.23 0.553670143573
272.3 0.599960464699
272.37 0.689606571293
272.44 0.697087750208
272.51 0.598058456665
272.58 0.828221935279
272.65 0.677083820386
272.72 0.692018987839
272.79 0.645137995682
272.86 0.576372493589
272.93 0.47149548449
273.0 0.464946316722
273.07 0.308070926
273.14 0.593996288231
273.21 0.456614600105
273.28 0.539054158766
273.35 0.583838532418
273.42 0.515761208121
273.49 0.521419462277
273.56 0.382449618406
273.63 0.757966673917
273.7 0.736503742855
273.77 0.654078469767
273.84 0.57677392235
273.91 0.514450930679
273.98 0.534604067436
274.05 0.590406303201
274.12 0.583257004928
274.19 0.261010176566
274.26 0.241924720345
274.33 0.420409038704
274.4 0.430793857081
274.47 0.383946338735
274.54 0.398801769049
274.61 0.430184785442
274.68 0.327190180764
274.75 0.28412540457
274.82 0.506052528689
274.89 0.604283826893
274.96 0.880993057937
275.03 0.729861580252
275.1 0.671006924026
275.17 0.458560900194
275.24 0.611848648533
275.31 0.743188022072
275.38 0.681695430311
275.45 0.683657360664
275.52 0.53207095438
275.59 0.607812346906
275.66 0.524276599922
275.73 0.454616899935
275.8 0.482199687922
275.87 0.437566078864
275.94 0.506519815591
276.01 0.618613542282
276.08 0.323352865132
276.15 0.175820976276
276.22 0.237194113253
276.29 0.486651292029
276.36 0.404345926062
276.43 0.41886320638
276.5 0.52444486661
276.57 0.35059447581
276.64 0.212123255051
276.71 0.221614327871
276.78 0.289362469707
276.85 0.341970686839
276.92 0.542728177256
276.99 0.758629799816
277.06 0.698010348523
277.13 0.746304467566
277.2 0.845419371588
277.27 0.662967181199
277.34 0.605672803036
277.41 0.715020629119
277.48 0.653089839064
277.55 0.73002127894
277.62 0.632880461165
277.69 0.459789842356
277.76 0.40217903957
277.83 0.382811574171
277.9 0.689678886235
277.97 0.4680526876
278.04 0.249976312815
278.11 0.262467610467
278.18 0.471121398351
278.25 0.455989111452
278.32 0.428814956174
278.39 0.464342311432
278.46 0.414489945441
278.53 0.290813101834
278.6 0.424888093676
278.67 0.392344804967
278.74 0.490649187261
278.81 0.466181035421
278.88 0.564465955788
278.95 0.505516644105
279.02 0.587351216239
279.09 0.826567637141
279.16 0.743297572965
279.23 0.688112029045
279.3 0.543983588168
279.37 0.612644763242
279.44 0.441635144996
279.51 0.353445660913
279.58 0.494542308418
279.65 0.595363472999
279.72 0.600345942863
279.79 0.694284467055
279.86 0.552582474849
279.93 0.386835736625
280.0 0.272964831044
280.07 0.514948202061
280.14 0.418606449745
280.21 0.460712151141
280.28 0.626475499986
280.35 0.604317646557
280.42 0.532794623022
280.49 0.558757297749
280.56 0.649352483728
280.63 0.530933439713
280.7 0.412603396945
280.77 0.729886452622
280.84 0.775073340115
280.91 0.735605869064
280.98 0.796090156986
281.05 0.678957633926
281.12 0.691477583688
281.19 0.65646483382
281.26 0.680092715301
281.33 0.57242474351
281.4 0.553751490293
281.47 0.519756131482
281.54 0.510124381885
281.61 0.53002214454
281.68 0.453405254819
281.75 0.494395149319
281.82 0.458117546667
281.89 0.425714009819
281.96 0.415862995629
282.03 0.419706141478
282.1 0.41353749025
282.17 0.409996354085
282.24 0.406784568468
282.31 0.28495393529
282.38 0.0991278484256
282.45 0.103127710532
282.52 0.0958948672164
282.59 0.0865208264495
282.66 0.0718251933866
282.73 0.0618558552548
282.8 0.049278736796
282.87 0.0423853230446
282.94 0.0251993826045
283.01 0.0153631432863
283.08 0.00885334114953
283.15 0.00712120410345
283.22 0.00485896252855
283.29 0.00471799006072
