0.0 0.0899107062332
0.07 0.0370606376216
0.14 0.0670679048339
0.21 0.0339781665534
0.28 0.0454286869157
0.35 0.0647386964007
0.42 0.0316712100131
0.49 0.0243379107679
0.56 0.148247264957
0.63 0.101655453791
0.7 0.0383774686659
0.77 0.0361277203739
0.84 0.135118522803
0.91 0.27739201184
0.98 0.142844981358
1.05 0.0534785994234
1.12 0.0362386653886
1.19 0.0329721852592
1.26 0.0297453064582
1.33 0.0358079623473
1.4 0.0343068977974
1.47 0.0317785536641
1.54 0.0292356582443
1.61 0.0221206761477
1.68 0.0303883748847
1.75 0.0330558221165
1.82 0.199235017268
1.89 0.326978943063
1.96 0.363121391316
2.03 0.232669226381
2.1 0.324271059387
2.17 0.201293660866
2.24 0.110684977089
2.31 0.165250773627
2.38 0.145377858812
2.45 0.142264825712
2.52 0.17671530752
2.59 0.166089885662
2.66 0.128417903742
2.73 0.215828850029
2.8 0.229542105695
2.87 0.158491889036
2.94 0.142359708714
3.01 0.148487395364
3.08 0.135898073912
3.15 0.14346710696
3.22 0.112249018221
3.29 0.122655979378
3.36 0.14678551349
3.43 0.157962452121
3.5 0.111495851288
3.57 0.113032653761
3.64 0.130931374164
3.71 0.116668759582
3.78 0.121717317722
3.85 0.119112605538
3.92 0.106706218777
3.99 0.120710165215
4.06 0.10141387418
4.13 0.176638662618
4.2 0.189527661731
4.27 0.17329457031
4.34 0.125278617488
4.41 0.156892546337
4.48 0.200828682778
4.55 0.151666995016
4.62 0.152378498467
4.69 0.186902768923
4.76 0.136855518258
4.83 0.123249400027
4.9 0.188835018443
4.97 0.594984187951
5.04 0.657046842154
5.11 0.535151443209
5.18 0.513826593235
5.25 0.495575218325
5.32 0.418274514326
5.39 0.398690229269
5.46 0.378299480287
5.53 0.328279466002
5.6 0.398503322939
5.67 0.366360349098
5.74 0.270454140274
5.81 0.255117041015
5.88 0.197017056906
5.95 0.251468612401
6.02 0.498642764413
6.09 0.366074910552
6.16 0.212766991384
6.23 0.169798078
6.3 0.181376782299
6.37 0.388800878974
6.44 0.374523337133
6.51 0.421277031931
6.58 0.658004383341
6.65 0.55326100118
6.72 0.495953452654
6.79 0.497237293794
6.86 0.451727858176
6.93 0.41221089344
7.0 0.371982411582
7.07 0.363436417782
7.14 0.418014600915
7.21 0.55784968079
7.28 0.497491735093
7.35 0.406174442855
7.42 0.386440239215
7.49 0.386314268961
7.56 0.357719447232
7.63 0.35917972329
7.7 0.36350560817
7.77 0.292199048702
7.84 0.293335456099
7.91 0.245082425086
7.98 0.238032924918
8.05 0.304217601296
8.12 0.421325020871
8.19 0.369127971433
8.26 0.319038044437
8.33 0.277598173675
8.4 0.287417041603
8.47 0.474476398638
8.54 0.444230885441
8.61 0.413598267235
8.68 0.468519502757
8.75 0.478312077654
8.82 0.433385640264
8.89 0.569524201187
8.96 0.56096140596
9.03 0.553202933891
9.1 0.531800435281
9.17 0.447996630099
9.24 0.536224577802
9.31 0.531682591735
9.38 0.51994090095
9.45 0.477733774529
9.52 0.496909072962
9.59 0.400368012426
9.66 0.576671711766
9.73 0.481579586582
9.8 0.455563509849
9.87 0.448996762168
9.94 0.365691441086
10.01 0.53482104857
10.08 0.574308870857
10.15 0.484838213437
10.22 0.449748875238
10.29 0.491022875917
10.36 0.470637366628
10.43 0.318525943285
10.5 0.319863613476
10.57 0.251187805156
10.64 0.524536573654
10.71 0.533167504266
10.78 0.680564125077
10.85 0.644070566083
10.92 0.465146900318
10.99 0.307270895736
11.06 0.296340170296
11.13 0.297772162947
11.2 0.704293299431
11.27 0.664827523961
11.34 0.565912060783
11.41 0.460376378618
11.48 0.432635047036
11.55 0.443273164242
11.62 0.456773687665
11.69 0.375611197327
11.76 0.275010221903
11.83 0.598321668834
11.9 0.327056786521
11.97 0.279246550062
12.04 0.252935270883
12.11 0.243898361429
12.18 0.408947887072
12.25 0.570017966259
12.32 0.182999848882
12.39 0.225278650528
12.46 0.178977531273
12.53 0.282832039691
12.6 0.618907301606
12.67 0.523678044333
12.74 0.563162070433
12.81 0.588631958955
12.88 0.500131220202
12.95 0.494102130708
13.02 0.482965508894
13.09 0.482465304433
13.16 0.486560412653
13.23 0.486979303313
13.3 0.446918956489
13.37 0.470792444013
13.44 0.490292307227
13.51 0.407296657848
13.58 0.356110901174
13.65 0.330929408852
13.72 0.364919712491
13.79 0.366686168262
13.86 0.358314026561
13.93 0.295530755554
14.0 0.309583512376
14.07 0.287024261684
14.14 0.248217552853
14.21 0.199962848191
14.28 0.244965279938
14.35 0.479044623049
14.42 0.407777188678
14.49 0.416458833463
14.56 0.401143323017
14.63 0.375299275484
14.7 0.649305319623
14.77 0.598194100126
14.84 0.559557881285
14.91 0.526097965887
14.98 0.527016664527
15.05 0.481750293042
15.12 0.579371244288
15.19 0.53078577699
15.26 0.566303849501
15.33 0.548685339344
15.4 0.382268948653
15.47 0.605916385382
15.54 0.577714386866
15.61 0.593924547364
15.68 0.55322190001
15.75 0.464761851768
15.82 0.454276861445
15.89 0.541949704684
15.96 0.473303022862
16.03 0.450528876374
16.1 0.402962449159
16.17 0.434155957252
16.24 0.633372179298
16.31 0.573658930104
16.38 0.506773021167
16.45 0.370907717272
16.52 0.605460590144
16.59 0.484974403316
16.66 0.330474603676
16.73 0.296718827309
16.8 0.441569097169
16.87 0.611400188998
16.94 0.5587812377
17.01 0.789644237223
17.08 0.680624860634
17.15 0.447800906637
17.22 0.386302598993
17.29 0.320137771699
17.36 0.610079437583
17.43 0.899276935956
17.5 0.704844235154
17.57 0.58235784799
17.64 0.548163902674
17.71 0.441606935983
17.78 0.463525761451
17.85 0.433274574482
17.92 0.354664775364
17.99 0.386994025496
18.06 0.587784392089
18.13 0.345446431692
18.2 0.236075091018
18.27 0.356127066865
18.34 0.376993700564
18.41 0.508886993151
18.48 0.574532264778
18.55 0.3086002706
18.62 0.2507835706
18.69 0.261808146825
18.76 0.37943248456
18.83 0.615149801006
18.9 0.541820665124
18.97 0.773135932577
19.04 0.738337187168
19.11 0.622314140355
19.18 0.561003929622
19.25 0.489228297381
19.32 0.525732585271
19.39 0.523146950858
19.46 0.451162065831
19.53 0.359202600665
19.6 0.53172749428
19.67 0.448800441707
19.74 0.394987153579
19.81 0.31064635215
19.88 0.21247468165
19.95 0.426786343593
20.02 0.669456241255
20.09 0.37004660855
20.16 0.206272797338
20.23 0.225061370153
20.3 0.261706623916
20.37 0.483358156652
20.44 0.549621198294
20.51 0.519478832663
20.58 0.605315313117
20.65 0.509753232193
20.72 0.458361235072
20.79 0.541509551053
20.86 0.592550544529
20.93 0.586459844488
21.0 0.578943971714
21.07 0.595523788665
21.14 0.525018730281
21.21 0.552457074502
21.28 0.747633824326
21.35 0.604148449645
21.42 0.553359409211
21.49 0.533512639317
21.56 0.54534119235
21.63 0.613878603944
21.7 0.529032866494
21.77 0.538507909579
21.84 0.537004040044
21.91 0.469430808405
21.98 0.572181830971
22.05 0.729671131583
22.12 0.59847090383
22.19 0.482606715776
22.26 0.429108349299
22.33 0.429349485717
22.4 0.439119379201
22.47 0.363202192427
22.54 0.340242145621
22.61 0.660310732629
22.68 0.815049028903
22.75 0.587380919732
22.82 0.363090039742
22.89 0.220201038806
22.96 0.152635261682
23.03 0.290901429868
23.1 0.210525654629
23.17 0.145211294888
23.24 0.120398172736
23.31 0.115093108865
23.38 0.156259781844
23.45 0.0878312246272
23.52 0.176101822456
23.59 0.19851420906
23.66 0.144861577526
23.73 0.115617759533
23.8 0.220940423488
23.87 0.180470733435
23.94 0.129363805723
24.01 0.0524208968049
24.08 0.0385379258798
24.15 0.106943720792
24.22 0.0665360742251
24.29 0.16733573646
24.36 0.216127064814
24.43 0.18251361238
24.5 0.160442279813
24.57 0.120776588215
24.64 0.190582792924
24.71 0.185489472374
24.78 0.0682759418836
24.85 0.0297031234498
24.92 0.103189356716
24.99 0.0775423485503
25.06 0.150632119643
25.13 0.146696454649
25.2 0.124885585782
25.27 0.150194773276
25.34 0.131904940907
25.41 0.181875406535
25.48 0.112331185367
25.55 0.0436178242003
25.62 0.0331198650946
25.69 0.035800269716
25.76 0.0608098023354
25.83 0.126965237145
25.9 0.0961245738234
25.97 0.0665115254802
26.04 0.154228650339
26.11 0.152419706224
26.18 0.167519531331
26.25 0.26841445254
26.32 0.193371025404
26.39 0.0956736377492
26.46 0.103691153934
26.53 0.0889907156139
26.6 0.187313306151
26.67 0.173858594444
26.74 0.142952469701
26.81 0.129791546555
26.88 0.222543940624
26.95 0.246591377089
27.02 0.142353760368
27.09 0.0477093629576
27.16 0.0341826980327
27.23 0.19625540666
27.3 0.16694221485
27.37 0.189140998776
27.44 0.177566422202
27.51 0.177549478362
27.58 0.16366069353
27.65 0.150573269647
27.72 0.242845423411
27.79 0.18744744413
27.86 0.132424674306
27.93 0.0670640277569
28.0 0.0682590071575
28.07 0.162546584738
28.14 0.374361346406
28.21 0.432159297896
28.28 0.369904343862
28.35 0.25082551777
28.42 0.208228080319
28.49 0.315710512022
28.56 0.13839942092
28.63 0.068318033747
28.7 0.0464274244674
28.77 0.0745146726687
28.84 0.251276294341
28.91 0.257640668399
28.98 0.248955443897
29.05 0.264646775609
29.12 0.1568569964
29.19 0.191561420488
29.26 0.250247417443
29.33 0.268204025124
29.4 0.335420048428
29.47 0.247312736723
29.54 0.195766474547
29.61 0.23132652499
29.68 0.20080233506
29.75 0.204262295347
29.82 0.148624275666
29.89 0.148044544983
29.96 0.179750853766
30.03 0.243487071116
30.1 0.182004091769
30.17 0.0778570104366
30.24 0.0397309604756
30.31 0.0959775992218
30.38 0.043024095937
30.45 0.116575149192
30.52 0.180174748282
30.59 0.162943028683
30.66 0.12574191965
30.73 0.0980137778763
30.8 0.171871293392
30.87 0.226684949426
30.94 0.166818209907
31.01 0.0472869313178
31.08 0.117150274777
31.15 0.162803725066
31.22 0.144196266321
31.29 0.114786283163
31.36 0.11686569755
31.43 0.105114936706
31.5 0.358298081896
31.57 0.334903467504
31.64 0.22745110451
31.71 0.183480156407
31.78 0.152111331059
31.85 0.143391370089
31.92 0.305852495072
31.99 0.189244972344
32.06 0.14784380969
32.13 0.130295200851
32.2 0.226093299267
32.27 0.211675474
32.34 0.186356683249
32.41 0.16844349473
32.48 0.0774763824144
32.55 0.0580316880809
32.62 0.205180066588
32.69 0.170348236713
32.76 0.178641772756
32.83 0.16732001738
32.9 0.163380370492
32.97 0.182677759824
33.04 0.180639421035
33.11 0.203742567644
33.18 0.387820714479
33.25 0.212390448933
33.32 0.128835048977
33.39 0.151191154732
33.46 0.104905645184
33.53 0.168037415628
33.6 0.176135762546
33.67 0.141591744403
33.74 0.0767335843556
33.81 0.134058566627
33.88 0.215302208984
33.95 0.400159030796
34.02 0.408771699384
34.09 0.367815210009
34.16 0.30182915664
34.23 0.289201329877
34.3 0.387378924797
34.37 0.462153517713
34.44 0.351497484833
34.51 0.18714865741
34.58 0.206479323752
34.65 0.236779192362
34.72 0.23925269004
34.79 0.232981370388
34.86 0.208427718455
34.93 0.260603107304
35.0 0.39681857631
35.07 0.258773899394
35.14 0.539179722835
35.21 0.512207420819
35.28 0.352141509142
35.35 0.444865025083
35.42 0.522327528405
35.49 0.358240528436
35.56 0.320584027482
35.63 0.302644673534
35.7 0.272223166332
35.77 0.316864945604
35.84 0.403549179771
35.91 0.59094938235
35.98 0.566058841702
36.05 0.429657072479
36.12 0.229385804689
36.19 0.563334472189
36.26 0.468294859012
36.33 0.224771774259
36.4 0.167335657848
36.47 0.333351325341
36.54 0.5153864098
36.61 0.39425946507
36.68 0.497527550489
36.75 0.538158891754
36.82 0.458129573168
36.89 0.457659756423
36.96 0.513479663768
37.03 0.454342293244
37.1 0.477282080813
37.17 0.446310051457
37.24 0.272654269271
37.31 0.288288234371
37.38 0.433363725607
37.45 0.519840810156
37.52 0.449623956567
37.59 0.398508694792
37.66 0.472385102372
37.73 0.492345347692
37.8 0.354050100859
37.87 0.250375407697
37.94 0.235257816167
38.01 0.222206710116
38.08 0.160105973287
38.15 0.206362514701
38.22 0.31330091149
38.29 0.3040639002
38.36 0.279115274034
38.43 0.279180240994
38.5 0.208228138424
38.57 0.318773173881
38.64 0.305702837391
38.71 0.265181154858
38.78 0.29852602486
38.85 0.276310938525
38.92 0.348425137687
38.99 0.589885729107
39.06 0.541371810572
39.13 0.511602180952
39.2 0.317216832215
39.27 0.588188484231
39.34 0.617441025933
39.41 0.39149745954
39.48 0.339745668987
39.55 0.43992560501
39.62 0.498836652444
39.69 0.539850018527
39.76 0.605216047184
39.83 0.550703433707
39.9 0.496095566953
39.97 0.468363983319
40.04 0.490206842915
40.11 0.497893493925
40.18 0.549854932606
40.25 0.436399724159
40.32 0.373201875927
40.39 0.359620055793
40.46 0.349434501597
40.53 0.288409123297
40.6 0.300484852238
40.67 0.332829495608
40.74 0.256040623883
40.81 0.472220542497
40.88 0.514425825512
40.95 0.509189980512
41.02 0.375081770665
41.09 0.32500825659
41.16 0.237410603353
41.23 0.319030366616
41.3 0.532703867147
41.37 0.575209364439
41.44 0.517839788376
41.51 0.341392031072
41.58 0.590477993355
41.65 0.517192120549
41.72 0.507136842066
41.79 0.443199426863
41.86 0.357370047738
41.93 0.339686767722
42.0 0.24712778773
42.07 0.506416971512
42.14 0.567575539884
42.21 0.555251618768
42.28 0.440688848013
42.35 0.343213902954
42.42 0.568575514728
42.49 0.611234750714
42.56 0.358562685853
42.63 0.250146443682
42.7 0.351171254378
42.77 0.537637750166
42.84 0.402171744191
42.91 0.486733087844
42.98 0.441850734972
43.05 0.435154095526
43.12 0.510716161184
43.19 0.501883096204
43.26 0.481906181617
43.33 0.470463652386
43.4 0.415236491218
43.47 0.440133151107
43.54 0.533123845849
43.61 0.572355264943
43.68 0.394022290037
43.75 0.374258593041
43.82 0.392113312094
43.89 0.581139668789
43.96 0.49474634984
44.03 0.472332586948
44.1 0.353681071028
44.17 0.337910658564
44.24 0.332867686469
44.31 0.308310843324
44.38 0.421618280791
44.45 0.337903456976
44.52 0.27072622495
44.59 0.361552485324
44.66 0.625016430011
44.73 0.54512368867
44.8 0.427059694044
44.87 0.404854778343
44.94 0.426855042937
45.01 0.414947443333
45.08 0.256952011562
45.15 0.359770765057
45.22 0.482442183245
45.29 0.418551632481
45.36 0.222099693448
45.43 0.327992068979
45.5 0.388502097951
45.57 0.41910808589
45.64 0.442084628787
45.71 0.418652672321
45.78 0.342388031998
45.85 0.251968374809
45.92 0.259868304933
45.99 0.562403288974
46.06 0.532863768377
46.13 0.331659363452
46.2 0.243423379046
46.27 0.292788061355
46.34 0.340537330977
46.41 0.299420624783
46.48 0.240156175453
46.55 0.308632451593
46.62 0.327078659023
46.69 0.296576857703
46.76 0.399130259854
46.83 0.2871131633
46.9 0.151031569091
46.97 0.169023309721
47.04 0.285591184409
47.11 0.53401295543
47.18 0.327698009263
47.25 0.125441951464
47.32 0.0997946436591
47.39 0.090408097734
47.46 0.372747895612
47.53 0.422297802628
47.6 0.206857326801
47.67 0.0781160921506
47.74 0.0532737204541
47.81 0.0667129249922
47.88 0.523193253617
47.95 0.361130261039
48.02 0.245213982524
48.09 0.145150645919
48.16 0.101489278372
48.23 0.204062644678
48.3 0.546241349834
48.37 0.503387439692
48.44 0.500679909203
48.51 0.452696284345
48.58 0.453291775123
48.65 0.447617858015
48.72 0.435966144356
48.79 0.386209325839
48.86 0.357788085053
48.93 0.555552660185
49.0 0.507752602336
49.07 0.453754362936
49.14 0.34156394976
49.21 0.234436190285
49.28 0.260769026377
49.35 0.258219023932
49.42 0.439327059737
49.49 0.643350768445
49.56 0.557332226014
49.63 0.461392216096
49.7 0.393555813754
49.77 0.371782587738
49.84 0.325930989533
49.91 0.31352074962
49.98 0.280691126409
50.05 0.464373395536
50.12 0.540469580679
50.19 0.48842641007
50.26 0.354358501089
50.33 0.321687495104
50.4 0.286667501098
50.47 0.254343204693
50.54 0.336522546496
50.61 0.509492770772
50.68 0.354688314679
50.75 0.237098447952
50.82 0.123036029769
50.89 0.0505868456826
50.96 0.505715216011
51.03 0.420829420368
51.1 0.273630964563
51.17 0.113036265379
51.24 0.057365210221
51.31 0.256201974317
51.38 0.645843248192
51.45 0.546693506111
51.52 0.480208040103
51.59 0.405866808242
51.66 0.364698524277
51.73 0.343916245201
51.8 0.312758159441
51.87 0.277737640213
51.94 0.35070895595
52.01 0.4840367021
52.08 0.382473149732
52.15 0.337312807133
52.22 0.289957588902
52.29 0.258982667973
52.36 0.262700127471
52.43 0.25617364078
52.5 0.459179364407
52.57 0.372915720753
52.64 0.320964540433
52.71 0.465704526079
52.78 0.543272160509
52.85 0.344240921636
52.92 0.185434398056
52.99 0.0997616970491
53.06 0.0514163635756
53.13 0.0452089365133
53.2 0.109952269912
53.27 0.169412740064
53.34 0.156779981221
53.41 0.0504930461667
53.48 0.0405510665163
53.55 0.0341131840808
53.62 0.0450287806036
53.69 0.186167916423
53.76 0.139190333243
53.83 0.0837566752831
53.9 0.300330668074
53.97 0.245919605988
54.04 0.223253911701
54.11 0.128544010715
54.18 0.0636282755604
54.25 0.0511785835687
54.32 0.041977499327
54.39 0.334115142557
54.46 0.575438376304
54.53 0.533289191849
54.6 0.48960140025
54.67 0.462445669083
54.74 0.484177102874
54.81 0.454669185639
54.88 0.442620721561
54.95 0.384663383809
55.02 0.421383807066
55.09 0.572558496468
55.16 0.548293233898
55.23 0.444751621434
55.3 0.363624690147
55.37 0.323071730095
55.44 0.318457796507
55.51 0.324719420617
55.58 0.532426354791
55.65 0.603045739665
55.72 0.521684278827
55.79 0.452781860311
55.86 0.420196453077
55.93 0.396396331517
56.0 0.362024574995
56.07 0.325286111879
56.14 0.339826231982
56.21 0.601041372867
56.28 0.611347821684
56.35 0.565603843982
56.42 0.521495603146
56.49 0.379418165693
56.56 0.318662234563
56.63 0.474957814713
56.7 0.454129275033
56.77 0.641345245245
56.84 0.513080780558
56.91 0.257969589908
56.98 0.0709051583787
57.05 0.059366078194
57.12 0.563339723276
57.19 0.563847812912
57.26 0.409303936727
57.33 0.166451267295
57.4 0.0736923301595
57.47 0.248194752951
57.54 0.693504364725
57.61 0.642036468951
57.68 0.536986264506
57.75 0.522027661617
57.82 0.541216566847
57.89 0.381793990196
57.96 0.405105211543
58.03 0.346567591683
58.1 0.332154112889
58.17 0.566934612224
58.24 0.513316008507
58.31 0.429268094443
58.38 0.39717524689
58.45 0.338201450735
58.52 0.3756722029
58.59 0.338504370877
58.66 0.547586346938
58.73 0.533355937274
58.8 0.511786931705
58.87 0.492674131344
58.94 0.833469795508
59.01 0.683652997936
59.08 0.451914536644
59.15 0.200560366944
59.22 0.205072092897
59.29 0.250115493146
59.36 0.115878943277
59.43 0.0939060836819
59.5 0.0790220441737
59.57 0.0590895843824
59.64 0.0607012156955
59.71 0.0537133420258
59.78 0.0554367922056
59.85 0.0560662526956
59.92 0.0739135650848
59.99 0.0740419666303
60.06 0.301120159675
60.13 0.294044977147
60.2 0.283992616441
60.27 0.264043202555
60.34 0.230354124902
60.41 0.18527391236
60.48 0.131468102673
60.55 0.163911632585
60.62 0.40376594062
60.69 0.387765015818
60.76 0.330372410852
60.83 0.189324516794
60.9 0.364024801535
60.97 0.384929620399
61.04 0.180022254855
61.11 0.073184248499
61.18 0.0444560168111
61.25 0.380242040576
61.32 0.405013190493
61.39 0.331202277374
61.46 0.307916120879
61.53 0.252604921817
61.6 0.111431253466
61.67 0.0914734314609
61.74 0.198294832352
61.81 0.295058283075
61.88 0.197351044933
61.95 0.076904661092
62.02 0.0432265356404
62.09 0.0620778457825
62.16 0.429038682679
62.23 0.38531132621
62.3 0.35521439974
62.37 0.14042122602
62.44 0.174436782499
62.51 0.165033580979
62.58 0.16501168683
62.65 0.0651643693817
62.72 0.0383779927491
62.79 0.0865883519891
62.86 0.1424957539
62.93 0.151791430618
63.0 0.118638048119
63.07 0.101878659725
63.14 0.110172104623
63.21 0.28599200217
63.28 0.241954664107
63.35 0.244450679137
63.42 0.20462915479
63.49 0.116323395529
63.56 0.164848807439
63.63 0.270647078119
63.7 0.229775663413
63.77 0.276608069825
63.84 0.221464823507
63.91 0.166494710382
63.98 0.272359228608
64.05 0.208518643488
64.12 0.213504385688
64.19 0.152102309991
64.26 0.0726713236252
64.33 0.24107431697
64.4 0.233096489841
64.47 0.21199150306
64.54 0.228991223519
64.61 0.208356917081
64.68 0.211646734868
64.75 0.343202366286
64.82 0.219742833924
64.89 0.172531747713
64.96 0.09959817053
65.03 0.0663868756875
65.1 0.125215777623
65.17 0.204279486418
65.24 0.182159791218
65.31 0.202925502426
65.38 0.169110680102
65.45 0.154911143501
65.52 0.159095188656
65.59 0.198923399622
65.66 0.169185923651
65.73 0.0783364634778
65.8 0.0436233544183
65.87 0.0763794487437
65.94 0.175725346085
66.01 0.264421813996
66.08 0.240475180395
66.15 0.158331193706
66.22 0.0777439428846
66.29 0.323084908511
66.36 0.430351801846
66.43 0.484235693107
66.5 0.409177333015
66.57 0.342367484515
66.64 0.202969365919
66.71 0.160869113753
66.78 0.174072611831
66.85 0.510863324911
66.92 0.44808886534
66.99 0.408168739279
67.06 0.22499726907
67.13 0.465430528499
67.2 0.423502887722
67.27 0.15550703076
67.34 0.0662315419574
67.41 0.279995932202
67.48 0.521820200968
67.55 0.477149965112
67.62 0.386441847923
67.69 0.367551357998
67.76 0.327489335247
67.83 0.175604245248
67.9 0.169923590251
67.97 0.362033208697
68.04 0.336016124812
68.11 0.223048499534
68.18 0.0798341511083
68.25 0.0426468767347
68.32 0.250607148214
68.39 0.549026150708
68.46 0.501391445694
68.53 0.386560836477
68.6 0.181328067618
68.67 0.202505660441
68.74 0.238218462935
68.81 0.152855582879
68.88 0.0710328603869
68.95 0.0446028695064
69.02 0.143454021968
69.09 0.167992124578
69.16 0.207376408514
69.23 0.185603515177
69.3 0.175919988341
69.37 0.245487985801
69.44 0.402440562461
69.51 0.349297256716
69.58 0.113556170814
69.65 0.0622140390794
69.72 0.0686447996787
69.79 0.341282184354
69.86 0.352545448617
69.93 0.372543579462
70.0 0.355202655717
70.07 0.178902290002
70.14 0.279126998688
70.21 0.306870260265
70.28 0.298178234074
70.35 0.234873751981
70.42 0.154142796382
70.49 0.108555198298
70.56 0.257482690326
70.63 0.137735615885
70.7 0.192736909687
70.77 0.144124478304
70.84 0.0996909275759
70.91 0.18580067645
70.98 0.275545382719
71.05 0.239854890223
71.12 0.182771655042
71.19 0.0692920015274
71.26 0.0586789674028
71.33 0.237675925077
71.4 0.236610423871
71.47 0.199299578632
71.54 0.171730070035
71.61 0.141607362085
71.68 0.108282932471
71.75 0.0754914329016
71.82 0.288435711409
71.89 0.221819526496
71.96 0.135495555158
72.03 0.0886281616293
72.1 0.104612265636
72.17 0.185261270559
72.24 0.283422176844
72.31 0.204037138912
72.38 0.128337094656
72.45 0.311193701321
72.52 0.127861081197
72.59 0.259241643731
72.66 0.0946220931094
72.73 0.052095936682
72.8 0.0389516793839
72.87 0.0346743758863
72.94 0.486901893932
73.01 0.455531337971
73.08 0.199917685883
73.15 0.187899756493
73.22 0.135160579348
73.29 0.0687980758122
73.36 0.0493846510223
73.43 0.0351621823594
73.5 0.0366533667999
73.57 0.0330766999997
73.64 0.0342546979624
73.71 0.0274482562313
73.78 0.0302964734618
73.85 0.0275123732647
73.92 0.028094155847
73.99 0.0332447746503
74.06 0.023929453923
74.13 0.241830620428
74.2 0.424689863459
74.27 0.231426428937
74.34 0.0981129765894
74.41 0.0314764344581
74.48 0.0349498329245
74.55 0.495305185549
74.62 0.479884970098
74.69 0.21028044745
74.76 0.149564820604
74.83 0.105912858074
74.9 0.0700461482681
74.97 0.0400775287805
75.04 0.0349826895289
75.11 0.0339197996252
75.18 0.0435931535491
75.25 0.032878710447
75.32 0.0298253795491
75.39 0.0316303167054
75.46 0.0234716569148
75.53 0.0253712343989
75.6 0.0242636572802
75.67 0.163749861745
75.74 0.462030281806
75.81 0.304303915536
75.88 0.0963961116301
75.95 0.0336822565951
76.02 0.0304917286669
76.09 0.39777298439
76.16 0.480027435305
76.23 0.214970324125
76.3 0.180697426801
76.37 0.118936589887
76.44 0.0650677227264
76.51 0.0380298225723
76.58 0.0321690948357
76.65 0.0303024707975
76.72 0.027846376103
76.79 0.027533543951
76.86 0.0327740874719
76.93 0.0306876344188
77.0 0.0604878135368
77.07 0.0309638980896
77.14 0.0313949212774
77.21 0.198145620143
77.28 0.382805390055
77.35 0.230050996266
77.42 0.141055110457
77.49 0.0551160520924
77.56 0.0278235215143
77.63 0.478295431174
77.7 0.48083176302
77.77 0.210153508781
77.84 0.0940291224882
77.91 0.0376927196673
77.98 0.0295784679605
78.05 0.0573288559303
78.12 0.101875684983
78.19 0.101562607879
78.26 0.0968176466318
78.33 0.0382195281911
78.4 0.0283868199068
78.47 0.0991620500625
78.54 0.120608523818
78.61 0.116541359491
78.68 0.095537022907
78.75 0.0641932863381
78.82 0.0938979752019
78.89 0.137160037993
78.96 0.123146972505
79.03 0.113046635392
79.1 0.045367147005
79.17 0.233378627801
79.24 0.549014544542
79.31 0.276527461258
79.38 0.150209417986
79.45 0.147593361678
79.52 0.087547662527
79.59 0.131924475542
79.66 0.156651094329
79.73 0.156273353322
79.8 0.146629759354
79.87 0.142145906657
79.94 0.0471287424731
80.01 0.125756889063
80.08 0.12442471719
80.15 0.13375545622
80.22 0.121827869674
80.29 0.097745211394
80.36 0.442827562424
80.43 0.300597599644
80.5 0.135259122957
80.57 0.131941797634
80.64 0.120918489463
80.71 0.284603828579
80.78 0.495572903244
80.85 0.288040937695
80.92 0.164412494428
80.99 0.151503105057
81.06 0.136615050615
81.13 0.0759234039966
81.2 0.102245578412
81.27 0.098633665871
81.34 0.103456526402
81.41 0.104994807702
81.48 0.0750142037965
81.55 0.129708614931
81.62 0.117824452104
81.69 0.122398219265
81.76 0.108147591379
81.83 0.112858066806
81.9 0.40352116524
81.97 0.297677021322
82.04 0.132498076728
82.11 0.107967377365
82.18 0.108598768988
82.25 0.337492747713
82.32 0.4836791383
82.39 0.269872434026
82.46 0.144061369561
82.53 0.135651235239
82.6 0.108271737596
82.67 0.109515102417
82.74 0.165855030268
82.81 0.161902276741
82.88 0.155153795204
82.95 0.149121042824
83.02 0.150758673225
83.09 0.155303864175
83.16 0.148220197195
83.23 0.146177121149
83.3 0.133302681297
83.37 0.121097051476
83.44 0.439189954991
83.51 0.291865623495
83.58 0.155376101082
83.65 0.140557273485
83.72 0.15055269482
83.79 0.347274344204
83.86 0.503269317015
83.93 0.32791877707
84.0 0.140294027588
84.07 0.0839411731089
84.14 0.0374956757432
84.21 0.0288352916503
84.28 0.0339648924351
84.35 0.0275281356393
84.42 0.0259203244376
84.49 0.0302273559902
84.56 0.0281847436437
84.63 0.0271029947167
84.7 0.03079813852
84.77 0.0356009015964
84.84 0.0210833660658
84.91 0.0247392959064
84.98 0.03222157722
85.05 0.0270670255133
85.12 0.0275560932042
85.19 0.0301513992317
85.26 0.0255760677958
85.33 0.0281568179795
85.4 0.193124997921
85.47 0.384408770475
85.54 0.45604046324
85.61 0.32517039201
85.68 0.290009614422
85.75 0.313343911385
85.82 0.22605194226
85.89 0.184376477829
85.96 0.20995483792
86.03 0.246499142987
86.1 0.380471234732
86.17 0.323882908491
86.24 0.255992882174
86.31 0.264965329384
86.38 0.221854003201
86.45 0.392142403274
86.52 0.257913477677
86.59 0.402642786834
86.66 0.32786997808
86.73 0.187201932755
86.8 0.119754793277
86.87 0.0800082903141
86.94 0.318862527803
87.01 0.455077542224
87.08 0.364312191722
87.15 0.313602720803
87.22 0.293239965844
87.29 0.307092757547
87.36 0.282875117059
87.43 0.244279109078
87.5 0.188908543911
87.57 0.41310538399
87.64 0.375896067356
87.71 0.326894922257
87.78 0.320904209332
87.85 0.261024167212
87.92 0.256762059851
87.99 0.23550419114
88.06 0.360937999944
88.13 0.343429435626
88.2 0.260786376952
88.27 0.192918687976
88.34 0.125648923348
88.41 0.144887581172
88.48 0.396322864154
88.55 0.348112682647
88.62 0.308883587748
88.69 0.231587871655
88.76 0.220539423436
88.83 0.311983827519
88.9 0.226245432671
88.97 0.188043554694
89.04 0.230010088148
89.11 0.43660036375
89.18 0.321108549407
89.25 0.284872493042
89.32 0.231298695028
89.39 0.234035999145
89.46 0.243419139668
89.53 0.199105073094
89.6 0.383908090921
89.67 0.3089074962
89.74 0.200861082518
89.81 0.15614655137
89.88 0.119439226778
89.95 0.433888223607
90.02 0.462894765169
90.09 0.255088827105
90.16 0.165391703041
90.23 0.113987110832
90.3 0.133866169954
90.37 0.173358223644
90.44 0.170315908749
90.51 0.142478774741
90.58 0.227864883079
90.65 0.211667347291
90.72 0.19536300219
90.79 0.266724504954
90.86 0.250468827822
90.93 0.280727079662
91.0 0.193209597496
91.07 0.303848607923
91.14 0.3273553431
91.21 0.303976771353
91.28 0.18235501908
91.35 0.288902876976
91.42 0.274305187463
91.49 0.395906918615
91.56 0.673813396818
91.63 0.599011360166
91.7 0.515865718149
91.77 0.440031654403
91.84 0.442535507896
91.91 0.438949830281
91.98 0.42134021359
92.05 0.388111925916
92.12 0.393475032011
92.19 0.614698197295
92.26 0.579602293243
92.33 0.540573495003
92.4 0.420561767614
92.47 0.408158143682
92.54 0.411605170505
92.61 0.380042409276
92.68 0.417057063146
92.75 0.580056733839
92.82 0.407351846097
92.89 0.188013570294
92.96 0.141124634663
93.03 0.0888664474905
93.1 0.60776843079
93.17 0.559828106605
93.24 0.478532803307
93.31 0.46222310572
93.38 0.474686159557
93.45 0.529032050747
93.52 0.459707681379
93.59 0.38392718806
93.66 0.279583539036
93.73 0.594318016566
93.8 0.544703007012
93.87 0.394016660699
93.94 0.352398622126
94.01 0.293137946196
94.08 0.287172217233
94.15 0.292211597079
94.22 0.378062516027
94.29 0.508816056198
94.36 0.38518442172
94.43 0.209120242116
94.5 0.121686495928
94.57 0.110433268999
94.64 0.383520947176
94.71 0.518932816487
94.78 0.355306419651
94.85 0.294483343197
94.92 0.394004864268
94.99 0.501285125144
95.06 0.254432939145
95.13 0.204580141609
95.2 0.132245612135
95.27 0.450261109688
95.34 0.509827153001
95.41 0.395961841404
95.48 0.556928430092
95.55 0.423767653461
95.62 0.242398845203
95.69 0.0859270545785
95.76 0.0904065425738
95.83 0.487273911038
95.9 0.615031467556
95.97 0.508923676702
96.04 0.304201851454
96.11 0.522014444465
96.18 0.372036769274
96.25 0.144192671793
96.32 0.0994053887702
96.39 0.0594339515374
96.46 0.509421053392
96.53 0.598822024824
96.6 0.452114974577
96.67 0.482768691693
96.74 0.366836157481
96.81 0.158571400447
96.88 0.110105816062
96.95 0.21645564453
97.02 0.640741284825
97.09 0.501073101553
97.16 0.19753479651
97.23 0.0905966799916
97.3 0.0702841846201
97.37 0.464001674651
97.44 0.605512744407
97.51 0.343429934644
97.58 0.195980658273
97.65 0.166642863031
97.72 0.142234669276
97.79 0.458131816472
97.86 0.526071941734
97.93 0.340669881895
98.0 0.197223107087
98.07 0.167166077027
98.14 0.338681171515
98.21 0.45471636111
98.28 0.353109385024
98.35 0.273796656914
98.42 0.259948408785
98.49 0.216782291973
98.56 0.440885898773
98.63 0.526914251816
98.7 0.259249723728
98.77 0.139108788161
98.84 0.10292577814
98.91 0.288663220523
98.98 0.409549658874
99.05 0.299232734087
99.12 0.24179775243
99.19 0.189574767705
99.26 0.158658896152
99.33 0.436661347677
99.4 0.610028795187
99.47 0.347657626822
99.54 0.164435494849
99.61 0.142698059165
99.68 0.324314437533
99.75 0.439666295433
99.82 0.39365745629
99.89 0.3173248492
99.96 0.279014394836
100.03 0.258627453433
100.1 0.495140525415
100.17 0.713095671359
100.24 0.435260696346
100.31 0.265328288963
100.38 0.2104257541
100.45 0.246488933617
100.52 0.386529292359
100.59 0.281334262054
100.66 0.213367603368
100.73 0.173934137633
100.8 0.128962085627
100.87 0.535417289016
100.94 0.699590881215
101.01 0.493340199052
101.08 0.483332890141
101.15 0.393359005667
101.22 0.556416674152
101.29 0.313336701822
101.36 0.17015509607
101.43 0.175873879265
101.5 0.680749928554
101.57 0.481295275954
101.64 0.656345419332
101.71 0.616220733309
101.78 0.325659318426
101.85 0.238609041704
101.92 0.15982015535
101.99 0.486836913301
102.06 0.636690514051
102.13 0.576045004992
102.2 0.526173783649
102.27 0.761726566425
102.34 0.540823920228
102.41 0.254919226916
102.48 0.175407777815
102.55 0.271995096677
102.62 0.683273291617
102.69 0.649745203237
102.76 0.505199665024
102.83 0.675245465802
102.9 0.388526422252
102.97 0.287015805714
103.04 0.185019894885
103.11 0.71191371315
103.18 0.840302697748
103.25 0.471620211924
103.32 0.253119863272
103.39 0.16986813996
103.46 0.509087286391
103.53 0.935093903421
103.6 0.657609641528
103.67 0.334493646903
103.74 0.195832053317
103.81 0.113066613219
103.88 0.534447492255
103.95 0.576757333304
104.02 0.43273927467
104.09 0.183693411594
104.16 0.19374256172
104.23 0.30592610257
104.3 0.226927406307
104.37 0.12278082855
104.44 0.0746842170312
104.51 0.103190615655
104.58 0.0697100832759
104.65 0.222661493646
104.72 0.199608116719
104.79 0.177440855264
104.86 0.154503019335
104.93 0.127457180458
105.0 0.3074502678
105.07 0.245002076281
105.14 0.143960147431
105.21 0.113509666397
105.28 0.0662545230097
105.35 0.138834876029
105.42 0.300413088146
105.49 0.243943907684
105.56 0.245715893673
105.63 0.208740914048
105.7 0.17856505038
105.77 0.323622837855
105.84 0.256663815881
105.91 0.155523427731
105.98 0.122593145209
106.05 0.113892333787
106.12 0.154516439285
106.19 0.324385029274
106.26 0.262376478695
106.33 0.154788253945
106.4 0.131947681039
106.47 0.125578975319
106.54 0.383198041232
106.61 0.269725673615
106.68 0.150305796904
106.75 0.0560551820057
106.82 0.0514003665028
106.89 0.0885488404839
106.96 0.2204511849
107.03 0.156538397053
107.1 0.14943444691
107.17 0.12490508282
107.24 0.1474021328
107.31 0.297637552154
107.38 0.139090120542
107.45 0.0583636253475
107.52 0.0546806915457
107.59 0.116968104564
107.66 0.133494390964
107.73 0.173176007859
107.8 0.145953634944
107.87 0.142788770007
107.94 0.132179084319
108.01 0.10470077419
108.08 0.346421934125
108.15 0.169131540896
108.22 0.11238956027
108.29 0.0845493250559
108.36 0.073144272337
108.43 0.1818233719
108.5 0.188079937467
108.57 0.198987003965
108.64 0.147370548807
108.71 0.112059816178
108.78 0.134083741993
108.85 0.671615693414
108.92 0.563747024859
108.99 0.425198992147
109.06 0.355522206389
109.13 0.383642225746
109.2 0.414991387716
109.27 0.564457671547
109.34 0.507350940344
109.41 0.462476316562
109.48 0.375083872695
109.55 0.406733927972
109.62 0.596250827767
109.69 0.444470802796
109.76 0.260852848942
109.83 0.147891827112
109.9 0.120950074595
109.97 0.132150532033
110.04 0.263803420778
110.11 0.170370477212
110.18 0.152206968284
110.25 0.138123859065
110.32 0.195285517615
110.39 0.287273020096
110.46 0.158631969664
110.53 0.070577712278
110.6 0.0551888085249
110.67 0.0467138120602
110.74 0.159858798518
110.81 0.243914818783
110.88 0.205222348716
110.95 0.186864335389
111.02 0.174794048939
111.09 0.234138906317
111.16 0.245253052933
111.23 0.153258335192
111.3 0.0627652550734
111.37 0.0358060802047
111.44 0.0339183310527
111.51 0.216892827975
111.58 0.207074150312
111.65 0.170692849959
111.72 0.133044324185
111.79 0.138033299751
111.86 0.253984212196
111.93 0.26088061852
112.0 0.150398614333
112.07 0.113723664416
112.14 0.106137308136
112.21 0.102023949285
112.28 0.297217048229
112.35 0.299629473114
112.42 0.19924408163
112.49 0.173004811495
112.56 0.162147722036
112.63 0.195794489077
112.7 0.301613858667
112.77 0.268303884638
112.84 0.135483623149
112.91 0.0968438143383
112.98 0.0933391246816
113.05 0.193184063247
113.12 0.194573306652
113.19 0.172481203297
113.26 0.145619298287
113.33 0.155845408554
113.4 0.239948935831
113.47 0.224371018021
113.54 0.0790196516195
113.61 0.0496154424924
113.68 0.081719049703
113.75 0.0753522500513
113.82 0.155050603204
113.89 0.195115830838
113.96 0.188543101772
114.03 0.140752658572
114.1 0.109967830628
114.17 0.104225182275
114.24 0.263449608731
114.31 0.123672037882
114.38 0.0695917737517
114.45 0.0421046852271
114.52 0.0327059167682
114.59 0.314800492657
114.66 0.230246737957
114.73 0.161865762947
114.8 0.139542774698
114.87 0.123951547452
114.94 0.113239150553
115.01 0.557398391529
115.08 0.534832060016
115.15 0.430467760971
115.22 0.358504811107
115.29 0.396915935035
115.36 0.413484537743
115.43 0.50566497807
115.5 0.498251046332
115.57 0.428137668432
115.64 0.332717676742
115.71 0.510377486029
115.78 0.464974705917
115.85 0.511737262281
115.92 0.377180944131
115.99 0.0965453261181
116.06 0.0835147504609
116.13 0.0936301321825
116.2 0.356852284208
116.27 0.305014362844
116.34 0.24015818406
116.41 0.248239347882
116.48 0.255312058104
116.55 0.115845641202
116.62 0.0691343606915
116.69 0.060816537945
116.76 0.0710275660064
116.83 0.0736813699829
116.9 0.230486879757
116.97 0.33154684163
117.04 0.207191637253
117.11 0.0989001132339
117.18 0.0441964679794
117.25 0.0323982981056
117.32 0.301487442942
117.39 0.412211119024
117.46 0.313461940638
117.53 0.331186934266
117.6 0.271254712819
117.67 0.210592501453
117.74 0.205676199149
117.81 0.188553426213
117.88 0.168735614199
117.95 0.169463098771
118.02 0.156122021994
118.09 0.43278832203
118.16 0.373499296612
118.23 0.137417635184
118.3 0.0463994384197
118.37 0.037632205137
118.44 0.176516043078
118.51 0.375521621238
118.58 0.280879360037
118.65 0.241906541867
118.72 0.268838989628
118.79 0.198179245782
118.86 0.192975462147
118.93 0.182243490737
119.0 0.171962138674
119.07 0.11676257163
119.14 0.0471231416177
119.21 0.479396428769
119.28 0.618997212652
119.35 0.425174328331
119.42 0.326024664864
119.49 0.140293403245
119.56 0.140422998789
119.63 0.667031907148
119.7 0.532789121826
119.77 0.3123105775
119.84 0.180430721954
119.91 0.0900311029761
119.98 0.0541365654871
120.05 0.0495992597118
120.12 0.0407974904796
120.19 0.0353396768375
120.26 0.0349450979459
120.33 0.0315026568516
120.4 0.0300510372816
120.47 0.028612787532
120.54 0.0279485803199
120.61 0.0277824265485
120.68 0.0267089900382
120.75 0.0244702531919
120.82 0.0269006860341
120.89 0.0254212627062
120.96 0.0275605114543
121.03 0.0292922387321
121.1 0.0282637913543
121.17 0.136670052017
121.24 0.275148840794
121.31 0.182896868794
121.38 0.153829711303
121.45 0.234037234158
121.52 0.148621470681
121.59 0.138826129535
121.66 0.143635289846
121.73 0.128881363129
121.8 0.124256438602
121.87 0.0887337564372
121.94 0.333118034221
122.01 0.426553798722
122.08 0.197143264137
122.15 0.0553527611465
122.22 0.0381412700233
122.29 0.0387662997309
122.36 0.385718857934
122.43 0.420375968694
122.5 0.34655204122
122.57 0.365022133177
122.64 0.324561755856
122.71 0.261855607124
122.78 0.226905421013
122.85 0.172327283453
122.92 0.151608604162
122.99 0.126381869781
123.06 0.316053287559
123.13 0.44221028801
123.2 0.168667601859
123.27 0.0489190656807
123.34 0.0424842707793
123.41 0.0366833865187
123.48 0.350963032669
123.55 0.362100575047
123.62 0.282120234323
123.69 0.285874228122
123.76 0.253200586909
123.83 0.187416641704
123.9 0.176414881331
123.97 0.139984860601
124.04 0.129507073005
124.11 0.123683949384
124.18 0.154288185062
124.25 0.513900593795
124.32 0.436027852885
124.39 0.191948339788
124.46 0.120975496053
124.53 0.112317061322
124.6 0.423433517323
124.67 0.775857199745
124.74 0.669100908227
124.81 0.596548074137
124.88 0.569321148534
124.95 0.586231582289
125.02 0.60392182008
125.09 0.588991366161
125.16 0.566973157411
125.23 0.57676956837
125.3 0.484403268739
125.37 0.515148594475
125.44 0.706621757058
125.51 0.588064504354
125.58 0.488930615793
125.65 0.43919851236
125.72 0.420322499666
125.79 0.452943240367
125.86 0.384886175034
125.93 0.389879541506
126.0 0.382102503218
126.07 0.374284112479
126.14 0.357438924814
126.21 0.660448729456
126.28 0.528777771231
126.35 0.453985035918
126.42 0.418212199684
126.49 0.385932276043
126.56 0.356236963713
126.63 0.44357756321
126.7 0.436253018435
126.77 0.408935321605
126.84 0.642742698529
126.91 0.600349163656
126.98 0.449730220151
127.05 0.35692168195
127.12 0.202833533784
127.19 0.449828239677
127.26 0.596200973774
127.33 0.632993996239
127.4 0.685242863843
127.47 0.527207202983
127.54 0.197474591872
127.61 0.122487256459
127.68 0.378322839591
127.75 0.707394025687
127.82 0.597342934175
127.89 0.5859396941
127.96 0.549052649954
128.03 0.580132768071
128.1 0.608883341657
128.17 0.567051979538
128.24 0.542987013626
128.31 0.48943456631
128.38 0.471155345488
128.45 0.439228635756
128.52 0.561985996768
128.59 0.499779846281
128.66 0.415733514721
128.73 0.346360657395
128.8 0.339329199364
128.87 0.438155032906
128.94 0.39980319761
129.01 0.386500759442
129.08 0.358276439535
129.15 0.324734388892
129.22 0.314793091689
129.29 0.656642252133
129.36 0.652087686927
129.43 0.485683560924
129.5 0.408599805761
129.57 0.347057501325
129.64 0.432461310007
129.71 0.475694714556
129.78 0.4383671522
129.85 0.370149179625
129.92 0.570211481735
129.99 0.596677483974
130.06 0.462561215777
130.13 0.27926255511
130.2 0.284126618842
130.27 0.478368671814
130.34 0.603877721889
130.41 0.659147998022
130.48 0.71152500627
130.55 0.436453014315
130.62 0.20679178221
130.69 0.221365277304
130.76 0.221004844717
130.83 0.471164323262
130.9 0.559952920459
130.97 0.580099194839
131.04 0.500404023784
131.11 0.308458432015
131.18 0.649826450958
131.25 0.526716805715
131.32 0.457305913615
131.39 0.227003060008
131.46 0.337197421082
131.53 0.518033503232
131.6 0.397412147348
131.67 0.422469074187
131.74 0.340527551127
131.81 0.265444862177
131.88 0.135884295079
131.95 0.409512031973
132.02 0.488565669254
132.09 0.390825007131
132.16 0.237641573695
132.23 0.28788602665
132.3 0.543253868863
132.37 0.474701289614
132.44 0.258391094148
132.51 0.213958375118
132.58 0.391822844627
132.65 0.590355899038
132.72 0.43921087389
132.79 0.406701683178
132.86 0.305726026938
132.93 0.233648465755
133.0 0.543824227568
133.07 0.554681524382
133.14 0.366210384943
133.21 0.256487361595
133.28 0.249957577736
133.35 0.201564646107
133.42 0.382915975048
133.49 0.318994064734
133.56 0.235230553582
133.63 0.160069930029
133.7 0.119889252542
133.77 0.0873998505314
133.84 0.0794400108517
133.91 0.375749991672
133.98 0.383197133201
134.05 0.377314545494
134.12 0.229189702976
134.19 0.322899516326
134.26 0.345012888347
134.33 0.168115407197
134.4 0.12137195139
134.47 0.181165368239
134.54 0.284743454621
134.61 0.178701331404
134.68 0.314567403195
134.75 0.270821978385
134.82 0.122756468931
134.89 0.116477032825
134.96 0.198736267708
135.03 0.369182055689
135.1 0.264325543314
135.17 0.221640222791
135.24 0.112756481236
135.31 0.115927901771
135.38 0.280578259375
135.45 0.600947504992
135.52 0.509051195281
135.59 0.409107428279
135.66 0.320964638414
135.73 0.309664766933
135.8 0.372461945515
135.87 0.369653238468
135.94 0.30664076761
136.01 0.321278800143
136.08 0.469828072654
136.15 0.375663236519
136.22 0.24075173573
136.29 0.20242863273
136.36 0.242942384516
136.43 0.587457572609
136.5 0.758989994885
136.57 0.607553635254
136.64 0.41074050941
136.71 0.388718112551
136.78 0.303249757315
136.85 0.190552924733
136.92 0.338916475798
136.99 0.622956900028
137.06 0.580825450095
137.13 0.532636341293
137.2 0.329941730597
137.27 0.585594107882
137.34 0.575439431307
137.41 0.469681112863
137.48 0.154541303619
137.55 0.376186120114
137.62 0.59438474718
137.69 0.530226676961
137.76 0.319588509624
137.83 0.284807415569
137.9 0.29191428235
137.97 0.245306314607
138.04 0.14734239642
138.11 0.387652021182
138.18 0.246934366816
138.25 0.125799631474
138.32 0.413974631953
138.39 0.789752297501
138.46 0.750866368924
138.53 0.401790196744
138.6 0.198823147045
138.67 0.171282349098
138.74 0.552025663949
138.81 0.576058317847
138.88 0.492598001411
138.95 0.157767578585
139.02 0.125959185214
139.09 0.414447303812
139.16 0.554079630673
139.23 0.230847049163
139.3 0.377122709363
139.37 0.336851920312
139.44 0.357132758774
139.51 0.437832986003
139.58 0.319042478637
139.65 0.349914612021
139.72 0.277368128453
139.79 0.232168373652
139.86 0.164903606044
139.93 0.161362714764
140.0 0.352814714636
140.07 0.477561142633
140.14 0.387529238721
140.21 0.336539375266
140.28 0.242544712394
140.35 0.31453087345
140.42 0.260360449904
140.49 0.151220676571
140.56 0.125123169827
140.63 0.243708304902
140.7 0.267498243296
140.77 0.255861652858
140.84 0.311914663336
140.91 0.175561405996
140.98 0.104179929962
141.05 0.0906242012002
141.12 0.227347616289
141.19 0.386025111702
141.26 0.282969058988
141.33 0.149467854941
141.4 0.116665893074
141.47 0.0880858254291
141.54 0.584029015165
141.61 0.652552234356
141.68 0.622821764012
141.75 0.526474866082
141.82 0.490589036351
141.89 0.471856758056
141.96 0.451205253712
142.03 0.338053480376
142.1 0.316776048546
142.17 0.468421274737
142.24 0.553441225449
142.31 0.356374295182
142.38 0.266277965483
142.45 0.217349453771
142.52 0.221930122881
142.59 0.223435083876
142.66 0.316021931427
142.73 0.340283967467
142.8 0.199176898709
142.87 0.14799164789
142.94 0.137296583337
143.01 0.0939292253771
143.08 0.248804236753
143.15 0.244901615211
143.22 0.1612354024
143.29 0.119577376272
143.36 0.0951209782475
143.43 0.0690741435214
143.5 0.34556081401
143.57 0.163004632395
143.64 0.111287112332
143.71 0.300508383578
143.78 0.349588844126
143.85 0.305268768824
143.92 0.278048515028
143.99 0.244230443388
144.06 0.22790568752
144.13 0.211937369814
144.2 0.216167126424
144.27 0.239550973184
144.34 0.215934065446
144.41 0.197779755319
144.48 0.16254411699
144.55 0.137956531803
144.62 0.261856310079
144.69 0.25612573501
144.76 0.171425738286
144.83 0.150889727088
144.9 0.141774487689
144.97 0.141911250642
145.04 0.1696585807
145.11 0.143173394734
145.18 0.144337434991
145.25 0.148478186309
145.32 0.331693764963
145.39 0.298817131481
145.46 0.263485696423
145.53 0.239910702815
145.6 0.221189454196
145.67 0.194760492113
145.74 0.174721728862
145.81 0.198161872421
145.88 0.157607939397
145.95 0.124538199451
146.02 0.126881959171
146.09 0.112523061374
146.16 0.166363383084
146.23 0.281546333497
146.3 0.253277514361
146.37 0.217457902554
146.44 0.165513605954
146.51 0.14297181635
146.58 0.182977930807
146.65 0.162096948618
146.72 0.142026021465
146.79 0.133750420463
146.86 0.119984530884
146.93 0.10550525913
147.0 0.314959762708
147.07 0.27524915945
147.14 0.24328791149
147.21 0.189286260992
147.28 0.156416878089
147.35 0.241337235885
147.42 0.154037198156
147.49 0.123375986649
147.56 0.11368328038
147.63 0.102899212813
147.7 0.292501906182
147.77 0.422866983286
147.84 0.323655269496
147.91 0.195845944942
147.98 0.174575337588
148.05 0.124171686359
148.12 0.302509060147
148.19 0.22849922438
148.26 0.222328093503
148.33 0.278379774404
148.4 0.433891101508
148.47 0.339826997599
148.54 0.244896745794
148.61 0.205226825071
148.68 0.192610664858
148.75 0.34160224088
148.82 0.328266947247
148.89 0.410509280444
148.96 0.237136969214
149.03 0.159551936358
149.1 0.150671146758
149.17 0.136522596626
149.24 0.32069777976
149.31 0.33183169571
149.38 0.158225394962
149.45 0.116257406607
149.52 0.707382673588
149.59 0.696570536803
149.66 0.545424293731
149.73 0.454584099577
149.8 0.373424223959
149.87 0.296228358265
149.94 0.234653780552
150.01 0.227309738739
150.08 0.339308462756
150.15 0.267728925392
150.22 0.14944945506
150.29 0.131693384433
150.36 0.0720878172646
150.43 0.340815744528
150.5 0.372331813355
150.57 0.203202755019
150.64 0.0922491271393
150.71 0.0587021820139
150.78 0.0935141514109
150.85 0.641734896615
150.92 0.597054690643
150.99 0.560272645445
151.06 0.444525348473
151.13 0.51512388053
151.2 0.588178001426
151.27 0.608954983843
151.34 0.539685250159
151.41 0.410425349644
151.48 0.655695568584
151.55 0.594992648479
151.62 0.387960470403
151.69 0.306301034035
151.76 0.270852622447
151.83 0.517800616568
151.9 0.611405875302
151.97 0.504006244202
152.04 0.438427113025
152.11 0.393932581789
152.18 0.395750708754
152.25 0.352159354178
152.32 0.288962969961
152.39 0.288936621104
152.46 0.110356084062
152.53 0.0673057611747
152.6 0.470083466416
152.67 0.505382063099
152.74 0.38745816733
152.81 0.359818261814
152.88 0.284581874046
152.95 0.241402403364
153.02 0.253892959041
153.09 0.15173299761
153.16 0.337130234743
153.23 0.24782148716
153.3 0.175034084782
153.37 0.156354188613
153.44 0.0817951921693
153.51 0.35805245659
153.58 0.384782386035
153.65 0.210110112406
153.72 0.127079459959
153.79 0.0786549261072
153.86 0.179233959531
153.93 0.573055445916
154.0 0.590449528797
154.07 0.534252762272
154.14 0.442444251324
154.21 0.447466310217
154.28 0.4400752456
154.35 0.567703829777
154.42 0.585569911184
154.49 0.325922636101
154.56 0.650217431903
154.63 0.649846527905
154.7 0.503647232337
154.77 0.349576916674
154.84 0.285956301844
154.91 0.32689700264
154.98 0.669431523892
155.05 0.566238551002
155.12 0.45070215426
155.19 0.370593140834
155.26 0.245667008096
155.33 0.381464337249
155.4 0.180590583308
155.47 0.406638181373
155.54 0.158908569432
155.61 0.0785232843598
155.68 0.401517587985
155.75 0.872499221508
155.82 0.693481464564
155.89 0.639488189145
155.96 0.540019798727
156.03 0.49895896323
156.1 0.443479615461
156.17 0.357293916664
156.24 0.488550373997
156.31 0.553628383567
156.38 0.377746159985
156.45 0.150462962646
156.52 0.144192383548
156.59 0.547142835756
156.66 0.768739671287
156.73 0.469992850137
156.8 0.193092297402
156.87 0.152683362274
156.94 0.116828551438
157.01 0.349718052304
157.08 0.176586793183
157.15 0.102815561145
157.22 0.475049333327
157.29 1.0
157.36 0.786237657098
157.43 0.657091374423
157.5 0.605189473883
157.57 0.613446725133
157.64 0.516933108333
157.71 0.519499620541
157.78 0.575375548972
157.85 0.787431033487
157.92 0.547846531505
157.99 0.17278518072
158.06 0.107421571961
158.13 0.311869634327
158.2 0.864954039946
158.27 0.738754284552
158.34 0.317670236038
158.41 0.148910797697
158.48 0.0820631593737
158.55 0.084006923915
158.62 0.226345460803
158.69 0.128202261697
158.76 0.0704317391312
158.83 0.117405468021
158.9 0.0892712494241
158.97 0.0959749457654
159.04 0.19383445175
159.11 0.10668913708
159.18 0.0976910929584
159.25 0.117821445461
159.32 0.0844785020351
159.39 0.136762214342
159.46 0.139836553005
159.53 0.119577907191
159.6 0.134501692721
159.67 0.105803296183
159.74 0.0910669855007
159.81 0.172134606509
159.88 0.156301018084
159.95 0.125623349223
160.02 0.158298149116
160.09 0.12083322225
160.16 0.116818491317
160.23 0.226435780862
160.3 0.35031776651
160.37 0.140330679239
160.44 0.121995833811
160.51 0.353029997798
160.58 0.164801901985
160.65 0.172978219964
160.72 0.404064630498
160.79 0.165235085307
160.86 0.123327300451
160.93 0.360315674962
161.0 0.145827379861
161.07 0.163597289706
161.14 0.311890312831
161.21 0.166478477472
161.28 0.133467181927
161.35 0.308292733968
161.42 0.217000766346
161.49 0.196078353095
161.56 0.328141143332
161.63 0.16778706104
161.7 0.0800979245071
161.77 0.352871076376
161.84 0.173917557232
161.91 0.0750907757832
161.98 0.421929113451
162.05 0.307184002727
162.12 0.105714830924
162.19 0.240702911675
162.26 0.349480718907
162.33 0.14210913196
162.4 0.284398082593
162.47 0.406744352672
162.54 0.121921157639
162.61 0.257269893142
162.68 0.399362375204
162.75 0.106330290415
162.82 0.184315479092
162.89 0.443113368968
162.96 0.146400895599
163.03 0.160304722761
163.1 0.445775083185
163.17 0.161135741127
163.24 0.104877466592
163.31 0.524876220641
163.38 0.269104932275
163.45 0.10222759324
163.52 0.389141779204
163.59 0.346579087336
163.66 0.120771459035
163.73 0.247108347658
163.8 0.453032905321
163.87 0.190067848051
163.94 0.170083968853
164.01 0.386053125093
164.08 0.168292784326
164.15 0.10635925741
164.22 0.405217481577
164.29 0.37961280567
164.36 0.164713206584
164.43 0.220230336201
164.5 0.558723212565
164.57 0.185441972199
164.64 0.0990691984538
164.71 0.505311663902
164.78 0.359141679401
164.85 0.157864138653
164.92 0.292098499905
164.99 0.467781983128
165.06 0.169613297625
165.13 0.106085960506
165.2 0.423539570134
165.27 0.414600533234
165.34 0.219323440828
165.41 0.334350921933
165.48 0.542070447777
165.55 0.248217587032
165.62 0.135811128494
165.69 0.536460860753
165.76 0.41323182478
165.83 0.197495204296
165.9 0.291107424223
165.97 0.527919097217
166.04 0.286180982047
166.11 0.157151388796
166.18 0.385433192665
166.25 0.439625849875
166.32 0.156499063463
166.39 0.122888180176
166.46 0.602381336492
166.53 0.453008534309
166.6 0.168719214949
166.67 0.201357602446
166.74 0.56357631612
166.81 0.38004668739
166.88 0.23780179849
166.95 0.367959402412
167.02 0.555204480894
167.09 0.313840970207
167.16 0.257534260122
167.23 0.413866325584
167.3 0.508301755036
167.37 0.233775364549
167.44 0.137047019431
167.51 0.378213137565
167.58 0.614756231544
167.65 0.276726590122
167.72 0.169044671812
167.79 0.429710396814
167.86 0.696821075959
167.93 0.315659306806
168.0 0.212463695269
168.07 0.48322569574
168.14 0.666166846154
168.21 0.291005075314
168.28 0.18872579265
168.35 0.397515010087
168.42 0.785645261829
168.49 0.376183792501
168.56 0.291808465376
168.63 0.327025087457
168.7 0.623201201454
168.77 0.511318944695
168.84 0.257390484707
168.91 0.204912474217
168.98 0.552872945987
169.05 0.640123501139
169.12 0.277068981711
169.19 0.254346918848
169.26 0.443298640387
169.33 0.633971737419
169.4 0.528583429753
169.47 0.433726157685
169.54 0.427748542285
169.61 0.590039487169
169.68 0.666898375283
169.75 0.391419637729
169.82 0.307356837421
169.89 0.386783524024
169.96 0.695145583958
170.03 0.577340459134
170.1 0.349182227269
170.17 0.306396681514
170.24 0.401783562533
170.31 0.658325204346
170.38 0.63451878695
170.45 0.36902958277
170.52 0.2489636139
170.59 0.497982210973
170.66 0.648806020915
170.73 0.525077279499
170.8 0.467268379225
170.87 0.488330892472
170.94 0.483419481233
171.01 0.43584217815
171.08 0.42455638742
171.15 0.38405649194
171.22 0.300829358389
171.29 0.448974498882
171.36 0.414547155351
171.43 0.36881053988
171.5 0.393849269635
171.57 0.260003917181
171.64 0.221491435545
171.71 0.186329351166
171.78 0.297446074906
171.85 0.351564951442
171.92 0.589828181344
171.99 0.470050117629
172.06 0.36227114365
172.13 0.425107930396
172.2 0.454033899849
172.27 0.44595680109
172.34 0.367291962973
172.41 0.269788312961
172.48 0.379642798045
172.55 0.288708338398
172.62 0.24953441238
172.69 0.266765098623
172.76 0.578977843445
172.83 0.429019742764
172.9 0.290820958018
172.97 0.30909278243
173.04 0.577278037396
173.11 0.453274036043
173.18 0.34741037458
173.25 0.41140827811
173.32 0.423429416941
173.39 0.368314162367
173.46 0.320358876743
173.53 0.298509880816
173.6 0.321114904487
173.67 0.434748597473
173.74 0.373626137301
173.81 0.293882133076
173.88 0.334942919582
173.95 0.362552863484
174.02 0.300179489413
174.09 0.251583205491
174.16 0.409899523207
174.23 0.391596046443
174.3 0.369656019527
174.37 0.323034272951
174.44 0.269832375833
174.51 0.342751120319
174.58 0.36242409508
174.65 0.352196558395
174.72 0.31681840359
174.79 0.601652886922
174.86 0.547061796529
174.93 0.526365512685
175.0 0.46124468665
175.07 0.623356008822
175.14 0.706995740616
175.21 0.669299653143
175.28 0.610917665512
175.35 0.459149586223
175.42 0.636003322369
175.49 0.552184627525
175.56 0.480039370732
175.63 0.473896167798
175.7 0.44570573899
175.77 0.434776887717
175.84 0.378081731655
175.91 0.620466643078
175.98 0.752013508634
176.05 0.587343905779
176.12 0.529873820796
176.19 0.521776154046
176.26 0.527119594485
176.33 0.478018888372
176.4 0.476818696621
176.47 0.500621547972
176.54 0.534901356359
176.61 0.447585649679
176.68 0.377296651468
176.75 0.528463233529
176.82 0.660902914846
176.89 0.555460469377
176.96 0.432682793302
177.03 0.455009934341
177.1 0.623192178107
177.17 0.51158658036
177.24 0.436885818247
177.31 0.388820020547
177.38 0.449190454238
177.45 0.430382907329
177.52 0.385714898827
177.59 0.337293944692
177.66 0.735276548727
177.73 0.549930717328
177.8 0.480174506748
177.87 0.525993822562
177.94 0.453730056865
178.01 0.39627562716
178.08 0.370794917458
178.15 0.341347006621
178.22 0.423512246026
178.29 0.402062304206
178.36 0.38326557506
178.43 0.385473727089
178.5 0.360401656522
178.57 0.35476216599
178.64 0.248792970102
178.71 0.373904973537
178.78 0.39808856798
178.85 0.321158459226
178.92 0.306056123077
178.99 0.370832257254
179.06 0.328548654548
179.13 0.296998175096
179.2 0.278592579564
179.27 0.366997689066
179.34 0.442124133274
179.41 0.349670167042
179.48 0.313267076217
179.55 0.346123298934
179.62 0.339222219154
179.69 0.309872424683
179.76 0.310075925086
179.83 0.42707045712
179.9 0.615450645322
179.97 0.351127418229
180.04 0.244726233016
180.11 0.36158383348
180.18 0.347093226716
180.25 0.319135111498
180.32 0.30059851679
180.39 0.42608523636
180.46 0.622315531454
180.53 0.306148545165
180.6 0.251423218813
180.67 0.298726370509
180.74 0.317046932388
180.81 0.28345915092
180.88 0.289130772316
180.95 0.395680856427
181.02 0.650941238779
181.09 0.277442564231
181.16 0.20486302468
181.23 0.343374094709
181.3 0.305501724986
181.37 0.296728997943
181.44 0.288007259647
181.51 0.515756370449
181.58 0.589223560123
181.65 0.305748650246
181.72 0.192984308901
181.79 0.376876179444
181.86 0.373916343866
181.93 0.328253681104
182.0 0.279711417638
182.07 0.566673276952
182.14 0.611579556504
182.21 0.24329041
182.28 0.211273511231
182.35 0.338411003161
182.42 0.321677002045
182.49 0.316575174257
182.56 0.222913668853
182.63 0.484423797993
182.7 0.486133569599
182.77 0.24828340164
182.84 0.197163568947
182.91 0.28520568469
182.98 0.253863491889
183.05 0.233887217595
183.12 0.191024122323
183.19 0.465343662833
183.26 0.429082941513
183.33 0.245345535405
183.4 0.202981242102
183.47 0.318093825219
183.54 0.293284809145
183.61 0.274437480897
183.68 0.285385491971
183.75 0.499180576407
183.82 0.354815935796
183.89 0.255727645899
183.96 0.218112683103
184.03 0.351498109176
184.1 0.331255742984
184.17 0.296613026286
184.24 0.343761683924
184.31 0.566820376878
184.38 0.350758706265
184.45 0.240791674294
184.52 0.284256804549
184.59 0.34069497637
184.66 0.312303774671
184.73 0.260454923892
184.8 0.354350647815
184.87 0.535214678415
184.94 0.288642293649
185.01 0.255782969727
185.08 0.287433492121
185.15 0.346687994122
185.22 0.351962721545
185.29 0.321795868692
185.36 0.362762749727
185.43 0.57103436086
185.5 0.334928335256
185.57 0.288780400989
185.64 0.439348935657
185.71 0.435461915847
185.78 0.40874269821
185.85 0.373058046964
185.92 0.466469392602
185.99 0.537645577236
186.06 0.352418696794
186.13 0.275842807962
186.2 0.393916761309
186.27 0.381935303558
186.34 0.304776699047
186.41 0.250557281688
186.48 0.457667651852
186.55 0.535509774905
186.62 0.28264220533
186.69 0.158990800379
186.76 0.338594673846
186.83 0.323670994273
186.9 0.239397313102
186.97 0.174037767128
187.04 0.534397885493
187.11 0.483631733827
187.18 0.412090571892
187.25 0.363688417536
187.32 0.439804013129
187.39 0.335092336868
187.46 0.299652412011
187.53 0.256689400261
187.6 0.194045609465
187.67 0.142387585387
187.74 0.214923655648
187.81 0.191488381506
187.88 0.237574232411
187.95 0.142170015627
188.02 0.116582611682
188.09 0.205455429063
188.16 0.178174312108
188.23 0.0765967234222
188.3 0.0461768203703
188.37 0.313522746833
188.44 0.352156039921
188.51 0.254517087553
188.58 0.151572721547
188.65 0.0878998533342
188.72 0.0350112680186
188.79 0.0362387223542
188.86 0.0424130227953
188.93 0.0279404012026
189.0 0.0230695050197
189.07 0.0282512463954
189.14 0.0316409487603
189.21 0.394970264426
189.28 0.425548160361
189.35 0.227549294933
189.42 0.120170234102
189.49 0.043427070415
189.56 0.0306212843349
189.63 0.0300319253312
189.7 0.0280754153121
189.77 0.0246162103884
189.84 0.0309263782832
189.91 0.0260329989272
189.98 0.0325046585308
190.05 0.0297497805344
190.12 0.030203534126
190.19 0.0258373780031
190.26 0.0377149180126
190.33 0.0364509954552
190.4 0.0361011937843
190.47 0.0282039285101
190.54 0.352131763471
190.61 0.319048959041
190.68 0.182006879664
190.75 0.151774708944
190.82 0.0762627137479
190.89 0.0287027338964
190.96 0.0288375053325
191.03 0.0281472876388
191.1 0.027820894262
191.17 0.0332216842241
191.24 0.0288243371702
191.31 0.162364333635
191.38 0.565047334747
191.45 0.444717428417
191.52 0.188526920131
191.59 0.130078908259
191.66 0.0817450487915
191.73 0.0348440763344
191.8 0.0314937952868
191.87 0.0252542863519
191.94 0.0322493946496
192.01 0.0319461304356
192.08 0.0280122177031
192.15 0.0232509187294
192.22 0.0286984022341
192.29 0.0242128451265
192.36 0.0282933120546
192.43 0.0301822278617
192.5 0.0272156555345
192.57 0.0220164200308
192.64 0.296720864398
192.71 0.568201518638
192.78 0.338071633026
192.85 0.181629952126
192.92 0.124347646185
192.99 0.0729414942581
193.06 0.0312600199598
193.13 0.024571891171
193.2 0.0327923175952
193.27 0.0325893822913
193.34 0.0271130981311
193.41 0.0241727744017
193.48 0.391175435423
193.55 0.508754676931
193.62 0.234449785689
193.69 0.120967960647
193.76 0.0875689027113
193.83 0.0343169681718
193.9 0.0316286510319
193.97 0.0424690757819
194.04 0.599263786022
194.11 0.459461727952
194.18 0.178067098338
194.25 0.156644216306
194.32 0.52486078411
194.39 0.274876970308
194.46 0.100229530252
194.53 0.185261883509
194.6 0.221857847238
194.67 0.124993247301
194.74 0.0846296419595
194.81 0.477822477905
194.88 0.570082871696
194.95 0.463532487946
195.02 0.31357284122
195.09 0.1343030549
195.16 0.0722059125983
195.23 0.0368859709147
195.3 0.0294950874483
195.37 0.795514915707
195.44 0.701989929443
195.51 0.501350946588
195.58 0.397216381732
195.65 0.351646846292
195.72 0.239641254506
195.79 0.156321767225
195.86 0.124303974096
195.93 0.722984487317
196.0 0.555121164183
196.07 0.445558386137
196.14 0.340585151299
196.21 0.279467860182
196.28 0.120981460349
196.35 0.0808529815577
196.42 0.294753595861
196.49 0.285475740253
196.56 0.23895989382
196.63 0.24148859114
196.7 0.195914361737
196.77 0.23103480428
196.84 0.132876479675
196.91 0.0665175911747
196.98 0.288471442496
197.05 0.246246549652
197.12 0.13785260039
197.19 0.115510880721
197.26 0.372957441201
197.33 0.296964186016
197.4 0.247870886567
197.47 0.234945815712
197.54 0.464045668026
197.61 0.648123263433
197.68 0.702901051662
197.75 0.669179078668
197.82 0.508075783993
197.89 0.481402294901
197.96 0.472000329534
198.03 0.480407564308
198.1 0.494329632986
198.17 0.385387542732
198.24 0.207749488597
198.31 0.193353576848
198.38 0.497153947461
198.45 0.466714819667
198.52 0.359589881127
198.59 0.407281175744
198.66 0.573355947299
198.73 0.617244271394
198.8 0.564125294506
198.87 0.503541513344
198.94 0.607512975505
199.01 0.661117295674
199.08 0.588850699927
199.15 0.551491163933
199.22 0.592222464972
199.29 0.617041488757
199.36 0.557597513557
199.43 0.585380199869
199.5 0.675613924838
199.57 0.594303048292
199.64 0.530797436704
199.71 0.499152899113
199.78 0.44790156139
199.85 0.520405358373
199.92 0.486441745385
199.99 0.555613835516
200.06 0.616193698587
200.13 0.566488629876
200.2 0.532628163315
200.27 0.527643758667
200.34 0.625378437126
200.41 0.543211265448
200.48 0.476662906027
200.55 0.544886902142
200.62 0.55947457141
200.69 0.489165358395
200.76 0.454360631601
200.83 0.413525780819
200.9 0.484195699856
200.97 0.411346182215
201.04 0.290992311607
201.11 0.473389817891
201.18 0.474943342039
201.25 0.395068389907
201.32 0.36164691374
201.39 0.475913292607
201.46 0.525728888205
201.53 0.483330030469
201.6 0.437593223594
201.67 0.513168520076
201.74 0.381324993755
201.81 0.391105943118
201.88 0.387426769044
201.95 0.461680096187
202.02 0.543202456292
202.09 0.47394471614
202.16 0.437107144317
202.23 0.452250324784
202.3 0.391340522799
202.37 0.389081459496
202.44 0.308225296981
202.51 0.459616167322
202.58 0.333363370142
202.65 0.201127317969
202.72 0.334384257048
202.79 0.597199014067
202.86 0.593340148923
202.93 0.491083085112
203.0 0.424353286916
203.07 0.386674724333
203.14 0.419610833294
203.21 0.393130652324
203.28 0.451663558853
203.35 0.386161441716
203.42 0.324985972797
203.49 0.302971186539
203.56 0.343459981706
203.63 0.531660428708
203.7 0.489116117352
203.77 0.407029305872
203.84 0.352522382116
203.91 0.866489416001
203.98 0.740884581729
204.05 0.546714194869
204.12 0.394829377165
204.19 0.555635186214
204.26 0.589761411993
204.33 0.564500362688
204.4 0.448784254369
204.47 0.577103710204
204.54 0.520687989656
204.61 0.426037789732
204.68 0.373866370245
204.75 0.425525248806
204.82 0.654618474884
204.89 0.676859725507
204.96 0.562427759106
205.03 0.325076275766
205.1 0.315879459385
205.17 0.572913241611
205.24 0.471153410937
205.31 0.26643325478
205.38 0.149848626517
205.45 0.156882469127
205.52 0.673541079722
205.59 0.581570128018
205.66 0.407040285417
205.73 0.342556772006
205.8 0.271374408885
205.87 0.620733553002
205.94 0.503376309758
206.01 0.317430773268
206.08 0.231359127528
206.15 0.209461296153
206.22 0.390452833939
206.29 0.612644044862
206.36 0.479228323357
206.43 0.256801709031
206.5 0.168938464054
206.57 0.171996280421
206.64 0.75355383044
206.71 0.5901036418
206.78 0.467958035238
206.85 0.42260568675
206.92 0.391881856405
206.99 0.466468568879
207.06 0.448644775297
207.13 0.416879171048
207.2 0.416050611316
207.27 0.397516254215
207.34 0.426467746524
207.41 0.585673313957
207.48 0.522839048507
207.55 0.433503233161
207.62 0.369178556863
207.69 0.361463107476
207.76 0.462294820822
207.83 0.396573137851
207.9 0.398087653113
207.97 0.389130879411
208.04 0.437948307113
208.11 0.659033404932
208.18 0.5020023787
208.25 0.364738852486
208.32 0.334233153582
208.39 0.384725077527
208.46 0.532837020761
208.53 0.474082199137
208.6 0.393551328285
208.67 0.475074848208
208.74 0.342117791867
208.81 0.554998123098
208.88 0.45148001577
208.95 0.369345946788
209.02 0.384270459198
209.09 0.31022294412
209.16 0.500855494195
209.23 0.367136279474
209.3 0.21992332821
209.37 0.198998553166
209.44 0.246959517118
209.51 0.650018639136
209.58 0.546471469111
209.65 0.481715288836
209.72 0.436532725105
209.79 0.507422536958
209.86 0.52253651687
209.93 0.496674398718
210.0 0.47391552584
210.07 0.367968073712
210.14 0.478483647713
210.21 0.67724955347
210.28 0.589267178664
210.35 0.537052376474
210.42 0.378260289111
210.49 0.541687796338
210.56 0.444813494024
210.63 0.430415060978
210.7 0.401442984728
210.77 0.231045272274
210.84 0.601716844452
210.91 0.566469564638
210.98 0.402544598691
211.05 0.322080535925
211.12 0.321569660672
211.19 0.567331346693
211.26 0.578941124574
211.33 0.430687504537
211.4 0.41472956254
211.47 0.363366728376
211.54 0.556341338318
211.61 0.456284384136
211.68 0.375012950554
211.75 0.284279315066
211.82 0.38782466675
211.89 0.462330023269
211.96 0.191021168089
212.03 0.161383362507
212.1 0.348506041336
212.17 0.602475179301
212.24 0.502483396016
212.31 0.391395642689
212.38 0.472689986687
212.45 0.435305267352
212.52 0.411875535961
212.59 0.344021726078
212.66 0.321284787225
212.73 0.523318491295
212.8 0.475214024223
212.87 0.421819401171
212.94 0.463896005788
213.01 0.443656064052
213.08 0.392516923447
213.15 0.403796028697
213.22 0.416217056751
213.29 0.578072285623
213.36 0.563298555394
213.43 0.500821141675
213.5 0.424282523139
213.57 0.404947870347
213.64 0.413855253755
213.71 0.364711224182
213.78 0.315934764983
213.85 0.418388390789
213.92 0.316260471355
213.99 0.26466641734
214.06 0.276972016049
214.13 0.62452886849
214.2 0.506425370517
214.27 0.442350065581
214.34 0.521862147
214.41 0.562699997589
214.48 0.433224257929
214.55 0.419060102646
214.62 0.486371517085
214.69 0.435626313939
214.76 0.413910421496
214.83 0.325798129861
214.9 0.524625311209
214.97 0.616277099606
215.04 0.48804584471
215.11 0.464917946558
215.18 0.524036398815
215.25 0.455630080959
215.32 0.420582315096
215.39 0.496958437051
215.46 0.422869595727
215.53 0.329497272648
215.6 0.255622983048
215.67 0.540880751364
215.74 0.750580104376
215.81 0.610723196432
215.88 0.7316327423
215.95 0.569478478337
216.02 0.575947818303
216.09 0.615830031495
216.16 0.56074024509
216.23 0.585465630003
216.3 0.584381290281
216.37 0.551448837371
216.44 0.615301543626
216.51 0.507696208695
216.58 0.495618534948
216.65 0.470145312802
216.72 0.507630467003
216.79 0.584027098843
216.86 0.525819207124
216.93 0.552086371023
217.0 0.483096101335
217.07 0.444756910118
217.14 0.404867431537
217.21 0.540319502593
217.28 0.361014218744
217.35 0.282427664999
217.42 0.494592614564
217.49 0.54084215149
217.56 0.46591731187
217.63 0.437658687293
217.7 0.540126203586
217.77 0.584822600313
217.84 0.539046550992
217.91 0.439035198892
217.98 0.537367328885
218.05 0.573333002705
218.12 0.450207821811
218.19 0.464471544943
218.26 0.434627463596
218.33 0.366535124039
218.4 0.369038314453
218.47 0.480784446274
218.54 0.563718558022
218.61 0.449848950081
218.68 0.273883404091
218.75 0.46145466062
218.82 0.467376980676
218.89 0.548592287217
218.96 0.590049372975
219.03 0.51071985711
219.1 0.519689723779
219.17 0.26102920183
219.24 0.371632660041
219.31 0.498579852771
219.38 0.413002197686
219.45 0.449960032953
219.52 0.525708721252
219.59 0.532445382432
219.66 0.468229389616
219.73 0.507042371496
219.8 0.545685041118
219.87 0.509583570481
219.94 0.490680730419
220.01 0.496782223159
220.08 0.428772348108
220.15 0.164527833767
220.22 0.279441714122
220.29 0.247459539289
220.36 0.235441583694
220.43 0.279187382198
220.5 0.288532078933
220.57 0.248717968086
220.64 0.179699346632
220.71 0.44632010816
220.78 0.665906800582
220.85 0.60243523618
220.92 0.529050673932
220.99 0.502923270515
221.06 0.454060984701
221.13 0.428154174777
221.2 0.447475321032
221.27 0.751766512737
221.34 0.727086453053
221.41 0.7013175659
221.48 0.662732712919
221.55 0.562299153624
221.62 0.496013166248
221.69 0.555357713734
221.76 0.486425397404
221.83 0.438688334366
221.9 0.465988725054
221.97 0.450419315623
222.04 0.41712551412
222.11 0.362541390617
222.18 0.31171871429
222.25 0.316697290221
222.32 0.298674943127
222.39 0.325382956775
222.46 0.368553336891
222.53 0.273363631956
222.6 0.166884084898
222.67 0.574770555196
222.74 0.612072683562
222.81 0.547717454348
222.88 0.518575146731
222.95 0.526081936913
223.02 0.474654337448
223.09 0.472302502288
223.16 0.567632062267
223.23 0.702862594202
223.3 0.661221233923
223.37 0.67078546687
223.44 0.621074940857
223.51 0.573988693564
223.58 0.518672423425
223.65 0.531175536594
223.72 0.494172215455
223.79 0.451853094714
223.86 0.388556308671
223.93 0.398339283729
224.0 0.222586082617
224.07 0.151160650806
224.14 0.306700151943
224.21 0.507074124108
224.28 0.420817881421
224.35 0.343359468228
224.42 0.391898294391
224.49 0.492756263171
224.56 0.492933913735
224.63 0.39851705506
224.7 0.479790613459
224.77 0.47943574413
224.84 0.42040743306
224.91 0.593504648414
224.98 0.541913876755
225.05 0.451734131225
225.12 0.466280630333
225.19 0.649918933429
225.26 0.587764945181
225.33 0.477376992297
225.4 0.482543460063
225.47 0.554858383125
225.54 0.518137935942
225.61 0.531317588231
225.68 0.476631290133
225.75 0.50764781416
225.82 0.502609581601
225.89 0.466413145932
225.96 0.429104366265
226.03 0.432004019992
226.1 0.485853856093
226.17 0.615883668002
226.24 0.495303304546
226.31 0.431940278932
226.38 0.518242045088
226.45 0.529469593075
226.52 0.471654941556
226.59 0.593352046753
226.66 0.557432389724
226.73 0.51385183696
226.8 0.48940094181
226.87 0.779808444823
226.94 0.61041853884
227.01 0.450449773977
227.08 0.812461505513
227.15 0.831502779897
227.22 0.57782227055
227.29 0.457542049595
227.36 0.165521748613
227.43 0.133977276751
227.5 0.0900318025134
227.57 0.4622983994
227.64 0.64613555109
227.71 0.543998072832
227.78 0.49818421432
227.85 0.396578854916
227.92 0.243999794331
227.99 0.23200471839
228.06 0.16202062728
228.13 0.104915333889
228.2 0.0788120439991
228.27 0.0582470452982
228.34 0.0515575459176
228.41 0.0375946203898
228.48 0.03461549285
228.55 0.0324044754526
228.62 0.0340709999331
228.69 0.0273438075708
228.76 0.0314724411713
228.83 0.0317584584878
228.9 0.0248630570362
228.97 0.0832739535572
229.04 0.0347000696393
229.11 0.0231998821314
229.18 0.0261309535121
229.25 0.0265058405437
229.32 0.0276770117518
229.39 0.0304954929521
229.46 0.022561956557
229.53 0.647616661738
229.6 0.99011024525
229.67 0.47358677181
229.74 0.0341362779249
229.81 0.0106940323365
229.88 0.0110194607165
229.95 0.0102099730589
230.02 0.010531082309
230.09 0.0106710341945
230.16 0.0100898235466
230.23 0.0107140705472
230.3 0.0108917427579
230.37 0.0107115663405
230.44 0.0110767282091
230.51 0.0103444380202
230.58 0.0104221538757
230.65 0.0106338322561
230.72 0.0103089017552
230.79 0.0107775279192
230.86 0.0105757045833
230.93 0.010533499928
231.0 0.0109356791666
231.07 0.0065494290067
231.14 0.000793007516676
231.21 0.000790978402892
231.28 0.000624870203937
231.35 0.000502917161527
231.42 0.000434875200046
231.49 0.000328370082282
231.56 0.000270584202936
231.63 0.000174725951151
231.7 0.000166009078854
231.77 0.000156367085619
231.84 0.000103909766165
231.91 7.76896512736e-05
231.98 7.69525167323e-05
232.05 6.39712014865e-05
232.12 2.72739780296e-05
232.19 8.18937107134e-06
232.26 3.40414883473e-05
232.33 5.64221234789e-05
232.4 2.76510901365e-06
232.47 0.0
232.54 4.08557104366e-06
232.61 4.52329452246e-05
232.68 3.64534107956e-05
