0.0 0.16933231743
0.07 0.257513507002
0.14 0.188273518314
0.21 0.175943366248
0.28 0.173169072424
0.35 0.186418851578
0.42 0.359015821498
0.49 0.319882981331
0.56 0.214802244667
0.63 0.164600203447
0.7 0.0588921183342
0.77 0.232883327998
0.84 0.121482945528
0.91 0.256028138431
0.98 0.206800641883
1.05 0.208410960368
1.12 0.195228492482
1.19 0.214564028349
1.26 0.371418709136
1.33 0.418068451904
1.4 0.227183855082
1.47 0.1252808064
1.54 0.0411863836483
1.61 0.170378617685
1.68 0.119363348219
1.75 0.310446198158
1.82 0.19566599536
1.89 0.171369979993
1.96 0.165459066105
2.03 0.18329554155
2.1 0.21404962049
2.17 0.527369144849
2.24 0.217725242328
2.31 0.133605151492
2.38 0.0254739320086
2.45 0.254262828906
2.52 0.17732802246
2.59 0.227903485437
2.66 0.133825081463
2.73 0.103923929246
2.8 0.0909310320258
2.87 0.118608262614
2.94 0.17823418424
3.01 0.435075161466
3.08 0.153968996538
3.15 0.11883558196
3.22 0.0985560567241
3.29 0.151017431551
3.36 0.0645978835448
3.43 0.228108690114
3.5 0.0950190206513
3.57 0.0873666046146
3.64 0.0912825580204
3.71 0.122526903991
3.78 0.0771037464264
3.85 0.390350026127
3.92 0.12963763792
3.99 0.118751338513
4.06 0.115967226978
4.13 0.246463182834
4.2 0.171223406678
4.27 0.291395251195
4.34 0.131115423664
4.41 0.116429137953
4.48 0.0656735783898
4.55 0.136435452343
4.62 0.0821527202356
4.69 0.44640823165
4.76 0.238386864135
4.83 0.138756660186
4.9 0.102648734026
4.97 0.121031236623
5.04 0.0655762387213
5.11 0.21755885032
5.18 0.152069102658
5.25 0.113306550827
5.32 0.0840389349918
5.39 0.0392343594261
5.46 0.0551799721661
5.53 0.341334370184
5.6 0.335685098177
5.67 0.225548904502
5.74 0.138204834552
5.81 0.15410529651
5.88 0.117857399873
5.95 0.346493034073
6.02 0.251058525941
6.09 0.199456202133
6.16 0.12316418215
6.23 0.108537449246
6.3 0.046911321014
6.37 0.397491452813
6.44 0.345217250859
6.51 0.247494101075
6.58 0.206724128897
6.65 0.219060537622
6.72 0.285854651097
6.79 0.274340832697
6.86 0.384944104564
6.93 0.218428357953
7.0 0.16357846656
7.07 0.155643355417
7.14 0.216145412967
7.21 0.303614252106
7.28 0.312516124006
7.35 0.119764222405
7.42 0.0135203580287
7.49 0.111924979673
7.56 0.173464270668
7.63 0.172483339519
7.7 0.35842476829
7.77 0.219069545888
7.84 0.195798894641
7.91 0.176064678747
7.98 0.175949745088
8.05 0.294438935179
8.12 0.4432493671
8.19 0.141082414161
8.26 0.0402437153564
8.33 0.0728521021265
8.4 0.160393641202
8.47 0.220938551013
8.54 0.266011251662
8.61 0.157220359354
8.68 0.118291102428
8.75 0.101629682565
8.82 0.140439284066
8.89 0.145090911651
8.96 0.401811467278
9.03 0.139768943357
9.1 0.0751418179483
9.17 0.0404809084128
9.24 0.252363451747
9.31 0.111840573318
9.38 0.253531665222
9.45 0.171520552174
9.52 0.136335511248
9.59 0.1369057225
9.66 0.13474818815
9.73 0.118815017456
9.8 0.538249098507
9.87 0.217884937318
9.94 0.109156461423
10.01 0.061754160658
10.08 0.100453247361
10.15 0.0650719514792
10.22 0.259577046375
10.29 0.161134357872
10.36 0.121204641282
10.43 0.0629179501812
10.5 0.0633754193871
10.57 0.0482802337606
10.64 0.485360099603
10.71 0.196608523653
10.78 0.151197034325
10.85 0.071841414938
10.92 0.111819741545
10.99 0.142057249012
11.06 0.181895752776
11.13 0.181576726792
11.2 0.173107882908
11.27 0.106492369309
11.34 0.119034013256
11.41 0.105447476675
11.48 0.321893270374
11.55 0.159066631272
11.62 0.0833765029244
11.69 0.0171372186878
11.76 0.0714476221304
11.83 0.0884972755889
11.9 0.413545956368
11.97 0.386175823894
12.04 0.321483156289
12.11 0.24220453861
12.18 0.484305236532
12.25 0.221988313049
12.32 0.121130956266
12.39 0.05340440457
12.46 0.0186146658902
12.53 0.0331530521185
12.6 0.0196222323854
12.67 0.00776972203348
12.74 0.486746313616
12.81 0.29242664034
12.88 0.184698369564
12.95 0.186396777636
13.02 0.185451217739
13.09 0.175996178764
13.16 0.199759428653
13.23 0.198381538186
13.3 0.189802528228
13.37 0.178852623695
13.44 0.171484679473
13.51 0.198426050065
13.58 0.272661889505
13.65 0.401316033031
13.72 0.28089317379
13.79 0.147212232214
13.86 0.105480671586
13.93 0.132200289682
14.0 0.349028297042
14.07 0.418682296864
14.14 0.180001486835
14.21 0.0364446504973
14.28 0.0897838412312
14.35 0.0658947225298
14.42 0.237037856627
14.49 0.27897020307
14.56 0.19594617813
14.63 0.163600288505
14.7 0.103480946065
14.77 0.114247401684
14.84 0.404890418152
14.91 0.336238127798
14.98 0.148590603766
15.05 0.0688432711855
15.12 0.211481508787
15.19 0.233015377107
15.26 0.259192727646
15.33 0.240669254219
15.4 0.142185594525
15.47 0.138929390307
15.54 0.150026585965
15.61 0.16198132066
15.68 0.315180687024
15.75 0.331264002266
15.82 0.142107045198
15.89 0.075044646278
15.96 0.158251707773
16.03 0.263624450715
16.1 0.225944799832
16.17 0.303109992863
16.24 0.193161170605
16.31 0.149022183436
16.38 0.173717802819
16.45 0.179816426666
16.52 0.460723714848
16.59 0.434349172635
16.66 0.231840749156
16.73 0.121758386168
16.8 0.151347593778
16.87 0.193307283197
16.94 0.156726345455
17.01 0.219678949078
17.08 0.119163799481
17.15 0.0888920356587
17.22 0.0857078797476
17.29 0.0800015214525
17.36 0.176883644384
17.43 0.369760360992
17.5 0.239925971758
17.57 0.131078560792
17.64 0.105368153537
17.71 0.150713591584
17.78 0.106170189541
17.85 0.187683926181
17.92 0.247430429768
17.99 0.196340716748
18.06 0.166744173218
18.13 0.160646819539
18.2 0.155742089979
18.27 0.600801703571
18.34 0.305128811632
18.41 0.200876631774
18.48 0.136339884291
18.55 0.0547285101676
18.62 0.149632042257
18.69 0.476097736714
18.76 0.421712128635
18.83 0.327373378403
18.9 0.219308434199
18.97 0.487306709702
19.04 0.373326778927
19.11 0.179906880955
19.18 0.0445426791416
19.25 0.0507912668115
19.32 0.0320087071111
19.39 0.0183798477171
19.46 0.0173600173553
19.53 0.537606110955
19.6 0.360220864754
19.67 0.304855773874
19.74 0.235481687008
19.81 0.209555761007
19.88 0.210257624281
19.95 0.215816683815
20.02 0.190406171117
20.09 0.0957293525613
20.16 0.0887659683027
20.23 0.0949758985749
20.3 0.189545218663
20.37 0.277781244366
20.44 0.347352136001
20.51 0.369493144626
20.58 0.238723295749
20.65 0.247706259858
20.72 0.212557391994
20.79 0.335203508506
20.86 0.432918334744
20.93 0.347771825982
21.0 0.319261683362
21.07 0.302231820597
21.14 0.348421141464
21.21 0.331868340056
21.28 0.372918856455
21.35 0.376796427369
21.42 0.329197095293
21.49 0.362723635349
21.56 0.285400898214
21.63 0.508550829537
21.7 0.442320764837
21.77 0.221335286334
21.84 0.121653603672
21.91 0.131526642464
21.98 0.1439873342
22.05 0.163525251866
22.12 0.27459833826
22.19 0.279372904872
22.26 0.24878279724
22.33 0.124844721325
22.4 0.144131420633
22.47 0.234127161014
22.54 0.379260219843
22.61 0.150870313515
22.68 0.121017155322
22.75 0.0754808382608
22.82 0.210013489846
22.89 0.181656811011
22.96 0.300267407782
23.03 0.222318882545
23.1 0.169572893358
23.17 0.0744240101196
23.24 0.0825124450501
23.31 0.261796874957
23.38 0.366054672572
23.45 0.196126883074
23.52 0.162308117833
23.59 0.148886952543
23.66 0.164205771737
23.73 0.205759526662
23.8 0.340087309567
23.87 0.276580576699
23.94 0.318244530789
24.01 0.248618528117
24.08 0.245944936471
24.15 0.393327656285
24.22 0.51876926239
24.29 0.360335826413
24.36 0.314612038664
24.43 0.297941086177
24.5 0.368823524273
24.57 0.351290028441
24.64 0.337023170532
24.71 0.34947617508
24.78 0.286047258456
24.85 0.273453512167
24.92 0.206131576434
24.99 0.242589977327
25.06 0.574070137241
25.13 0.232235114685
25.2 0.129573218257
25.27 0.121476803413
25.34 0.202823888412
25.41 0.227197503661
25.48 0.232296436563
25.55 0.184764688116
25.62 0.143745154653
25.69 0.122180804846
25.76 0.107910446976
25.83 0.140173124051
25.9 0.513815678453
25.97 0.174197254332
26.04 0.0991111175957
26.11 0.163295234368
26.18 0.230956330412
26.25 0.168909089306
26.32 0.27271048934
26.39 0.215801762523
26.46 0.16236570557
26.53 0.139647488314
26.6 0.122714652131
26.67 0.0448589382471
26.74 0.43072547496
26.81 0.212956850922
26.88 0.148988364895
26.95 0.0784781674767
27.02 0.115082062424
27.09 0.118181972342
27.16 0.323500208532
27.23 0.17884648158
27.3 0.138464956813
27.37 0.0811075679674
27.44 0.168739408606
27.51 0.147849319466
27.58 0.561089613341
27.65 0.260794661495
27.72 0.196686451896
27.79 0.166523309074
27.86 0.0878653682804
27.93 0.0821037105868
28.0 0.262286052545
28.07 0.326833699546
28.14 0.363792078273
28.21 0.270786757537
28.28 0.277292919496
28.35 0.281164936289
28.42 0.57587318272
28.49 0.326972562762
28.56 0.118749816347
28.63 0.0702604528616
28.7 0.0777723104271
28.77 0.106542840033
28.84 0.284934833102
28.91 0.361128457064
28.98 0.348214534257
29.05 0.321473694938
29.12 0.23585708147
29.19 0.314419545848
29.26 0.476561462579
29.33 0.356691648233
29.4 0.299089427504
29.47 0.263994835777
29.54 0.301264637299
29.61 0.325110465926
29.68 0.322163118712
29.75 0.386620087425
29.82 0.277258082784
29.89 0.226102196302
29.96 0.226472438821
30.03 0.258216905169
30.1 0.469739466601
30.17 0.335218032712
30.24 0.2307719066
30.31 0.163684185774
30.38 0.107696605665
30.45 0.207895035434
30.52 0.401642534934
30.59 0.366169468778
30.66 0.355618071183
30.73 0.225060355634
30.8 0.31077099717
30.87 0.329460294976
30.94 0.441097832321
31.01 0.296854153272
31.08 0.130884107998
31.15 0.0587653560766
31.22 0.199978391362
31.29 0.265054084619
31.36 0.254155124259
31.43 0.301310414256
31.5 0.247621598961
31.57 0.214752832841
31.64 0.187112712031
31.71 0.168530864329
31.78 0.299096620881
31.85 0.437208560079
31.92 0.178125023609
31.99 0.0542670650049
32.06 0.0666472499809
32.13 0.100106580586
32.2 0.168788858614
32.27 0.334168143405
32.34 0.219691854392
32.41 0.154269843084
32.48 0.0900029999383
32.55 0.0710892845736
32.62 0.075656162172
32.69 0.46834405087
32.76 0.210516545101
32.83 0.189030614806
32.9 0.15627210385
32.97 0.166677615396
33.04 0.0828640524983
33.11 0.342462225916
33.18 0.192448949988
33.25 0.136869144716
33.32 0.0769453546947
33.39 0.086477326651
33.46 0.130196939472
33.53 0.509603208272
33.6 0.272981948932
33.67 0.210799471842
33.74 0.238132313813
33.81 0.250879674068
33.88 0.225663545437
33.95 0.28450458469
34.02 0.295196792754
34.09 0.197639762618
34.16 0.173009957791
34.23 0.179929812705
34.3 0.201132976622
34.37 0.517054469406
34.44 0.242930143081
34.51 0.107269503402
34.58 0.0922081974067
34.65 0.151651059569
34.72 0.120575190311
34.79 0.214516013963
34.86 0.256181551308
34.93 0.179598609399
35.0 0.138567947329
35.07 0.154556307968
35.14 0.144416658621
35.21 0.425146354917
35.28 0.293491344032
35.35 0.127850860264
35.42 0.101397959631
35.49 0.132545266293
35.56 0.12123006246
35.63 0.272763714215
35.7 0.241534821531
35.77 0.141369316859
35.84 0.111640945671
35.91 0.119127061335
35.98 0.0849382444826
36.05 0.429433159198
36.12 0.437041373898
36.19 0.15008352971
36.26 0.0555053388088
36.33 0.120795535187
36.4 0.218626173256
36.47 0.165353690524
36.54 0.2924921749
36.61 0.191619690644
36.68 0.13291058341
36.75 0.134181848492
36.82 0.126483943132
36.89 0.447665883788
36.96 0.411861629598
37.03 0.196100815357
37.1 0.117752541013
37.17 0.0955995765184
37.24 0.111880505975
37.31 0.132154120729
37.38 0.345948615631
37.45 0.216903102543
37.52 0.136339487205
37.59 0.0541850742604
37.66 0.0521339031166
37.73 0.0640399947039
37.8 0.572053443905
37.87 0.242403809897
37.94 0.138183615873
38.01 0.0559532728457
38.08 0.083981505071
38.15 0.0604290343443
38.22 0.230436271706
38.29 0.141448449089
38.36 0.161614664648
38.43 0.105261141247
38.5 0.119040247007
38.57 0.175780372385
38.64 0.56648624155
38.71 0.307727142642
38.78 0.111088089139
38.85 0.0320087936556
38.92 0.115677353767
38.99 0.0563034548549
39.06 0.487814354363
39.13 0.346998996206
39.2 0.29874499816
39.27 0.229407379624
39.34 0.528639116853
39.41 0.277142853856
39.48 0.123485707744
39.55 0.0659077118431
39.62 0.0380811156064
39.69 0.014304234957
39.76 0.00627618009705
39.83 0.0309344377051
39.9 0.726112184557
39.97 0.28138098703
40.04 0.218965476111
40.11 0.197706401893
40.18 0.191425375303
40.25 0.192240891887
40.32 0.181180780553
40.39 0.183301673484
40.46 0.117217548287
40.53 0.106406008067
40.6 0.110730031579
40.67 0.121541813615
40.74 0.370011095719
40.81 0.316192456019
40.88 0.187215880727
40.95 0.120359541747
41.02 0.11003296898
41.09 0.0887393915008
41.16 0.576093514869
41.23 0.348285594939
41.3 0.167417298623
41.37 0.095444269844
41.44 0.137453717267
41.51 0.0544142466767
41.58 0.202647576875
41.65 0.257952982586
41.72 0.144197387916
41.79 0.0984552298208
41.86 0.140536170648
41.93 0.216959677201
42.0 0.440819711346
42.07 0.14661732523
42.14 0.123762802912
42.21 0.0385101854848
42.28 0.176737144887
42.35 0.203095895271
42.42 0.264820203163
42.49 0.264109558165
42.56 0.175980458208
42.63 0.163787018474
42.7 0.157326340747
42.77 0.147070808297
42.84 0.456853925304
42.91 0.246138813998
42.98 0.140984132685
43.05 0.118318361404
43.12 0.0881965308601
43.19 0.08344034223
43.26 0.226030909078
43.33 0.342493359032
43.4 0.238142027162
43.47 0.166769848938
43.54 0.0852577820979
43.61 0.073948068751
43.68 0.535942511595
43.75 0.389384062089
43.82 0.192861886951
43.89 0.216432285119
43.96 0.131724172679
44.03 0.0249284546691
44.1 0.201657220011
44.17 0.309363047757
44.24 0.312587082871
44.31 0.2570013773
44.38 0.236244307076
44.45 0.229528389217
44.52 0.432651026743
44.59 0.406827266539
44.66 0.246393557773
44.73 0.226459897502
44.8 0.201234338065
44.87 0.280767404249
44.94 0.292738175133
45.01 0.321661829982
45.08 0.24865500663
45.15 0.217224299777
45.22 0.199682857122
45.29 0.186757217716
45.36 0.262557550319
45.43 0.464696403273
45.5 0.282099769757
45.57 0.177565635512
45.64 0.162587557339
45.71 0.149209251946
45.78 0.15010473057
45.85 0.48537844704
45.92 0.251556877248
45.99 0.17993571555
46.06 0.110957674194
46.13 0.166016995673
46.2 0.0517836141995
46.27 0.343086957667
46.34 0.20511385114
46.41 0.137811978461
46.48 0.168718986646
46.55 0.253061848151
46.62 0.155555813096
46.69 0.337491689436
46.76 0.246823938546
46.83 0.175421787921
46.9 0.102274401007
46.97 0.273601185106
47.04 0.120156248686
47.11 0.610839105666
47.18 0.235091284709
47.25 0.172909403249
47.32 0.181152928492
47.39 0.0650102528776
47.46 0.0349382999729
47.53 0.40722728037
47.6 0.229542455246
47.67 0.0988260017879
47.74 0.0864447477326
47.81 0.282504472264
47.88 0.215596870933
47.95 0.586298294053
48.02 0.37765477076
48.09 0.295821483777
48.16 0.149551336953
48.23 0.15057015678
48.3 0.162307715655
48.37 0.360362594121
48.44 0.364998455333
48.51 0.267380950946
48.58 0.14811857981
48.65 0.189774495442
48.72 0.172935906233
48.79 0.587052842573
48.86 0.436675300789
48.93 0.162654186432
49.0 0.0405758579254
49.07 0.173077686509
49.14 0.222938877255
49.21 0.302790564701
49.28 0.366781860299
49.35 0.237257465874
49.42 0.184879700683
49.49 0.212052687302
49.56 0.226914821281
49.63 0.435775151307
49.7 0.319289624512
49.77 0.132970311852
49.84 0.04610164873
49.91 0.19681542613
49.98 0.124651235794
50.05 0.186773335359
50.12 0.289625851168
50.19 0.211074548487
50.26 0.134820585181
50.33 0.131002065624
50.4 0.0885531833444
50.47 0.450044524098
50.54 0.38619139427
50.61 0.173735862623
50.68 0.121978977951
50.75 0.111678261629
50.82 0.160907089435
50.89 0.201609544166
50.96 0.12749630012
51.03 0.10420869124
51.1 0.0669757933164
51.17 0.365610162134
51.24 0.355068902974
51.31 0.542212646304
51.38 0.429092423268
51.45 0.41711512591
51.52 0.358004169592
51.59 0.148791178312
51.66 0.212144455031
51.73 0.289557384276
51.8 0.348693988315
51.87 0.254572719353
51.94 0.10223977302
52.01 0.168591613486
52.08 0.190154509854
52.15 0.565215961549
52.22 0.390108006942
52.29 0.161854538039
52.36 0.1416680227
52.43 0.183226435757
52.5 0.231793770758
52.57 0.332941871288
52.64 0.426751923635
52.71 0.370954469095
52.78 0.191732127239
52.85 0.262900197865
52.92 0.310054502782
52.99 0.545921096512
53.06 0.494286074151
53.13 0.236965647958
53.2 0.215713754389
53.27 0.19652660418
53.34 0.414912226962
53.41 0.325636218753
53.48 0.342005423612
53.55 0.213873899492
53.62 0.171459721562
53.69 0.128433472836
53.76 0.12335375027
53.83 0.357926607891
53.9 0.25146508661
53.97 0.115468168042
54.04 0.0759712605628
54.11 0.0567457558622
54.18 0.214415291422
54.25 0.306419610319
54.32 0.266573073188
54.39 0.0969183698101
54.46 0.0970553163205
54.53 0.118541317888
54.6 0.13733208659
54.67 0.377920648232
54.74 0.326012071392
54.81 0.152064398709
54.88 0.0723533562787
54.95 0.137690989232
55.02 0.185119411167
55.09 0.274332150246
55.16 0.390316953396
55.23 0.332630013226
55.3 0.295428859321
55.37 0.260586695029
55.44 0.321979364347
55.51 0.248927677846
55.58 0.614862140089
55.65 0.225483016128
55.72 0.0943563951315
55.79 0.0657308708575
55.86 0.184891363829
55.93 0.142715302945
56.0 0.364958879036
56.07 0.281373009662
56.14 0.25350142046
56.21 0.225231978495
56.28 0.237117889938
56.35 0.216227001534
56.42 0.605481193399
56.49 0.26972590253
56.56 0.25266299758
56.63 0.191113165972
56.7 0.258051617876
56.77 0.208183053029
56.84 0.341599949841
56.91 0.274809741051
56.98 0.266837448858
57.05 0.221726999528
57.12 0.360938232224
57.19 0.287318632991
57.26 0.488077686407
57.33 0.261774803561
57.4 0.188176410279
57.47 0.162711216721
57.54 0.180790729523
57.61 0.201841066011
57.68 0.343627955055
57.75 0.384454461163
57.82 0.293805047529
57.89 0.28024867171
57.96 0.278284790889
58.03 0.283527593863
58.1 0.618293988942
58.17 0.426446958589
58.24 0.372350068096
58.31 0.327553378263
58.38 0.297243669763
58.45 0.292656095299
58.52 0.352550826727
58.59 0.344001053542
58.66 0.346003110675
58.73 0.325238707076
58.8 0.321098913923
58.87 0.27786895723
58.94 0.428994971601
59.01 0.454826948442
59.08 0.32096892661
59.15 0.255356868642
59.22 0.282850082687
59.29 0.223951432787
59.36 0.631593655917
59.43 0.551241942273
59.5 0.31312641555
59.57 0.203500982138
59.64 0.0913991003891
59.71 0.0615352361302
59.78 0.0389461381975
59.85 0.044435040676
59.92 0.0454327105515
59.99 0.0113859641538
60.06 0.017146242226
60.13 0.0157852610296
60.2 0.0157425334943
60.27 0.00679202103166
60.34 0.0255214551281
60.41 0.00474343349615
60.48 0.040532789303
60.55 0.0631315293126
60.62 0.250426142638
60.69 0.100982887055
60.76 0.017127469703
60.83 0.0277086004292
60.9 0.023757217227
60.97 0.0313697209705
61.04 0.268805415088
61.11 0.290034476178
61.18 0.199860067195
61.25 0.156182405553
61.32 0.105354102781
61.39 0.121058834141
61.46 0.41202729616
61.53 0.416020162184
61.6 0.185068955715
61.67 0.188641510675
61.74 0.0976980798746
61.81 0.122774194756
61.88 0.0970049830498
61.95 0.338771899147
62.02 0.17276340011
62.09 0.13800365674
62.16 0.139128106691
62.23 0.125335912346
62.3 0.336786820012
62.37 0.536281600634
62.44 0.251092675388
62.51 0.0851427568036
62.58 0.0794951011427
62.65 0.231163337252
62.72 0.25194303632
62.79 0.258896488323
62.86 0.220549001432
62.93 0.215333078166
63.0 0.181963458585
63.07 0.18558751262
63.14 0.31984764317
63.21 0.444492477215
63.28 0.205891367046
63.35 0.0739348096225
63.42 0.0530678125948
63.49 0.242914053438
63.56 0.188749065141
63.63 0.315826441454
63.7 0.201934411905
63.77 0.174693037302
63.84 0.0678753242594
63.91 0.110553870223
63.98 0.152284198864
64.05 0.488629853129
64.12 0.334826189701
64.19 0.262526017572
64.26 0.195656831823
64.33 0.193771141425
64.4 0.14227980841
64.47 0.234460942838
64.54 0.202044906339
64.61 0.15815565609
64.68 0.183299942593
64.75 0.11032937121
64.82 0.110944687426
64.89 0.519836430056
64.96 0.188619161827
65.03 0.141693672967
65.1 0.0539414641829
65.17 0.0354880230845
65.24 0.0317984192166
65.31 0.192346690009
65.38 0.231395938358
65.45 0.171275791563
65.52 0.0902497841631
65.59 0.10127446061
65.66 0.0848973012916
65.73 0.445403831666
65.8 0.341348896935
65.87 0.138686027136
65.94 0.0413802509942
66.01 0.106420435546
66.08 0.0757543596493
66.15 0.612758688423
66.22 0.259378060176
66.29 0.173519274797
66.36 0.152833479071
66.43 0.0691234030476
66.5 0.0227010788965
66.57 0.190913413599
66.64 0.0941042247834
66.71 0.0955660481558
66.78 0.0303136997297
66.85 0.128052934066
66.92 0.0957387706407
66.99 0.164507142641
67.06 0.0866458110002
67.13 0.155004578001
67.2 0.117534935016
67.27 0.106525314769
67.34 0.0669332006888
67.41 0.256305785957
67.48 0.0804706792586
67.55 0.0463618320818
67.62 0.0236720116083
67.69 0.0371525540701
67.76 0.0696190562017
67.83 0.270040929649
67.9 0.1120486416
67.97 0.079641432642
68.04 0.0701204976566
68.11 0.125854802702
68.18 0.077357446576
68.25 0.439534515143
68.32 0.311646562919
68.39 0.14382152764
68.46 0.0376722156904
68.53 0.0423433412458
68.6 0.0296766710223
68.67 0.175707211726
68.74 0.141347716366
68.81 0.132575752871
68.88 0.110159530148
68.95 0.107800349628
69.02 0.0931976226446
69.09 0.417173454366
69.16 0.250468648721
69.23 0.0800327818398
69.3 0.026320238076
69.37 0.133048257913
69.44 0.20497842934
69.51 0.324227014444
69.58 0.282603323916
69.65 0.222731274786
69.72 0.122947566325
69.79 0.113796914584
69.86 0.164357133
69.93 0.320972228029
70.0 0.216191210287
70.07 0.148745882441
70.14 0.0578314135079
70.21 0.118595021304
70.28 0.290348724396
70.35 0.251223283785
70.42 0.270689020782
70.49 0.240733439702
70.56 0.155940363459
70.63 0.0903993330819
70.7 0.19774964615
70.77 0.124372223919
70.84 0.542346764845
70.91 0.201253169133
70.98 0.174654817718
71.05 0.12269616215
71.12 0.0261413912941
71.19 0.130663954029
71.26 0.354368572046
71.33 0.31347302378
71.4 0.231761448928
71.47 0.161011365392
71.54 0.202618248467
71.61 0.104779045036
71.68 0.573831416929
71.75 0.31684453838
71.82 0.209641004807
71.89 0.132268234761
71.96 0.052379378992
72.03 0.0776244007632
72.1 0.194636889462
72.17 0.18797483029
72.24 0.159708824651
72.31 0.101644909308
72.38 0.165857949766
72.45 0.181161150221
72.52 0.481914156721
72.59 0.379306426977
72.66 0.219746232346
72.73 0.183503034566
72.8 0.170433084729
72.87 0.133575560905
72.94 0.676822969044
73.01 0.326844418338
73.08 0.235765799918
73.15 0.116169249871
73.22 0.0278313180035
73.29 0.135080152539
73.36 0.13943705024
73.43 0.0559669341517
73.5 0.074259977722
73.57 0.0479158788146
73.64 0.0690959557097
73.71 0.0888262491015
73.78 0.181631338925
73.85 0.128429792148
73.92 0.0552661857738
73.99 0.0503011626879
74.06 0.0366077919955
74.13 0.141216346886
74.2 0.0474109170344
74.27 0.233443245544
74.34 0.0976091222967
74.41 0.0439419634938
74.48 0.0200453434195
74.55 0.0182218963442
74.62 0.299377109103
74.69 0.255045501847
74.76 0.187072517195
74.83 0.16903099998
74.9 0.161481263917
74.97 0.186279135643
75.04 0.578321081549
75.11 0.342691031791
75.18 0.181538779568
75.25 0.168369517357
75.32 0.11144701469
75.39 0.0497471479867
75.46 0.285418324206
75.53 0.326799173376
75.6 0.266987491589
75.67 0.231290516959
75.74 0.229134369866
75.81 0.223220409102
75.88 0.611454034977
75.95 0.280793973415
76.02 0.18643559285
76.09 0.0798355341671
76.16 0.0780339217634
76.23 0.12720535783
76.3 0.224627869793
76.37 0.243736335767
76.44 0.148896200079
76.51 0.11839902089
76.58 0.155703776214
76.65 0.180674431515
76.72 0.47855050749
76.79 0.373228810538
76.86 0.207242354897
76.93 0.149493881578
77.0 0.264087173682
77.07 0.114561046636
77.14 0.216679298432
77.21 0.199401366002
77.28 0.16208049049
77.35 0.139350060277
77.42 0.127195061579
77.49 0.119402033617
77.56 0.511836825432
77.63 0.342725496871
77.7 0.221229638392
77.77 0.192040042436
77.84 0.186785673043
77.91 0.195610678143
77.98 0.228120396532
78.05 0.269731375198
78.12 0.192063427272
78.19 0.16839639961
78.26 0.148183984553
78.33 0.199671636881
78.4 0.477474639556
78.47 0.460578528791
78.54 0.24053350915
78.61 0.146573551524
78.68 0.118327911846
78.75 0.0848463443913
78.82 0.190628005067
78.89 0.399032031692
78.96 0.312357620276
79.03 0.281353071333
79.1 0.231700447773
79.17 0.211783180051
79.24 0.268556490159
79.31 0.580640072325
79.38 0.205285939813
79.45 0.180871697006
79.52 0.152171563725
79.59 0.147929472412
79.66 0.248144567091
79.73 0.297467443329
79.8 0.207218763881
79.87 0.217634859311
79.94 0.193949871117
80.01 0.268187693444
80.08 0.185730927061
80.15 0.389950078478
80.22 0.223968884234
80.29 0.133819789521
80.36 0.0703089152435
80.43 0.247478731788
80.5 0.0971964347855
80.57 0.272503014142
80.64 0.221877317166
80.71 0.197100363758
80.78 0.180730588722
80.85 0.187991207566
80.92 0.06794271189
80.99 0.448316023989
81.06 0.18753734523
81.13 0.129162791085
81.2 0.047960306695
81.27 0.141251086872
81.34 0.114781969324
81.41 0.299315624317
81.48 0.24101798788
81.55 0.143049229859
81.62 0.108307070298
81.69 0.146132479958
81.76 0.100957791691
81.83 0.441099056671
81.9 0.17214120615
81.97 0.175901262342
82.04 0.053090217442
82.11 0.244242022994
82.18 0.200071146717
82.25 0.231470147733
82.32 0.247516414287
82.39 0.194506830877
82.46 0.146672548266
82.53 0.150871102598
82.6 0.137886969282
82.67 0.562960532627
82.74 0.310847555974
82.81 0.128664312507
82.88 0.0336236175456
82.95 0.0778499204921
83.02 0.0800756188284
83.09 0.342917462783
83.16 0.276088588959
83.23 0.205602975274
83.3 0.171806566517
83.37 0.183162586269
83.44 0.1560585629
83.51 0.444891124152
83.58 0.304833173029
83.65 0.191387443352
83.72 0.123309174755
83.79 0.124896189856
83.86 0.201395142861
83.93 0.192686606312
84.0 0.15542279927
84.07 0.209787438123
84.14 0.144104413654
84.21 0.230941213122
84.28 0.388786042048
84.35 0.46626138516
84.42 0.216194127346
84.49 0.0943825544833
84.56 0.0629044492371
84.63 0.0347691232676
84.7 0.0630319394868
84.77 0.269190779987
84.84 0.27043939077
84.91 0.284276654442
84.98 0.190642737998
85.05 0.139236964416
85.12 0.081217520226
85.19 0.362110974013
85.26 0.301929864245
85.33 0.209462183479
85.4 0.194971251644
85.47 0.148138861771
85.54 0.131718562558
85.61 0.365295575374
85.68 0.209635600865
85.75 0.133024957075
85.82 0.144334176609
85.89 0.140660107482
85.96 0.124154582287
86.03 0.528988084694
86.1 0.328528281841
86.17 0.230588898045
86.24 0.203768544682
86.31 0.207407387647
86.38 0.172676552691
86.45 0.263053921284
86.52 0.262537879261
86.59 0.215715912911
86.66 0.213190342927
86.73 0.202321352423
86.8 0.208092827828
86.87 0.475465231231
86.94 0.382683368427
87.01 0.0905957967631
87.08 0.0513074844693
87.15 0.163158628945
87.22 0.178653069865
87.29 0.184822069674
87.36 0.269909852893
87.43 0.146856490992
87.5 0.140321662436
87.57 0.134017587006
87.64 0.136646073688
87.71 0.232891847541
87.78 0.595318171943
87.85 0.113510408973
87.92 0.0378952230829
87.99 0.0687149027636
88.06 0.144750773896
88.13 0.159092116086
88.2 0.241731763753
88.27 0.147156627364
88.34 0.114915008604
88.41 0.0995405692882
88.48 0.144378115768
88.55 0.099245248864
88.62 0.554802706815
88.69 0.228114445324
88.76 0.148867464755
88.83 0.086776999755
88.9 0.174297108882
88.97 0.0670849132204
89.04 0.255458815533
89.11 0.149022514341
89.18 0.105048529378
89.25 0.0969926682747
89.32 0.10533450554
89.39 0.0915747755692
89.46 0.535106763959
89.53 0.249647051112
89.6 0.184695378688
89.67 0.104474082535
89.74 0.0887163655695
89.81 0.0836770312919
89.88 0.2458695282
89.95 0.198985168348
90.02 0.171350375115
90.09 0.149908274525
90.16 0.150995232884
90.23 0.145616623751
90.3 0.637583442401
90.37 0.342808699239
90.44 0.158180540183
90.51 0.0921941873773
90.58 0.135296804001
90.65 0.0583106002958
90.72 0.289060789314
90.79 0.250726930639
90.86 0.144321026934
90.93 0.0847310238275
91.0 0.114432836031
91.07 0.0874085227041
91.14 0.370291810484
91.21 0.242172025873
91.28 0.102220257232
91.35 0.037043838889
91.42 0.0933316699139
91.49 0.0850801545754
91.56 0.688935347115
91.63 0.378645578165
91.7 0.19328767832
91.77 0.13213957107
91.84 0.0316182513581
91.91 0.0276639994598
91.98 0.0435227749625
92.05 0.159589133589
92.12 0.0425863836931
92.19 0.0922991200541
92.26 0.0231753402834
92.33 0.176875562654
92.4 0.102775399557
92.47 0.17808576549
92.54 0.0860169454768
92.61 0.125283336554
92.68 0.158711200593
92.75 0.0711865529701
92.82 0.359405808892
92.89 0.35158084855
92.96 0.0931594437872
93.03 0.0459800969612
93.1 0.0367380262153
93.17 0.0794234881035
93.24 0.26016456653
93.31 0.294094477835
93.38 0.132319588748
93.45 0.0978077139548
93.52 0.0931833911631
93.59 0.0810473813494
93.66 0.572360839834
93.73 0.176880378601
93.8 0.0668647999782
93.87 0.0727233391634
93.94 0.0802080268427
94.01 0.0465805427937
94.08 0.296448175506
94.15 0.139919792989
94.22 0.0990084299854
94.29 0.117378999622
94.36 0.0923847278502
94.43 0.0803973175111
94.5 0.604376014874
94.57 0.166555539269
94.64 0.0536610981415
94.71 0.0454060726595
94.78 0.203063428352
94.85 0.225263483243
94.92 0.305151743382
94.99 0.242432473949
95.06 0.203767546875
95.13 0.180410234025
95.2 0.181767216356
95.27 0.176073743012
95.34 0.581545030118
95.41 0.17597626589
95.48 0.0892864877318
95.55 0.0322739609532
95.62 0.187852573438
95.69 0.141589043196
95.76 0.321235414984
95.83 0.227815390759
95.9 0.150621951126
95.97 0.0823407432813
96.04 0.115258068509
96.11 0.0697466584502
96.18 0.515387889352
96.25 0.220408295326
96.32 0.0940826879268
96.39 0.0742002390991
96.46 0.0732254500656
96.53 0.0423310697429
96.6 0.329814132218
96.67 0.257475177965
96.74 0.25396103037
96.81 0.145166745008
96.88 0.107317128338
96.95 0.0975529549076
97.02 0.568176746072
97.09 0.369098585645
97.16 0.246443644137
97.23 0.152406771349
97.3 0.11125372261
97.37 0.128735001556
97.44 0.224549883005
97.51 0.381969615464
97.58 0.252360122329
97.65 0.204556990651
97.72 0.180734335591
97.79 0.173653688608
97.86 0.41246042854
97.93 0.45660878797
98.0 0.14769457024
98.07 0.134526346563
98.14 0.0692317720506
98.21 0.0854756070013
98.28 0.226301149411
98.35 0.438022478135
98.42 0.222315891668
98.49 0.121751024794
98.56 0.0808658211424
98.63 0.0416445273923
98.7 0.0963545323066
98.77 0.413290538056
98.84 0.251203124004
98.91 0.168501912644
98.98 0.126977957031
99.05 0.132756022546
99.12 0.094774618946
99.19 0.526873654602
99.26 0.322414163981
99.33 0.212575833612
99.4 0.149965432085
99.47 0.115677715218
99.54 0.0353247161335
99.61 0.522852730338
99.68 0.304533120656
99.75 0.222872082709
99.82 0.198046437831
99.89 0.0564689534184
99.96 0.0519450884431
100.03 0.696681747947
100.1 0.494326836617
100.17 0.316809877303
100.24 0.214113118709
100.31 0.0670090213186
100.38 0.0504055990064
100.45 0.643545066284
100.52 0.527332964151
100.59 0.276898011792
100.66 0.132578995744
100.73 0.0380079829474
100.8 0.035525588494
100.87 0.493998074374
100.94 0.575285998562
101.01 0.360977215436
101.08 0.230497532494
101.15 0.0673281287567
101.22 0.0585369549246
101.29 0.352622462675
101.36 0.139809339281
101.43 0.146475728225
101.5 0.0645331686123
101.57 0.117343987275
101.64 0.0461956258896
101.71 0.3637060123
101.78 0.436834545238
101.85 0.288716265789
101.92 0.241479827584
101.99 0.0974261671958
102.06 0.0740847276282
102.13 0.49643763693
102.2 0.535113150435
102.27 0.28363267672
102.34 0.230909792373
102.41 0.0577480380512
102.48 0.138145419198
102.55 0.113639772657
102.62 0.698570271406
102.69 0.415503646711
102.76 0.262720012189
102.83 0.119898608216
102.9 0.0443755082327
102.97 0.0619872046686
103.04 0.610229323207
103.11 0.0673079817031
103.18 0.0244508027737
103.25 0.0173592842724
103.32 0.129588483182
103.39 0.32869342659
103.46 0.755787106871
103.53 0.0487846202743
103.6 0.0267741818657
103.67 0.461820119286
103.74 0.654206029232
103.81 0.276011719614
103.88 0.241745409786
103.95 0.19591245377
104.02 0.197778770924
104.09 0.221095990755
104.16 0.222869002743
104.23 0.135878098042
104.3 0.836725373408
104.37 0.296137676702
104.44 0.190118390247
104.51 0.103189744141
104.58 0.0606092938381
104.65 0.0415673296866
104.72 0.183511823925
104.79 0.0930992673508
104.86 0.066874047514
104.93 0.1668536393
105.0 0.140575668037
105.07 0.269798154472
105.14 0.820336996393
105.21 0.362746974368
105.28 0.271988059016
105.35 0.301198326384
105.42 0.287037167325
105.49 0.22720781264
105.56 0.35387540832
105.63 0.208920758459
105.7 0.170744446433
105.77 0.714521830263
105.84 0.618383682148
105.91 0.325346971717
105.98 0.213616877561
106.05 0.0967548184981
106.12 0.0628151123907
106.19 0.125785523819
106.26 0.0118933262716
106.33 0.0182511102083
106.4 0.122517460457
106.47 0.0428537095127
106.54 0.0142594787165
106.61 0.00392346750591
106.68 0.0183566894235
106.75 0.186247195627
106.82 0.369186224692
106.89 0.163679316372
106.96 0.107125707148
107.03 0.0993698195091
107.1 0.173971037156
107.17 0.150179100306
107.24 0.683277560655
107.31 0.278683022921
107.38 0.194261474637
107.45 0.0374171079198
107.52 0.0917464747925
107.59 0.0517061594056
107.66 0.350253502624
107.73 0.206606680357
107.8 0.149268150579
107.87 0.189226447221
107.94 0.166117680032
108.01 0.154288979603
108.08 0.55782704301
108.15 0.283325507334
108.22 0.188038743413
108.29 0.0544361017118
108.36 0.105356505664
108.43 0.0457326203803
108.5 0.389605084048
108.57 0.326270047858
108.64 0.209551650142
108.71 0.153394824601
108.78 0.137673741419
108.85 0.178754772395
108.92 0.64394353504
108.99 0.290244652073
109.06 0.203987278303
109.13 0.0443524161202
109.2 0.214601364671
109.27 0.222195162072
109.34 0.319390436143
109.41 0.195124122344
109.48 0.179404520601
109.55 0.151477978178
109.62 0.221021529383
109.69 0.158264193091
109.76 0.645680086334
109.83 0.304445323793
109.9 0.132368715486
109.97 0.0816795228371
110.04 0.13277005803
110.11 0.203187517911
110.18 0.368473525535
110.25 0.203462240741
110.32 0.123200327212
110.39 0.109536659105
110.46 0.0801108780812
110.53 0.0743950482528
110.6 0.52391287517
110.67 0.44283895011
110.74 0.20339902761
110.81 0.117550090488
110.88 0.085289447208
110.95 0.174426057661
111.02 0.26814551572
111.09 0.292102248595
111.16 0.188509932469
111.23 0.143369951097
111.3 0.16337938618
111.37 0.180729400008
111.44 0.411090456895
111.51 0.358630423508
111.58 0.177022833416
111.65 0.144147950635
111.72 0.100634232301
111.79 0.0276155752592
111.86 0.538158588218
111.93 0.491479254863
112.0 0.196373802206
112.07 0.132501393316
112.14 0.0991391351092
112.21 0.0736269860617
112.28 0.0375166392008
112.35 0.0326089645821
112.42 0.0137289990321
112.49 0.00750942413749
112.56 0.230656654763
112.63 0.311609132417
112.7 0.405125865045
112.77 0.335274032103
112.84 0.210501201268
112.91 0.158471446837
112.98 0.0795558121187
113.05 0.0197677086212
113.12 0.445367877511
113.19 0.419662016389
113.26 0.268483777496
113.33 0.221717764719
113.4 0.109746982636
113.47 0.0555707486428
113.54 0.174545252365
113.61 0.782224844397
113.68 0.297528772843
113.75 0.250777561724
113.82 0.0991680817034
113.89 0.0194719554745
113.96 0.0343510903601
114.03 0.0112046941255
114.1 0.014746248331
114.17 0.00316228814896
114.24 0.0120776889935
114.31 0.0171775051587
114.38 0.0209294516212
114.45 0.780955531658
114.52 0.418837743537
114.59 0.19669959139
114.66 0.538002726641
114.73 0.0810729170716
114.8 0.114157713569
114.87 0.047455268552
114.94 0.0281070437317
115.01 0.025217345345
115.08 0.0487580740176
115.15 0.00131042392822
115.22 0.0195220214754
115.29 0.615810342139
115.36 0.559899066291
115.43 0.32103478953
115.5 0.599980861954
115.57 0.114669135642
115.64 0.0280802760228
115.71 0.0298632457202
115.78 0.0469701941918
115.85 0.015912601099
115.92 0.00903603371424
115.99 0.00494263096583
116.06 0.0199341413564
116.13 0.642143671345
116.2 0.465939714477
116.27 0.336497290434
116.34 0.209183438875
116.41 0.290067442001
116.48 0.108398649665
116.55 0.548328744506
116.62 0.123780124541
116.69 0.0261968230548
116.76 0.0186990416997
116.83 0.14773556943
116.9 0.0847281093137
116.97 0.688010557901
117.04 0.471924906466
117.11 0.245266931482
117.18 0.178204502017
117.25 0.0426856629769
117.32 0.0220030515799
117.39 0.0241314255203
117.46 0.0128960030017
117.53 0.0185371169155
117.6 0.0013817467888
117.67 0.0283372623185
117.74 0.031161955594
117.81 0.296996325544
117.88 0.60549640487
117.95 0.314400780961
118.02 0.201405217661
118.09 0.29610072474
118.16 0.105461293252
118.23 0.3507806478
118.3 0.140854908999
118.37 0.186853753029
118.44 0.150842110186
118.51 0.333135977904
118.58 0.124739921011
118.65 0.868134370314
118.72 0.501747440629
118.79 0.219567227747
118.86 0.141799845267
118.93 0.0562648483658
119.0 0.0287327936526
119.07 0.0159262344053
119.14 0.0205959268853
119.21 0.0142450308737
119.28 0.0064443844493
119.35 0.00619627660254
119.42 0.00829775556274
119.49 0.303371795106
119.56 0.681815225652
119.63 0.208288466791
119.7 0.145821998972
119.77 0.104740400366
119.84 0.0259723214967
119.91 0.0184597690296
119.98 0.106973620438
120.05 0.0365382712972
120.12 0.0119569466705
120.19 0.0135569459944
120.26 0.012527952096
120.33 0.295751922352
120.4 0.776996020907
120.47 0.262645504999
120.54 0.0967886624936
120.61 0.0636393521526
120.68 0.0328018621203
120.75 0.03194921794
120.82 0.0125318771442
120.89 0.0178175832874
120.96 0.024603849109
121.03 0.00826815224837
121.1 0.0
121.17 0.121726550515
121.24 0.740047274075
121.31 0.269963963577
121.38 0.137683742401
121.45 0.566560998192
121.52 0.313066608201
121.59 0.0353382247138
121.66 0.0213480088867
121.73 0.0973255642901
121.8 0.0321116136282
121.87 0.00890590131152
121.94 0.0116660731071
122.01 0.0862139182434
122.08 0.598294447933
122.15 0.54506122332
122.22 0.187484911982
122.29 0.617166703385
122.36 0.0965217719421
122.43 0.0283116578697
122.5 0.0157069306088
122.57 0.0191885145575
122.64 0.0183475411594
122.71 0.00878854695163
122.78 0.00597355684326
122.85 0.0224779213238
122.92 0.750008427908
122.99 0.380120742119
123.06 0.194169834179
123.13 0.0919838027565
123.2 0.345122975884
123.27 0.0581048508973
123.34 0.566813303447
123.41 0.088804796244
123.48 0.102108716627
123.55 0.0210906916855
123.62 0.18910586526
123.69 0.062697455125
123.76 0.844999285957
123.83 0.374255882639
123.9 0.194674256329
123.97 0.08367168335
124.04 0.0466331211309
124.11 0.0196898898313
124.18 0.0242523383869
124.25 0.0244159889705
124.32 0.0119957491575
124.39 0.0305036827541
124.46 0.0232885863243
124.53 0.0148297561499
124.6 0.546426149928
124.67 0.476316503426
124.74 0.284642322829
124.81 0.136870180705
124.88 0.214896664731
124.95 0.0641135549947
125.02 0.501280451527
125.09 0.104245953744
125.16 0.154674978313
125.23 0.170092964792
125.3 0.109365359514
125.37 0.258985565536
125.44 0.48556539337
125.51 0.161970133509
125.58 0.107378732759
125.65 0.215403260676
125.72 0.947545001467
125.79 0.35315890884
125.86 0.270025369455
125.93 0.245568523838
126.0 0.209184327229
126.07 0.201410448513
126.14 0.197947642178
126.21 0.146869846847
126.28 0.436929191845
126.35 0.577479929971
126.42 0.184578253416
126.49 0.123842258411
126.56 0.0391954220315
126.63 0.0199237916507
126.7 0.505561566779
126.77 0.500637929788
126.84 0.26739406244
126.91 0.247303886417
126.98 0.0922314015179
127.05 0.0417773808564
127.12 0.507019317468
127.19 0.653692227185
127.26 0.255595308957
127.33 0.22725146162
127.4 0.0721186017412
127.47 0.0652373329531
127.54 0.0608632230761
127.61 0.0828425258234
127.68 0.025321175852
127.75 0.0113563328398
127.82 0.0386130894565
127.89 0.0406917588466
127.96 0.126639550166
128.03 0.853851473671
128.1 0.339698925791
128.17 0.267109178266
128.24 0.191549910312
128.31 0.0759111986706
128.38 0.0593711880324
128.45 0.109358705768
128.52 0.0248392756391
128.59 0.0376283350768
128.66 0.106668731755
128.73 0.0694651418759
128.8 0.554277732889
128.87 0.640539487339
128.94 0.327752341553
129.01 0.227770392703
129.08 0.0970869356129
129.15 0.09518696537
129.22 0.0677621393087
129.29 0.0607777756419
129.36 0.0270651521553
129.43 0.0203220185919
129.5 0.0220246342542
129.57 0.250109440628
129.64 0.382557894156
129.71 0.545870419609
129.78 0.329838779586
129.85 0.295412960585
129.92 0.236279156516
129.99 0.0613194144777
130.06 0.477200071997
130.13 0.104538153474
130.2 0.0202303272256
130.27 0.00615517814048
130.34 0.103775342499
130.41 0.0987936799576
130.48 0.24638918473
130.55 0.0494887591608
130.62 0.0164854035959
130.69 0.0143140017598
130.76 0.53647654215
130.83 0.530629958835
130.9 0.196189839116
130.97 0.182963419345
131.04 0.145237757327
131.11 0.128655734418
131.18 0.160540448696
131.25 0.144858010184
131.32 0.0930563132726
131.39 0.825996890466
131.46 0.425370446662
131.53 0.161751275162
131.6 0.0758039776551
131.67 0.162739348778
131.74 0.0358294971884
131.81 0.558840810165
131.88 0.0811880518193
131.95 0.0371728538493
132.02 0.0137891703776
132.09 0.121384994957
132.16 0.100623159695
132.23 0.611564806863
132.3 0.353252936908
132.37 0.260050399045
132.44 0.103349118408
132.51 0.199785274917
132.58 0.237049619044
132.65 0.579312474402
132.72 0.41340001941
132.79 0.187476807343
132.86 0.120800570041
132.93 0.525027013597
133.0 0.273556851406
133.07 0.367463525611
133.14 0.348898123912
133.21 0.24041382827
133.28 0.154730954796
133.35 0.0331121801994
133.42 0.117796839077
133.49 0.750478079527
133.56 0.531275354361
133.63 0.219291662381
133.7 0.0805889652447
133.77 0.133381113202
133.84 0.416510958663
133.91 0.578688791368
133.98 0.639405464038
134.05 0.237616887783
134.12 0.203192858216
134.19 0.135923531366
134.26 0.192400535969
134.33 0.73672030699
134.4 0.464500746492
134.47 0.253307652386
134.54 0.154873109249
134.61 0.198828667868
134.68 0.181614750378
134.75 0.367061281987
134.82 0.483834126383
134.89 0.426314545483
134.96 0.362155554619
135.03 0.269684569889
135.1 0.32997478938
135.17 0.325993558502
135.24 0.724129454851
135.31 0.357056894078
135.38 0.167528248689
135.45 0.0853053179445
135.52 0.226126052043
135.59 0.231857340248
135.66 0.532927669843
135.73 0.384973733333
135.8 0.311519199941
135.87 0.115537673468
135.94 0.148169663981
136.01 0.295393839338
136.08 0.746615396815
136.15 0.515070632439
136.22 0.355450167191
136.29 0.105669150263
136.36 0.18397650178
136.43 0.181498426916
136.5 0.485370935485
136.57 0.369597830396
136.64 0.361475912921
136.71 0.432205997038
136.78 1.0
136.85 0.425254764647
136.92 0.396878605661
136.99 0.332030809562
137.06 0.271828292753
137.13 0.251835545489
137.2 0.24361607962
137.27 0.197933443787
137.34 0.330892260491
137.41 0.485581368469
137.48 0.328598955617
137.55 0.273750143486
137.62 0.227409377357
137.69 0.210479890955
137.76 0.240695566296
137.83 0.671648724598
137.9 0.323770929951
137.97 0.278469718696
138.04 0.239988986345
138.11 0.219015012663
138.18 0.192346030744
138.25 0.402552866123
138.32 0.461631508247
138.39 0.361274663837
138.46 0.317187280107
138.53 0.249107003168
138.6 0.2211896141
138.67 0.656324208738
138.74 0.443921229974
138.81 0.320962395045
138.88 0.306450308167
138.95 0.247240344926
139.02 0.200929647924
139.09 0.844711675631
139.16 0.532431362514
139.23 0.356549694867
139.3 0.229138880363
139.37 0.147832921826
139.44 0.0995814997521
139.51 0.132332012976
139.58 0.0598323557435
139.65 0.0592467013864
139.72 0.0202435176276
139.79 0.0775555851481
139.86 0.0546687206361
139.93 0.158504341388
140.0 0.061936693218
140.07 0.0123052857907
140.14 0.00441827557838
140.21 0.00635216872507
140.28 0.0070011660295
140.35 0.414087119209
140.42 0.913951022872
140.49 0.332604161871
140.56 0.198613469845
140.63 0.10783495216
140.7 0.0958283849387
140.77 0.0865623719078
140.84 0.0134715265599
140.91 0.00753160753257
