-4.0 0.0
46.1952449003 0.00787401574803
46.3277929839 0.0393700787402
46.4205478742 0.0708661417323
46.5577980741 0.110236220472
46.6485700612 0.133858267717
46.8290241871 0.149606299213
46.873043995 0.173228346457
47.0151760006 0.188976377953
47.158859084 0.212598425197
47.2822680349 0.251968503937
47.4198759249 0.283464566929
47.5568038109 0.314960629921
47.6945350863 0.346456692913
47.7917820675 0.370078740157
47.9270631153 0.385826771654
48.072235977 0.40157480315
51.5397170706 0.433070866142
51.6314601237 0.456692913386
51.7656341452 0.472440944882
51.947097051 0.496062992126
52.0474891382 0.51968503937
52.1900548098 0.535433070866
52.2757430681 0.551181102362
52.4086279907 0.582677165354
52.5143831493 0.606299212598
52.650050993 0.622047244094
53.2056010289 0.590551181102
53.3423690822 0.55905511811
53.4366242067 0.535433070866
53.5728479894 0.511811023622
53.6662078379 0.472440944882
53.7996840662 0.44094488189
53.977373854 0.393700787402
54.115768914 0.362204724409
54.2409590901 0.330708661417
54.3428301168 0.291338582677
54.4343851199 0.228346456693
54.573405928 0.181102362205
54.6654920654 0.133858267717
54.8124159164 0.0787401574803
54.9257721256 0.0157480314961
56.4076040832 0.0
56.5662219653 0.0314960629921
56.7182857955 0.0551181102362
56.8665291079 0.0866141732283
56.962610014 0.11811023622
57.1012889268 0.149606299213
57.2019868551 0.173228346457
57.3842888707 0.196850393701
57.4767499559 0.220472440945
57.7103450123 0.267716535433
57.8538439526 0.291338582677
57.9573869798 0.314960629921
58.0880009245 0.330708661417
58.2745108958 0.346456692913
58.3666758887 0.362204724409
58.5219029786 0.377952755906
58.6139210165 0.393700787402
58.7962180285 0.409448818898
58.8947691313 0.417322834646
59.0196400186 0.425196850394
59.2016318516 0.44094488189
59.3442050045 0.456692913386
59.4766069707 0.464566929134
59.6179179282 0.48031496063
59.7977600342 0.496062992126
59.9830120955 0.511811023622
60.2121358908 0.527559055118
60.302864997 0.535433070866
60.4851768532 0.551181102362
60.66467502 0.574803149606
60.8071708524 0.590551181102
60.9809429135 0.606299212598
61.1267331032 0.622047244094
61.2730190757 0.637795275591
61.4052368173 0.653543307087
61.5008371056 0.661417322835
61.6993460947 0.669291338583
61.8780881096 0.677165354331
61.9667611398 0.692913385827
62.1176740251 0.700787401575
62.2142059537 0.716535433071
62.3945619635 0.732283464567
62.5342030065 0.740157480315
62.676234108 0.755905511811
62.8092371472 0.763779527559
62.9072720738 0.779527559055
63.0336259505 0.787401574803
63.2207279387 0.795275590551
63.4223149273 0.803149606299
63.52734016 0.811023622047
63.7204791611 0.826771653543
63.8174231635 0.842519685039
64.015420943 0.858267716535
64.1076721779 0.874015748031
64.2428630269 0.88188976378
64.4265850296 0.889763779528
64.5694771137 0.897637795276
65.2095340486 0.866141732283
65.339182875 0.850393700787
65.4396259102 0.826771653543
65.5799259886 0.811023622047
65.6789200918 0.787401574803
65.7651831847 0.771653543307
65.9253749855 0.748031496063
66.0585480172 0.732283464567
66.1024970129 0.716535433071
66.2466568748 0.692913385827
66.338567021 0.677165354331
66.4301940728 0.637795275591
66.5783110537 0.59842519685
66.672091168 0.582677165354
66.8256420741 0.535433070866
66.9216370606 0.503937007874
67.046025002 0.464566929134
67.1834668589 0.44094488189
67.2772440134 0.425196850394
67.3686861439 0.40157480315
67.5118550059 0.385826771654
67.6512692141 0.346456692913
67.847021964 0.338582677165
68.0705251066 0.314960629921
68.2114151127 0.299212598425
68.454839056 0.291338582677
69.0143489527 0.236220472441
69.2094720201 0.204724409449
69.3489380292 0.181102362205
69.5666779697 0.165354330709
69.6661922028 0.157480314961
69.897748815 0.149606299213
69.9916977889 0.141732283465
70.170074893 0.133858267717
70.3025820216 0.11811023622
70.40426701 0.110236220472
70.587658908 0.102362204724
71.2651280313 0.102362204724
72.4449467043 0.103773584906
83.9444051679 0.0944881889764
84.1203810374 0.110236220472
84.2611679261 0.125984251969
84.4034380416 0.149606299213
84.4997729834 0.173228346457
84.5926941509 0.196850393701
84.7187310044 0.220472440945
84.8102771824 0.244094488189
84.9570468092 0.267716535433
85.0969798495 0.291338582677
85.2373249079 0.314960629921
85.3219399273 0.338582677165
85.4663369905 0.362204724409
85.5598009253 0.385826771654
85.6932068968 0.409448818898
85.7851441875 0.433070866142
85.9171520422 0.448818897638
86.0178558264 0.472440944882
86.1976930368 0.496062992126
86.2924621243 0.511811023622
86.4248399183 0.535433070866
86.5544798577 0.55905511811
86.6759312115 0.574803149606
86.8093190126 0.590551181102
86.9074649819 0.606299212598
87.0446169003 0.622047244094
87.1820780056 0.637795275591
87.3225458496 0.645669291339
87.4226670506 0.653543307087
87.6017279046 0.669291338583
87.6974519852 0.685039370079
87.8766840892 0.700787401575
88.0122758317 0.716535433071
88.5623120542 0.732283464567
88.7229062102 0.740157480315
89.3025709074 0.763779527559
89.5173868731 0.779527559055
89.6491931777 0.795275590551
89.787416026 0.811023622047
89.9256470065 0.826771653543
90.0464389614 0.858267716535
90.1831380326 0.88188976378
90.3090261593 0.897637795276
90.3590938534 0.913385826772
90.4872217767 0.929133858268
90.624669892 0.944881889764
90.7187189962 0.96062992126
90.9098889287 0.976377952756
91.0007288876 0.992125984252
91.636345951 0.992125984252
91.7631640275 0.976377952756
91.8108641349 0.96062992126
92.6468927808 0.88188976378
92.7864248923 0.866141732283
92.878054009 0.850393700787
93.0122768786 0.842519685039
93.1290829819 0.826771653543
93.3149179773 0.811023622047
93.4531240504 0.795275590551
93.5457699766 0.779527559055
93.7327740371 0.771653543307
93.8229429778 0.763779527559
93.9543349967 0.755905511811
94.0512768552 0.748031496063
94.1955820462 0.732283464567
94.2888191486 0.716535433071
94.4119590243 0.700787401575
94.5052080174 0.685039370079
94.6515501301 0.677165354331
94.7428678975 0.669291338583
94.8826099998 0.661417322835
94.9733320757 0.653543307087
95.1490508776 0.637795275591
95.2935969992 0.629921259843
95.4344389219 0.614173228346
95.5656599953 0.59842519685
95.6638459986 0.582677165354
95.799223006 0.566929133858
95.9819211115 0.551181102362
96.0740371395 0.535433070866
96.2045790818 0.51968503937
96.3459949387 0.496062992126
96.5436269187 0.48031496063
96.6858151318 0.472440944882
96.7798119972 0.464566929134
96.9172141025 0.448818897638
97.0579418646 0.433070866142
97.1887888593 0.417322834646
97.3781669302 0.40157480315
97.4743448956 0.393700787402
97.5719430393 0.377952755906
97.8085151366 0.354330708661
97.9397807845 0.338582677165
98.037414011 0.314960629921
98.2144599897 0.299212598425
98.3577449764 0.283464566929
98.4579811614 0.267716535433
98.5122919346 0.244094488189
98.8061700646 0.220472440945
98.8997258864 0.204724409449
99.0734919499 0.188976377953
99.3157060251 0.181102362205
99.409068881 0.165354330709
99.7460030222 0.149606299213
100.303724012 0.181102362205
100.443341915 0.212598425197
100.597873974 0.244094488189
100.731015078 0.275590551181
100.868790143 0.299212598425
100.959248004 0.314960629921
101.107633972 0.330708661417
101.242861119 0.346456692913
101.424429951 0.362204724409
101.561285013 0.377952755906
101.699481052 0.393700787402
101.795512973 0.409448818898
101.93795287 0.425196850394
102.034575155 0.44094488189
102.240582955 0.456692913386
102.37951314 0.464566929134
102.524308078 0.488188976378
102.653592809 0.503937007874
102.749882796 0.51968503937
102.892959004 0.535433070866
103.075703048 0.551181102362
103.168389028 0.55905511811
103.308895146 0.566929133858
103.405855084 0.582677165354
103.552617046 0.590551181102
103.686171899 0.606299212598
103.792695977 0.614173228346
104.228278942 0.653543307087
104.372944988 0.669291338583
104.598973925 0.685039370079
104.793268042 0.692913385827
104.975332924 0.700787401575
105.210177136 0.716535433071
105.454667003 0.724409448819
106.066428898 0.740157480315
106.281991007 0.755905511811
106.878115828 0.771653543307
107.067637196 0.787401574803
107.161866981 0.803149606299
107.297968985 0.818897637795
107.390291074 0.826771653543
108.065395063 0.874015748031
108.20471302 0.88188976378
108.435238836 0.897637795276
108.527154811 0.913385826772
108.730669995 0.929133858268
108.912461937 0.937007874016
109.005635001 0.944881889764
109.144267009 0.952755905512
109.241837991 0.96062992126
109.373429004 0.968503937008
109.933939974 0.976377952756
110.169739874 0.968503937008
110.310322844 0.952755905512
110.463494843 0.937007874016
110.652585965 0.92125984252
110.846165964 0.905511811024
110.937090161 0.889763779528
111.071556117 0.874015748031
111.18289095 0.858267716535
111.364592095 0.842519685039
111.540233143 0.826771653543
111.643606074 0.811023622047
111.736414947 0.795275590551
111.875410916 0.771653543307
112.022388216 0.755905511811
112.124384108 0.740157480315
112.259027091 0.716535433071
112.366010932 0.700787401575
112.509601029 0.685039370079
112.602722088 0.669291338583
112.733632117 0.653543307087
112.844392969 0.637795275591
112.982842189 0.622047244094
113.173354977 0.59842519685
113.314540065 0.582677165354
113.499998866 0.566929133858
113.627205904 0.55905511811
113.718655994 0.535433070866
113.868297073 0.51968503937
113.962284854 0.503937007874
114.099522126 0.48031496063
114.195483207 0.456692913386
114.426450951 0.44094488189
114.657323891 0.425196850394
114.794387809 0.417322834646
114.89286187 0.409448818898
114.995024841 0.393700787402
115.146431954 0.377952755906
115.293128168 0.362204724409
115.38249209 0.354330708661
115.615892881 0.338582677165
115.761776915 0.322834645669
115.985638912 0.307086614173
116.223426052 0.299212598425
116.331967127 0.291338582677
116.563041981 0.275590551181
117.246027837 0.244094488189
128.586837081 0.212598425197
132.935117895 0.818897637795
134.820516122 0.992125984252
137.444754852 0.96062992126
137.633731042 0.944881889764
137.731785895 0.92125984252
137.877440134 0.905511811024
137.971569931 0.889763779528
138.165084002 0.874015748031
138.347737174 0.866141732283
138.591583863 0.858267716535
139.151824934 0.826771653543
139.286182956 0.811023622047
139.392414825 0.795275590551
139.535514111 0.779527559055
139.625774801 0.755905511811
139.718050914 0.732283464567
139.830454882 0.708661417323
139.973364827 0.692913385827
140.064861017 0.677165354331
140.202256123 0.661417322835
140.302841094 0.645669291339
140.430245121 0.622047244094
140.530769031 0.606299212598
140.684800984 0.582677165354
140.77366197 0.566929133858
140.915905078 0.551181102362
141.015109205 0.535433070866
141.158175085 0.51968503937
141.359546962 0.496062992126
141.500103056 0.48031496063
141.682326086 0.464566929134
141.820740117 0.448818897638
141.915215949 0.433070866142
142.784809113 0.307086614173
143.018118817 0.291338582677
143.164122005 0.275590551181
143.291222 0.259842519685
143.392995952 0.244094488189
143.590661069 0.228346456693
144.039378884 0.212598425197
144.67465085 0.212598425197
150.463420994 0.212598425197
150.653356164 0.204724409449
151.283977001 0.212598425197
153.124809098 0.220472440945
158.535299792 1.0
159.942329044 0.897637795276
160.710605025 0.795275590551
165.087406044 0.244094488189
165.679974122 0.220472440945
165.773392048 0.204724409449
165.971019094 0.188976377953
166.20195004 0.181102362205
166.302568187 0.173228346457
166.901230938 0.149606299213
167.584155865 0.196850393701
171.34277387 0.818897637795
187.200071288 0.93515079483
196.923443977 1.0
196.923443977 0.992125984252
196.923443977 0.992125984252
196.923443977 0.992125984252
196.923443977 1.0
201.162544044 0
