0.0 0.0036388685553
0.07 0.00309292502673
0.14 0.00281374756891
0.21 0.00378377645009
0.28 0.0115990385306
0.35 0.202273038468
0.42 0.490705901117
0.49 0.578727087958
0.56 0.475897265916
0.63 0.406992412447
0.7 0.340540741707
0.77 0.315804535031
0.84 0.349643743914
0.91 0.595071187203
0.98 0.692001104655
1.05 0.475780522428
1.12 0.336597763312
1.19 0.378153115418
1.26 0.361792166161
1.33 0.409269592956
1.4 0.443049559686
1.47 0.245408251923
1.54 0.207171205501
1.61 0.451859521446
1.68 0.462378850355
1.75 0.387310153904
1.82 0.53298658942
1.89 0.659868200372
1.96 0.646172111776
2.03 0.596382736008
2.1 0.536720978221
2.17 0.383185657016
2.24 0.286334154662
2.31 0.610618223947
2.38 0.663180974124
2.45 0.654892114697
2.52 0.614069374302
2.59 0.608724340229
2.66 0.422737276108
2.73 0.418284136744
2.8 0.55628177649
2.87 0.507697042122
2.94 0.445587794726
3.01 0.550136413809
3.08 0.446140297177
3.15 0.328505434861
3.22 0.579468245335
3.29 0.813586151799
3.36 0.679879070076
3.43 0.542120349762
3.5 0.531919418293
3.57 0.351350708919
3.64 0.256828578453
3.71 0.220791931418
3.78 0.36945562155
3.85 0.363392829823
3.92 0.263075054103
3.99 0.199535291878
4.06 0.18676917493
4.13 0.123188475852
4.2 0.100723763014
4.27 0.529537259095
4.34 0.514316709529
4.41 0.456760771293
4.48 0.40001651198
4.55 0.379330527294
4.62 0.390888676867
4.69 0.342507998598
4.76 0.392959773087
4.83 0.357214851214
4.9 0.332860430779
4.97 0.302953971835
5.04 0.255148627442
5.11 0.243729044213
5.18 0.390465629558
5.25 0.575902216654
5.32 0.516570458077
5.39 0.496033480037
5.46 0.428704559563
5.53 0.394355926565
5.6 0.354784473201
5.67 0.392969872594
5.74 0.367966163915
5.81 0.310498018166
5.88 0.334430599733
5.95 0.336340714506
6.02 0.206974727947
6.09 0.242587508845
6.16 0.414673097328
6.23 0.370878154406
6.3 0.320430262217
6.37 0.310132785355
6.44 0.316200184261
6.51 0.377232916299
6.58 0.334700172297
6.65 0.282049245547
6.72 0.286131877145
6.79 0.332434406579
6.86 0.268580636722
6.93 0.251160249622
7.0 0.27865166633
7.07 0.323575819814
7.14 0.292445926925
7.21 0.288651740568
7.28 0.311080214919
7.35 0.225451190993
7.42 0.257213672248
7.49 0.401133429052
7.56 0.34758288444
7.63 0.289360848474
7.7 0.367282232474
7.77 0.211818991336
7.84 0.222464839024
7.91 0.566239927411
7.98 0.46167793811
8.05 0.507387478641
8.12 0.452001502188
8.19 0.345172692546
8.26 0.325435628633
8.33 0.383338529383
8.4 0.422430482278
8.47 0.34806544838
8.54 0.310125154309
8.61 0.378016662925
8.68 0.32009470989
8.75 0.243703051683
8.82 0.475151231485
8.89 0.581299655795
8.96 0.472251353956
9.03 0.40917777264
9.1 0.448337431378
9.17 0.376700046405
9.24 0.393698867273
9.31 0.412192797446
9.38 0.286349903077
9.45 0.276430796215
9.52 0.318198534556
9.59 0.222957246414
9.66 0.337035842446
9.73 0.436838928307
9.8 0.45288127012
9.87 0.334958743628
9.94 0.351294799189
10.01 0.336324606874
10.08 0.322086763765
10.15 0.431313188122
10.22 0.349381871476
10.29 0.262929875414
10.36 0.298986345669
10.43 0.321438332114
10.5 0.22235402445
10.57 0.366195493264
10.64 0.400236357021
10.71 0.434884284517
10.78 0.441089714627
10.85 0.366294400275
10.92 0.388350914336
10.99 0.359047159716
11.06 0.460124860488
11.13 0.329737791188
11.2 0.250852893019
11.27 0.35835907518
11.34 0.231211300535
11.41 0.182227699648
11.48 0.228140760216
11.55 0.263452180662
11.62 0.145471658222
11.69 0.137513735652
11.76 0.125144979278
11.83 0.138345383324
11.9 0.176617446897
11.97 0.179597515343
12.04 0.122498534443
12.11 0.109385673275
12.18 0.119523554897
12.25 0.166759724591
12.32 0.128844097633
12.39 0.178436133728
12.46 0.152682425422
12.53 0.130068150535
12.6 0.177392206666
12.67 0.132802257065
12.74 0.102120667162
12.81 0.200916736826
12.88 0.166886928644
12.95 0.125240759264
13.02 0.155509320312
13.09 0.185070416638
13.16 0.104221682423
13.23 0.3907901871
13.3 0.513160687608
13.37 0.386276777671
13.44 0.345328163245
13.51 0.394302361874
13.58 0.418831771353
13.65 0.393376750561
13.72 0.456970319718
13.79 0.393082235484
13.86 0.354941980381
13.93 0.383248918708
14.0 0.309424184957
14.07 0.229913684721
14.14 0.414225393037
14.21 0.444869411668
14.28 0.388904036666
14.35 0.376585098079
14.42 0.449751903971
14.49 0.379511027087
14.56 0.359611565125
14.63 0.448382526852
14.7 0.375982300726
14.77 0.321597830642
14.84 0.346561552089
14.91 0.27278002286
14.98 0.209150508115
15.05 0.254100421099
15.12 0.2398985595
15.19 0.177116299919
15.26 0.163601856003
15.33 0.161959038757
15.4 0.165074139409
15.47 0.208415631499
15.54 0.196810242206
15.61 0.13636237157
15.68 0.148451693509
15.75 0.175688738955
15.82 0.2003619096
15.89 0.175647541439
15.96 0.217260828703
16.03 0.171266189169
16.1 0.131356548304
16.17 0.202169140191
16.24 0.149909623918
16.31 0.115499823735
16.38 0.236166018361
16.45 0.178208805013
16.52 0.182358225992
16.59 0.232237434412
16.66 0.204817311106
16.73 0.121237294355
16.8 0.391667903814
16.87 0.37601232477
16.94 0.295437976619
17.01 0.313500231842
17.08 0.328032179231
17.15 0.358346559712
17.22 0.297034916405
17.29 0.34594837983
17.36 0.289237891465
17.43 0.276411893143
17.5 0.261961259451
17.57 0.235127844287
17.64 0.198958855483
17.71 0.341426059072
17.78 0.274039941216
17.85 0.164595261582
17.92 0.152457679381
17.99 0.132189024937
18.06 0.105563264483
18.13 0.399827276782
18.2 0.661377192931
18.27 0.696888319272
18.34 0.604599465703
18.41 0.469475582929
18.48 0.423668693832
18.55 0.329998080311
18.62 0.509323050804
18.69 0.641453545574
18.76 0.64738417514
18.83 0.523546438676
18.9 0.485317547388
18.97 0.444761401745
19.04 0.380565564849
19.11 0.417003327652
19.18 0.387961312836
19.25 0.326577013868
19.32 0.311490857289
19.39 0.420304924247
19.46 0.260778065112
19.53 0.452626882278
19.6 0.651336538293
19.67 0.604963077436
19.74 0.569439599577
19.81 0.427371278166
19.88 0.456454646157
19.95 0.371743868687
20.02 0.408734616581
20.09 0.469309299816
20.16 0.301878269779
20.23 0.326981885749
20.3 0.298650140305
20.37 0.201275499137
20.44 0.237368103798
20.51 0.394472051094
20.58 0.383391781833
20.65 0.349788614045
20.72 0.358194452752
20.79 0.383133897617
20.86 0.295169112356
20.93 0.376912949359
21.0 0.343096349004
21.07 0.286626628653
21.14 0.311970156044
21.21 0.303793910037
21.28 0.233140902337
21.35 0.258017460385
21.42 0.327438799796
21.49 0.270423580792
21.56 0.359768165053
21.63 0.3363055638
21.7 0.231314318272
21.77 0.240100898728
21.84 0.373018962555
21.91 0.248467675876
21.98 0.244352733223
22.05 0.304163458051
22.12 0.262911897094
22.19 0.1666066588
22.26 0.449984473562
22.33 0.570617937126
22.4 0.552727106416
22.47 0.529531633213
22.54 0.435872851727
22.61 0.45780817078
22.68 0.402877832695
22.75 0.389239402937
22.82 0.423910371861
22.89 0.400829544874
22.96 0.360262196286
23.03 0.302838072045
23.1 0.292902179646
23.17 0.528309930876
23.24 0.570443811122
23.31 0.498626840977
23.38 0.492644830571
23.45 0.439447356072
23.52 0.387886733986
23.59 0.429841418671
23.66 0.376020007395
23.73 0.330885268364
23.8 0.297583577083
23.87 0.330991804579
23.94 0.288673421581
24.01 0.254604343678
24.08 0.384395931666
24.15 0.413876442859
24.22 0.345991783303
24.29 0.334233960071
24.36 0.317017476172
24.43 0.278891768413
24.5 0.324836304627
24.57 0.359460179361
24.64 0.297563152407
24.71 0.282309154269
24.78 0.296212742835
24.85 0.21107768843
24.92 0.334715794526
24.99 0.459056246969
25.06 0.44635888404
25.13 0.415030111453
25.2 0.437615475868
25.27 0.342916241586
25.34 0.347299846788
25.41 0.450808546373
25.48 0.370888761421
25.55 0.31335640436
25.62 0.333784881547
25.69 0.357446263944
25.76 0.189263490699
25.83 0.222559857288
25.9 0.234885119004
25.97 0.163637221318
26.04 0.124913444046
26.11 0.137460845182
26.18 0.127576540863
26.25 0.132129381199
26.32 0.156980648571
26.39 0.131617673756
26.46 0.107462667238
26.53 0.0907017222326
26.6 0.128190804587
26.67 0.126351877293
26.74 0.181068649256
26.81 0.126482812591
26.88 0.112272294798
26.95 0.161840268
27.02 0.138289746231
27.09 0.0915208479894
27.16 0.142599932206
27.23 0.17856230158
27.3 0.119346240157
27.37 0.121627188754
27.44 0.15239354728
27.51 0.0852212138394
27.58 0.29671494578
27.65 0.460189440228
27.72 0.440704561884
27.79 0.38558987026
27.86 0.42656046965
27.93 0.417822585121
28.0 0.367183914946
28.07 0.430336175705
28.14 0.442446000611
28.21 0.425344796622
28.28 0.361669593236
28.35 0.318703240963
28.42 0.255824058351
28.49 0.407549773531
28.56 0.510962878264
28.63 0.421747513352
28.7 0.427849141897
28.77 0.42544215624
28.84 0.388071611613
28.91 0.395780802617
28.98 0.413447094526
29.05 0.406280777131
29.12 0.347083061534
29.19 0.320355525864
29.26 0.267524898808
29.33 0.209221822702
29.4 0.227407691656
29.47 0.208346085362
29.54 0.164609465367
29.61 0.144976599999
29.68 0.138411988492
29.75 0.191997642361
29.82 0.15163222681
29.89 0.246848869022
29.96 0.159632551652
30.03 0.12409126495
30.1 0.134130742463
30.17 0.144360395585
30.24 0.147295798695
30.31 0.225818470417
30.38 0.176191243089
30.45 0.14098956049
30.52 0.17944030751
30.59 0.191801237572
30.66 0.133879386776
30.73 0.178445078217
30.8 0.202715689782
30.87 0.135970097132
30.94 0.12982896031
31.01 0.208444468286
31.08 0.101836949761
31.15 0.182364819916
31.22 0.273366259415
31.29 0.251702442563
31.36 0.177868622479
31.43 0.248254228571
31.5 0.276058298942
31.57 0.257842866479
31.64 0.287840364675
31.71 0.290429053039
31.78 0.226193775104
31.85 0.296255799986
31.92 0.247020126821
31.99 0.174710333884
32.06 0.290535515569
32.13 0.386959642517
32.2 0.304542681881
32.27 0.282290191327
32.34 0.195322319071
32.41 0.189952839861
32.48 0.155856608883
32.55 0.12684126174
32.62 0.345110874167
32.69 0.420154667712
32.76 0.374731265147
32.83 0.286736696241
32.9 0.212327656492
32.97 0.269180956402
33.04 0.21987915242
33.11 0.438295105002
33.18 0.367355939073
33.25 0.397058278366
33.32 0.395447140322
33.39 0.356024459652
33.46 0.239601356747
33.53 0.263150119277
33.6 0.551963135113
33.67 0.624097553079
33.74 0.603852535074
33.81 0.470510136285
33.88 0.396720936405
33.95 0.362644668647
34.02 0.375217544674
34.09 0.454358402026
34.16 0.389094518069
34.23 0.378011084018
34.3 0.412707480858
34.37 0.314633449048
34.44 0.289840975269
34.51 0.432524518315
34.58 0.52991852401
34.65 0.446716596334
34.72 0.424670470074
34.79 0.429470031285
34.86 0.311577348308
34.93 0.288598624437
35.0 0.36773483224
35.07 0.374303127097
35.14 0.3318125901
35.21 0.318358420853
35.28 0.293991263894
35.35 0.234441300697
35.42 0.307788705857
35.49 0.497527347743
35.56 0.451254842352
35.63 0.456142735796
35.7 0.412498259412
35.77 0.267410417463
35.84 0.232223012335
35.91 0.349800292262
35.98 0.421669439971
36.05 0.308680291088
36.12 0.293190378041
36.19 0.287491825294
36.26 0.229871998118
36.33 0.268778192846
36.4 0.576031926932
36.47 0.626467528394
36.54 0.487068849828
36.61 0.391984495041
36.68 0.359928239248
36.75 0.342016121742
36.82 0.509710192132
36.89 0.376230727419
36.96 0.230859933476
37.03 0.26967060059
37.1 0.451458549366
37.17 0.378764188564
37.24 0.416071372024
37.31 0.568682432202
37.38 0.529587153331
37.45 0.456635976753
37.52 0.50458439151
37.59 0.421208336908
37.66 0.290968931337
37.73 0.461004693816
37.8 0.504713263616
37.87 0.444659270997
37.94 0.4693176889
38.01 0.423752056905
38.08 0.325854732852
38.15 0.254299826727
38.22 0.456149903545
38.29 0.465820051338
38.36 0.423536388907
38.43 0.456763239754
38.5 0.35025038304
38.57 0.221399019103
38.64 0.250168918287
38.71 0.500056354605
38.78 0.485102739666
38.85 0.402696630128
38.92 0.500084386379
38.99 0.445314513022
39.06 0.390823007504
39.13 0.462051880537
39.2 0.427284357008
39.27 0.449265267991
39.34 0.43359023876
39.41 0.492587041863
39.48 0.437600283777
39.55 0.398546343346
39.62 0.427801039138
39.69 0.390715415746
39.76 0.264338548044
39.83 0.317332984224
39.9 0.351928332571
39.97 0.250716266444
40.04 0.462089192068
40.11 0.63505281964
40.18 0.63801838219
40.25 0.511781670595
40.32 0.468635719333
40.39 0.451502511006
40.46 0.426712052523
40.53 0.485432644006
40.6 0.472157675846
40.67 0.409896923868
40.74 0.397047860169
40.81 0.437635860938
40.88 0.318357067805
40.95 0.314031499999
41.02 0.578397903893
41.09 0.667303549664
41.16 0.467036987149
41.23 0.420905773541
41.3 0.376815769349
41.37 0.317927540784
41.44 0.38711534164
41.51 0.40675458356
41.58 0.384418679275
41.65 0.380132763433
41.72 0.350517246744
41.79 0.267927130909
41.86 0.261953506824
41.93 0.311518315238
42.0 0.363831235015
42.07 0.306455604068
42.14 0.313759712267
42.21 0.313826646256
42.28 0.217036811225
42.35 0.205997189601
42.42 0.321525237614
42.49 0.32434596227
42.56 0.251048020288
42.63 0.342424783817
42.7 0.282418084339
42.77 0.189317320658
42.84 0.44224018251
42.91 0.498614918677
42.98 0.538999847048
43.05 0.483946726035
43.12 0.411583459592
43.19 0.383307764801
43.26 0.280973210986
43.33 0.388452227176
43.4 0.52433925874
43.47 0.457561612014
43.54 0.379066385346
43.61 0.360603678446
43.68 0.301530677255
43.75 0.3517897257
43.82 0.476755177833
43.89 0.494395115232
43.96 0.489576823189
44.03 0.460536797879
44.1 0.388677689808
44.17 0.349970869392
44.24 0.443409209907
44.31 0.398654434323
44.38 0.28653785707
44.45 0.404641790606
44.52 0.491331463578
44.59 0.283972094081
44.66 0.354060883348
44.73 0.582425869203
44.8 0.593313910718
44.87 0.503487756349
44.94 0.406094108949
45.01 0.362329384415
45.08 0.321901380472
45.15 0.420329526886
45.22 0.393405497083
45.29 0.30181926342
45.36 0.309388150947
45.43 0.31622130987
45.5 0.288207453438
45.57 0.305420402279
45.64 0.412748879167
45.71 0.379737901716
45.78 0.417563527466
45.85 0.336957241293
45.92 0.307429453538
45.99 0.271323426157
46.06 0.376783505269
46.13 0.398797088365
46.2 0.373742710832
46.27 0.391003660194
46.34 0.451436436373
46.41 0.402692755197
46.48 0.365953737865
46.55 0.448615407764
46.62 0.364551765082
46.69 0.343685892192
46.76 0.32727685307
46.83 0.29893732921
46.9 0.276236270404
46.97 0.458274346163
47.04 0.463067402794
47.11 0.354737024399
47.18 0.290351659406
47.25 0.201319446961
47.32 0.202175477137
47.39 0.14867086617
47.46 0.184058194567
47.53 0.368064826844
47.6 0.326845269305
47.67 0.278565388078
47.74 0.332514710786
47.81 0.239633737803
47.88 0.269507941878
47.95 0.28914175963
48.02 0.511772398206
48.09 0.489941612046
48.16 0.384912838536
48.23 0.384629363376
48.3 0.307939785826
48.37 0.192103313694
48.44 0.354595526297
48.51 0.553240253487
48.58 0.487788236849
48.65 0.469337242246
48.72 0.420731205425
48.79 0.415760218781
48.86 0.327715018784
48.93 0.366889836455
49.0 0.41878683154
49.07 0.35308235117
49.14 0.388277601953
49.21 0.349212912662
49.28 0.285461622637
49.35 0.312370398638
49.42 0.516781878111
49.49 0.419403243194
49.56 0.426936761722
49.63 0.374304101586
49.7 0.325837519018
49.77 0.24687027924
49.84 0.336672439796
49.91 0.428805382395
49.98 0.317633127025
50.05 0.312274016273
50.12 0.300261862306
50.19 0.233177173983
50.26 0.19342460279
50.33 0.418884844194
50.4 0.417529458093
50.47 0.458086984416
50.54 0.369358881811
50.61 0.344021809262
50.68 0.244172133035
50.75 0.291322955676
50.82 0.407999586146
50.89 0.365826137753
50.96 0.274983967435
51.03 0.316906688309
51.1 0.262345989424
51.17 0.250367999699
51.24 0.470290690988
51.31 0.565399099457
51.38 0.517667596141
51.45 0.367813897611
51.52 0.352241512163
51.59 0.382266302516
51.66 0.37163341425
51.73 0.358008524187
51.8 0.319095852511
51.87 0.228680235087
51.94 0.520773111242
52.01 0.568484145671
52.08 0.421966026529
52.15 0.540348898045
52.22 0.479810936857
52.29 0.36270917286
52.36 0.503005562678
52.43 0.52821398694
52.5 0.298079514926
52.57 0.351298815045
52.64 0.638394719394
52.71 0.650458045118
52.78 0.499006039017
52.85 0.459392080222
52.92 0.364202955828
52.99 0.306688085236
53.06 0.450416337331
53.13 0.502054792401
53.2 0.389026009975
53.27 0.393637199028
53.34 0.440532715523
53.41 0.224119957129
53.48 0.252619264127
53.55 0.379111571084
53.62 0.367878297742
53.69 0.329092590642
53.76 0.476791947776
53.83 0.506316842458
53.9 0.510600656423
53.97 0.509581950957
54.04 0.417304058093
54.11 0.402097480204
54.18 0.442251675593
54.25 0.549554388374
54.32 0.445237604791
54.39 0.408787360601
54.46 0.457079078469
54.53 0.442728908393
54.6 0.365341457199
54.67 0.37974177849
54.74 0.414272641046
54.81 0.279379287697
54.88 0.357684448363
54.95 0.582049669238
55.02 0.557216593874
55.09 0.474265889251
55.16 0.476251106041
55.23 0.40617630595
55.3 0.369825009298
55.37 0.391530999997
55.44 0.483993150609
55.51 0.44450789168
55.58 0.475123833406
55.65 0.449965254564
55.72 0.306105496109
55.79 0.22790395832
55.86 0.510348878887
55.93 0.552980207526
56.0 0.437551624692
56.07 0.505364834266
56.14 0.413613805014
56.21 0.371610716379
56.28 0.275559813426
56.35 0.411820730312
56.42 0.397586113704
56.49 0.359363155012
56.56 0.30368665631
56.63 0.287128616989
56.7 0.259422704801
56.77 0.319391056547
56.84 0.380018087743
56.91 0.306540939147
56.98 0.293625059356
57.05 0.303732650746
57.12 0.245633611396
57.19 0.210450499363
57.26 0.337441429076
57.33 0.389175430181
57.4 0.290593405594
57.47 0.336181227031
57.54 0.286666440882
57.61 0.19596514142
57.68 0.409232538403
57.75 0.552105540467
57.82 0.489712180533
57.89 0.461703132995
57.96 0.452967472845
58.03 0.394768026064
58.1 0.240386255629
58.17 0.373787850517
58.24 0.404225000109
58.31 0.338634466865
58.38 0.34517700038
58.45 0.402959371133
58.52 0.274783885744
58.59 0.421792844619
58.66 0.508883943758
58.73 0.468936990441
58.8 0.517591072916
58.87 0.396259661102
58.94 0.396220337038
59.01 0.324595599245
59.08 0.384454773154
59.15 0.374547534249
59.22 0.344876842842
59.29 0.377446219917
59.36 0.416665503051
59.43 0.27851927114
59.5 0.336877783547
59.57 0.555857116391
59.64 0.577470350969
59.71 0.557848514466
59.78 0.443667309652
59.85 0.357234907463
59.92 0.338371537962
59.99 0.339338229815
60.06 0.381561894818
60.13 0.303106775122
60.2 0.272373786878
60.27 0.290848190416
60.34 0.231429672789
60.41 0.2985293957
60.48 0.408632143195
60.55 0.449280450871
60.62 0.36168400334
60.69 0.355067440852
60.76 0.297633108419
60.83 0.296259183989
60.9 0.315094878169
60.97 0.350559637963
61.04 0.355608134295
61.11 0.304166325334
61.18 0.346745437726
61.25 0.329931500012
61.32 0.298235640504
61.39 0.306326588275
61.46 0.281315698031
61.53 0.264708866992
61.6 0.263687099896
61.67 0.238331734022
61.74 0.19109359048
61.81 0.310612132005
61.88 0.324845775966
61.95 0.291488781939
62.02 0.205363065816
62.09 0.167152139031
62.16 0.125666204113
62.23 0.119849678254
62.3 0.0976083528828
62.37 0.0734879352199
62.44 0.0869812369486
62.51 0.0691740631319
62.58 0.0450768029527
62.65 0.0730437669075
62.72 0.0992718554671
62.79 0.0901263542758
62.86 0.105350774168
62.93 0.132807767813
63.0 0.0996247597879
63.07 0.0854325104508
63.14 0.105411187918
63.21 0.0890125540973
63.28 0.0839586078077
63.35 0.0806349037458
63.42 0.128078542094
63.49 0.136507943555
63.56 0.0858313769702
63.63 0.133737650117
63.7 0.0955554090649
63.77 0.0945496989426
63.84 0.107988187012
63.91 0.118682917604
63.98 0.110262226681
64.05 0.155421152028
64.12 0.178132785612
64.19 0.162750744329
64.26 0.104116609785
64.33 0.12111571342
64.4 0.106910459529
64.47 0.0831728477278
64.54 0.180443476406
64.61 0.155524039894
64.68 0.123032207508
64.75 0.125353792691
64.82 0.14318796208
64.89 0.0944106499593
64.96 0.0940479823211
65.03 0.0840650887586
65.1 0.0945147250815
65.17 0.132640471526
65.24 0.160909959241
65.31 0.157328671233
65.38 0.113184118649
65.45 0.113854130916
65.52 0.147279654221
65.59 0.108467619322
65.66 0.113300696344
65.73 0.146346342782
65.8 0.139990578767
65.87 0.116180825261
65.94 0.126791695403
66.01 0.13880401332
66.08 0.137827513018
66.15 0.127095964587
66.22 0.117854883281
66.29 0.106587978995
66.36 0.111859121334
66.43 0.123381028736
66.5 0.156779163172
66.57 0.109484590418
66.64 0.0833337757528
66.71 0.132121692126
66.78 0.156465132513
66.85 0.181904665552
66.92 0.150071406693
66.99 0.116152482166
67.06 0.100789553958
67.13 0.124480912502
67.2 0.136682758517
67.27 0.0869778989993
67.34 0.0879474194511
67.41 0.126677083267
67.48 0.101078245124
67.55 0.0799673479663
67.62 0.10330099698
67.69 0.124624599062
67.76 0.153670987107
67.83 0.108729683342
67.9 0.108280436263
67.97 0.11325600614
68.04 0.0999142053082
68.11 0.132377319725
68.18 0.117914431228
68.25 0.0975474260975
68.32 0.124577006573
68.39 0.124388398622
68.46 0.0916726509969
68.53 0.0888611453068
68.6 0.153060518181
68.67 0.13330485607
68.74 0.0649171489485
68.81 0.0975895769181
68.88 0.139590766311
68.95 0.143575870657
69.02 0.149701731572
69.09 0.0897361246081
69.16 0.108929860825
69.23 0.162294684111
69.3 0.196667034603
69.37 0.138980219095
69.44 0.0716726305492
69.51 0.124991627034
69.58 0.169643767125
69.65 0.1090696964
69.72 0.127792915321
69.79 0.122728023063
69.86 0.0949282209189
69.93 0.100632840738
70.0 0.100987579826
70.07 0.0772580181567
70.14 0.0646588594636
70.21 0.102760911442
70.28 0.123112725403
70.35 0.0897525150076
70.42 0.0856551831693
70.49 0.129810235925
70.56 0.156164274043
70.63 0.100049455808
70.7 0.0904162621721
70.77 0.0868707631692
70.84 0.105612287389
70.91 0.0990592380445
70.98 0.103020450816
71.05 0.0841347850293
71.12 0.119403971758
71.19 0.126273024689
71.26 0.14831924766
71.33 0.10754014561
71.4 0.141096592239
71.47 0.176322985242
71.54 0.144842192276
71.61 0.124461033099
71.68 0.13083587611
71.75 0.115102556189
71.82 0.126941620354
71.89 0.154328205743
71.96 0.129033643231
72.03 0.0925930665672
72.1 0.155219636235
72.17 0.142941799372
72.24 0.129963472113
72.31 0.105971576551
72.38 0.153530198226
72.45 0.126743706856
72.52 0.102453571419
72.59 0.127040223413
72.66 0.1400383131
72.73 0.126369586662
72.8 0.14684036112
72.87 0.133601705132
72.94 0.114806510298
73.01 0.144376735326
73.08 0.203178197473
73.15 0.187620051732
73.22 0.16225406779
73.29 0.204931112703
73.36 0.170690347784
73.43 0.122799702392
73.5 0.13098620633
73.57 0.131845331293
73.64 0.156785816044
73.71 0.113344134817
73.78 0.146902824246
73.85 0.116608560805
73.92 0.101814026229
73.99 0.149467715905
74.06 0.108218596699
74.13 0.100180122155
74.2 0.157255280559
74.27 0.164178744643
74.34 0.118539419864
74.41 0.119189237722
74.48 0.151385675412
74.55 0.143930979093
74.62 0.170421144568
74.69 0.159131445698
74.76 0.108961121862
74.83 0.103441130981
74.9 0.160992054925
74.97 0.152919977989
75.04 0.115602695022
75.11 0.104588336443
75.18 0.131636294982
75.25 0.123368469057
75.32 0.142837754646
75.39 0.206187842323
75.46 0.185457291777
75.53 0.139289094538
75.6 0.131662336328
75.67 0.123753418243
75.74 0.176594445995
75.81 0.148817081981
75.88 0.154384187316
75.95 0.0882854070807
76.02 0.0804479739799
76.09 0.146519654562
76.16 0.174455009316
76.23 0.182105962132
76.3 0.189724584551
76.37 0.179986795389
76.44 0.157118390559
76.51 0.194900021511
76.58 0.185338965896
76.65 0.15391128814
76.72 0.19463716353
76.79 0.218039419192
76.86 0.200781548958
76.93 0.179952905625
77.0 0.21749949484
77.07 0.21726243965
77.14 0.195977896365
77.21 0.216019536177
77.28 0.191902182906
77.35 0.163862807373
77.42 0.156657315128
77.49 0.205447606934
77.56 0.189828981126
77.63 0.225746092918
77.7 0.190944000798
77.77 0.162807663548
77.84 0.126271469927
77.91 0.157413230773
77.98 0.206101378015
78.05 0.169137507798
78.12 0.134667808741
78.19 0.115252518904
78.26 0.133385407123
78.33 0.125234980485
78.4 0.119521033935
78.47 0.161220692478
78.54 0.159141768104
78.61 0.148299253123
78.68 0.15778247115
78.75 0.130930109623
78.82 0.140055144691
78.89 0.162611559027
78.96 0.169151250127
79.03 0.18476723063
79.1 0.157705319757
79.17 0.134449998339
79.24 0.142363634133
79.31 0.110595341862
79.38 0.141638434253
79.45 0.140044482411
79.52 0.11170723451
79.59 0.18591690271
79.66 0.143459199934
79.73 0.124073495712
79.8 0.143740795195
79.87 0.156412966002
79.94 0.119442861078
80.01 0.115419733216
80.08 0.117647433048
80.15 0.138859565676
80.22 0.172462965572
80.29 0.149880648049
80.36 0.146528302467
80.43 0.124694786261
80.5 0.156884220152
80.57 0.140966160765
80.64 0.10906123363
80.71 0.13995658308
80.78 0.142082865991
80.85 0.107810773718
80.92 0.1004891551
80.99 0.151271066959
81.06 0.132835253394
81.13 0.158085260178
81.2 0.138742981533
81.27 0.106976340737
81.34 0.0928279977755
81.41 0.117764225352
81.48 0.146402136457
81.55 0.0948487079087
81.62 0.105791909404
81.69 0.162814269446
81.76 0.152790915222
81.83 0.128516688466
81.9 0.149509128029
81.97 0.161629738638
82.04 0.128332532035
82.11 0.116265381117
82.18 0.0999577027297
82.25 0.115343127095
82.32 0.114705896548
82.39 0.125483416388
82.46 0.113090369617
82.53 0.13375514764
82.6 0.18192384126
82.67 0.179351266055
82.74 0.162181489498
82.81 0.159185932378
82.88 0.143965732819
82.95 0.141554367485
83.02 0.120457034891
83.09 0.159654916097
83.16 0.14488515732
83.23 0.141384228783
83.3 0.129243294816
83.37 0.120001645211
83.44 0.123797525412
83.51 0.132106904384
83.58 0.112666796378
83.65 0.105210860302
83.72 0.136768506235
83.79 0.158170535387
83.86 0.136930895073
83.93 0.142579497398
84.0 0.148488428452
84.07 0.101353507123
84.14 0.0915650795019
84.21 0.154314377754
84.28 0.121656173833
84.35 0.0850639111367
84.42 0.133750250323
84.49 0.137803556968
84.56 0.111096266366
84.63 0.103743899746
84.7 0.115660610837
84.77 0.127718238837
84.84 0.10856923243
84.91 0.0990887205001
84.98 0.0658772699045
85.05 0.0579257542812
85.12 0.129349282075
85.19 0.098230264232
85.26 0.0843257905197
85.33 0.118463696126
85.4 0.142813817017
85.47 0.13401499465
85.54 0.121828909025
85.61 0.146425039726
85.68 0.120504544483
85.75 0.103719369871
85.82 0.109950281319
85.89 0.122099082125
85.96 0.111020929476
86.03 0.126761529515
86.1 0.156708164512
86.17 0.126589011696
86.24 0.111086923055
86.31 0.1525467936
86.38 0.163021727047
86.45 0.150220614132
86.52 0.164237655211
86.59 0.149170543548
86.66 0.168210323301
86.73 0.134343393044
86.8 0.139630655911
86.87 0.119064793188
86.94 0.14395489001
87.01 0.150651798153
87.08 0.0865567629054
87.15 0.103120804825
87.22 0.136520824686
87.29 0.132491881203
87.36 0.118958018416
87.43 0.151689727223
87.5 0.175402520855
87.57 0.119980700132
87.64 0.120586035947
87.71 0.14222148852
87.78 0.104559767686
87.85 0.100554575775
87.92 0.118135596158
87.99 0.103252942116
88.06 0.0669538285532
88.13 0.142637618611
88.2 0.11804419677
88.27 0.0959740241965
88.34 0.0979835000672
88.41 0.114851312872
88.48 0.117039302713
88.55 0.097114645866
88.62 0.130130149443
88.69 0.121373811323
88.76 0.122777115049
88.83 0.108318896365
88.9 0.103737568326
88.97 0.0798192163346
89.04 0.18381504283
89.11 0.192636402802
89.18 0.147312217648
89.25 0.112542570137
89.32 0.159373322678
89.39 0.148042282607
89.46 0.155273309612
89.53 0.155433063276
89.6 0.133430747601
89.67 0.118472585351
89.74 0.131131220147
89.81 0.149354666821
89.88 0.14869588329
89.95 0.211100993285
90.02 0.174196858912
90.09 0.175496712921
90.16 0.133450204235
90.23 0.151674504738
90.3 0.12583468213
90.37 0.142215854349
90.44 0.177331206195
90.51 0.131914004258
90.58 0.107078517539
90.65 0.114147682556
90.72 0.120219429823
90.79 0.115277526812
90.86 0.130235234976
90.93 0.156561345401
91.0 0.153717472472
91.07 0.127525953983
91.14 0.149085946244
91.21 0.14215488151
91.28 0.131510790299
91.35 0.181344729163
91.42 0.153691379545
91.49 0.124475195435
91.56 0.12939832985
91.63 0.136323250141
91.7 0.12737762248
91.77 0.173309315327
91.84 0.19709070179
91.91 0.136875841015
91.98 0.114578138934
92.05 0.081416967581
92.12 0.0723277740205
92.19 0.0823343381015
92.26 0.183894926109
92.33 0.262894339702
92.4 0.187877790418
92.47 0.234348365889
92.54 0.188155286007
92.61 0.209651906968
92.68 0.409956400893
92.75 0.390423258602
92.82 0.307301961191
92.89 0.23297382987
92.96 0.25233033072
93.03 0.253625238596
93.1 0.221254111209
93.17 0.335528443335
93.24 0.288345161347
93.31 0.207040550208
93.38 0.211693729815
93.45 0.186132237282
93.52 0.290929419375
93.59 0.255021170096
93.66 0.254799339233
93.73 0.169441170919
93.8 0.137698890521
93.87 0.332543354149
93.94 0.230850639903
94.01 0.142808792593
94.08 0.223714563924
94.15 0.19996950437
94.22 0.0884531114007
94.29 0.0877071994721
94.36 0.249720093978
94.43 0.153189727398
94.5 0.0657882183174
94.57 0.157265567043
94.64 0.320319898044
94.71 0.135028508979
94.78 0.112056838645
94.85 0.272740704322
94.92 0.25007048931
94.99 0.136245485318
95.06 0.30158438287
95.13 0.532608472714
95.2 0.33167443271
95.27 0.328075306383
95.34 0.515907410002
95.41 0.477910642508
95.48 0.38590960417
95.55 0.405096650672
95.62 0.715991661906
95.69 0.500686410035
95.76 0.409730487858
95.83 0.390664040433
95.9 0.349012158591
95.97 0.257246056066
96.04 0.213768344514
96.11 0.249558399624
96.18 0.20241494184
96.25 0.187028792594
96.32 0.232215793927
96.39 0.191509350302
96.46 0.186557689499
96.53 0.264995661679
96.6 0.264698714983
96.67 0.203460156555
96.74 0.183102129072
96.81 0.208638671723
96.88 0.179102402776
96.95 0.172939948763
97.02 0.296408146424
97.09 0.318476187646
97.16 0.225672126578
97.23 0.200031409329
97.3 0.196233497253
97.37 0.211646317856
97.44 0.200190528377
97.51 0.229117101175
97.58 0.180124189214
97.65 0.126520402285
97.72 0.244240909159
97.79 0.225853179011
97.86 0.11689639722
97.93 0.151984410856
98.0 0.206210454535
98.07 0.105129563183
98.14 0.0724728440232
98.21 0.194684314827
98.28 0.144661900645
98.35 0.0697336191198
98.42 0.133042476123
98.49 0.311193347821
98.56 0.162671432111
98.63 0.0997781212419
98.7 0.282988974986
98.77 0.26227246059
98.84 0.165202189923
98.91 0.234772880459
98.98 0.569116319556
99.05 0.498438030391
99.12 0.431710413298
99.19 0.542764608976
99.26 0.563816649908
99.33 0.463231899956
99.4 0.529710404161
99.47 0.764324061491
99.54 0.550556206986
99.61 0.444702766576
99.68 0.469166631037
99.75 0.310812107774
99.82 0.274217289115
99.89 0.237109817077
99.96 0.31575351525
100.03 0.316360590962
100.1 0.201557611117
100.17 0.285407379119
100.24 0.229853777557
100.31 0.254717677372
100.38 0.361473179237
100.45 0.556188231013
100.52 0.453519717397
100.59 0.344721894389
100.66 0.290156742141
100.73 0.292400904216
100.8 0.325574331295
100.87 0.385278413064
100.94 0.268351904299
101.01 0.182610457615
101.08 0.311477989052
101.15 0.330396675115
101.22 0.199593670069
101.29 0.237956075645
101.36 0.610695185599
101.43 0.435946048055
101.5 0.345776691892
101.57 0.487194984521
101.64 0.446872709938
101.71 0.322806622374
101.78 0.430129040478
101.85 0.549105125637
101.92 0.321807077878
101.99 0.304969944917
102.06 0.506328621071
102.13 0.453328271637
102.2 0.347282710323
102.27 0.598573415367
102.34 0.608029436107
102.41 0.379700433604
102.48 0.371387487336
102.55 0.529079580561
102.62 0.404739744312
102.69 0.42912148822
102.76 0.552636302958
102.83 0.461913672489
102.9 0.324173403003
102.97 0.474220094687
103.04 0.548109678051
103.11 0.350826124029
103.18 0.38912514449
103.25 0.492965421995
103.32 0.351003951804
103.39 0.333640739981
103.46 0.428529099853
103.53 0.414781296991
103.6 0.424142118939
103.67 0.685161547996
103.74 0.628045102732
103.81 0.622482404706
103.88 0.525653509037
103.95 0.426841532534
104.02 0.368149234408
104.09 0.350580681596
104.16 0.503856447769
104.23 0.482342905873
104.3 0.370830047041
104.37 0.242940682117
104.44 0.197377228447
104.51 0.278425550661
104.58 0.343580660209
104.65 0.266750583915
104.72 0.197132416946
104.79 0.224530256862
104.86 0.373206738782
104.93 0.218246939426
105.0 0.160466842788
105.07 0.52596884577
105.14 0.509886799492
105.21 0.367596238264
105.28 0.638335365792
105.35 0.59012924827
105.42 0.461234921132
105.49 0.371747027949
105.56 0.550898078758
105.63 0.450304504056
105.7 0.321926755887
105.77 0.547336928973
105.84 0.469779234076
105.91 0.326042594738
105.98 0.538479738546
106.05 0.671974795093
106.12 0.309627470122
106.19 0.501417755278
106.26 0.639294238701
106.33 0.402792421168
106.4 0.394891710717
106.47 0.60795383303
106.54 0.437407266675
106.61 0.353742414064
106.68 0.612759857372
106.75 0.501247478416
106.82 0.36666457001
106.89 0.461781669674
106.96 0.551155566914
107.03 0.413693169732
107.1 0.398663251704
107.17 0.503784536331
107.24 0.349853764847
107.31 0.583928863769
107.38 0.60012438098
107.45 0.570971641855
107.52 0.470875651865
107.59 0.444250195363
107.66 0.401198107346
107.73 0.353281828641
107.8 0.429452765871
107.87 0.566034334972
107.94 0.459280092207
108.01 0.303054549663
108.08 0.30103116567
108.15 0.276299443673
108.22 0.314433432753
108.29 0.413478048848
108.36 0.322329839975
108.43 0.152209487561
108.5 0.334666453851
108.57 0.304802445074
108.64 0.200369481697
108.71 0.455710757815
108.78 0.690815931863
108.85 0.553715712311
108.92 0.501308726654
108.99 0.849855580271
109.06 0.787102227479
109.13 0.573854592002
109.2 0.531127765222
109.27 0.456206857765
109.34 0.449019947139
109.41 0.368401377608
109.48 0.34415330549
109.55 0.307275731025
109.62 0.36496994639
109.69 0.517094760199
109.76 0.464417345385
109.83 0.374292990747
109.9 0.284053433568
109.97 0.269866266683
110.04 0.314447541668
110.11 0.37434411553
110.18 0.291934053691
110.25 0.205185700417
110.32 0.266878957724
110.39 0.434520271198
110.46 0.170961399582
110.53 0.468317845058
110.6 0.699538939306
110.67 0.602390317095
110.74 0.479351349872
110.81 0.706593313819
110.88 0.727639805318
110.95 0.575340734714
111.02 0.552094554893
111.09 0.421148333953
111.16 0.392727570081
111.23 0.332236073995
111.3 0.283572258598
111.37 0.28010637116
111.44 0.630943513921
111.51 0.892540185308
111.58 0.971177501404
111.65 0.750835500498
111.72 0.6382508652
111.79 0.69213370248
111.86 0.519869641475
111.93 0.622248120087
112.0 0.696616409959
112.07 0.636961245174
112.14 0.501468295183
112.21 0.492833898135
112.28 0.585521140189
112.35 0.513188565564
112.42 0.520125345522
112.49 0.706668211359
112.56 0.598461509327
112.63 0.428543178373
112.7 0.439800731059
112.77 0.514009325295
112.84 0.478977756529
112.91 0.423375561278
112.98 0.579269518534
113.05 0.61034859704
113.12 0.524255687505
113.19 0.386598245031
113.26 0.29244160896
113.33 0.359418453153
113.4 0.40816821706
113.47 0.408541982643
113.54 0.390612155769
113.61 0.466892362022
113.68 0.351700546084
113.75 0.280751152619
113.82 0.35376686749
113.89 0.409812285116
113.96 0.490630352382
114.03 0.402387223229
114.1 0.374083118106
114.17 0.302748089259
114.24 0.254869121163
114.31 0.321851096624
114.38 0.31523929053
114.45 0.276332346974
114.52 0.277773119734
114.59 0.212011789224
114.66 0.291294746136
114.73 0.278604864118
114.8 0.188002333507
114.87 0.185839638026
114.94 0.319852503168
115.01 0.210467486615
115.08 0.163394751171
115.15 0.210853118312
115.22 0.254250937375
115.29 0.150767331358
115.36 0.155356132939
115.43 0.167259506971
115.5 0.165910192548
115.57 0.128685351618
115.64 0.120386676373
115.71 0.156571642017
115.78 0.109703040041
115.85 0.104530743001
115.92 0.10881318826
115.99 0.177251026332
116.06 0.133690655402
116.13 0.105112692908
116.2 0.105094640902
116.27 0.0808791091846
116.34 0.112832902645
116.41 0.113380610939
116.48 0.144549360911
116.55 0.11834156992
116.62 0.0936276015027
116.69 0.115754690533
116.76 0.100452096863
116.83 0.117917394302
116.9 0.125141450667
116.97 0.122474758002
117.04 0.113119564699
117.11 0.125364277204
117.18 0.122533688834
117.25 0.0959287067453
117.32 0.112449977965
117.39 0.140749471303
117.46 0.135518446066
117.53 0.0824428260589
117.6 0.10931071955
117.67 0.101923273146
117.74 0.122419274727
117.81 0.127936598195
117.88 0.147094073819
117.95 0.132629266738
118.02 0.107970565145
118.09 0.0718023454325
118.16 0.0861139052723
118.23 0.161525627594
118.3 0.129554095291
118.37 0.153857671868
118.44 0.123855532412
118.51 0.134792824337
118.58 0.12576000104
118.65 0.173847141486
118.72 0.153214968337
118.79 0.143536192903
118.86 0.116112375195
118.93 0.159895854508
119.0 0.129639269183
119.07 0.13031831344
119.14 0.15870810549
119.21 0.131939443226
119.28 0.120317250896
119.35 0.126742749866
119.42 0.125461969327
119.49 0.142222020897
119.56 0.122290217486
119.63 0.119456134584
119.7 0.12142773431
119.77 0.109434347097
119.84 0.112417393354
119.91 0.160528134316
119.98 0.108607340685
120.05 0.110434943451
120.12 0.101033939926
120.19 0.101274891232
120.26 0.123987997604
120.33 0.113133163342
120.4 0.0907015822303
120.47 0.091300638206
120.54 0.14476368323
120.61 0.170048252157
120.68 0.14206951051
120.75 0.137048533838
120.82 0.135602035722
120.89 0.0951611644631
120.96 0.123250213177
121.03 0.143331533506
121.1 0.117620518529
121.17 0.108615900167
121.24 0.103650407691
121.31 0.0989874196339
121.38 0.139504026604
121.45 0.13276673609
121.52 0.117572404716
121.59 0.100972243128
121.66 0.116275841682
121.73 0.123379586344
121.8 0.117681404787
121.87 0.15619441322
121.94 0.190017882898
122.01 0.163391128611
122.08 0.162889887261
122.15 0.14514059518
122.22 0.134184836768
122.29 0.108435147081
122.36 0.117977505943
122.43 0.103847650652
122.5 0.102047755444
122.57 0.101543621941
122.64 0.115320443961
122.71 0.0831848473976
122.78 0.115150792504
122.85 0.133826647361
122.92 0.11205353017
122.99 0.0697941922151
123.06 0.0941553576288
123.13 0.0954431990729
123.2 0.0894726928024
123.27 0.1223310346
123.34 0.117455352672
123.41 0.132607617963
123.48 0.121959874718
123.55 0.144725876164
123.62 0.118534358597
123.69 0.121272361244
123.76 0.170947187508
123.83 0.142599836415
123.9 0.129174947909
123.97 0.128488493663
124.04 0.140376821133
124.11 0.14090056693
124.18 0.130257826925
124.25 0.143133330792
124.32 0.143854764426
124.39 0.150298617512
124.46 0.142471044441
124.53 0.109977156232
124.6 0.0821041826292
124.67 0.149374653068
124.74 0.138463323278
124.81 0.107671328675
124.88 0.113635609449
124.95 0.101734789539
125.02 0.0829104189648
125.09 0.152849219728
125.16 0.131695358447
125.23 0.134741343101
125.3 0.109768947039
125.37 0.108146678813
125.44 0.111242241778
125.51 0.107779628735
125.58 0.157816158279
125.65 0.15262024138
125.72 0.124173063129
125.79 0.115961741943
125.86 0.122744597676
125.93 0.0975360739383
126.0 0.111111491614
126.07 0.205855750448
126.14 0.176240145336
126.21 0.117092934643
126.28 0.1013856312
126.35 0.108636381028
126.42 0.0984806813513
126.49 0.14006831688
126.56 0.165540687824
126.63 0.168660168153
126.7 0.139789339294
126.77 0.141096466053
126.84 0.160539760033
126.91 0.166149350536
126.98 0.1909392748
127.05 0.151631637327
127.12 0.109563502892
127.19 0.128752959828
127.26 0.121890408714
127.33 0.090154607106
127.4 0.124904021523
127.47 0.111846771659
127.54 0.118389708601
127.61 0.14237813358
127.68 0.160049462808
127.75 0.136156302939
127.82 0.115460461908
127.89 0.21785521026
127.96 0.235274774846
128.03 0.101555962405
128.1 0.236853480255
128.17 0.187831585979
128.24 0.123525954131
128.31 0.0899626998903
128.38 0.168855723718
128.45 0.168019272678
128.52 0.15818459917
128.59 0.199395658938
128.66 0.176574446852
128.73 0.142668093057
128.8 0.149094824416
128.87 0.24026855331
128.94 0.204155062519
129.01 0.172617886394
129.08 0.183595338712
129.15 0.207191522412
129.22 0.243399367378
129.29 0.208124142129
129.36 0.230011387897
129.43 0.185942095754
129.5 0.195510656228
129.57 0.174630681793
129.64 0.11001430105
129.71 0.155454372177
129.78 0.19423494064
129.85 0.181550756347
129.92 0.170685070066
129.99 0.187377666323
130.06 0.153257608245
130.13 0.15444718282
130.2 0.216768098018
130.27 0.217337958911
130.34 0.18147901899
130.41 0.172421515684
130.48 0.160412048472
130.55 0.150838654234
130.62 0.134016166248
130.69 0.170052108667
130.76 0.140929132923
130.83 0.147957837279
130.9 0.150585650757
130.97 0.142354883069
131.04 0.129923154218
131.11 0.187239522749
131.18 0.148304321758
131.25 0.117846242745
131.32 0.135935547883
131.39 0.175375863314
131.46 0.150850325083
131.53 0.132170769375
131.6 0.120233556238
131.67 0.135681876632
131.74 0.133387194915
131.81 0.12067598097
131.88 0.0930748181255
131.95 0.0871005069243
132.02 0.126677380772
132.09 0.128791330587
132.16 0.112006639535
132.23 0.112150142801
132.3 0.140024750378
132.37 0.125187878926
132.44 0.15338907592
132.51 0.152294105128
132.58 0.132274074485
132.65 0.128793661809
132.72 0.167429490012
132.79 0.135772946278
132.86 0.0941034840177
132.93 0.155886269104
133.0 0.127155878198
133.07 0.136031641033
133.14 0.136088441435
133.21 0.126288237964
133.28 0.129561963051
133.35 0.130917093095
133.42 0.128160667252
133.49 0.157851267537
133.56 0.159570541691
133.63 0.118940666422
133.7 0.130765426405
133.77 0.127525514634
133.84 0.121450183492
133.91 0.112099875532
133.98 0.121000707988
134.05 0.14362484751
134.12 0.173850437066
134.19 0.145327038622
134.26 0.160069284185
134.33 0.154849701372
134.4 0.14003281801
134.47 0.116372398129
134.54 0.146327856032
134.61 0.171133400683
134.68 0.125162586407
134.75 0.159024983169
134.82 0.150743588075
134.89 0.128305263826
134.96 0.152189083148
135.03 0.134281648351
135.1 0.144669272871
135.17 0.126948844288
135.24 0.143076988161
135.31 0.119221890493
135.38 0.0988405480227
135.45 0.119600184965
135.52 0.0991519923237
135.59 0.114090550569
135.66 0.149070125065
135.73 0.160783329935
135.8 0.132802432989
135.87 0.134063664788
135.94 0.164437830851
136.01 0.159617081399
136.08 0.15453899761
136.15 0.173138227004
136.22 0.14755136182
136.29 0.113296954046
136.36 0.109970993368
136.43 0.114192473156
136.5 0.0969525821644
136.57 0.213025403949
136.64 0.197892138442
136.71 0.157050312604
136.78 0.174159616462
136.85 0.160044159301
136.92 0.162616928852
136.99 0.122932019292
137.06 0.12688479232
137.13 0.128363530568
137.2 0.105118795902
137.27 0.0985502081456
137.34 0.0962992808285
137.41 0.0818217538024
137.48 0.134488568049
137.55 0.13499358025
137.62 0.168121371189
137.69 0.112488438068
137.76 0.137522589876
137.83 0.139062880315
137.9 0.108009755654
137.97 0.151592993011
138.04 0.150592292576
138.11 0.134192823346
138.18 0.158743533437
138.25 0.177366843225
138.32 0.143496561203
138.39 0.117621271962
138.46 0.182139047804
138.53 0.219420201892
138.6 0.157152871649
138.67 0.163940159559
138.74 0.149109279652
138.81 0.135184252314
138.88 0.165748343455
138.95 0.209307762001
139.02 0.149407748872
139.09 0.159958374741
139.16 0.176061187411
139.23 0.0920829737562
139.3 0.125932718732
139.37 0.20647318725
139.44 0.173676825018
139.51 0.0957507546261
139.58 0.205241146849
139.65 0.226463950967
139.72 0.109234011191
139.79 0.248116731587
139.86 0.376006131511
139.93 0.212028559104
140.0 0.159831555694
140.07 0.191230323899
140.14 0.178396713874
140.21 0.193639757754
140.28 0.144591849763
140.35 0.146718787554
140.42 0.129162136779
140.49 0.147487654331
140.56 0.145798111321
140.63 0.167129627216
140.7 0.131535064117
140.77 0.228091130326
140.84 0.16930009835
140.91 0.1553823585
140.98 0.152522104381
141.05 0.134458205052
141.12 0.162434889034
141.19 0.195335187307
141.26 0.164337687767
141.33 0.128301930482
141.4 0.155807686372
141.47 0.176959020243
141.54 0.179810564746
141.61 0.149671365813
141.68 0.1683796487
141.75 0.136678633976
141.82 0.147064012012
141.89 0.179396635086
141.96 0.126891196503
142.03 0.201592516819
142.1 0.200041618443
142.17 0.182224597492
142.24 0.16096334064
142.31 0.14905438586
142.38 0.1484118472
142.45 0.129553854892
142.52 0.14695852213
142.59 0.178366593118
142.66 0.15733657123
142.73 0.135533833423
142.8 0.131324715284
142.87 0.140376721657
142.94 0.128202683597
143.01 0.180887252344
143.08 0.148830117852
143.15 0.147527975911
143.22 0.162341723038
143.29 0.152482936899
143.36 0.138780199115
143.43 0.164251609386
143.5 0.184224872818
143.57 0.151167830009
143.64 0.121122738403
143.71 0.150008366058
143.78 0.0979107661152
143.85 0.160670384931
143.92 0.192155533626
143.99 0.165039773453
144.06 0.136900626026
144.13 0.127284520958
144.2 0.0953978125416
144.27 0.0906773535448
144.34 0.12968558415
144.41 0.185680732666
144.48 0.229449118443
144.55 0.21810809584
144.62 0.261997374515
144.69 0.273777888249
144.76 0.224526871017
144.83 0.363602157192
144.9 0.339395173904
144.97 0.260482737653
145.04 0.265880932991
145.11 0.258314162077
145.18 0.251167929484
145.25 0.212021498199
145.32 0.294972955334
145.39 0.292659864238
145.46 0.219891608018
145.53 0.262276481051
145.6 0.243691311755
145.67 0.260228635342
145.74 0.319660842799
145.81 0.314471604561
145.88 0.203403136939
145.95 0.167237759641
146.02 0.306288161331
146.09 0.350293544272
146.16 0.128363292933
146.23 0.194439272138
146.3 0.32266719391
146.37 0.131138638427
146.44 0.0979435809936
146.51 0.333854704925
146.58 0.264608181398
146.65 0.0941915362464
146.72 0.177492007113
146.79 0.326580849194
146.86 0.200614342015
146.93 0.171026263011
147.0 0.272522224304
147.07 0.326193973134
147.14 0.166711142876
147.21 0.225452145219
147.28 0.635420788943
147.35 0.439078802812
147.42 0.39461869336
147.49 0.559776872827
147.56 0.557612517582
147.63 0.386947427317
147.7 0.648662630904
147.77 0.795062741012
147.84 0.619921814433
147.91 0.428884427503
147.98 0.482547451058
148.05 0.367687073959
148.12 0.304901429455
148.19 0.307972359385
148.26 0.390205656361
148.33 0.343354321641
148.4 0.263881638602
148.47 0.336192524847
148.54 0.310882668006
148.61 0.375716206114
148.68 0.407180788289
148.75 0.471722977951
148.82 0.330923637281
148.89 0.354593117705
148.96 0.348610212942
149.03 0.341926883179
149.1 0.239994611201
149.17 0.359971191398
149.24 0.397803775814
149.31 0.339872754868
149.38 0.367854456826
149.45 0.322223124152
149.52 0.322782525401
149.59 0.395007340633
149.66 0.322534174236
149.73 0.256464984221
149.8 0.252602366219
149.87 0.312348734205
149.94 0.244888057762
150.01 0.149740328914
150.08 0.262683023748
150.15 0.177299940552
150.22 0.109602709059
150.29 0.115598200212
150.36 0.216806421802
150.43 0.107964373728
150.5 0.0854072253007
150.57 0.228961213232
150.64 0.314943907807
150.71 0.184300907876
150.78 0.170929853014
150.85 0.413158999291
150.92 0.247171132184
150.99 0.128843083538
151.06 0.468500234881
151.13 0.586407658626
151.2 0.441107552024
151.27 0.47363731674
151.34 0.675938642118
151.41 0.537035786261
151.48 0.462180306847
151.55 0.672631028188
151.62 0.643486677226
151.69 0.55556229552
151.76 0.408484733681
151.83 0.370203147189
151.9 0.387205979306
151.97 0.276918880114
152.04 0.314283398195
152.11 0.287466570539
152.18 0.265397653381
152.25 0.223983850036
152.32 0.368887412131
152.39 0.268316645828
152.46 0.216575541449
152.53 0.491633373908
152.6 0.490221087929
152.67 0.367288455207
152.74 0.245011854786
152.81 0.256318293139
152.88 0.347154079537
152.95 0.330321521518
153.02 0.457145469028
153.09 0.21813117227
153.16 0.234817095392
153.23 0.403251098138
153.3 0.337316356373
153.37 0.187908766846
153.44 0.354394328272
153.51 0.541979151007
153.58 0.396779466572
153.65 0.356679954972
153.72 0.569331600707
153.79 0.436393404183
153.86 0.324105144519
153.93 0.481074917122
154.0 0.610998824773
154.07 0.403396026297
154.14 0.377963469424
154.21 0.668907959309
154.28 0.451378457004
154.35 0.258556032609
154.42 0.550258369618
154.49 0.538533065602
154.56 0.291350384151
154.63 0.363309241089
154.7 0.512799789341
154.77 0.342246917357
154.84 0.362750475377
154.91 0.452103158586
154.98 0.460504361559
155.05 0.39106210286
155.12 0.47964534823
155.19 0.492233700036
155.26 0.319205198904
155.33 0.378558467175
155.4 0.516311401342
155.47 0.411951068758
155.54 0.359537492861
155.61 0.430313540467
155.68 0.430918261009
155.75 0.340373777925
155.82 0.618172145045
155.89 0.650354067629
155.96 0.577954331511
156.03 0.517947281107
156.1 0.456914072877
156.17 0.368236976236
156.24 0.345189695456
156.31 0.455712753768
156.38 0.476348181049
156.45 0.411326141833
156.52 0.327315527781
156.59 0.28074979865
156.66 0.330608059228
156.73 0.325559670661
156.8 0.371468242866
156.87 0.203453150915
156.94 0.17223660582
157.01 0.318641408768
157.08 0.339912764206
157.15 0.1414577088
157.22 0.379389927871
157.29 0.55030046149
157.36 0.441852826573
157.43 0.383985649434
157.5 0.586270148747
157.57 0.418952944255
157.64 0.353872714746
157.71 0.501682211311
157.78 0.496813684236
157.85 0.299554866409
157.92 0.397573274941
157.99 0.639327387006
158.06 0.431759940029
158.13 0.349239762706
158.2 0.59046702037
158.27 0.419664715888
158.34 0.389281828235
158.41 0.490304991669
158.48 0.454553277843
158.55 0.312194244443
158.62 0.358563213253
158.69 0.539187301822
158.76 0.393599283277
158.83 0.323891548001
158.9 0.545899236264
158.97 0.436678096994
159.04 0.34101583763
159.11 0.426192536268
159.18 0.447061061832
159.25 0.341460605557
159.32 0.388453686147
159.39 0.416062326219
159.46 0.43926429387
159.53 0.38944380812
159.6 0.575582259846
159.67 0.562674564662
159.74 0.494263067284
159.81 0.405561249187
159.88 0.368659655119
159.95 0.364943459247
160.02 0.312299156816
160.09 0.533011902202
160.16 0.516380218915
160.23 0.354162167635
160.3 0.261507400585
160.37 0.253025127076
160.44 0.335160147973
160.51 0.388771889243
160.58 0.381289120623
160.65 0.2266610834
160.72 0.154043552538
160.79 0.458962028193
160.86 0.356011369438
160.93 0.164748275794
161.0 0.595301257937
161.07 0.644531885494
161.14 0.546517549001
161.21 0.577199698914
161.28 0.892154636506
161.35 0.748649299371
161.42 0.564467593311
161.49 0.55012807262
161.56 0.470763427136
161.63 0.4317163155
161.7 0.409824413735
161.77 0.364967753328
161.84 0.356334794988
161.91 0.373245616128
161.98 0.599668279315
162.05 0.499025749866
162.12 0.363231676137
162.19 0.258419664854
162.26 0.270601746599
162.33 0.378329591987
162.4 0.404563944728
162.47 0.292225283319
162.54 0.225295218312
162.61 0.253324341441
162.68 0.3609953459
162.75 0.197833758409
162.82 0.439316214455
162.89 0.6903825557
162.96 0.538643454643
163.03 0.466702893794
163.1 0.733110574342
163.17 0.759767855574
163.24 0.523981542761
163.31 0.389079985463
163.38 0.359242322905
163.45 0.364299750831
163.52 0.296548090685
163.59 0.295276069499
163.66 0.294263377684
163.73 0.70147660874
163.8 0.852533191273
163.87 0.828128938313
163.94 0.752053823438
164.01 0.666870302451
164.08 0.615981162655
164.15 0.742455586162
164.22 0.76432379254
164.29 0.752149987509
164.36 0.751900584486
164.43 0.721197514363
164.5 0.572680027146
164.57 0.481011248318
164.64 0.524842282356
164.71 0.551212797454
164.78 0.814105307916
164.85 0.746955160233
164.92 0.677715491292
164.99 0.470949055433
165.06 0.344902465103
165.13 0.418861004199
165.2 0.535823485262
165.27 0.587830147271
165.34 0.534231271475
165.41 0.408485022896
165.48 0.434467782314
165.55 0.41790352026
165.62 0.386162508172
165.69 0.493668710596
165.76 0.513770663762
165.83 0.505267487543
165.9 0.442905221011
165.97 0.377127200755
166.04 0.307415787656
166.11 0.297858592236
166.18 0.403030887434
166.25 0.613046656665
166.32 0.542140441932
166.39 0.539345376379
166.46 0.400863947674
166.53 0.418666499573
166.6 0.400910639358
166.67 0.407502544864
166.74 0.443548098624
166.81 0.323259995836
166.88 0.254728051358
166.95 0.394673872683
167.02 0.44853659845
167.09 0.326690400063
167.16 0.306841975383
167.23 0.419471318385
167.3 0.43112649507
167.37 0.347252614437
167.44 0.29415238258
167.51 0.480722918211
167.58 0.565074277569
167.65 0.507234531668
167.72 0.478917967262
167.79 0.634727166027
167.86 0.806080323329
167.93 0.734622898402
168.0 0.582498628945
168.07 0.611849963158
168.14 0.762136763372
168.21 0.55308418041
168.28 0.486654326079
168.35 0.599492665787
168.42 0.630400615443
168.49 0.522844784971
168.56 0.455904373611
168.63 0.421288660458
168.7 0.541608733505
168.77 0.459675109584
168.84 0.508713529657
168.91 0.529606720493
168.98 0.615483775052
169.05 0.564293351253
169.12 0.588206207234
169.19 0.5550851493
169.26 0.543825873296
169.33 0.448744057893
169.4 0.454886872901
169.47 0.413785429398
169.54 0.432007239334
169.61 0.391198754304
169.68 0.464572893453
169.75 0.435117925309
169.82 0.312761107261
169.89 0.459801689153
169.96 0.525211507075
170.03 0.49316446288
170.1 0.435159502304
170.17 0.528482808833
170.24 0.421864293682
170.31 0.440651148248
170.38 0.55144545731
170.45 0.520435948889
170.52 0.485061108328
170.59 0.452284456944
170.66 0.386902808956
170.73 0.39375584452
170.8 0.357358839884
170.87 0.456796573193
170.94 0.505646657951
171.01 0.518404857401
171.08 0.445220226086
171.15 0.498414957646
171.22 0.46614204739
171.29 0.427862608828
171.36 0.348019896057
171.43 0.527632001111
171.5 0.476573756973
171.57 0.46700515505
171.64 0.405622934932
171.71 0.371427157721
171.78 0.37766467783
171.85 0.326963578607
171.92 0.478161854509
171.99 0.497893493333
172.06 0.484805341647
172.13 0.445381196481
172.2 0.447080891498
172.27 0.477435246317
172.34 0.323956880253
172.41 0.506475858346
172.48 0.514004998119
172.55 0.433078054205
172.62 0.401571437264
172.69 0.426941234426
172.76 0.404286077028
172.83 0.334821156379
172.9 0.472562398513
172.97 0.571802233062
173.04 0.559045733903
173.11 0.577190174153
173.18 0.55674752726
173.25 0.494984336047
173.32 0.452572402045
173.39 0.486966950268
173.46 0.533091068891
173.53 0.448289262302
173.6 0.423983780035
173.67 0.395903602124
173.74 0.353631968837
173.81 0.312857020803
173.88 0.408732376544
173.95 0.63195592389
174.02 0.435234879721
174.09 0.362835571899
174.16 0.479519241168
174.23 0.455834758394
174.3 0.4389595706
174.37 0.527367950348
174.44 0.595620184071
174.51 0.533695955225
174.58 0.516569219241
174.65 0.422137379198
174.72 0.397741156106
174.79 0.399533624746
174.86 0.376139913829
174.93 0.515266795453
175.0 0.492872550741
175.07 0.495729695335
175.14 0.470118522253
175.21 0.417896314747
175.28 0.36707321182
175.35 0.410847926254
175.42 0.484747534518
175.49 0.387336115117
175.56 0.33926961672
175.63 0.354744303597
175.7 0.385404220778
175.77 0.32644050611
175.84 0.308503191877
175.91 0.474721671306
175.98 0.416534011428
176.05 0.466808434335
176.12 0.407293289338
176.19 0.445963162966
176.26 0.438974278209
176.33 0.395110908247
176.4 0.616623468285
176.47 0.534746899903
176.54 0.423428034504
176.61 0.359563495523
176.68 0.4255739555
176.75 0.367370600628
176.82 0.313225015896
176.89 0.532090128057
176.96 0.552232353987
177.03 0.579641658432
177.1 0.484213673556
177.17 0.497309496814
177.24 0.428044300482
177.31 0.484509331678
177.38 0.497063128708
177.45 0.446684663838
177.52 0.435644270359
177.59 0.396636693712
177.66 0.384172586568
177.73 0.341014325237
177.8 0.32285938021
177.87 0.477140979928
177.94 0.384461513528
178.01 0.374708606882
178.08 0.384261254991
178.15 0.465978211554
178.22 0.373302656928
178.29 0.386438457288
178.36 0.496118251422
178.43 0.402261098668
178.5 0.361635334124
178.57 0.45044670217
178.64 0.433770343415
178.71 0.374758645726
178.78 0.424671888519
178.85 0.593098643383
178.92 0.545497543909
178.99 0.528135678686
179.06 0.434786060937
179.13 0.402420487589
179.2 0.366976107338
179.27 0.462768410407
179.34 0.511295261197
179.41 0.440542943058
179.48 0.413151687856
179.55 0.445750883576
179.62 0.478714067745
179.69 0.341428164632
179.76 0.404179314231
179.83 0.53156959126
179.9 0.53088007999
179.97 0.489257026646
180.04 0.416972845838
180.11 0.472961267796
180.18 0.493543118411
180.25 0.522731499172
180.32 0.53335321765
180.39 0.567324666062
180.46 0.435006653885
180.53 0.448426705864
180.6 0.441486434137
180.67 0.287686877956
180.74 0.491056608691
180.81 0.547423952369
180.88 0.494569100312
180.95 0.468510038726
181.02 0.538562370292
181.09 0.432139558997
181.16 0.460200735281
181.23 0.541731959466
181.3 0.498713789767
181.37 0.422524755398
181.44 0.416182096334
181.51 0.520191667922
181.58 0.402464199619
181.65 0.326042931849
181.72 0.543200816501
181.79 0.501961285609
181.86 0.548464456744
181.93 0.504300352657
182.0 0.573247335761
182.07 0.443873114858
182.14 0.426756582461
182.21 0.647295055394
182.28 0.709884754722
182.35 0.68358407037
182.42 0.561300935895
182.49 0.505807350183
182.56 0.445010552396
182.63 0.582384937876
182.7 0.656558194429
182.77 0.63684741963
182.84 0.593204184845
182.91 0.565865974851
182.98 0.59425758601
183.05 0.552033870348
183.12 0.465056803073
183.19 0.462306964707
183.26 0.525120459535
183.33 0.573344227476
183.4 0.46641042625
183.47 0.518328079041
183.54 0.432451714362
183.61 0.40496025989
183.68 0.431459271299
183.75 0.562253555676
183.82 0.478372275185
183.89 0.463961932678
183.96 0.597401260024
184.03 0.508685296169
184.1 0.392204012182
184.17 0.512334582
184.24 0.566908734921
184.31 0.46255217503
184.38 0.404211479757
184.45 0.552894126383
184.52 0.378941945417
184.59 0.29722963564
184.66 0.508388676453
184.73 0.626826218862
184.8 0.598438278158
184.87 0.538373612207
184.94 0.511234882447
185.01 0.469552503133
185.08 0.433484615324
185.15 0.492372573095
185.22 0.502991200469
185.29 0.467840134224
185.36 0.439840418023
185.43 0.359359607059
185.5 0.411247045146
185.57 0.358234905124
185.64 0.446274759243
185.71 0.507221171581
185.78 0.364658385114
185.85 0.365719579432
185.92 0.399168893916
185.99 0.394153735629
186.06 0.347572244266
186.13 0.479451297689
186.2 0.557984060629
186.27 0.535533616972
186.34 0.492366462732
186.41 0.365951949151
186.48 0.290531261157
186.55 0.301718834804
186.62 0.432844313016
186.69 0.461383257241
186.76 0.445893578145
186.83 0.41010545175
186.9 0.432559535467
186.97 0.448631243681
187.04 0.352929920915
187.11 0.506866444467
187.18 0.516741586005
187.25 0.445518183193
187.32 0.410070471441
187.39 0.37486343007
187.46 0.320691234772
187.53 0.299505896924
187.6 0.487828002105
187.67 0.492996239999
187.74 0.543173493949
187.81 0.428725421746
187.88 0.487751400589
187.95 0.369895130181
188.02 0.335886292868
188.09 0.478832610998
188.16 0.448212765788
188.23 0.362800017766
188.3 0.325589659704
188.37 0.389633121609
188.44 0.347095002255
188.51 0.362613645246
188.58 0.547900632528
188.65 0.578660199101
188.72 0.609300043454
188.79 0.494046809802
188.86 0.480501142612
188.93 0.434818692523
189.0 0.417860480609
189.07 0.425717842851
189.14 0.431615547011
189.21 0.361571213997
189.28 0.380887268002
189.35 0.364767410975
189.42 0.307666143064
189.49 0.437806125826
189.56 0.516690066084
189.63 0.461380747331
189.7 0.434691766633
189.77 0.417837487996
189.84 0.526822401958
189.91 0.416481696626
189.98 0.518417492608
190.05 0.455030385378
190.12 0.449621031306
190.19 0.412713981754
190.26 0.424829540306
190.33 0.421266520754
190.4 0.406381370618
190.47 0.503015207178
190.54 0.568514806172
190.61 0.497796516879
190.68 0.429472202242
190.75 0.446787217356
190.82 0.372794745206
190.89 0.35746861273
190.96 0.4254146025
191.03 0.363508664217
191.1 0.270044799074
191.17 0.282150006668
191.24 0.381985947933
191.31 0.346926422921
191.38 0.347813170704
191.45 0.539258836544
191.52 0.486998171699
191.59 0.425732983362
191.66 0.479605419945
191.73 0.454139069099
191.8 0.394656906616
191.87 0.474292489686
191.94 0.523587020918
192.01 0.421390535149
192.08 0.429161851248
192.15 0.430197162644
192.22 0.447356915221
192.29 0.263298775918
192.36 0.470178970083
192.43 0.532776866913
192.5 0.494216028357
192.57 0.475643139657
192.64 0.449703068963
192.71 0.463347099734
192.78 0.444625739528
192.85 0.49227524203
192.92 0.533614152441
192.99 0.544657364387
193.06 0.413183787986
193.13 0.403188813699
193.2 0.343409746889
193.27 0.356018502187
193.34 0.547516421117
193.41 0.583740976093
193.48 0.507901496122
193.55 0.549801341358
193.62 0.649632971106
193.69 0.477617389294
193.76 0.50072560607
193.83 0.488149513675
193.9 0.49442139053
193.97 0.416377813086
194.04 0.469336841582
194.11 0.505414572842
194.18 0.450940413792
194.25 0.464304388407
194.32 0.444603106131
194.39 0.414952547422
194.46 0.33417542622
194.53 0.367715250341
194.6 0.454508576586
194.67 0.45956358763
194.74 0.456648721566
194.81 0.534325990391
194.88 0.442614113885
194.95 0.385782390906
195.02 0.516829312176
195.09 0.475940085431
195.16 0.604982650124
195.23 1.0
195.3 0.798898963056
195.37 0.675717135471
195.44 0.597965579774
195.51 0.537410916866
195.58 0.630522192693
195.65 0.417128571673
195.72 0.53599399147
195.79 0.445253894795
195.86 0.413526774249
195.93 0.431049636577
196.0 0.45642153009
196.07 0.389225897321
196.14 0.640882612558
196.21 0.882490371573
196.28 0.752582046545
196.35 0.672010221199
196.42 0.70940764166
196.49 0.489907983864
196.56 0.458458791809
196.63 0.453576577669
196.7 0.44230947259
196.77 0.404097930532
196.84 0.307004375274
196.91 0.447729624339
196.98 0.375424888063
197.05 0.277148101623
197.12 0.454791378445
197.19 0.556043931944
197.26 0.447106844423
197.33 0.412683920868
197.4 0.443444953781
197.47 0.422354252874
197.54 0.438284561541
197.61 0.547610968715
197.68 0.448528807138
197.75 0.441016210662
197.82 0.432044267176
197.89 0.391630905446
197.96 0.33864931816
198.03 0.473047348019
198.1 0.576419109708
198.17 0.436289436826
198.24 0.31177849199
198.31 0.286688572297
198.38 0.258831927382
198.45 0.228538403558
198.52 0.837941070532
198.59 0.958934770115
198.66 0.766334955806
198.73 0.660278562737
198.8 0.591258002904
198.87 0.433700735566
198.94 0.359568300733
199.01 0.256868728715
199.08 0.207826510159
199.15 0.19394923097
199.22 0.16315621214
199.29 0.0990631369241
199.36 0.117278984789
199.43 0.0830473881772
199.5 0.0653704782001
199.57 0.0524157965908
199.64 0.0431057807369
199.71 0.0354169830918
199.78 0.0319225978191
199.85 0.0245555668806
199.92 0.0257025218115
199.99 0.0207405312354
200.06 0.013672699003
200.13 0.0077415969291
200.2 0.00912070697029
200.27 0.00721055995997
200.34 0.00848530566377
200.41 0.00747470006674
200.48 0.00446118120631
200.55 0.00377325509391
200.62 0.00595455337824
200.69 0.00768593036135
200.76 0.0036853410254
200.83 0.00548725152979
200.9 0.00216534447093
200.97 0.00393402193213
201.04 0.0
201.11 0.00356789936901
201.18 0.00499268423569
201.25 0.00574820474237
201.32 0.0041151646297
201.39 0.00294743317502
201.46 0.00378098653607
201.53 0.00180597793929
201.6 0.00272827893511
201.67 0.00258050191447
201.74 0.00431095967203
201.81 0.00309212001357
201.88 0.000497854584671
201.95 0.00411869047681
202.02 0.00323857990742
202.09 0.00544038023737
202.16 0.00498831100631
202.23 0.00279786099346
202.3 0.00124362282669
202.37 0.00458691247188
202.44 0.00124757144386
202.51 0.00292441753568
202.58 0.0041830666606
202.65 0.00359408716546
202.72 0.00467939872038
202.79 0.00858928223166
202.86 0.00111139066539
202.93 0.00651227091504
203.0 0.000890526923849
203.07 0.00275038455957
203.14 0.00313904380684
203.21 0.00245562724184
203.28 0.00314263965509
203.35 0.00305534454407
203.42 0.0044225958388
203.49 0.00586432098236
203.56 0.00738195131395
203.63 0.00335048410489
203.7 0.00476824951473
203.77 0.0010265686211
203.84 0.00374511831824
203.91 0.00268169962115
203.98 0.00273957583028
204.05 0.00362240723361
204.12 0.00441442688949
204.19 0.0039774171151
204.26 0.00905105583186
204.33 0.0010647266132
204.4 0.00634123785639
204.47 0.00110776257977
204.54 0.00285130594595
204.61 0.00301556823604
204.68 0.00113131520158
204.75 0.00363934290515
204.82 0.00342995750912
204.89 0.00436310499801
204.96 0.00478463254567
205.03 0.00833314988735
205.1 0.00148610586896
205.17 0.005979030752
205.24 0.0012623066847
205.31 0.00293710708519
205.38 0.004104527219
205.45 0.0107534827365
