-4 0
191.179399958 0.00787401574803
191.267854907 0.0314960629921
191.41779609 0.181102362205
191.56102408 0.251968503937
191.652934941 0.291338582677
191.785195068 0.322834645669
191.883676897 0.346456692913
192.016936905 0.377952755906
192.102036849 0.409448818898
192.234371098 0.448818897638
192.32844815 0.488188976378
192.461094012 0.527559055118
192.567148006 0.55905511811
257.752996031 0.551181102362
257.928072023 0.496062992126
261.156187987 0.488188976378
261.699915821 0.48031496063
276.573998564 0.488188976378
279.140179489 1.0
286.262961354 1
288.597956564 0
