0.0 0.00210067841725
0.07 0.0288172791457
0.14 0.0480882595829
0.21 0.428888525922
0.28 0.603605105057
0.35 0.468821606035
0.42 0.353066273066
0.49 0.295547685331
0.56 0.318871798015
0.63 0.371054382025
0.7 0.369571827004
0.77 0.314263448056
0.84 0.288245621731
0.91 0.257564827755
0.98 0.231772292324
1.05 0.199307600886
1.12 0.113203553584
1.19 0.0675671773378
1.26 0.059220136238
1.33 0.0553598095838
1.4 0.215862756533
1.47 0.620546302573
1.54 0.521473055215
1.61 0.489243278372
1.68 0.477931999217
1.75 0.40350744974
1.82 0.376623479678
1.89 0.274354054331
1.96 0.199774732704
2.03 0.631896514296
2.1 0.704457829772
2.17 0.556369574319
2.24 0.443104711528
2.31 0.413693376499
2.38 0.407739197459
2.45 0.373782230542
2.52 0.189161372485
2.59 0.46697220227
2.66 0.603321561035
2.73 0.502447018979
2.8 0.426858286013
2.87 0.401849046239
2.94 0.408214990136
3.01 0.3909408994
3.08 0.356448801121
3.15 0.334922648586
3.22 0.325385004837
3.29 0.336432012152
3.36 0.267154994777
3.43 0.462561902798
3.5 0.364915672406
3.57 0.607747028811
3.64 0.614334717842
3.71 0.40177456993
3.78 0.735525751174
3.85 0.634488468742
3.92 0.606134916068
3.99 0.548540472658
4.06 0.514843188743
4.13 0.513792286697
4.2 0.491854956922
4.27 0.462311976833
4.34 0.419858347164
4.41 0.415083019616
4.48 0.391534957644
4.55 0.3759926706
4.62 0.352248905069
4.69 0.339669561673
4.76 0.18278573527
4.83 0.122114109829
4.9 0.549156856803
4.97 0.581900012564
5.04 0.512139344021
5.11 0.419838357571
5.18 0.330971498546
5.25 0.354562264218
5.32 0.298745160089
5.39 0.269360161623
5.46 0.247030814694
5.53 0.240606498494
5.6 0.217597677663
5.67 0.191865965298
5.74 0.171371760036
5.81 0.108006792639
5.88 0.0620268127339
5.95 0.0599607222956
6.02 0.502090558545
6.09 0.766253478982
6.16 0.621850603188
6.23 0.59747831297
6.3 0.480337340465
6.37 0.419243542977
6.44 0.389495844484
6.51 0.276276553859
6.58 0.282843653881
6.65 0.645110194831
6.72 0.694122991693
6.79 0.538661818788
6.86 0.452060494214
6.93 0.446017227499
7.0 0.429754430128
7.07 0.270983867409
7.14 0.310950841689
7.21 0.53279933984
7.28 0.534817381389
7.35 0.403815228829
7.42 0.379102327314
7.49 0.386580012843
7.56 0.37834666617
7.63 0.35211825825
7.7 0.32946187775
7.77 0.300890189421
7.84 0.327963671826
7.91 0.238366106495
7.98 0.461137531288
8.05 0.500480638157
8.12 0.366348672917
8.19 0.671123695447
8.26 0.468436679222
8.33 0.46583829049
8.4 0.780581806196
8.47 0.646946274561
8.54 0.573743221277
8.61 0.535362881003
8.68 0.531074854219
8.75 0.501922929622
8.82 0.463911172623
8.89 0.43370909761
8.96 0.416948975769
9.03 0.395857109865
9.1 0.372835710728
9.17 0.367846067033
9.24 0.355784574579
9.31 0.265464075296
9.38 0.105700768082
9.45 0.452363075607
9.52 0.713826416854
9.59 0.730039836707
9.66 0.663815689601
9.73 0.44650512414
9.8 0.289672687075
9.87 0.407327552957
9.94 0.339331224147
10.01 0.370279650471
10.08 0.644838654477
10.15 0.462020143636
10.22 0.42008207344
10.29 0.492197469123
10.36 0.405054905747
10.43 0.210641006531
10.5 0.221221654897
10.57 0.137807547744
10.64 0.807998055673
10.71 0.758450987634
10.78 0.736230617677
10.85 0.624212343972
10.92 0.518190554183
10.99 0.502175085699
11.06 0.553874832708
11.13 0.550914635994
11.2 0.443401566607
11.27 0.488953356701
11.34 0.488181185646
11.41 0.449895045785
11.48 0.382226361762
11.55 0.405057495745
11.62 0.508034527447
11.69 0.315192790106
11.76 0.410142578804
11.83 0.640961729415
11.9 0.610086643106
11.97 0.536962059094
12.04 0.356579398382
12.11 0.266602893323
12.18 0.302489312054
12.25 0.346813701467
12.32 0.365225282783
12.39 0.353903471361
12.46 0.400920491218
12.53 0.311796921495
12.6 0.455494969725
12.67 0.368794688345
12.74 0.412782216353
12.81 0.30592494982
12.88 0.441385670213
12.95 0.765938110432
13.02 0.676653119521
13.09 0.6202716731
13.16 0.523697299549
13.23 0.472413481453
13.3 0.404897802009
13.37 0.226562702924
13.44 0.137074062647
13.51 0.736761192059
13.58 0.639623250265
13.65 0.582622973655
13.72 0.546197523814
13.79 0.513380972582
13.86 0.482206034111
13.93 0.360117603612
14.0 0.385558997841
14.07 0.749647123971
14.14 0.69435484667
14.21 0.583223475625
14.28 0.461972359057
14.35 0.328782494704
14.42 0.410568660038
14.49 0.365070640428
14.56 0.238527371929
14.63 0.451735472463
14.7 0.440381217039
14.77 0.443511091077
14.84 0.228902923716
14.91 0.176792003006
14.98 0.203468700065
15.05 0.368744021138
15.12 0.270472152226
15.19 0.714873795559
15.26 0.782198898342
15.33 0.674820599712
15.4 0.702891935811
15.47 0.621088191529
15.54 0.610174234599
15.61 0.65307429144
15.68 0.65593726942
15.75 0.478519015497
15.82 0.457936541448
15.89 0.40306856365
15.96 0.490970153399
16.03 0.451744095564
16.1 0.432573942159
16.17 0.503462247489
16.24 0.359684702247
16.31 0.181390971155
16.38 0.438607545054
16.45 0.453694241405
16.52 0.293288881336
16.59 0.372497720108
16.66 0.443885470285
16.73 0.425041850151
16.8 0.335201608489
16.87 0.435819000904
16.94 0.413915125173
17.01 0.571244517383
17.08 0.408324304574
17.15 0.380974421586
17.22 0.37939137582
17.29 0.339692944813
17.36 0.371926110482
17.43 0.331896704859
17.5 0.470193536869
17.57 0.759914049822
17.64 0.57578836518
17.71 0.502522421551
17.78 0.475776498977
17.85 0.447181408628
17.92 0.403420828169
17.99 0.416460807739
18.06 0.288907785714
18.13 0.546405864676
18.2 0.647767939948
18.27 0.509737055312
18.34 0.405443852662
18.41 0.410366859659
18.48 0.398975075811
18.55 0.337492608697
18.62 0.180489715539
18.69 0.561754156733
18.76 0.808692350972
18.83 0.699578996697
18.9 0.670905452415
18.97 0.590132847137
19.04 0.447868385855
19.11 0.502010235566
19.18 0.527326292767
19.25 0.446857045292
19.32 0.505304655309
19.39 0.446422581668
19.46 0.451158613223
19.53 0.508194720304
19.6 0.321778182948
19.67 0.344940541697
19.74 0.366647307365
19.81 0.318168051288
19.88 0.606536205297
19.95 0.820677728161
20.02 0.736193760647
20.09 0.6623438049
20.16 0.591658436245
20.23 0.541617557638
20.3 0.470284820437
20.37 0.38379563511
20.44 0.382214412372
20.51 0.41115232997
20.58 0.411299418262
20.65 0.275757312932
20.72 0.182570306427
20.79 0.217285405311
20.86 0.318830643595
20.93 0.215144857442
21.0 0.54031484996
21.07 0.646103932847
21.14 0.584098582289
21.21 0.452449095402
21.28 0.440367871764
21.35 0.446764925137
21.42 0.447879160011
21.49 0.460462898735
21.56 0.451145114554
21.63 0.397523002531
21.7 0.459988387487
21.77 0.376786981124
21.84 0.416041412122
21.91 0.372655979021
21.98 0.364336311664
22.05 0.33217901111
22.12 0.527577395146
22.19 0.810312407162
22.26 0.754771977365
22.33 0.689906875999
22.4 0.546035483151
22.47 0.424401391413
22.54 0.422072533575
22.61 0.317609975729
22.68 0.215545902421
22.75 0.760761598671
22.82 0.827856199885
22.89 0.660609437168
22.96 0.546076098332
23.03 0.448305425317
23.1 0.422335818974
23.17 0.36672138131
23.24 0.197345128071
23.31 0.549256457864
23.38 0.690380515262
23.45 0.662677442671
23.52 0.665450733561
23.59 0.552887527799
23.66 0.486536358691
23.73 0.540469415618
23.8 0.534599025081
23.87 0.607677556684
23.94 0.608911830595
24.01 0.451709277494
24.08 0.330950192124
24.15 0.359001371077
24.22 0.3697777761
24.29 0.403432510889
24.36 0.376006759246
24.43 0.334519351076
24.5 0.754708631558
24.57 0.755926236265
24.64 0.724097940984
24.71 0.572031781223
24.78 0.518520413742
24.85 0.490793386915
24.92 0.506348864659
24.99 0.448057215005
25.06 0.556694292821
25.13 0.60989059736
25.2 0.538329427048
25.27 0.57431645924
25.34 0.58968297686
25.41 0.72160506134
25.48 0.57032819848
25.55 0.532907646598
25.62 0.444151087273
25.69 0.397940393407
25.76 0.792916573536
25.83 0.779303612053
25.9 0.612978420213
25.97 0.48090291581
26.04 0.484064570717
26.11 0.489396671156
26.18 0.449916202352
26.25 0.403907228629
26.32 0.400060333386
26.39 0.387830469817
26.46 0.642669135208
26.53 0.634352951074
26.6 0.615181086737
26.67 0.58641670255
26.74 0.545887489834
26.81 0.492963117395
26.88 0.444382583543
26.95 0.386641614679
27.02 0.339931265935
27.09 0.327899999171
27.16 0.324295721261
27.23 0.353756049143
27.3 0.566636815218
27.37 0.720389549871
27.44 0.648157174771
27.51 0.571603049814
27.58 0.569388389062
27.65 0.557064836
27.72 0.521910032139
27.79 0.524080325457
27.86 0.448552649189
27.93 0.439343466755
28.0 0.450662953667
28.07 0.408965041781
28.14 0.413058255871
28.21 0.423790859838
28.28 0.358276384005
28.35 0.420971738372
28.42 0.384646940931
28.49 0.409090408308
28.56 0.427566239275
28.63 0.410368938737
28.7 0.37764805696
28.77 0.358785382936
28.84 0.324772190052
28.91 0.332752483883
28.98 0.296637278055
29.05 0.244015372553
29.12 0.225183175549
29.19 0.216628566458
29.26 0.183821008831
29.33 0.1676187124
29.4 0.137699469897
29.47 0.109369595352
29.54 0.0834196340557
29.61 0.0620657193429
29.68 0.051999567311
29.75 0.0543092827626
29.82 0.0415214510101
29.89 0.0196246880387
29.96 0.00737059530339
30.03 0.00542695808649
30.1 0.00383811166839
30.17 0.00320063939324
30.24 0.00257305394904
30.31 0.00197825587464
30.38 0.0015715506587
30.45 0.00123253347919
30.52 0.000885401758998
30.59 0.000607530953353
30.66 0.000327152746376
30.73 0.000971851057175
30.8 0.18804767331
30.87 0.275173077802
30.94 0.370566704855
31.01 0.454477847389
31.08 0.371952506043
31.15 0.229411338569
31.22 0.209638453082
31.29 0.212517837137
31.36 0.372181896096
31.43 0.330808721591
31.5 0.293676256552
31.57 0.281032418074
31.64 0.475483105882
31.71 0.276812665763
31.78 0.140067467975
31.85 0.112918955863
31.92 0.0897126521023
31.99 0.62053671781
32.06 0.902137366124
32.13 0.778814359646
32.2 0.65132057247
32.27 0.551500038098
32.34 0.431723668798
32.41 0.388942185491
32.48 0.417041810976
32.55 0.352417683268
32.62 0.366766776484
32.69 0.350346647644
32.76 0.30597375388
32.83 0.2721881587
32.9 0.261435103778
32.97 0.220264831729
33.04 0.398290115125
33.11 0.316589805573
33.18 0.282816586926
33.25 0.267538043104
33.32 0.271361615385
33.39 0.332532205431
33.46 0.324349083481
33.53 0.220700603921
33.6 0.182828101503
33.67 0.677962771226
33.74 0.767510496498
33.81 0.715063410557
33.88 0.63680716836
33.95 0.55002351618
34.02 0.538806210886
34.09 0.510073160366
34.16 0.559972193214
34.23 0.519406412558
34.3 0.465677465179
34.37 0.438917982578
34.44 0.279199672893
34.51 0.287884875706
34.58 0.340063637846
34.65 0.303479296638
34.72 0.449156922291
34.79 0.370160843306
34.86 0.309255041919
34.93 0.190720015632
35.0 0.310962612906
35.07 0.239874520198
35.14 0.381730079191
35.21 0.306610757713
35.28 0.295191488027
35.35 0.391112567305
35.42 0.90828628824
35.49 0.892782613998
35.56 0.774515525667
35.63 0.693849335682
35.7 0.649498110585
35.77 0.598016009551
35.84 0.662086957327
35.91 0.570436823826
35.98 0.477708626927
36.05 0.31904650784
36.12 0.241936386402
36.19 0.190728466459
36.26 0.313200269773
36.33 0.296018458486
36.4 0.403845720009
36.47 0.322553269668
36.54 0.21068168543
36.61 0.252359454329
36.68 0.508445283444
36.75 0.443937889722
36.82 0.312641634915
36.89 0.121465275781
36.96 0.0909906385729
37.03 0.41091066486
37.1 0.882679089296
37.17 0.757916036805
37.24 0.527497465091
37.31 0.33318050968
37.38 0.263119998417
37.45 0.238906440272
37.52 0.232990887012
37.59 0.27959517563
37.66 0.692311754706
37.73 0.607708019546
37.8 0.486199216458
37.87 0.41686357073
37.94 0.515043195593
38.01 0.370762427293
38.08 0.706104847901
38.15 0.714279785693
38.22 0.582963982596
38.29 0.521757507801
38.36 0.498762790955
38.43 0.357288962281
38.5 0.377275825268
38.57 0.407799747956
38.64 0.328795835259
38.71 0.259353797838
38.78 0.421231823737
38.85 0.324140319016
38.92 0.529729127794
38.99 0.482158874907
39.06 0.51419015642
39.13 0.29435433693
39.2 0.377287327455
39.27 0.269583050132
39.34 0.480633954834
39.41 0.606577528451
39.48 0.568678124271
39.55 0.462372935594
39.62 0.428521458886
39.69 0.448986089793
39.76 0.376009058976
39.83 0.676717941451
39.9 0.545605076207
39.97 0.495011303218
40.04 0.484301276483
40.11 0.413908913897
40.18 0.344384726929
40.25 0.50016798114
40.32 0.417198368396
40.39 0.39764856611
40.46 0.306986758178
40.53 0.422164283224
40.6 0.336634493364
40.67 0.377552404024
40.74 0.243537581034
40.81 0.159809529535
40.88 0.145647538017
40.95 0.147728937172
41.02 0.481951414291
41.09 0.798722562208
41.16 0.646113899915
41.23 0.555939716054
41.3 0.531637551657
41.37 0.445387035537
41.44 0.456502185171
41.51 0.50486473558
41.58 0.421999316276
41.65 0.377583808488
41.72 0.360502331013
41.79 0.342176507543
41.86 0.489201336923
41.93 0.673751336408
42.0 0.648011312451
42.07 0.552982381907
42.14 0.599452259654
42.21 0.452034029035
42.28 0.51151598989
42.35 0.67121129992
42.42 0.615021695069
42.49 0.570471007081
42.56 0.501448148165
42.63 0.36088995874
42.7 0.38612139439
42.77 0.618777837723
42.84 0.601789744133
42.91 0.521459475129
42.98 0.440986861247
43.05 0.321611225417
43.12 0.53920204047
43.19 0.506728525339
43.26 0.351265619082
43.33 0.285468196284
43.4 0.225281829107
43.47 0.173378610905
43.54 0.622864236401
43.61 0.674652011486
43.68 0.622492077865
43.75 0.540346194247
43.82 0.50178422962
43.89 0.258726610039
43.96 0.457337664274
44.03 0.606827243205
44.1 0.557974212056
44.17 0.508834026227
44.24 0.700095468273
44.31 0.501835637837
44.38 0.586063084625
44.45 0.486379151117
44.52 0.323924158602
44.59 0.297570145806
44.66 0.397772980414
44.73 0.418336918573
44.8 0.702321751568
44.87 0.759059116824
44.94 0.645234917103
45.01 0.605082166214
45.08 0.495553196894
45.15 0.423922091914
45.22 0.566129128396
45.29 0.391454319617
45.36 0.357254337723
45.43 0.463464851646
45.5 0.464913886546
45.57 0.375574607151
45.64 0.481487801094
45.71 0.408370293265
45.78 0.386549076821
45.85 0.337018316921
45.92 0.354229601088
45.99 0.430445967876
46.06 0.578372255823
46.13 0.592366481543
46.2 0.384714709204
46.27 0.442545214125
46.34 0.455351797699
46.41 0.579020927037
46.48 0.606106107502
46.55 0.330636982889
46.62 0.253819984337
46.69 0.333823880543
46.76 0.379191744195
46.83 0.513078244875
46.9 0.395737934554
46.97 0.328920306201
47.04 0.294958781124
47.11 0.420296381327
47.18 0.473697055004
47.25 0.419763764446
47.32 0.68423908467
47.39 0.649127384513
47.46 0.552077838941
47.53 0.432014733844
47.6 0.383577989134
47.67 0.514544354882
47.74 0.740325509661
47.81 0.599088492948
47.88 0.499338577617
47.95 0.483584247018
48.02 0.559392217717
48.09 0.514655577306
48.16 0.739962749456
48.23 0.626666292228
48.3 0.554015664887
48.37 0.568792182123
48.44 0.56126987665
48.51 0.502085739615
48.58 0.510466243018
48.65 0.468400178539
48.72 0.378811084094
48.79 0.486578932596
48.86 0.343672147069
48.93 0.598612157492
49.0 0.598264130187
49.07 0.417947785226
49.14 0.341472557864
49.21 0.201818107857
49.28 0.188889941866
49.35 0.767069258761
49.42 0.811843776861
49.49 0.722571938893
49.56 0.578017037881
49.63 0.579552131514
49.7 0.399767197521
49.77 0.551884573166
49.84 0.594437888852
49.91 0.483630472879
49.98 0.327941525277
50.05 0.382352810306
50.12 0.399161691368
50.19 0.675611373915
50.26 0.57952324625
50.33 0.432615072981
50.4 0.319446635995
50.47 0.256696216736
50.54 0.163929217063
50.61 0.52208485406
50.68 0.684193134918
50.75 0.593399283102
50.82 0.544333141719
50.89 0.524540962811
50.96 0.435315145391
51.03 0.661801845146
51.1 0.744799773237
51.17 0.613125659539
51.24 0.418097462336
51.31 0.470885309428
51.38 0.336665537943
51.45 0.679247346557
51.52 0.622586889495
51.59 0.652765293459
51.66 0.612277049912
51.73 0.416534409703
51.8 0.286321167019
51.87 0.476783664864
51.94 0.454294521543
52.01 0.398091586757
52.08 0.278841525127
52.15 0.318927522503
52.22 0.436386870078
52.29 0.520921249928
52.36 0.486169482808
52.43 0.424118650939
52.5 0.409875453836
52.57 0.463219649035
52.64 0.37999312618
52.71 0.654810314647
52.78 0.546238719533
52.85 0.46623117845
52.92 0.483579461126
52.99 0.498409208428
53.06 0.508374920453
53.13 0.737660623466
53.2 0.658082235035
53.27 0.590784258204
53.34 0.573592543567
53.41 0.586789389704
53.48 0.542738294057
53.55 0.679882689016
53.62 0.533017788184
53.69 0.452944733718
53.76 0.387683996281
53.83 0.255473948852
53.9 0.577710800991
53.97 0.639582243339
54.04 0.439008738707
54.11 0.432776833995
54.18 0.36094509443
54.25 0.314049661709
54.32 0.428421808268
54.39 0.843882493262
54.46 0.665862846504
54.53 0.588201892061
54.6 0.558105433512
54.67 0.43088880681
54.74 0.399759868829
54.81 0.546143185773
54.88 0.440845382454
54.95 0.364480826477
55.02 0.336751531779
55.09 0.516345001786
55.16 0.523637015722
55.23 0.688698882015
55.3 0.63657030566
55.37 0.584087428188
55.44 0.511583187066
55.51 0.405351234566
55.58 0.482228886272
55.65 0.688243588671
55.72 0.615758227986
55.79 0.622304801535
55.86 0.524745243452
55.93 0.477737702163
56.0 0.517183636085
56.07 0.765700956285
56.14 0.758268146749
56.21 0.628536251964
56.28 0.65483893914
56.35 0.608666920612
56.42 0.482925736171
56.49 0.641658519136
56.56 0.718463632017
56.63 0.454916129343
56.7 0.57429434927
56.77 0.538077558879
56.84 0.693735943324
56.91 0.841723718651
56.98 0.778695794371
57.05 0.703471742575
57.12 0.555484528906
57.19 0.363743490012
57.26 0.588077861242
57.33 0.747357945611
57.4 0.628349464134
57.47 0.584267269631
57.54 0.52172652812
57.61 0.252006367383
57.68 0.545229841533
57.75 0.609733015741
57.82 0.433449406349
57.89 0.280738219071
57.96 0.502129251583
58.03 0.385154469639
58.1 0.68945071539
58.17 0.741529273512
58.24 0.636731643071
58.31 0.583477383933
58.38 0.608335984935
58.45 0.517530078713
58.52 0.570305451335
58.59 0.384481903185
58.66 0.352272957243
58.73 0.366821154644
58.8 0.457766314267
58.87 0.421338138734
58.94 0.542467713004
59.01 0.423150344462
59.08 0.366225024402
59.15 0.341397154111
59.22 0.34632469685
59.29 0.345009486384
59.36 0.588609708794
59.43 0.569961143244
59.5 0.42147011418
59.57 0.424194494815
59.64 0.490734451774
59.71 0.309631869531
59.78 0.619269435878
59.85 0.461555829547
59.92 0.380967638033
59.99 0.342737763078
60.06 0.477069851983
60.13 0.527679387972
60.2 0.52855314005
60.27 0.337578294565
60.34 0.309490900478
60.41 0.384270240754
60.48 0.410161963082
60.55 0.332733420554
60.62 0.744181287594
60.69 0.719571112837
60.76 0.567046236687
60.83 0.467926618334
60.9 0.45113531504
60.97 0.353808844985
61.04 0.681950646141
61.11 0.795529487497
61.18 0.637619556952
61.25 0.510321612569
61.32 0.598654943789
61.39 0.434212896485
61.46 0.673938999763
61.53 0.60261344022
61.6 0.51767271268
61.67 0.569224298819
61.74 0.532689223033
61.81 0.527646575823
61.88 0.560716799374
61.95 0.477142684617
62.02 0.410970783494
62.09 0.524491013016
62.16 0.51552712995
62.23 0.526898416824
62.3 0.623404547759
62.37 0.477172297911
62.44 0.434690814259
62.51 0.34027649675
62.58 0.19232132354
62.65 0.452581213623
62.72 0.832824282288
62.79 0.77361407064
62.86 0.718370840468
62.93 0.618440091353
63.0 0.453064949748
63.07 0.505653455484
63.14 0.615931131302
63.21 0.520010233737
63.28 0.419902191879
63.35 0.342407988474
63.42 0.417859479861
63.49 0.581346193097
63.56 0.681722381763
63.63 0.569915345706
63.7 0.442839749414
63.77 0.293776664701
63.84 0.321119104543
63.91 0.474941006894
63.98 0.765330646736
64.05 0.718314089421
64.12 0.644038804071
64.19 0.605762758713
64.26 0.496032216744
64.33 0.361091492449
64.4 0.477649158447
64.47 0.468886993162
64.54 0.34377251274
64.61 0.419114863141
64.68 0.343922382182
64.75 0.555768963793
64.82 0.693597050989
64.89 0.712611746691
64.96 0.5441613275
65.03 0.449094854373
65.1 0.460350715829
65.17 0.536272110744
65.24 0.570696276736
65.31 0.490262260315
65.38 0.497419196706
65.45 0.334080325752
65.52 0.191130809387
65.59 0.407272293372
65.66 0.702804168505
65.73 0.798966194301
65.8 0.666688390398
65.87 0.525520882391
65.94 0.452801207706
66.01 0.530747320348
66.08 0.623218305068
66.15 0.509451012148
66.22 0.460831012389
66.29 0.464968023996
66.36 0.482117662669
66.43 0.587630694238
66.5 0.512245923327
66.57 0.453717138404
66.64 0.424633059957
66.71 0.309016296014
66.78 0.434984006762
66.85 0.600125635556
66.92 0.437269076523
66.99 0.440149311325
67.06 0.319291867385
67.13 0.316565805317
67.2 0.421068507544
67.27 0.672168938436
67.34 0.738033510032
67.41 0.59227403926
67.48 0.47480209686
67.55 0.381473744897
67.62 0.171276934247
67.69 0.628638124435
67.76 0.383461476979
67.83 0.329740899011
67.9 0.389557507677
67.97 0.428089440126
68.04 0.457482130709
68.11 0.756332811686
68.18 0.754345472528
68.25 0.512812978333
68.32 0.427027278963
68.39 0.506459223356
68.46 0.363166846703
68.53 0.659065032521
68.6 0.543323319756
68.67 0.429695788796
68.74 0.353024193561
68.81 0.310557734258
68.88 0.217078096908
68.95 0.741503649641
69.02 0.837002204065
69.09 0.665523491858
69.16 0.456805074532
69.23 0.556103068826
69.3 0.590746595266
69.37 0.702425796334
69.44 0.471474905087
69.51 0.446254794631
69.58 0.358945751605
69.65 0.467192968043
69.72 0.54040610639
69.79 0.619625452649
69.86 0.5375494683
69.93 0.445728465722
70.0 0.430541649131
70.07 0.397040216269
70.14 0.494225306647
70.21 0.64099667256
70.28 0.409133150946
70.35 0.476010241879
70.42 0.443561901057
70.49 0.530431786604
70.56 0.488162209633
70.63 0.785567026245
70.7 0.586397458687
70.77 0.561455832612
70.84 0.498302904052
70.91 0.312069569826
70.98 0.568194002302
71.05 0.530462457137
71.12 0.455789761065
71.19 0.341789119347
71.26 0.357638771316
71.33 0.419306042758
71.4 0.479706424012
71.47 0.854355380009
71.54 0.745714346988
71.61 0.511650440879
71.68 0.406132775632
71.75 0.447506571973
71.82 0.504710518009
71.89 0.703067999043
71.96 0.489820256788
72.03 0.463679626795
72.1 0.252549104726
72.17 0.212149181884
72.24 0.319625495717
72.31 0.716548035217
72.38 0.833980561268
72.45 0.649765080979
72.52 0.54299665669
72.59 0.525727840347
72.66 0.576443212271
72.73 0.703983783426
72.8 0.455946229988
72.87 0.304739609764
72.94 0.261894054978
73.01 0.456549364434
73.08 0.635890835298
73.15 0.563097855998
73.22 0.566737751986
73.29 0.437920926533
73.36 0.331779042249
73.43 0.400910191404
73.5 0.524493351684
73.57 0.586567473477
73.64 0.498549169801
73.71 0.310330204991
73.78 0.419755457573
73.85 0.434863441466
73.92 0.545072742515
73.99 0.691295568074
74.06 0.619398959381
74.13 0.451639926903
74.2 0.403276299196
74.27 0.202442857872
74.34 0.575727809963
74.41 0.543682102337
74.48 0.467786266397
74.55 0.285560809659
74.62 0.431102043299
74.69 0.34688378481
74.76 0.850555194408
74.83 0.853792579915
74.9 0.608987609573
74.97 0.465262828315
75.04 0.435882356151
75.11 0.261009011925
75.18 0.46145233346
75.25 0.31283288061
75.32 0.327023071839
75.39 0.347417455389
75.46 0.792614183296
75.53 0.557259923623
75.6 0.697042688862
75.67 0.750424975322
75.74 0.737407961188
75.81 0.790447552554
75.88 0.764160899767
75.95 0.612182324419
76.02 0.657994033506
76.09 0.595432916557
76.16 0.5036993214
76.23 0.305655097979
76.3 0.31564401497
76.37 0.341761805782
76.44 0.812307903338
76.51 0.771913738668
76.58 0.684128884086
76.65 0.572498297106
76.72 0.779775909708
76.79 0.694790897331
76.86 0.497233618329
76.93 0.520025173129
77.0 0.389079156861
77.07 0.625460720688
77.14 0.628291665289
77.21 0.698853673339
77.28 0.920299891099
77.35 0.797647366097
77.42 0.71372459512
77.49 0.676708456984
77.56 0.604780598401
77.63 0.483293115894
77.7 0.815497150279
77.77 0.700849741792
77.84 0.629081816476
77.91 0.530878722337
77.98 0.604864306667
78.05 0.408370086773
78.12 0.734574546944
78.19 0.694807920521
78.26 0.624740258738
78.33 0.554820545434
78.4 0.535099513007
78.47 0.363285965376
78.54 0.535117329126
78.61 0.38359843065
78.68 0.3978841521
78.75 0.393412305069
78.82 0.40717628173
78.89 0.318782836596
78.96 0.576700907051
79.03 0.466401810356
79.1 0.38478063557
79.17 0.384698491922
79.24 0.398580159511
79.31 0.292317823207
79.38 0.788990921113
79.45 0.690942451629
79.52 0.5495045726
79.59 0.453331939022
79.66 0.570082896753
79.73 0.446060038574
79.8 0.662096474833
79.87 0.649220318836
79.94 0.550851241808
80.01 0.517982705362
80.08 0.530982625508
80.15 0.364415586844
80.22 0.590405036467
80.29 0.417275084257
80.36 0.556684843753
80.43 0.395154848699
80.5 0.348356841204
80.57 0.344037445355
80.64 0.579777316213
80.71 0.45237570465
80.78 0.362803569678
80.85 0.311552693526
80.92 0.289014225786
80.99 0.448664820295
81.06 0.907354146161
81.13 0.753943238157
81.2 0.589084978752
81.27 0.561051005882
81.34 0.438359236805
81.41 0.355469994238
81.48 0.588126599224
81.55 0.55320339429
81.62 0.494411452582
81.69 0.423050254901
81.76 0.351979705743
81.83 0.390731948502
81.9 0.67920127645
81.97 0.688924450198
82.04 0.683746819841
82.11 0.55638150483
82.18 0.451370211936
82.25 0.368292994507
82.32 0.684075868773
82.39 0.663988538639
82.46 0.6122372076
82.53 0.566877837254
82.6 0.449678235217
82.67 0.449561688843
82.74 0.830616068802
82.81 0.813380829218
82.88 0.727298043498
82.95 0.583598311475
83.02 0.475433268183
83.09 0.342662513899
83.16 0.582222437236
83.23 0.623403831528
83.3 0.46618111184
83.37 0.444065872206
83.44 0.431419126322
83.51 0.519446317408
83.58 0.892851900871
83.65 0.753645099289
83.72 0.584634264689
83.79 0.647857558601
83.86 0.444600562266
83.93 0.379423369081
84.0 0.623964281154
84.07 0.54357860035
84.14 0.510083054277
84.21 0.499268604011
84.28 0.41490527731
84.35 0.509880705219
84.42 0.714238143952
84.49 0.459366664052
84.56 0.229229147838
84.63 0.395867614991
84.7 0.468821856186
84.77 0.543289234437
84.84 0.679186392516
84.91 0.640497543941
84.98 0.548157812536
85.05 0.673095876921
85.12 0.499222171658
85.19 0.576383722552
85.26 0.457080073331
85.33 0.445630253467
85.4 0.292247382339
85.47 0.468933478613
85.54 0.483912986802
85.61 0.569046997816
85.68 0.528429736966
85.75 0.464897571328
85.82 0.59739190261
85.89 0.470278165499
85.96 0.297460703933
86.03 0.584117991345
86.1 0.577397725091
86.17 0.494913898051
86.24 0.413476482154
86.31 0.432942554934
86.38 0.326613183108
86.45 0.60588251102
86.52 0.494302296257
86.59 0.323093170402
86.66 0.209414934478
86.73 0.456299130501
86.8 0.478757177326
86.87 0.647357843545
86.94 0.31415839207
87.01 0.277767465311
87.08 0.300294889866
87.15 0.431001599752
87.22 0.410231705417
87.29 0.699609235367
87.36 0.730629916147
87.43 0.604644360962
87.5 0.511603233297
87.57 0.418457756438
87.64 0.283931208825
87.71 0.79625697843
87.78 0.727285720063
87.85 0.687083304928
87.92 0.573206760107
87.99 0.591784186256
88.06 0.500192716507
88.13 0.76859124901
88.2 0.643358134876
88.27 0.658478363147
88.34 0.565972889564
88.41 0.632700052057
88.48 0.578774198746
88.55 0.756399709153
88.62 0.645069984374
88.69 0.603886496844
88.76 0.57262194916
88.83 0.632348581647
88.9 0.479504535137
88.97 0.769955683599
89.04 0.707328391314
89.11 0.549019727319
89.18 0.479333758097
89.25 0.327173882884
89.32 0.242510706382
89.39 0.694380101216
89.46 0.473100522398
89.53 0.432401902569
89.6 0.38430262458
89.67 0.402444984149
89.74 0.477764856434
89.81 0.70442942475
89.88 0.561701503665
89.95 0.446531168075
90.02 0.33774794003
90.09 0.323049591177
90.16 0.438311099419
90.23 0.607741057066
90.3 0.538418295251
90.37 0.494036098732
90.44 0.321287276245
90.51 0.180024620321
90.58 0.294316058056
90.65 0.817289500929
90.72 0.691576664872
90.79 0.603945627858
90.86 0.61569612231
90.93 0.591402519655
91.0 0.465236713583
91.07 0.864968366182
91.14 0.586169516436
91.21 0.35945135109
91.28 0.376012099716
91.35 0.361106311486
91.42 0.607176747811
91.49 0.759846880965
91.56 0.702111390626
91.63 0.594470092145
91.7 0.626720984256
91.77 0.552126264235
91.84 0.564962921287
91.91 0.523394657979
91.98 0.43150990251
92.05 0.324782893411
92.12 0.485663777128
92.19 0.457613448922
92.26 0.511081956949
92.33 0.60495570587
92.4 0.483879104435
92.47 0.491400758574
92.54 0.454170896628
92.61 0.326087726185
92.68 0.497187006623
92.75 0.719669453707
92.82 0.484383148741
92.89 0.372670630504
92.96 0.395341924438
93.03 0.343978545612
93.1 0.458191027934
93.17 0.496344548094
93.24 0.367110992539
93.31 0.328638940373
93.38 0.479608768695
93.45 0.490814037282
93.52 0.632084853765
93.59 0.311714308226
93.66 0.327587941571
93.73 0.35232945224
93.8 0.497731106812
93.87 0.416870133632
93.94 0.596645462803
94.01 0.696355983024
94.08 0.586710788277
94.15 0.49709024925
94.22 0.427145801759
94.29 0.301678387785
94.36 0.650556559614
94.43 0.811664331883
94.5 0.674416365319
94.57 0.587117611488
94.64 0.590013715485
94.71 0.48749265442
94.78 0.591906807031
94.85 0.670298111434
94.92 0.558881136168
94.99 0.541677833206
95.06 0.657310893488
95.13 0.648204678522
95.2 0.577001421166
95.27 0.512256938193
95.34 0.433661449905
95.41 0.450494548334
95.48 0.551794415274
95.55 0.496534345985
95.62 0.705841504684
95.69 0.581922868264
95.76 0.483612347612
95.83 0.471911793515
95.9 0.38772036127
95.97 0.313268052206
96.04 0.377727617689
96.11 0.396422525915
96.18 0.433676775142
96.25 0.443553418371
96.32 0.416574142279
96.39 0.37861553157
96.46 0.442272343962
96.53 0.591635005907
96.6 0.407924361672
96.67 0.233882187359
96.74 0.269602315234
96.81 0.357460083867
96.88 0.329621145523
96.95 0.212131336266
97.02 0.161192741905
97.09 0.547744833507
97.16 0.740653050612
97.23 0.817075237881
97.3 0.801311274141
97.37 0.696509922126
97.44 0.615577224288
97.51 0.633582350538
97.58 0.528713356505
97.65 0.526304045893
97.72 0.409445758405
97.79 0.327572222229
97.86 0.341396035515
97.93 0.279665444225
98.0 0.226401384392
98.07 0.680664573449
98.14 0.757802108748
98.21 0.653854800047
98.28 0.495647633298
98.35 0.471531780029
98.42 0.401603409405
98.49 0.468003998509
98.56 0.562825516815
98.63 0.394859583018
98.7 0.388612301152
98.77 0.317984607447
98.84 0.341468666377
98.91 0.570668107705
98.98 0.75296832512
99.05 0.690520156867
99.12 0.584641988665
99.19 0.422931558652
99.26 0.224259853623
99.33 0.32314152136
99.4 0.699671838983
99.47 0.64224749532
99.54 0.481223249605
99.61 0.44029352289
99.68 0.404916205745
99.75 0.46915820195
99.82 0.671677957397
99.89 0.589291721956
99.96 0.485522205118
100.03 0.467105677438
100.1 0.453026393585
100.17 0.47030735873
100.24 0.596789731006
100.31 0.530568781573
100.38 0.376416576
100.45 0.352594925273
100.52 0.443827956988
100.59 0.634491236913
100.66 0.848306443617
100.73 0.710238095456
100.8 0.549804018857
100.87 0.451473653746
100.94 0.212092212545
101.01 0.62190670172
101.08 0.722975147906
101.15 0.673502651754
101.22 0.533952902566
101.29 0.578419764293
101.36 0.462543691394
101.43 0.600841690379
101.5 0.71518938594
101.57 0.596194082185
101.64 0.400433374526
101.71 0.400383609985
101.78 0.353056231661
101.85 0.818419187296
101.92 0.760073363613
101.99 0.556610814646
102.06 0.436200925915
102.13 0.311152972455
102.2 0.232238298467
102.27 0.498175218916
102.34 0.432507034072
102.41 0.372520071969
102.48 0.276810474589
102.55 0.369167520633
102.62 0.327667684013
102.69 0.696329944988
102.76 0.653415292122
102.83 0.553989244546
102.9 0.438464619638
102.97 0.327708904511
103.04 0.25786661858
103.11 0.557845023659
103.18 0.592585293312
103.25 0.488672847519
103.32 0.39636573829
103.39 0.379000877266
103.46 0.376341515613
103.53 0.757912181897
103.6 0.688081893733
103.67 0.518097683577
103.74 0.385863817606
103.81 0.24311176647
103.88 0.35365344982
103.95 0.472080215367
104.02 0.348938102851
104.09 0.318783636605
104.16 0.314636296864
104.23 0.530085873776
104.3 0.665557637354
104.37 0.66333363963
104.44 0.466289497655
104.51 0.424212263735
104.58 0.396636737046
104.65 0.437487593304
104.72 0.361895719302
104.79 0.780195576714
104.86 0.665308269507
104.93 0.559432339678
105.0 0.341294100506
105.07 0.362426686609
105.14 0.364314274851
105.21 0.764839245633
105.28 0.758089200891
105.35 0.653905844838
105.42 0.385276552355
105.49 0.219022614371
105.56 0.311992391423
105.63 0.719304889353
105.7 0.718114687888
105.77 0.524034378065
105.84 0.413840756239
105.91 0.423539076626
105.98 0.397459020729
106.05 0.784425300812
106.12 0.684681377285
106.19 0.480863625716
106.26 0.367794700115
106.33 0.513054231639
106.4 0.464815887862
106.47 0.694543689979
106.54 0.724446118143
106.61 0.609900713102
106.68 0.340583799137
106.75 0.322023051632
106.82 0.451979886865
106.89 0.824498713983
106.96 0.767828674518
107.03 0.631194410064
107.1 0.357036497055
107.17 0.319341113927
107.24 0.355273786839
107.31 0.709944272858
107.38 0.763187117125
107.45 0.5211791512
107.52 0.488730195622
107.59 0.422153486649
107.66 0.473055539028
107.73 1.0
107.8 0.809392851647
107.87 0.750685024109
107.94 0.618498772804
108.01 0.424090015826
108.08 0.344947138818
108.15 0.679588186765
108.22 0.581356308839
108.29 0.490858858998
108.36 0.500977387989
108.43 0.442587626376
108.5 0.437101264707
108.57 0.776883482447
108.64 0.628697516218
108.71 0.590842914876
108.78 0.545528099577
108.85 0.358623305694
108.92 0.470212516422
108.99 0.774959374641
109.06 0.739548543275
109.13 0.640652202815
109.2 0.47495737993
109.27 0.356698348322
109.34 0.420993412939
109.41 0.828773433251
109.48 0.705006832669
109.55 0.662732039123
109.62 0.492438637473
109.69 0.434518348706
109.76 0.327639894926
109.83 0.58389422849
109.9 0.523452157116
109.97 0.462770702661
110.04 0.430328933001
110.11 0.43463845382
110.18 0.388023919665
110.25 0.743092311986
110.32 0.608587899122
110.39 0.555651433338
110.46 0.518807281694
110.53 0.39138029169
110.6 0.390620559706
110.67 0.76288611451
110.74 0.736688863265
110.81 0.614004037034
110.88 0.465353519546
110.95 0.292843454764
111.02 0.557762605083
111.09 0.70989567647
111.16 0.679081694056
111.23 0.464657167588
111.3 0.536072158173
111.37 0.387254018841
111.44 0.593766832738
111.51 0.647271509882
111.58 0.584347616209
111.65 0.494716815126
111.72 0.515908421326
111.79 0.423476251178
111.86 0.66658009308
111.93 0.589514451172
112.0 0.495362063295
112.07 0.406099995342
112.14 0.502622364799
112.21 0.46952237692
112.28 0.553357033684
112.35 0.547137605802
112.42 0.3704725363
112.49 0.276322836358
112.56 0.272920177115
112.63 0.221466137737
112.7 0.560164552785
112.77 0.63521022864
112.84 0.48444339599
112.91 0.358971218543
112.98 0.277269834053
113.05 0.176063212945
113.12 0.670413455435
113.19 0.621362524834
113.26 0.552317729401
113.33 0.4424136965
113.4 0.404870630038
113.47 0.326296614545
113.54 0.635377162571
113.61 0.539107077807
113.68 0.337630957073
113.75 0.255996066507
113.82 0.275901074935
113.89 0.20497681288
113.96 0.590073588689
114.03 0.380319307825
114.1 0.259915793204
114.17 0.194772776194
114.24 0.673473070318
114.31 0.788077560354
114.38 0.660577651579
114.45 0.579966813216
114.52 0.482290584864
114.59 0.350997196165
114.66 0.445004043848
114.73 0.331689623007
114.8 0.53593854023
114.87 0.422706168641
114.94 0.440079079308
115.01 0.293855339285
115.08 0.180845316966
115.15 0.309760332256
115.22 0.594348188782
115.29 0.567053161835
115.36 0.611576184631
115.43 0.381320453589
115.5 0.262288684549
115.57 0.295806118761
115.64 0.706391853907
115.71 0.662710671344
115.78 0.542568311126
115.85 0.571870344696
115.92 0.369124900711
115.99 0.289762194813
116.06 0.831565241152
116.13 0.660481284771
116.2 0.503465335427
116.27 0.286303960936
116.34 0.402684782572
116.41 0.371738786953
116.48 0.642392774743
116.55 0.498098432258
116.62 0.47466053901
116.69 0.461758337899
116.76 0.480004986484
116.83 0.506578487163
116.9 0.680471589683
116.97 0.637197390804
117.04 0.607865164582
117.11 0.334509682537
117.18 0.293345469549
117.25 0.270131328537
117.32 0.839270997547
117.39 0.803319199948
117.46 0.637534428021
117.53 0.293311738216
117.6 0.15298230403
117.67 0.582202366226
117.74 0.770580979933
117.81 0.645826720456
117.88 0.407515468823
117.95 0.374311773645
118.02 0.288768276264
118.09 0.441395713978
118.16 0.734353979404
118.23 0.590507483575
118.3 0.507166483985
118.37 0.384404085247
118.44 0.314631619528
118.51 0.590495210878
118.58 0.744942831987
118.65 0.637764403332
118.72 0.530194296169
118.79 0.477951568747
118.86 0.243215163442
118.93 0.452416765854
119.0 0.547164740014
119.07 0.455412716342
119.14 0.366882057948
119.21 0.321411528896
119.28 0.285790366086
119.35 0.554640809007
119.42 0.746822724572
119.49 0.738767367995
119.56 0.612536519342
119.63 0.36614783184
119.7 0.249141890862
119.77 0.493006223459
119.84 0.685826784173
119.91 0.604765969337
119.98 0.563708627104
120.05 0.48904411283
120.12 0.366724212019
120.19 0.573190355213
120.26 0.733637764107
120.33 0.567411501934
120.4 0.461601211742
120.47 0.365859989246
120.54 0.216410906323
120.61 0.480764943839
120.68 0.44643904556
120.75 0.412559344364
120.82 0.326226216155
120.89 0.352361367624
120.96 0.326662453249
121.03 0.623142743201
121.1 0.684687999185
121.17 0.487563025671
121.24 0.425959136615
121.31 0.504265669614
121.38 0.475431967874
121.45 0.809484903364
121.52 0.782887748156
121.59 0.626450620315
121.66 0.415706510621
121.73 0.336819683537
121.8 0.448140559845
121.87 0.517367422113
121.94 0.476361728808
122.01 0.40184496596
122.08 0.205861450029
122.15 0.396299840243
122.22 0.365905360821
122.29 0.534131073195
122.36 0.665480650104
122.43 0.62244851516
122.5 0.529898798037
122.57 0.526107816074
122.64 0.426352988597
122.71 0.566485706824
122.78 0.459590325431
122.85 0.411539431438
122.92 0.248213125809
122.99 0.302224663808
123.06 0.273679953937
123.13 0.733111357322
123.2 0.809328499339
123.27 0.633073676094
123.34 0.422656260145
123.41 0.401150058265
123.48 0.385401390263
123.55 0.814024956431
123.62 0.745009810871
123.69 0.605082128456
123.76 0.492201846751
123.83 0.435966374745
123.9 0.366373670233
123.97 0.852986749505
124.04 0.701308612755
124.11 0.615849515094
124.18 0.541270509695
124.25 0.513374198469
124.32 0.355895466615
124.39 0.864818119155
124.46 0.860150070625
124.53 0.735887406943
124.6 0.552309043763
124.67 0.518361715887
124.74 0.277929942558
124.81 0.653176838845
124.88 0.615662954995
124.95 0.524768134552
125.02 0.441405244463
125.09 0.465635548508
125.16 0.321611600643
125.23 0.657037368451
125.3 0.52812517797
125.37 0.506353213968
125.44 0.341232204862
125.51 0.289223990851
125.58 0.268871125147
125.65 0.786100066729
125.72 0.710564959114
125.79 0.614086518148
125.86 0.474040264559
125.93 0.284326278519
126.0 0.180421433986
126.07 0.784441173548
126.14 0.868128416353
126.21 0.800815657063
126.28 0.569867231919
126.35 0.504814076634
126.42 0.31016658555
126.49 0.64386398569
126.56 0.661509852657
126.63 0.581150483638
126.7 0.489262949378
126.77 0.523158402955
126.84 0.379516426119
126.91 0.559777004115
126.98 0.410570373331
127.05 0.383283270952
127.12 0.244293679942
127.19 0.239360128879
127.26 0.31684757351
127.33 0.889245723236
127.4 0.985508965449
127.47 0.940910661615
127.54 0.614569902647
127.61 0.286291178499
127.68 0.37685288861
127.75 0.809789478879
127.82 0.789303405856
127.89 0.647026493704
127.96 0.560121911623
128.03 0.478590762574
128.1 0.313643942934
128.17 0.696074991241
128.24 0.68108079499
128.31 0.531902962152
128.38 0.46196948351
128.45 0.451663195587
128.52 0.531178406944
128.59 0.797127228405
128.66 0.901356990852
128.73 0.816497214026
128.8 0.54549343962
128.87 0.431305748123
128.94 0.469158272747
129.01 0.490222016819
129.08 0.390534443154
129.15 0.349527264287
129.22 0.337642371944
129.29 0.285286497594
129.36 0.415590531805
129.43 0.825119046253
129.5 0.808046895131
129.57 0.708260204187
129.64 0.597937491901
129.71 0.482195687099
129.78 0.544283683965
129.85 0.830348405775
129.92 0.663984090214
129.99 0.619028763109
130.06 0.60015324175
130.13 0.564948532933
130.2 0.544999322264
130.27 0.803877738049
130.34 0.671177123745
130.41 0.586125775558
130.48 0.466468379796
130.55 0.291720656966
130.62 0.505977160406
130.69 0.407404334896
130.76 0.399308098827
130.83 0.323206516742
130.9 0.277619838961
130.97 0.222378565152
131.04 0.723547061961
131.11 0.783196354392
131.18 0.678489161492
131.25 0.640439686098
131.32 0.459907861556
131.39 0.2427537131
131.46 0.848604327615
131.53 0.805907724268
131.6 0.571535077409
131.67 0.513942023984
131.74 0.441797241558
131.81 0.302214522107
131.88 0.696161132571
131.95 0.765542696192
132.02 0.709497862204
132.09 0.620205025782
132.16 0.243821584059
132.23 0.209890387328
132.3 0.61474594346
132.37 0.786599897421
132.44 0.589282022738
132.51 0.49309589993
132.58 0.412077669618
132.65 0.240891104475
132.72 0.600132480467
132.79 0.728962637036
132.86 0.622207501384
132.93 0.422025952548
133.0 0.330635316795
133.07 0.286343717112
133.14 0.721587511891
133.21 0.809747930354
133.28 0.717205954907
133.35 0.642994941628
133.42 0.455480725326
133.49 0.378254568434
133.56 0.695480660428
133.63 0.831992083456
133.7 0.646765369979
133.77 0.44659406904
133.84 0.305995750574
133.91 0.241445551677
133.98 0.64071765248
134.05 0.778764101883
134.12 0.610062800964
134.19 0.557814954903
134.26 0.443074112972
134.33 0.331863075002
134.4 0.718503722119
134.47 0.51966962362
134.54 0.540898155287
134.61 0.495900733338
134.68 0.344235219732
134.75 0.29776140094
134.82 0.762161927447
134.89 0.610780408606
134.96 0.606137181579
135.03 0.449830210876
135.1 0.30598900478
135.17 0.276125926887
135.24 0.656608903711
135.31 0.321869847641
135.38 0.289793941464
135.45 0.288965217594
135.52 0.247442585451
135.59 0.44307951008
135.66 0.592942707148
135.73 0.402709961602
135.8 0.523242781435
135.87 0.407582240035
135.94 0.499972619767
136.01 0.351215337721
136.08 0.73904473614
136.15 0.52809926619
136.22 0.444939427231
136.29 0.436122723313
136.36 0.353840578656
136.43 0.284948725265
136.5 0.724428204088
136.57 0.637479639237
136.64 0.590682403432
136.71 0.450053780219
136.78 0.398501534485
136.85 0.45460134133
136.92 0.591887414494
136.99 0.413517882005
137.06 0.412661048101
137.13 0.379825024095
137.2 0.219674641373
137.27 0.527648385872
137.34 0.485331807811
137.41 0.425379279113
137.48 0.315522898636
137.55 0.213129368133
137.62 0.172051830994
137.69 0.646320030724
137.76 0.808902339049
137.83 0.636720182182
137.9 0.404264805298
137.97 0.411114394463
138.04 0.337542126629
138.11 0.644637237582
138.18 0.634748824316
138.25 0.386351034594
138.32 0.290056662845
138.39 0.318549740308
138.46 0.394731211149
138.53 0.559404598969
138.6 0.527349226344
138.67 0.518370688254
138.74 0.426791088837
138.81 0.454800998913
138.88 0.421960867489
138.95 0.574564604656
139.02 0.55433297328
139.09 0.493684007667
139.16 0.553557967977
139.23 0.299328933857
139.3 0.262667606578
139.37 0.595039931841
139.44 0.606112395474
139.51 0.581833222472
139.58 0.427335389619
139.65 0.509601855052
139.72 0.404664960591
139.79 0.722247066997
139.86 0.551910312673
139.93 0.414849067862
140.0 0.337583867486
140.07 0.303602818897
140.14 0.454389000426
140.21 0.709530119775
140.28 0.613560321395
140.35 0.506572641673
140.42 0.36287086833
140.49 0.460956979512
140.56 0.433498831064
140.63 0.894034052693
140.7 0.919041596874
140.77 0.653473936994
140.84 0.448428592411
140.91 0.233333169123
140.98 0.2373865527
141.05 0.673127857202
141.12 0.590735733794
141.19 0.510393606256
141.26 0.405439012492
141.33 0.503192182076
141.4 0.492410123895
141.47 0.779060637194
141.54 0.7571497077
141.61 0.655264759604
141.68 0.496069343983
141.75 0.361751600954
141.82 0.386141552717
141.89 0.827019898353
141.96 0.767224930035
142.03 0.619799856866
142.1 0.552288522011
142.17 0.441291647973
142.24 0.295040674622
142.31 0.494651941279
142.38 0.373270138953
142.45 0.286691764476
142.52 0.218778191709
142.59 0.326980374039
142.66 0.385570901212
142.73 0.764101123319
142.8 0.753374284605
142.87 0.626670155396
142.94 0.468001193759
143.01 0.311928801366
143.08 0.398690899334
143.15 0.645663230809
143.22 0.62765097764
143.29 0.511465361622
143.36 0.468945573137
143.43 0.49648644577
143.5 0.429093075593
143.57 0.831794536809
143.64 0.73033912367
143.71 0.523657056053
143.78 0.485102131029
143.85 0.528949117128
143.92 0.64751552428
143.99 0.490043547661
144.06 0.380860330696
144.13 0.284149318522
144.2 0.29238790891
144.27 0.367124905371
144.34 0.749051378394
144.41 0.919296564781
144.48 0.760001904445
144.55 0.676825808086
144.62 0.532638578246
144.69 0.447789346665
144.76 0.305291986148
144.83 0.60929441874
144.9 0.591934679894
144.97 0.493634827203
145.04 0.461789659766
145.11 0.322188242772
145.18 0.36788350814
145.25 0.633235588143
145.32 0.567390452742
145.39 0.372161245729
145.46 0.344593990514
145.53 0.368032852503
145.6 0.384288019114
145.67 0.702490008227
145.74 0.649383668068
145.81 0.581308278829
145.88 0.441579741896
145.95 0.300430565647
146.02 0.400673882102
146.09 0.828133074809
146.16 0.728441224994
146.23 0.648897695931
146.3 0.508291049353
146.37 0.438912357739
146.44 0.329877084532
146.51 0.591390606844
146.58 0.602595080142
146.65 0.484155647793
146.72 0.45495888732
146.79 0.438919911802
146.86 0.416444348567
146.93 0.647408949694
147.0 0.592469996509
147.07 0.437619192346
147.14 0.323996422499
147.21 0.442842119941
147.28 0.595236574643
147.35 0.810133087258
147.42 0.828282810917
147.49 0.635857506329
147.56 0.459637468116
147.63 0.26406857371
147.7 0.521393710417
147.77 0.596659104246
147.84 0.665044796495
147.91 0.540439062493
147.98 0.493411432493
148.05 0.563326837787
148.12 0.744359613977
148.19 0.747267041988
148.26 0.649089898568
148.33 0.44281648427
148.4 0.386666965982
148.47 0.447275765975
148.54 0.513169491864
148.61 0.742071465717
148.68 0.683150270715
148.75 0.584339729399
148.82 0.413040784299
148.89 0.18996505538
148.96 0.465206308539
149.03 0.472216396169
149.1 0.499966644483
149.17 0.478915692288
149.24 0.337610137972
149.31 0.310806004748
149.38 0.622003230182
149.45 0.542475631673
149.52 0.38639230701
149.59 0.331848441218
149.66 0.305606671505
149.73 0.400796827364
149.8 0.624991004771
149.87 0.476032376628
149.94 0.450538396589
150.01 0.330578192883
150.08 0.359899259104
150.15 0.337083471597
150.22 0.54080381092
150.29 0.439272648302
150.36 0.31693064932
150.43 0.287087114998
150.5 0.281498863159
150.57 0.321372618747
150.64 0.569876778924
150.71 0.473954109069
150.78 0.386136404579
150.85 0.315557348561
150.92 0.208564427485
150.99 0.476178015937
151.06 0.738980766137
151.13 0.706899184384
151.2 0.633285251209
151.27 0.352872134125
151.34 0.452736178105
151.41 0.371682599924
151.48 0.655578899823
151.55 0.643173828488
151.62 0.556873462871
151.69 0.42376106365
151.76 0.378438040594
151.83 0.522359905957
151.9 0.807136716707
151.97 0.748749607629
152.04 0.566645236547
152.11 0.515587879859
152.18 0.413536277481
152.25 0.57170404676
152.32 0.893351814159
152.39 0.709823106966
152.46 0.566402861104
152.53 0.5077394069
152.6 0.488465257108
152.67 0.5464428692
152.74 0.777063864308
152.81 0.64212145622
152.88 0.543482153306
152.95 0.434277895408
153.02 0.44378342908
153.09 0.389758034886
153.16 0.806524242928
153.23 0.765127943693
153.3 0.556586248013
153.37 0.445341960131
153.44 0.468691932678
153.51 0.539598495429
153.58 0.79110277723
153.65 0.741954647954
153.72 0.590729595675
153.79 0.484360182125
153.86 0.384711995311
153.93 0.509502435704
154.0 0.707889290502
154.07 0.627183804524
154.14 0.347702034231
154.21 0.484016609144
154.28 0.714157338372
154.35 0.533777537867
154.42 0.518833390527
154.49 0.363720467938
154.56 0.53887624821
154.63 0.507981745764
154.7 0.578415563658
154.77 0.625404717732
154.84 0.577505732141
154.91 0.594532009028
154.98 0.530572582204
155.05 0.454981691103
155.12 0.481484473625
155.19 0.497076362377
155.26 0.469663299954
155.33 0.454479662158
155.4 0.498463474493
155.47 0.436319944292
155.54 0.481275697361
155.61 0.61639827846
155.68 0.783862031097
155.75 0.724478579846
155.82 0.613311255615
155.89 0.384073914179
155.96 0.416356498664
156.03 0.490136759273
156.1 0.867207238402
156.17 0.816243475631
156.24 0.681980998087
156.31 0.489767942367
156.38 0.370791806957
156.45 0.535080305722
156.52 0.723124782538
156.59 0.687282963692
156.66 0.592306677956
156.73 0.575192000127
156.8 0.553450753856
156.87 0.616835194027
156.94 0.810379387226
157.01 0.687832719399
157.08 0.434823825705
157.15 0.61896977841
157.22 0.790608793209
157.29 0.710618301275
157.36 0.562472477067
157.43 0.42605405562
157.5 0.282984391663
157.57 0.223568746558
157.64 0.370601035604
157.71 0.746021478282
157.78 0.775130964669
157.85 0.714763512378
157.92 0.692237804656
157.99 0.620637627439
158.06 0.512640394784
158.13 0.723195415739
158.2 0.761038729645
158.27 0.670303206474
158.34 0.686247855324
158.41 0.514611353826
158.48 0.538248899937
158.55 0.727081950342
158.62 0.514900735079
158.69 0.666102362919
158.76 0.530427208384
158.83 0.358786469673
158.9 0.384598984078
158.97 0.703986965761
159.04 0.816307195484
159.11 0.5820795071
159.18 0.40849011519
159.25 0.436411565327
159.32 0.481665210653
159.39 0.584588277179
159.46 0.581999866134
159.53 0.424608240813
159.6 0.222597277806
159.67 0.430796764532
159.74 0.411867296876
159.81 0.73128194551
159.88 0.819884240065
159.95 0.619731752306
160.02 0.445466588007
160.09 0.43138561446
160.16 0.402078711222
160.23 0.709800777525
160.3 0.506188090086
160.37 0.492143512207
160.44 0.275056946772
160.51 0.501369091276
160.58 0.385485441895
160.65 0.573971929318
160.72 0.665013250436
160.79 0.513312622592
160.86 0.405043261965
160.93 0.658994329704
161.0 0.671794162764
161.07 0.699464776011
161.14 0.490591286828
161.21 0.385588583996
161.28 0.355899351023
161.35 0.481776187646
161.42 0.428913681352
161.49 0.797035796163
161.56 0.706167340602
161.63 0.642504300415
161.7 0.559291927563
161.77 0.583449672724
161.84 0.557358489865
161.91 0.823900856289
161.98 0.774353853149
162.05 0.745508869873
162.12 0.696220401639
162.19 0.56901258211
162.26 0.507801491337
162.33 0.882942362897
162.4 0.834993028687
162.47 0.800490286047
162.54 0.417571498033
162.61 0.830348372736
162.68 0.842895391305
162.75 0.768505774354
162.82 0.570391768479
162.89 0.637098056413
162.96 0.698646233961
163.03 0.539534965549
163.1 0.565594261343
163.17 0.727773754759
163.24 0.612179939733
163.31 0.540839688588
163.38 0.439072925821
163.45 0.459282698556
163.52 0.416900605933
163.59 0.668017731988
163.66 0.586208788831
163.73 0.536494254703
163.8 0.529118428665
163.87 0.415200487533
163.94 0.666204565777
164.01 0.647475548633
164.08 0.554310582481
164.15 0.506709417171
164.22 0.456114779275
164.29 0.409948918925
164.36 0.646228478126
164.43 0.522395522855
164.5 0.456197439743
164.57 0.247073525473
164.64 0.349850783957
164.71 0.254835367421
164.78 0.65030507139
164.85 0.747286169036
164.92 0.629757724559
164.99 0.497511767603
165.06 0.567257036572
165.13 0.411590170621
165.2 0.478361494056
165.27 0.779973272282
165.34 0.656487251678
165.41 0.422303784415
165.48 0.225432102094
165.55 0.176426580826
165.62 0.370338166728
165.69 0.787627152018
165.76 0.728731103007
165.83 0.579737449122
165.9 0.532880360171
165.97 0.537459852006
166.04 0.559791977726
166.11 0.726656680916
166.18 0.542402829717
166.25 0.508099985372
166.32 0.470762611956
166.39 0.367602836125
166.46 0.412171665899
166.53 0.597080767733
166.6 0.513429960714
166.67 0.371744863714
166.74 0.31305676146
166.81 0.352861267933
166.88 0.411988460408
166.95 0.60610792817
167.02 0.478524508181
167.09 0.406274430238
167.16 0.318640515316
167.23 0.342150562724
167.3 0.490610771401
167.37 0.576933767348
167.44 0.549535279712
167.51 0.391130084896
167.58 0.294183122127
167.65 0.173304738732
167.72 0.582615595405
167.79 0.480793915239
167.86 0.367580498424
167.93 0.253049836902
168.0 0.345129705954
168.07 0.39473907318
168.14 0.670674690076
168.21 0.806220973622
168.28 0.672006942611
168.35 0.39194090061
168.42 0.306742427552
168.49 0.299459944101
168.56 0.556167543849
168.63 0.71640817768
168.7 0.660489829995
168.77 0.442039736175
168.84 0.308746083107
168.91 0.258145225676
168.98 0.590552868129
169.05 0.747247032336
169.12 0.676508520931
169.19 0.487652423673
169.26 0.320143789142
169.33 0.388622697723
169.4 0.657482510654
169.47 0.698306302318
169.54 0.536154015091
169.61 0.423854718925
169.68 0.471309308043
169.75 0.366379628998
169.82 0.639868894179
169.89 0.54731096576
169.96 0.516555734414
170.03 0.355557473636
170.1 0.375692882157
170.17 0.363695111915
170.24 0.662204271851
170.31 0.510181225234
170.38 0.432878685227
170.45 0.441867237583
170.52 0.394403292613
170.59 0.328417628282
170.66 0.606730390256
170.73 0.494518035428
170.8 0.4122824364
170.87 0.309586948699
170.94 0.154427821488
171.01 0.228745377495
171.08 0.59324507851
171.15 0.362360015692
171.22 0.316889214071
171.29 0.207013806843
171.36 0.466104292143
171.43 0.400115090311
171.5 0.861903504046
171.57 0.77037241134
171.64 0.583776031361
171.71 0.399371442274
171.78 0.335969950594
171.85 0.489043046152
171.92 0.752696761166
171.99 0.738601394546
172.06 0.582010928199
172.13 0.316905807758
172.2 0.230426257932
172.27 0.250425239042
172.34 0.698394484968
172.41 0.779226656661
172.48 0.661172960573
172.55 0.564712367586
172.62 0.628659460356
172.69 0.610781234573
172.76 0.746487786492
172.83 0.749629683077
172.9 0.552122991044
172.97 0.402722018367
173.04 0.49414646215
173.11 0.38064547531
173.18 0.683879689692
173.25 0.525184665241
173.32 0.410187899641
173.39 0.307395669907
173.46 0.360088018636
173.53 0.407398799734
173.6 0.672687198822
173.67 0.389229303592
173.74 0.3531838283
173.81 0.27881704463
173.88 0.420147498326
173.95 0.449710912851
174.02 0.637850324011
174.09 0.443094340916
174.16 0.432590239678
174.23 0.345826128709
174.3 0.246187302467
174.37 0.402321734459
174.44 0.570291440567
174.51 0.379701281185
174.58 0.24058957914
174.65 0.26568303102
174.72 0.333563902554
174.79 0.586848487679
174.86 0.875673321477
174.93 0.781062666774
175.0 0.561630356005
175.07 0.460397993029
175.14 0.401445946961
175.21 0.324174052709
175.28 0.26048920462
175.35 0.180755957903
175.42 0.197622290904
175.49 0.537537113006
175.56 0.515006399921
175.63 0.557092757241
175.7 0.818400818959
175.77 0.852852864893
175.84 0.784563534733
175.91 0.697423138931
175.98 0.617855453859
176.05 0.554449414638
176.12 0.504375529191
176.19 0.476583658015
176.26 0.355637293955
176.33 0.347426135128
176.4 0.231783314271
176.47 0.759092038709
176.54 0.883811876581
176.61 0.822322136233
176.68 0.747346503601
176.75 0.766134278893
176.82 0.949774881084
176.89 0.704145682495
176.96 0.467812968746
177.03 0.297949410022
177.1 0.447606610796
177.17 0.819663510871
177.24 0.888718977804
177.31 0.853404933309
177.38 0.776492469433
177.45 0.71433882939
177.52 0.615078676207
177.59 0.574401313241
177.66 0.525588690782
177.73 0.536993670051
177.8 0.464403431553
177.87 0.591257161175
177.94 0.471124711387
178.01 0.443622374858
178.08 0.45633854095
178.15 0.449677859991
178.22 0.433337852359
178.29 0.477827812857
178.36 0.444696361516
178.43 0.453998949074
178.5 0.563473415159
178.57 0.439634931806
178.64 0.372662571421
178.71 0.337009043666
178.78 0.487506238046
178.85 0.446204115625
178.92 0.360819035271
178.99 0.233714991478
179.06 0.168460711927
179.13 0.145071995604
179.2 0.152063034064
179.27 0.11408825209
179.34 0.475495262944
179.41 0.858439831763
179.48 0.768430664409
179.55 0.648076022284
179.62 0.554616147977
179.69 0.479200957863
179.76 0.317429397994
179.83 0.737901728098
179.9 0.658187770082
179.97 0.650487088668
180.04 0.507901925445
180.11 0.405111711072
180.18 0.310209942944
180.25 0.466181425708
180.32 0.349973988809
180.39 0.294314071014
180.46 0.250655922324
180.53 0.279690443901
180.6 0.237147866973
180.67 0.485337484567
180.74 0.463327482632
180.81 0.391401325542
180.88 0.379229617165
180.95 0.418302773077
181.02 0.347722453328
181.09 0.749440463363
181.16 0.757067813023
181.23 0.624562377198
181.3 0.485311385174
181.37 0.516926564321
181.44 0.293935939554
181.51 0.670346824637
181.58 0.592065953269
181.65 0.539698037492
181.72 0.44490566758
181.79 0.519917981427
181.86 0.447063388492
181.93 0.474911751125
182.0 0.454275698924
182.07 0.366795537852
182.14 0.277369523611
182.21 0.448437827907
182.28 0.353493407998
182.35 0.549818402491
182.42 0.445702940966
182.49 0.386131779161
182.56 0.30377505082
182.63 0.277899682649
182.7 0.284063388404
182.77 0.715240697401
182.84 0.655500416391
182.91 0.583009058002
182.98 0.493771896509
183.05 0.426293877643
183.12 0.262426025245
183.19 0.538488877713
183.26 0.507336553053
183.33 0.405923785796
183.4 0.356701996738
183.47 0.299978458178
183.54 0.37604885173
183.61 0.55524377826
183.68 0.686427910339
183.75 0.607627440516
183.82 0.527090951028
183.89 0.467955972039
183.96 0.325961595048
184.03 0.631738914978
184.1 0.571318705783
184.17 0.526068707693
184.24 0.468216908151
184.31 0.423899961885
184.38 0.384644013466
184.45 0.875097992636
184.52 0.818142276972
184.59 0.624057926989
184.66 0.527962526091
184.73 0.426839023271
184.8 0.470353328541
184.87 0.540839602451
184.94 0.457060666634
185.01 0.454594204971
185.08 0.445794899468
185.15 0.367004930052
185.22 0.506658777104
185.29 0.806357103685
185.36 0.785436403025
185.43 0.641594248246
185.5 0.588154887431
185.57 0.436995335555
185.64 0.437739848498
185.71 0.768916759261
185.78 0.652699141722
185.85 0.579220946866
185.92 0.524827213647
185.99 0.405886041441
186.06 0.618070370602
186.13 0.595727428248
186.2 0.42050521069
186.27 0.222164756386
186.34 0.380637560182
186.41 0.358762869422
186.48 0.638236332841
186.55 0.748628204566
186.62 0.619014034928
186.69 0.375719461791
186.76 0.512527429569
186.83 0.399547248276
186.9 0.618399364076
186.97 0.457380423432
187.04 0.391419690339
187.11 0.274649244495
187.18 0.540769024708
187.25 0.435361195439
187.32 0.635994760888
187.39 0.591009704853
187.46 0.481313956175
187.53 0.355964328706
187.6 0.356986464664
187.67 0.388568524874
187.74 0.629506969086
187.81 0.502540050058
187.88 0.566481764599
187.95 0.347041438406
188.02 0.338059139804
188.09 0.389261555263
188.16 0.56053060506
188.23 0.422399824376
188.3 0.30717017488
188.37 0.268102775962
188.44 0.412806100974
188.51 0.355710226885
188.58 0.522800021558
188.65 0.393646621429
188.72 0.348542895103
188.79 0.314682679659
188.86 0.423533399869
188.93 0.367383596032
189.0 0.680078622666
189.07 0.781334512736
189.14 0.700308069947
189.21 0.579449320979
189.28 0.383434834808
189.35 0.208493592513
189.42 0.719903305165
189.49 0.822501780624
189.56 0.641155238261
189.63 0.533452656531
189.7 0.565838431495
189.77 0.565938446719
189.84 0.74427491337
189.91 0.704857321932
189.98 0.606086545051
190.05 0.499537835196
190.12 0.494413249651
190.19 0.476708510082
190.26 0.648901353787
190.33 0.47662699299
190.4 0.394628499731
190.47 0.255053664731
190.54 0.45131396473
190.61 0.360573722924
190.68 0.632294256585
190.75 0.525172849186
190.82 0.452472719252
190.89 0.32123226091
190.96 0.191496008556
191.03 0.379902445569
191.1 0.801834983552
191.17 0.765435710982
191.24 0.654177346254
191.31 0.535492218073
191.38 0.482464657514
191.45 0.378802471613
191.52 0.621356745421
191.59 0.633763465151
191.66 0.391702370636
191.73 0.249780872298
191.8 0.298883112
191.87 0.522724391254
191.94 0.624469710725
192.01 0.523281752941
192.08 0.351825115306
192.15 0.21368903427
192.22 0.12838972946
192.29 0.48343045187
192.36 0.807087749814
192.43 0.675955189965
192.5 0.569704104519
192.57 0.554787740365
192.64 0.433950081887
192.71 0.653459989943
192.78 0.656964296286
192.85 0.402231253259
192.92 0.14770179942
192.99 0.4802780183
193.06 0.456614988732
193.13 0.734236035965
193.2 0.783796321843
193.27 0.650424396555
193.34 0.391395942594
193.41 0.517833219404
193.48 0.376106343787
193.55 0.541474613343
193.62 0.508281174322
193.69 0.421004024261
193.76 0.321270808813
193.83 0.577183995381
193.9 0.389152250264
193.97 0.586248673622
194.04 0.529564932535
194.11 0.436821056413
194.18 0.425438541101
194.25 0.410060668788
194.32 0.442841672739
194.39 0.604608685066
194.46 0.525081166794
194.53 0.439256406241
194.6 0.371320749463
194.67 0.542393401888
194.74 0.380551279617
194.81 0.86920216702
194.88 0.850708345301
194.95 0.744364192197
195.02 0.555237864332
195.09 0.46208205462
195.16 0.450531775869
195.23 0.78836202356
195.3 0.543651841248
195.37 0.493323634508
195.44 0.531761283948
195.51 0.664423880148
195.58 0.417044880035
195.65 0.517224063654
195.72 0.411652632643
195.79 0.318803514102
195.86 0.221947162328
195.93 0.171560394493
196.0 0.316356896898
196.07 0.682519105292
196.14 0.638577092812
196.21 0.529440618527
196.28 0.461584715991
196.35 0.524196017545
196.42 0.474016287902
196.49 0.729670912425
196.56 0.594254588965
196.63 0.350611848108
196.7 0.437155078849
196.77 0.600112279662
196.84 0.560020710545
196.91 0.528464772147
196.98 0.366327654404
197.05 0.340355189033
197.12 0.284492133972
197.19 0.445102416577
197.26 0.394160911271
197.33 0.812792514988
197.4 0.855390533215
197.47 0.70140810998
197.54 0.517842944581
197.61 0.429010395066
197.68 0.46767157137
197.75 0.944138475339
197.82 0.801124942953
197.89 0.708554117641
197.96 0.640449280301
198.03 0.498089205021
198.1 0.59135460882
198.17 0.731478080932
198.24 0.709608500551
198.31 0.619607248325
198.38 0.59446385137
198.45 0.59167913735
198.52 0.684163933427
198.59 0.937543935497
198.66 0.771780396835
198.73 0.388594659666
198.8 0.626485391187
198.87 0.682013406691
198.94 0.576426033327
199.01 0.492179527929
199.08 0.379979515416
199.15 0.302870478355
199.22 0.251248824213
199.29 0.254452774556
199.36 0.556942962136
199.43 0.898543705436
199.5 0.851929391932
199.57 0.647012952557
199.64 0.666561581968
199.71 0.642841305773
199.78 0.629711353563
199.85 0.828956537266
199.92 0.740330828892
199.99 0.581732415499
200.06 0.632873086348
200.13 0.595965553497
200.2 0.539938068367
200.27 0.543932882589
200.34 0.501082147807
200.41 0.391350878987
200.48 0.431787335552
200.55 0.329628891918
200.62 0.522947245544
200.69 0.606253335028
200.76 0.495265482916
200.83 0.436051034054
200.9 0.366754366912
200.97 0.387003072216
201.04 0.679821896628
201.11 0.767646341013
201.18 0.753227349707
201.25 0.574925489915
201.32 0.527010768463
201.39 0.556186980044
201.46 0.79489232437
201.53 0.863663351695
201.6 0.752824945422
201.67 0.652576764018
201.74 0.612878902929
201.81 0.526825292741
201.88 0.563385898003
201.95 0.595734145723
202.02 0.435397832998
202.09 0.445414534355
202.16 0.838516341723
202.23 0.63511872914
202.3 0.488635830016
202.37 0.431856885556
202.44 0.374998428744
202.51 0.374396978092
202.58 0.331494181398
202.65 0.345332882158
202.72 0.644620189613
202.79 0.652067643552
202.86 0.386335679858
202.93 0.390868374734
203.0 0.401976023402
203.07 0.420989624108
203.14 0.571307374689
203.21 0.342330023042
203.28 0.316357117549
203.35 0.261926208713
203.42 0.509149480913
203.49 0.573382516551
203.56 0.24183429682
203.63 0.148880464479
203.7 0.0999714775724
203.77 0.523063391914
203.84 0.779235620769
203.91 0.713128187589
203.98 0.602950644991
204.05 0.539227854314
204.12 0.480840677979
204.19 0.455659474132
204.26 0.39617158519
204.33 0.340748589093
204.4 0.399088000908
204.47 0.260907878105
204.54 0.172051659901
204.61 0.173006412251
204.68 0.308226445715
204.75 0.736177701479
204.82 0.798143276983
204.89 0.795937719573
204.96 0.634763927722
205.03 0.492358082043
205.1 0.372752975924
205.17 0.405403251639
205.24 0.459648857028
205.31 0.386087611139
205.38 0.248561950763
205.45 0.388552169538
205.52 0.326908965609
205.59 0.331227765582
205.66 0.433113551445
205.73 0.310331148954
205.8 0.262622545332
205.87 0.247540595934
205.94 0.260985037628
206.01 0.349223571378
206.08 0.490036618974
206.15 0.401933302004
206.22 0.325587556847
206.29 0.216797801298
206.36 0.233934117116
206.43 0.426650046627
206.5 0.55996238898
206.57 0.37600537516
206.64 0.241761540882
206.71 0.287904820461
206.78 0.299331968697
206.85 0.431482020207
206.92 0.701241528855
206.99 0.457024078634
207.06 0.377411273318
207.13 0.47815478743
207.2 0.445344576088
207.27 0.459736529938
207.34 0.697523517581
207.41 0.779627934091
207.48 0.64455927215
207.55 0.478384111406
207.62 0.301734491037
207.69 0.443797601502
207.76 0.670406343855
207.83 0.672622177481
207.9 0.576465485075
207.97 0.532825302358
208.04 0.516008507347
208.11 0.509136054222
208.18 0.778187934096
208.25 0.632298417101
208.32 0.525642340911
208.39 0.539536573826
208.46 0.386053091598
208.53 0.58407541744
208.6 0.644548479115
208.67 0.550485839687
208.74 0.47403566392
208.81 0.494587378939
208.88 0.322565564784
208.95 0.514193632563
209.02 0.512386086471
209.09 0.300330484345
209.16 0.288650940501
209.23 0.398262565569
209.3 0.364199625843
209.37 0.561170043138
209.44 0.870355925619
209.51 0.70065030958
209.58 0.618759901249
209.65 0.593111048764
209.72 0.519312140168
209.79 0.779240793685
209.86 0.770538928748
209.93 0.609818265026
210.0 0.55767499589
210.07 0.448403795686
210.14 0.400506856135
210.21 0.459522880465
210.28 0.340748750746
210.35 0.240405605499
210.42 0.183345104058
210.49 0.189379260351
210.56 0.525972198111
210.63 0.82964486082
210.7 0.784399372512
210.77 0.634463408888
210.84 0.619293902215
210.91 0.520480762642
210.98 0.451274012682
211.05 0.411692550472
211.12 0.316946050074
211.19 0.197861476932
211.26 0.15745313512
211.33 0.179453578252
211.4 0.610973339274
211.47 0.810491459216
211.54 0.616622632471
211.61 0.464374376376
211.68 0.436914213747
211.75 0.395657834586
211.82 0.450477467326
211.89 0.430668206231
211.96 0.316658454092
212.03 0.183856144309
212.1 0.159349746468
212.17 0.115859817858
212.24 0.658698942487
212.31 0.838633106388
212.38 0.628734234014
212.45 0.450999546042
212.52 0.387656008962
212.59 0.340131609071
212.66 0.381387425394
212.73 0.465160626637
212.8 0.234880502415
212.87 0.163272473787
212.94 0.214067858363
213.01 0.229422413613
213.08 0.620815972701
213.15 0.927073586831
213.22 0.666947858648
213.29 0.562352908832
213.36 0.674180620036
213.43 0.711952368578
213.5 0.509452358475
213.57 0.283967439299
213.64 0.165534596991
213.71 0.159526764282
213.78 0.117391108501
213.85 0.0937273969201
213.92 0.574677140367
213.99 0.800216501421
214.06 0.907734480594
214.13 0.754941465896
214.2 0.544683204444
214.27 0.308591417153
214.34 0.241911825669
214.41 0.164704599952
214.48 0.123228302225
214.55 0.0902220592969
214.62 0.0615343437728
214.69 0.0493719534889
214.76 0.0413679897889
214.83 0.0526092481398
214.9 0.0272580295029
214.97 0.0253022647232
215.04 0.0225652172874
215.11 0.014662532542
215.18 0.0113704703463
215.25 0.00829925652011
215.32 0.0070654274519
215.39 0.00479257846964
215.46 0.00336135614895
215.53 0.00266824198334
215.6 0.00247609716434
215.67 0.00224810889579
215.74 0.00193176806396
215.81 0.00149371738147
215.88 0.00102355308267
215.95 0.001012286886
216.02 0.000663243641031
216.09 0.000600175122809
216.16 0.000389833059874
216.23 0.000321497228923
216.3 0.000256351992421
216.37 0.000172459653626
216.44 0.000137238039615
216.51 0.000129197836001
216.58 8.4038653037e-05
216.65 5.76879299511e-05
216.72 0.0
216.79 0.0
216.86 0.0
216.93 0.0
217.0 0.0
217.07 0.0
217.14 0.0
217.21 0.0
217.28 0.0
217.35 0.0
217.42 0.0
217.49 0.0
217.56 0.0
217.63 0.0
217.7 0.0
217.77 0.0
217.84 0.0
217.91 0.0
217.98 0.0
218.05 0.0
218.12 0.0
218.19 0.0
218.26 0.0
218.33 0.0
218.4 0.0
218.47 0.0
218.54 0.0
218.61 0.0
218.68 0.0
