0.0 0.528080247185
0.07 0.968922744507
0.14 0.493272470956
0.21 0.382247477173
0.28 0.975549742143
0.35 0.351716024053
0.42 0.322963901866
0.49 0.196898724159
0.56 0.0197000139227
0.63 0.0215575904804
0.7 0.0495802573027
0.77 0.0158373731024
0.84 0.0244497570209
0.91 0.0712205145841
0.98 0.428866564759
1.05 0.320298512064
1.12 0.22246563866
1.19 0.201010251921
1.26 0.26243927106
1.33 0.264203368217
1.4 0.365007170453
1.47 0.377369637952
1.54 0.387865000048
1.61 0.232804023064
1.68 0.0824538102847
1.75 0.0326248963103
1.82 0.0223983135742
1.89 0.852970478367
1.96 0.557601918998
2.03 0.383303169929
2.1 0.30617416807
2.17 0.841148442201
2.24 0.200558569385
2.31 0.17359339574
2.38 0.092179642903
2.45 0.0468189501207
2.52 0.0445848726259
2.59 0.0113727066979
2.66 0.444424521483
2.73 0.27370141235
2.8 0.112320643337
2.87 0.0549209197925
2.94 0.0333812917833
3.01 0.021705340117
3.08 0.0151951424389
3.15 0.416336770386
3.22 0.271032136748
3.29 0.320410418792
3.36 0.315978470825
3.43 0.278038663366
3.5 0.248263807205
3.57 0.10326094481
3.64 0.107622853387
3.71 0.0702705717212
3.78 0.120643630127
3.85 0.964060785256
3.92 0.331418015704
3.99 0.280790222947
4.06 0.791968582068
4.13 0.283765820496
4.2 0.268517934796
4.27 0.219590388303
4.34 0.0548681535043
4.41 0.00618480220946
4.48 0.0145272352713
4.55 0.0276369407078
4.62 0.012867917996
4.69 0.0422900773444
4.76 0.41760348512
4.83 0.412634185675
4.9 0.296148941743
4.97 0.302445059175
5.04 0.297157344311
5.11 0.214855337847
5.18 0.13801196245
5.25 0.152904998316
5.32 0.0921355995167
5.39 0.0948372683009
5.46 0.0836962948953
5.53 0.0615705889137
5.6 0.00826116802721
5.67 0.386886282115
5.74 0.827191895695
5.81 0.373837695998
5.88 0.307520207816
5.95 0.740883767398
6.02 0.253172509754
6.09 0.244319435054
6.16 0.101889520714
6.23 0.0114764129482
6.3 0.0187444755075
6.37 0.202200550235
6.44 0.35303862235
6.51 0.191513114475
6.58 0.0799865142585
6.65 0.0380892020837
6.72 0.0227518192093
6.79 0.016656350107
6.86 0.342045030149
6.93 0.451787322729
7.0 0.289758884371
7.07 0.24972337852
7.14 0.241428530679
7.21 0.193593112796
7.28 0.206832317561
7.35 0.292905624074
7.42 0.18145126664
7.49 0.184909824538
7.56 0.748562815212
7.63 0.647345193966
7.7 0.428469034447
7.77 0.271862234337
7.84 0.827995283445
7.91 0.433013873544
7.98 0.370897536947
8.05 0.181198113953
8.12 0.30697036565
8.19 0.313738079624
8.26 0.21633390209
8.33 0.367225441376
8.4 0.357232861527
8.47 0.243632644337
8.54 0.524258332429
8.61 0.579091048875
8.68 0.440883761641
8.75 0.31381273592
8.82 0.649508939917
8.89 0.43274363629
8.96 0.675736123829
9.03 0.360178855035
9.1 0.518437580765
9.17 0.388431341034
9.24 0.146196348505
9.31 0.0789654065631
9.38 0.0855679553199
9.45 0.399579097319
9.52 0.885923298795
9.59 0.582251623466
9.66 0.458685608225
9.73 0.731884924819
9.8 0.406042249471
9.87 0.398271416178
9.94 0.420573347515
10.01 0.72547073375
10.08 0.57883916555
10.15 0.286215801684
10.22 0.45672062815
10.29 0.114246188296
10.36 0.0641718198374
10.43 0.537039231528
10.5 0.495377191602
10.57 0.36523343628
10.64 0.291800653615
10.71 0.391377579203
10.78 0.30878308856
10.85 0.281865795169
10.92 0.308674517864
10.99 0.33337977776
11.06 0.208648396651
11.13 0.109278995819
11.2 0.081875669419
11.27 0.0428575984621
11.34 0.18378921733
11.41 0.934410846057
11.48 0.399462716165
11.55 0.257075811875
11.62 0.777360884827
11.69 0.721636377238
11.76 0.636888417866
11.83 0.467742910509
11.9 0.57679113729
11.97 0.76255966898
12.04 0.643251071711
12.11 0.414941465889
12.18 0.300216342645
12.25 0.169343356472
12.32 0.412515776709
12.39 0.586146585509
12.46 0.38985856522
12.53 0.500716927257
12.6 0.625119893486
12.67 0.593186928663
12.74 0.347148614213
12.81 0.3250847529
12.88 0.500694539291
12.95 0.204754250626
13.02 0.131801534108
13.09 0.104800569365
13.16 0.0833287413729
13.23 0.137547217869
13.3 0.934940359731
13.37 0.441816953827
13.44 0.391634375907
13.51 0.799393102774
13.58 0.362921046959
13.65 0.305424794381
13.72 0.207267616412
13.79 0.5093648792
13.86 0.419175285539
13.93 0.161294799282
14.0 0.288422636841
14.07 0.224347078349
14.14 0.285155107759
14.21 0.405204129863
14.28 0.574956935979
14.35 0.499113336674
14.42 0.572826354614
14.49 0.743176721961
14.56 0.657369776977
14.63 0.357808407542
14.7 0.533068083335
14.77 0.48771912423
14.84 0.623000854387
14.91 0.758291265708
14.98 0.677258150027
15.05 0.678973234292
15.12 0.694369672694
15.19 0.634462442288
15.26 0.444281413219
15.33 0.313392529805
15.4 0.820951273246
15.47 0.527034296274
15.54 0.537896506692
15.61 0.5182914718
15.68 0.49010455796
15.75 0.636668766534
15.82 0.766075340945
15.89 0.609206807726
15.96 0.513954086939
16.03 0.495069595977
16.1 0.501317979952
16.17 0.547338238384
16.24 0.320020337703
16.31 0.729265066521
16.38 0.551274815907
16.45 0.546298854475
16.52 0.615561947585
16.59 0.580088679141
16.66 0.499589884013
16.73 0.56884158885
16.8 0.818786275204
16.87 0.319475286584
16.94 0.095088188811
17.01 0.183965434052
17.08 0.12649568551
17.15 0.304547182091
17.22 0.486891687695
17.29 0.785869533712
17.36 0.505082276926
17.43 0.389422719479
17.5 0.358902453146
17.57 0.366294357596
17.64 0.231606170466
17.71 0.83876947617
17.78 0.361439109266
17.85 0.258391375435
17.92 0.110277927109
17.99 0.536587013615
18.06 0.474507246715
18.13 0.50602004716
18.2 0.785033401619
18.27 0.494170847812
18.34 0.340932545704
18.41 0.253481167498
18.48 0.454139894103
18.55 0.327489224172
18.62 0.2327481395
18.69 0.771796595976
18.76 0.351987726398
18.83 0.485331494304
18.9 0.471976635173
18.97 0.46498942242
19.04 0.414209647383
19.11 0.407214743624
19.18 0.780612276325
19.25 0.369676723588
19.32 0.394505878626
19.39 0.364283137939
19.46 0.364923772546
19.53 0.377538532098
19.6 0.745221333596
19.67 0.504087654557
19.74 0.32770916622
19.81 0.300684938486
19.88 0.398511200272
19.95 0.586120790991
20.02 0.561966249724
20.09 0.858471588425
20.16 0.55443810768
20.23 0.451551402847
20.3 0.325981926596
20.37 0.67075768268
20.44 0.583995035214
20.51 0.721660454807
20.58 0.818703087418
20.65 0.556156447382
20.72 0.430768594871
20.79 0.269954479146
20.86 0.386692392199
20.93 0.305422539178
21.0 0.149479648179
21.07 0.859304191636
21.14 0.554130156576
21.21 0.54385441271
21.28 0.463397739656
21.35 0.505884431294
21.42 0.480782290158
21.49 0.707100275146
21.56 0.526693918887
21.63 0.312888131353
21.7 0.275724767218
21.77 0.760579740088
21.84 0.470332823679
21.91 0.411499658668
21.98 0.53676726869
22.05 0.603516233247
22.12 0.439462671262
22.19 0.444248352255
22.26 0.734062682678
22.33 0.303858352048
22.4 0.106677500086
22.47 0.708251446331
22.54 0.639215424992
22.61 0.568339645648
22.68 0.39320853803
22.75 0.639145366893
22.82 0.258603848111
22.89 0.191861523955
22.96 0.726701063002
23.03 0.263763924513
23.1 0.306630513565
23.17 0.32386558453
23.24 0.386202283417
23.31 0.182435827665
23.38 0.260283847917
23.45 0.760986802124
23.52 0.345427928639
23.59 0.2682346283
23.66 0.293515064341
23.73 0.470590807711
23.8 0.427000838095
23.87 0.528885701605
23.94 0.634058983971
24.01 0.261887727777
24.08 0.222966725548
24.15 0.372285262694
24.22 0.257499771385
24.29 0.080601190281
24.36 0.714529002591
24.43 0.28295843325
24.5 0.159936887697
24.57 0.156408150808
24.64 0.392174130823
24.71 0.332548504357
24.78 0.243023915028
24.85 0.718813854311
24.92 0.238065849864
24.99 0.212908350467
25.06 0.265041047434
25.13 0.438865477023
25.2 0.219574223375
25.27 0.227785720801
25.34 0.764852742996
25.41 0.351151009996
25.48 0.401279583928
25.55 0.365625638728
25.62 0.481926072565
25.69 0.419227998578
25.76 0.694434661982
25.83 0.44105740366
25.9 0.265804739577
25.97 0.195560575466
26.04 0.438079137861
26.11 0.367560741317
26.18 0.225065158393
26.25 0.823441797722
26.32 0.249482884907
26.39 0.261410502581
26.46 0.289589712462
26.53 0.428995963344
26.6 0.293160382891
26.67 0.213115663663
26.74 0.863703788157
26.81 0.544588873561
26.88 0.363431281307
26.95 0.349801500374
27.02 0.50561770853
27.09 0.206862416682
27.16 0.40408869077
27.23 0.707631107114
27.3 0.332248999831
27.37 0.233838381338
27.44 0.357168515554
27.51 0.589033008261
27.58 0.582188708043
27.65 0.774937636505
27.72 0.489556793978
27.79 0.464841823898
27.86 0.381095258262
27.93 0.502148451729
28.0 0.368766839007
28.07 0.113421158078
28.14 0.745523362453
28.21 0.212270497805
28.28 0.0921326607004
28.35 0.296247003508
28.42 0.540111599894
28.49 0.481182075673
28.56 0.357984690465
28.63 0.781761762224
28.7 0.457347614963
28.77 0.336231126129
28.84 0.220991851074
28.91 0.440496181856
28.98 0.404968257474
29.05 0.536434649951
29.12 0.688980745687
29.19 0.296465358134
29.26 0.320609617862
29.33 0.31119934676
29.4 0.508177737019
29.47 0.609096620825
29.54 0.743535630298
29.61 0.460799968534
29.68 0.502192177055
29.75 0.368579710384
29.82 0.53268931856
29.89 0.516241755375
29.96 0.262365774747
30.03 0.794336932668
30.1 0.336742389495
30.17 0.199579805399
30.24 0.307921747698
30.31 0.566700120048
30.38 0.283052859634
30.45 0.151585337396
30.52 0.861556136615
30.59 0.621085719054
30.66 0.523418173496
30.73 0.539937261309
30.8 0.558608970171
30.87 0.729575229653
30.94 0.771737551961
31.01 0.75312667746
31.08 0.566280539979
31.15 0.4224530976
31.22 0.51528374444
31.29 0.552190425567
31.36 0.337302379356
31.43 0.652144066531
31.5 0.615607669061
31.57 0.457745689288
31.64 0.499812559073
31.71 0.600527451322
31.78 0.568631046122
31.85 0.579391284507
31.92 0.850650550593
31.99 0.416996490029
32.06 0.270630657311
32.13 0.305399358221
32.2 0.306429407575
32.27 0.330193221558
32.34 0.453428106177
32.41 0.925426778154
32.48 0.591827468514
32.55 0.539911145854
32.62 0.26584728621
32.69 0.602464541426
32.76 0.590491947773
32.83 0.459581737073
32.9 0.870838652682
32.97 0.478122940616
33.04 0.332369134381
33.11 0.375447722617
33.18 0.575218762635
33.25 0.53372541537
33.32 0.763341084689
33.39 0.564085323364
33.46 0.407130322456
33.53 0.363556615634
33.6 0.508498531412
33.67 0.298117436308
33.74 0.269107616488
33.81 0.745528241291
33.88 0.457043821665
33.95 0.369985615919
34.02 0.274748838426
34.09 0.567221716764
34.16 0.305230223731
34.23 0.172360306131
34.3 0.813321425419
34.37 0.516011418093
34.44 0.58468543109
34.51 0.529441320661
34.58 0.444048157269
34.65 0.618012232441
34.72 0.645929795565
34.79 0.794312180121
34.86 0.467059663065
34.93 0.500955015991
35.0 0.391276230339
35.07 0.56448039267
35.14 0.283107505498
35.21 0.40582286007
35.28 0.767969436829
35.35 0.565709465513
35.42 0.562086440402
35.49 0.316301085788
35.56 0.31072781642
35.63 0.213149222585
35.7 0.803777202148
35.77 0.499439676248
35.84 0.412285671135
35.91 0.313321049791
35.98 0.500153212784
36.05 0.528948943723
36.12 0.59160135524
36.19 0.849769877156
36.26 0.491547188625
36.33 0.56935302204
36.4 0.574038794793
36.47 0.658040384056
36.54 0.619730251205
36.61 0.583497222473
36.68 0.831057122731
36.75 0.546722167791
36.82 0.507245693303
36.89 0.54619739911
36.96 0.575341664738
37.03 0.597902201835
37.1 0.55239401847
37.17 0.830413700422
37.24 0.466739726426
37.31 0.514016808072
37.38 0.564393622751
37.45 0.620015468939
37.52 0.569206276955
37.59 0.735900582694
37.66 0.652473131922
37.73 0.497548870342
37.8 0.462740532831
37.87 0.592758943752
37.94 0.600772622287
38.01 0.527677999224
38.08 0.861580821521
38.15 0.440351093273
38.22 0.423010072368
38.29 0.476277268999
38.36 0.599921083716
38.43 0.659836087162
38.5 0.532441207339
38.57 0.908076955193
38.64 0.517094625193
38.71 0.442196931835
38.78 0.460288097831
38.85 0.665795246711
38.92 0.502373626654
38.99 0.511470188472
39.06 0.807540183707
39.13 0.517692396545
39.2 0.458455483942
39.27 0.538432250599
39.34 0.696770905799
39.41 0.590935421196
39.48 0.634237594058
39.55 0.720169353822
39.62 0.674284914181
39.69 0.592875116225
39.76 0.773185907705
39.83 0.48685576707
39.9 0.607311495731
39.97 0.865178980388
40.04 0.61005971928
40.11 0.551711696423
40.18 0.44486841227
40.25 0.569885035579
40.32 0.605199682781
40.39 0.552370526649
40.46 0.833734041846
40.53 0.427472273448
40.6 0.523681073784
40.67 0.556558345621
40.74 0.582360600012
40.81 0.525594460507
40.88 0.545677120688
40.95 0.812920452575
41.02 0.322533254462
41.09 0.348329130385
41.16 0.376871679854
41.23 0.519303601858
41.3 0.518254415658
41.37 0.73504230154
41.44 0.576001454901
41.51 0.348076615257
41.58 0.421595294256
41.65 0.58376521316
41.72 0.578394542218
41.79 0.643170631329
41.86 0.84770223424
41.93 0.482812161657
42.0 0.417965490583
42.07 0.447434091
42.14 0.474498063274
42.21 0.40406756497
42.28 0.443133524816
42.35 0.825792967329
42.42 0.51882484393
42.49 0.409139026418
42.56 0.373557647817
42.63 0.634279681591
42.7 0.738860350645
42.77 0.787344615126
42.84 0.83411432928
42.91 0.653489752238
42.98 0.661310179855
43.05 0.413991613695
43.12 0.591463708684
43.19 0.580118275986
43.26 0.843621116463
43.33 0.381374795531
43.4 0.321349356205
43.47 0.285714442791
43.54 0.554638016268
43.61 0.606805620675
43.68 0.527207764151
43.75 0.751435142584
43.82 0.497823502868
43.89 0.422910735484
43.96 0.344464893508
44.03 0.594611001034
44.1 0.580244335662
44.17 0.547546177626
44.24 0.833766704156
44.31 0.344364249844
44.38 0.312079194105
44.45 0.408632351175
44.52 0.63990693048
44.59 0.631768545104
44.66 0.608091738504
44.73 0.671897616706
44.8 0.311936019638
44.87 0.353210154523
44.94 0.552246466001
45.01 0.525089467671
45.08 0.504845352492
45.15 0.840256168931
45.22 0.49734013523
45.29 0.335987538268
45.36 0.377704268672
45.43 0.621694402309
45.5 0.572579725754
45.57 0.523734123592
45.64 0.83701123074
45.71 0.486625329045
45.78 0.47600327691
45.85 0.472010966937
45.92 0.651253497256
45.99 0.530216910548
46.06 0.467079339606
46.13 0.819413774367
46.2 0.513484770067
46.27 0.519596804191
46.34 0.532323319358
46.41 0.532834415778
46.48 0.49164207267
46.55 0.511219424833
46.62 0.682811514023
46.69 0.263452481945
46.76 0.157668753322
46.83 0.476833062196
46.9 0.365575883216
46.97 0.307882633521
47.04 0.77692987187
47.11 0.528391983347
47.18 0.46979061783
47.25 0.435958999224
47.32 0.67822372532
47.39 0.502006824386
47.46 0.456783683174
47.53 0.88057819354
47.6 0.496007655487
47.67 0.556567026786
47.74 0.654934494188
47.81 0.700097183863
47.88 0.640338992603
47.95 0.559521325833
48.02 0.823514679503
48.09 0.43590915736
48.16 0.391976948052
48.23 0.267133411235
48.3 0.414681432458
48.37 0.346927349554
48.44 0.549798624882
48.51 0.769472917685
48.58 0.509960864523
48.65 0.524779619721
48.72 0.485698931252
48.79 0.559454187841
48.86 0.584854109359
48.93 0.69174312938
49.0 0.643892057479
49.07 0.379635060902
49.14 0.354616697617
49.21 0.336856339866
49.28 0.358703195069
49.35 0.284001394973
49.42 0.69736249729
49.49 0.597467493051
49.56 0.502755238138
49.63 0.457872176401
49.7 0.539039096014
49.77 0.544057136345
49.84 0.536784810919
49.91 0.859208518917
49.98 0.485531076198
50.05 0.336848447374
50.12 0.379590227402
50.19 0.528696611372
50.26 0.531485776863
50.33 0.580589573178
50.4 0.818232925744
50.47 0.49966261324
50.54 0.472783032259
50.61 0.458777923324
50.68 0.434144447109
50.75 0.371482791705
50.82 0.623515203366
50.89 0.746796015264
50.96 0.560329054165
51.03 0.583566382521
51.1 0.493352155766
51.17 0.404720411064
51.24 0.273143820172
51.31 0.961788051245
51.38 0.762111709617
51.45 0.417728357467
51.52 0.276511506473
51.59 0.342362320127
51.66 0.404777635948
51.73 0.403787384384
51.8 0.741540938243
51.87 0.334375958767
51.94 0.34696360407
52.01 0.404812716088
52.08 0.490812068628
52.15 0.496339361783
52.22 0.546144480268
52.29 0.77082302313
52.36 0.479913514465
52.43 0.245250307273
52.5 0.314543597368
52.57 0.343301886464
52.64 0.281007018935
52.71 0.637760951272
52.78 0.500685062256
52.85 0.09246807002
52.92 0.0666286659395
52.99 0.34253097249
53.06 0.43713021682
53.13 0.434877897652
53.2 0.865800168724
53.27 0.618532581384
53.34 0.38207202322
53.41 0.292188724162
53.48 0.557867168037
53.55 0.436284181693
53.62 0.332257912705
53.69 0.762871737594
53.76 0.361433087715
53.83 0.460288926802
53.9 0.497263649729
53.97 0.62996285837
54.04 0.557695314925
54.11 0.656075562292
54.18 0.772770463854
54.25 0.542558527131
54.32 0.182563887808
54.39 0.530915636428
54.46 0.481065539086
54.53 0.415678560449
54.6 0.756473697062
54.67 0.309553651373
54.74 0.475855961907
54.81 0.70611501036
54.88 0.295753994768
54.95 0.233919581609
55.02 0.314239991165
55.09 0.756956762471
55.16 0.441754483112
55.23 0.416618017408
55.3 0.316331967825
55.37 0.545229404547
55.44 0.622312399971
55.51 0.778120168745
55.58 0.512839819343
55.65 0.322339263803
55.72 0.420016617409
55.79 0.501425315827
55.86 0.515983310805
55.93 0.543211891331
56.0 0.761763723257
56.07 0.388848081591
56.14 0.242264573542
56.21 0.36944484062
56.28 0.535971769115
56.35 0.452207287061
56.42 0.458585394877
56.49 0.757202522063
56.56 0.349143166666
56.63 0.296398834674
56.7 0.309065456707
56.77 0.554959878537
56.84 0.604129599611
56.91 0.546297611019
56.98 0.737597798035
57.05 0.482383110309
57.12 0.509842226726
57.19 0.506609112881
57.26 0.5895688011
57.33 0.550736871486
57.4 0.582464668937
57.47 0.823782072927
57.54 0.410283263608
57.61 0.45820638544
57.68 0.506383821382
57.75 0.481265135372
57.82 0.521446316994
57.89 0.649726066918
57.96 0.642901333863
58.03 0.374816023912
58.1 0.400563969208
58.17 0.540224882483
58.24 0.331804364986
58.31 0.169576229599
58.38 0.770001340457
58.45 0.330086392276
58.52 0.149827292013
58.59 0.163003292079
58.66 0.523660582665
58.73 0.277738575971
58.8 0.288986290868
58.87 0.824499118197
58.94 0.484774320928
59.01 0.447312779197
59.08 0.449279604307
59.15 0.671520240745
59.22 0.67472982535
59.29 0.523162146757
59.36 0.696863639701
59.43 0.300818484803
59.5 0.461781209358
59.57 0.631358557204
59.64 0.607836481729
59.71 0.553927077462
59.78 0.49840447749
59.85 0.784895943596
59.92 0.234191091104
59.99 0.394670600574
60.06 0.495779284131
60.13 0.367376539997
60.2 0.36546369009
60.27 0.6330958078
60.34 0.8026143088
60.41 0.491050858245
60.48 0.38879342853
60.55 0.548348150657
60.62 0.684390822673
60.69 0.671527009233
60.76 0.79121816497
60.83 0.59469109745
60.9 0.496783399367
60.97 0.552777292213
61.04 0.643727620489
61.11 0.613002122021
61.18 0.632436836534
61.25 0.844380001726
61.32 0.554304778679
61.39 0.564512299407
61.46 0.502765996048
61.53 0.611211422963
61.6 0.542998713455
61.67 0.510351278064
61.74 0.688482446502
61.81 0.184264524092
61.88 0.290265687702
61.95 0.349705698129
62.02 0.431819857815
62.09 0.37069020648
62.16 0.421498844377
62.23 0.852524872072
62.3 0.506449823857
62.37 0.292620721522
62.44 0.524574460984
62.51 0.657294959493
62.58 0.689138981228
62.65 0.766952564655
62.72 0.648982091613
62.79 0.675761416071
62.86 0.640091233983
62.93 0.672669830265
63.0 0.450898769753
63.07 0.416113850664
63.14 0.717317619752
63.21 0.396032245406
63.28 0.333627972454
63.35 0.243250267206
63.42 0.433864984677
63.49 0.339483031416
63.56 0.316745395377
63.63 0.815520147888
63.7 0.616101885278
63.77 0.574418119411
63.84 0.479439006451
63.91 0.520283602105
63.98 0.407812601328
64.05 0.284897302187
64.12 0.782824577508
64.19 0.353417569902
64.26 0.280898779251
64.33 0.38414481698
64.4 0.405864641058
64.47 0.359349746167
64.54 0.458716981025
64.61 0.813071166934
64.68 0.568772282006
64.75 0.551175247315
64.82 0.522181547809
64.89 0.576774822686
64.96 0.409212483873
65.03 0.826764745511
65.1 0.72598386374
65.17 0.598416219802
65.24 0.319973002899
65.31 0.528028276766
65.38 0.515821701814
65.45 0.418256899692
65.52 0.850793407
65.59 0.591291361932
65.66 0.560842967072
65.73 0.361992903435
65.8 0.615145352386
65.87 0.564635578577
65.94 0.696809119046
66.01 0.964842136201
66.08 0.790644948997
66.15 0.576014449305
66.22 0.594444445564
66.29 0.716247687697
66.36 0.677123266706
66.43 0.609174485065
66.5 0.805880095029
66.57 0.573464368464
66.64 0.478844509245
66.71 0.624349204025
66.78 0.505492862087
66.85 0.437606431707
66.92 0.64956749173
66.99 0.738648669521
67.06 0.550011458793
67.13 0.466081076098
67.2 0.545611555725
67.27 0.585065352971
67.34 0.450219110198
67.41 0.847196747764
67.48 0.600621060248
67.55 0.570352940611
67.62 0.506251825067
67.69 0.541468797643
67.76 0.610594503251
67.83 0.551580337667
67.9 0.835545109693
67.97 0.59622947855
68.04 0.530551178593
68.11 0.437686853379
68.18 0.560767497636
68.25 0.672445069825
68.32 0.749441198906
68.39 0.906442495525
68.46 0.679227698076
68.53 0.634657916747
68.6 0.661500926591
68.67 0.622666878496
68.74 0.752104776774
68.81 0.844863303162
68.88 0.582358244066
68.95 0.638993652301
69.02 0.606526880714
69.09 0.661418350458
69.16 0.671900784353
69.23 0.680300409198
69.3 0.817606206619
69.37 0.641483136246
69.44 0.673967026942
69.51 0.633896835286
69.58 0.651383554988
69.65 0.669793588309
69.72 0.672111129913
69.79 0.704901106529
69.86 0.57432345844
69.93 0.616323819158
70.0 0.605609909585
70.07 0.642015361345
70.14 0.637692779944
70.21 0.794421706437
70.28 0.576988561845
70.35 0.660820204918
70.42 0.578504670113
70.49 0.659227877398
70.56 0.569967152611
70.63 0.575221964822
70.7 0.733492478919
70.77 0.440833734122
70.84 0.454413260146
70.91 0.47681835804
70.98 0.411277447026
71.05 0.436051957639
71.12 0.743744532355
71.19 0.419243085557
71.26 0.513104439458
71.33 0.532376910299
71.4 0.521766298248
71.47 0.529639107891
71.54 0.542997682998
71.61 0.759698937124
71.68 0.444831933241
71.75 0.497308612755
71.82 0.450738702129
71.89 0.502712583565
71.96 0.433125728462
72.03 0.526334800429
72.1 0.775135199222
72.17 0.517850132689
72.24 0.508918063988
72.31 0.497502938744
72.38 0.536366518921
72.45 0.506785299379
72.52 0.698520216768
72.59 0.558491015987
72.66 0.400751492169
72.73 0.445356021187
72.8 0.489518947723
72.87 0.471647263235
72.94 0.437688691219
73.01 0.694886574788
73.08 0.412341672711
73.15 0.461940823638
73.22 0.438574538527
73.29 0.423118353789
73.36 0.410973017608
73.43 0.398525048113
73.5 0.775189314026
73.57 0.33035039498
73.64 0.391491332406
73.71 0.381999920039
73.78 0.358465327969
73.85 0.363556440053
73.92 0.422114873234
73.99 0.733596035494
74.06 0.409301858716
74.13 0.414142928193
74.2 0.411350826764
74.27 0.466362692991
74.34 0.47551189301
74.41 0.544463221175
74.48 0.660427146154
74.55 0.376063089449
74.62 0.390704388787
74.69 0.406930701704
74.76 0.436002776361
74.83 0.520039457279
74.9 0.698951765102
74.97 0.360520887486
75.04 0.35814168255
75.11 0.376528409704
75.18 0.657210971519
75.25 0.297655460719
75.32 0.311741925358
75.39 0.677368008794
75.46 0.275890001517
75.53 0.422011672138
75.6 0.676841845543
75.67 0.344615574765
75.74 0.334567619385
75.81 0.235210657432
75.88 0.678279713944
75.95 0.331361166447
76.02 0.304226016388
76.09 0.158453248887
76.16 0.196288726928
76.23 0.162777250764
76.3 0.659282896011
76.37 0.137152152882
76.44 0.0638063070797
76.51 0.138078766551
76.58 0.144836165885
76.65 0.0931559573965
76.72 0.0466513167005
76.79 0.674835953749
76.86 0.179514457177
76.93 0.142356233812
77.0 0.12903274892
77.07 0.117763903904
77.14 0.136046033952
77.21 0.108932765266
77.28 0.0862165874793
77.35 0.0463665393573
77.42 0.0288049273328
77.49 0.338020738602
77.56 0.392451450309
77.63 0.353672600725
77.7 0.487720675672
77.77 0.73657610603
77.84 0.333854396592
77.91 0.276627225603
77.98 0.232698040023
78.05 0.182709133262
78.12 0.130353382729
78.19 0.732503276521
78.26 0.058716238405
78.33 0.127334798155
78.4 0.180465809002
78.47 0.129799981458
78.54 0.0867532064112
78.61 0.0370634242322
78.68 0.734770589121
78.75 0.160633991616
78.82 0.146905851005
78.89 0.130420076013
78.96 0.114111519414
79.03 0.0945420712564
79.1 0.0531968794779
79.17 0.0254931692094
79.24 0.0201223557885
79.31 0.0225810411694
79.38 0.190902974764
79.45 0.52653258478
79.52 0.362299566468
79.59 0.296968701664
79.66 0.815329110438
79.73 0.340619301276
79.8 0.226672685148
79.87 0.193792117577
79.94 0.314523562471
80.01 0.221990176467
80.08 0.139204995216
80.15 0.72224573691
80.22 0.0544378241603
80.29 0.091552611475
80.36 0.180966015108
80.43 0.121209329236
80.5 0.029207827245
80.57 0.130217222851
80.64 0.747233770804
80.71 0.171693829513
80.78 0.153618307461
80.85 0.154268394637
80.92 0.0990864397403
80.99 0.0588634195635
81.06 0.0213065519571
81.13 0.0486383263841
81.2 0.0110444443722
81.27 0.016451529579
81.34 0.318449966394
81.41 0.464453717371
81.48 0.431809796471
81.55 0.348575720386
81.62 0.847464154141
81.69 0.342970652221
81.76 0.296219594225
81.83 0.31913946134
81.9 0.272102441552
81.97 0.192828446326
82.04 0.109318603637
82.11 0.717680720435
82.18 0.0841557893285
82.25 0.105133593954
82.32 0.176658897753
82.39 0.122586688532
82.46 0.114676488857
82.53 0.395379488542
82.6 0.366736465233
82.67 0.233125172936
82.74 0.234790002291
82.81 0.68890556265
82.88 0.126885329087
82.95 0.0925428702345
83.02 0.644796240008
83.09 0.120337208877
83.16 0.375226899789
83.23 0.683234515036
83.3 0.416210237218
83.37 0.230805604959
83.44 0.243071700296
83.51 0.803812426208
83.58 0.358180611072
83.65 0.218803843338
83.72 0.304069076114
83.79 0.57114073191
83.86 0.380731049406
83.93 0.571557738716
84.0 0.567518764601
84.07 0.329239113693
84.14 0.242211631674
84.21 0.301042591853
84.28 0.533429985177
84.35 0.502874160894
84.42 0.650705241072
84.49 0.494127584464
84.56 0.364787971025
84.63 0.392041633672
84.7 0.41415093582
84.77 0.291598993537
84.84 0.179578605982
84.91 0.713115437711
84.98 0.254072502814
85.05 0.143069281025
85.12 0.239896435941
85.19 0.371641340988
85.26 0.414188653987
85.33 0.243169379238
85.4 0.76739972671
85.47 0.246066110874
85.54 0.159562509558
85.61 0.21904774926
85.68 0.536294776975
85.75 0.273019864585
85.82 0.338338184011
85.89 0.739522223309
85.96 0.310628554374
86.03 0.304695357727
86.1 0.365124557598
86.17 0.521425942448
86.24 0.503057859939
86.31 0.607271992974
86.38 0.627888491581
86.45 0.445951697086
86.52 0.314209182526
86.59 0.505226137884
86.66 0.438471423782
86.73 0.278793835532
86.8 0.739629661366
86.87 0.29786345609
86.94 0.332130305905
87.01 0.196215837952
87.08 0.347303015764
87.15 0.290972555054
87.22 0.142607011843
87.29 0.784419137203
87.36 0.649482729475
87.43 0.296885469263
87.5 0.226042251486
87.57 0.64630677719
87.64 0.604253619961
87.71 0.510931366147
87.78 0.825901130736
87.85 0.35716297757
87.92 0.259967497728
87.99 0.249985254108
88.06 0.568861874166
88.13 0.536481331364
88.2 0.489704286
88.27 0.778931382784
88.34 0.694684136111
88.41 0.388771443536
88.48 0.477002675935
88.55 0.548514274372
88.62 0.266842495767
88.69 0.608445353517
88.76 0.497617745431
88.83 0.149081831469
88.9 0.162386678913
88.97 0.365704324743
89.04 0.399054370375
89.11 0.298377469739
89.18 0.781604056303
89.25 0.560722019382
89.32 0.600321085109
89.39 0.18009072998
89.46 0.512645378219
89.53 0.545547772474
89.6 0.490626213683
89.67 0.859439436192
89.74 0.448640513946
89.81 0.291722395038
89.88 0.314842975246
89.95 0.568888435769
90.02 0.601354549649
90.09 0.631264457515
90.16 0.807819541079
90.23 0.453028971173
90.3 0.444351682878
90.37 0.492157834929
90.44 0.406975874851
90.51 0.268048494153
90.58 0.614516706192
90.65 0.748412133955
90.72 0.510726164235
90.79 0.382231096366
90.86 0.66696414434
90.93 0.485147373578
91.0 0.268360706685
91.07 0.795277988562
91.14 0.639430344283
91.21 0.582778070236
91.28 0.606043901655
91.35 0.570906192207
91.42 0.607813130948
91.49 0.586407744383
91.56 0.823362764864
91.63 0.57002152503
91.7 0.571209506256
91.77 0.585544162709
91.84 0.537669456508
91.91 0.357168026231
91.98 0.327413357522
92.05 0.767268331975
92.12 0.487843731768
92.19 0.607936130916
92.26 0.621834171664
92.33 0.674097204126
92.4 0.720623854283
92.47 0.670563160962
92.54 0.773644761701
92.61 0.504334074734
92.68 0.591871704751
92.75 0.521812706215
92.82 0.56123681163
92.89 0.436680985217
92.96 0.636428768001
93.03 0.749027448976
93.1 0.554570138535
93.17 0.54113606233
93.24 0.451497470819
93.31 0.507061543793
93.38 0.374261972129
93.45 0.861716801501
93.52 0.434797465906
93.59 0.406089116539
93.66 0.141769758625
93.73 0.445248360056
93.8 0.640048691667
93.87 0.585389771233
93.94 0.806872571573
94.01 0.474111005913
94.08 0.430250987576
94.15 0.327701367275
94.22 0.435459862433
94.29 0.394042984837
94.36 0.316225137103
94.43 0.785438375397
94.5 0.274020699917
94.57 0.200767739131
94.64 0.233614225356
94.71 0.233125452138
94.78 0.164616326595
94.85 0.166653464541
94.92 0.771310434879
94.99 0.533145613684
95.06 0.507092234418
95.13 0.342608436636
95.2 0.455813470826
95.27 0.30199484173
95.34 0.750408466681
95.41 0.501056379248
95.48 0.333096710169
95.55 0.305588375056
95.62 0.435047711438
95.69 0.531458045202
95.76 0.431543388888
95.83 0.727896694937
95.9 0.295135991349
95.97 0.359725183546
96.04 0.577410227294
96.11 0.630069304829
96.18 0.662843893677
96.25 0.69750631939
96.32 0.779941854901
96.39 0.623488638885
96.46 0.362711125958
96.53 0.377314232198
96.6 0.350398848606
96.67 0.300664119232
96.74 0.531625635447
96.81 0.690885055469
96.88 0.549581107861
96.95 0.492814644539
97.02 0.551845052768
97.09 0.675896995957
97.16 0.580958315467
97.23 0.739535370266
97.3 0.421455012551
97.37 0.233546010853
97.44 0.251140273674
97.51 0.620384324924
97.58 0.561366125304
97.65 0.63852046402
97.72 0.841818849234
97.79 0.599740834398
97.86 0.412432761625
97.93 0.300266385995
98.0 0.522989090486
98.07 0.276415674005
98.14 0.296154914361
98.21 0.877554902831
98.28 0.39207452769
98.35 0.337839396942
98.42 0.430004295392
98.49 0.369571285998
98.56 0.149929957732
98.63 0.310354277326
98.7 0.844902056104
98.77 0.406148208046
98.84 0.111961403987
98.91 0.468689757684
98.98 0.481754238163
99.05 0.304672448776
99.12 0.733363902108
99.19 0.385221341943
99.26 0.264763083194
99.33 0.185311678162
99.4 0.545692010498
99.47 0.468456198066
99.54 0.39790759878
99.61 0.768310126519
99.68 0.299277634062
99.75 0.199901224398
99.82 0.479124905708
99.89 0.602314061655
99.96 0.210778851368
100.03 0.259086126286
100.1 0.729567191803
100.17 0.269937917002
100.24 0.249802320709
100.31 0.453373966906
100.38 0.374661926029
100.45 0.236000574408
100.52 0.687199791353
100.59 0.682213882272
100.66 0.566383673433
100.73 0.478446607623
100.8 0.651242700488
100.87 0.644893802376
100.94 0.381354911748
101.01 0.782048941567
101.08 0.58693061046
101.15 0.395730687163
101.22 0.37228314997
101.29 0.712067405738
101.36 0.647085726135
101.43 0.718827296301
101.5 0.907736690062
101.57 0.663513689055
101.64 0.300219497339
101.71 0.677005980304
101.78 0.662734820704
101.85 0.650048786941
101.92 0.60318675337
101.99 0.685554098844
102.06 0.289115253381
102.13 0.224785208077
102.2 0.284470429766
102.27 0.270298548043
102.34 0.219639309089
102.41 0.794075793943
102.48 0.457496570637
102.55 0.306090488082
102.62 0.491284317121
102.69 0.630655202904
102.76 0.44526976218
102.83 0.173319954859
102.9 0.814443952499
102.97 0.250350778379
103.04 0.207001312451
103.11 0.423385958773
103.18 0.728002388702
103.25 0.527799102346
103.32 0.562898176866
103.39 0.767192283987
103.46 0.378410056635
103.53 0.370660707499
103.6 0.713681747035
103.67 0.687158993329
103.74 0.293889844012
103.81 0.672236694509
103.88 0.360990817451
103.95 0.225366379867
104.02 0.143008206321
104.09 0.445904848727
104.16 0.292471928476
104.23 0.387246242496
104.3 0.831930133946
104.37 0.535060494281
104.44 0.447211807398
104.51 0.447003302556
104.58 0.596799161323
104.65 0.539954361709
104.72 0.143905977279
104.79 0.844720449634
104.86 0.375000367712
104.93 0.245772571771
105.0 0.423934347362
105.07 0.617888341618
105.14 0.675714963488
105.21 0.764814157001
105.28 0.811725206342
105.35 0.478813453066
105.42 0.225769711535
105.49 0.710012460754
105.56 0.57604459304
105.63 0.439897548431
105.7 0.699647517626
105.77 0.631036673347
105.84 0.60145465074
105.91 0.536500744534
105.98 0.608779883494
106.05 0.640792730295
106.12 0.234436778736
106.19 0.794964621804
106.26 0.622986082589
106.33 0.59275870053
106.4 0.752940310166
106.47 0.700773459893
106.54 0.762045892797
106.61 0.685745808395
106.68 0.851453411602
106.75 0.512841085826
106.82 0.604913900886
106.89 0.441721741648
106.96 0.421954254403
107.03 0.321711891288
107.1 0.550734383135
107.17 0.818181742559
107.24 0.609685581485
107.31 0.656792170049
107.38 0.526161243323
107.45 0.562610513956
107.52 0.579706014174
107.59 0.773726480079
107.66 0.384350824836
107.73 0.25730203021
107.8 0.22494568155
107.87 0.264428006326
107.94 0.241301526898
108.01 0.26423969901
108.08 0.920086003408
108.15 0.516060891525
108.22 0.54758874153
108.29 0.407470050771
108.36 0.325039490524
108.43 0.258648814015
108.5 0.453231438633
108.57 0.877860959967
108.64 0.517339301078
108.71 0.262219514667
108.78 0.438701674714
108.85 0.560967814953
108.92 0.602645875889
108.99 0.580307210787
109.06 0.80177894811
109.13 0.525088379647
109.2 0.389241619603
109.27 0.525420959528
109.34 0.560369262123
109.41 0.553435048807
109.48 0.560439763491
109.55 0.782422952714
109.62 0.37091690838
109.69 0.286555399033
109.76 0.306748892309
109.83 0.273380332998
109.9 0.2773941775
109.97 0.614023183663
110.04 0.658615465214
110.11 0.537304762647
110.18 0.43251195193
110.25 0.586038825073
110.32 0.427278036689
110.39 0.266742704101
110.46 0.848863491235
110.53 0.493440467051
110.6 0.606007508978
110.67 0.270857618265
110.74 0.520142920307
110.81 0.410916529587
110.88 0.485181676558
110.95 0.861538685055
111.02 0.627321832535
111.09 0.502944266486
111.16 0.424822503124
111.23 0.638448539297
111.3 0.533187699779
111.37 0.513003743983
111.44 0.880566421004
111.51 0.526105600103
111.58 0.396113802595
111.65 0.538661793451
111.72 0.645416888649
111.79 0.747198725204
111.86 0.737800996601
111.93 0.711681396104
112.0 0.514600828009
112.07 0.582919863085
112.14 0.576612288299
112.21 0.656311552694
112.28 0.544843636696
112.35 0.669168383207
112.42 0.732334550759
112.49 0.458179213623
112.56 0.48903224981
112.63 0.567799110693
112.7 0.516560671632
112.77 0.511433512275
112.84 0.62354808731
112.91 0.753694915292
112.98 0.49336604966
113.05 0.488373241125
113.12 0.494066167233
113.19 0.584117069488
113.26 0.526155702459
113.33 0.776316236379
113.4 0.544769335878
113.47 0.431919682583
113.54 0.475617324843
113.61 0.567107481435
113.68 0.533972671714
113.75 0.427852709118
113.82 0.780511221054
113.89 0.450131460938
113.96 0.443424566933
114.03 0.435184776563
114.1 0.522661062748
114.17 0.655781171191
114.24 0.565892535634
114.31 0.834986567652
114.38 0.469355628405
114.45 0.443766871389
114.52 0.385778629014
114.59 0.567840469999
114.66 0.585751909101
114.73 0.339925173592
114.8 0.734911288189
114.87 0.454092678752
114.94 0.417905233335
115.01 0.596338155746
115.08 0.50347690751
115.15 0.521399562183
115.22 0.722945310471
115.29 0.556646166144
115.36 0.542553199267
115.43 0.540658048461
115.5 0.709448370654
115.57 0.477957373866
115.64 0.577503319553
115.71 0.856008189712
115.78 0.570398893796
115.85 0.49629780387
115.92 0.537103565987
115.99 0.495721020156
116.06 0.440371296555
116.13 0.541553774337
116.2 0.751831789236
116.27 0.470499333096
116.34 0.425908633209
116.41 0.454848436666
116.48 0.435543664751
116.55 0.546084887924
116.62 0.773415652043
116.69 0.424724418331
116.76 0.357210112326
116.83 0.507348966358
116.9 0.592717600277
116.97 0.574766563432
117.04 0.528687561775
117.11 0.815600668864
117.18 0.481881323978
117.25 0.481505487944
117.32 0.423696670235
117.39 0.546645125326
117.46 0.508372926519
117.53 0.444030640945
117.6 0.794041685253
117.67 0.544440080515
117.74 0.496214060558
117.81 0.499200336861
117.88 0.46503510216
117.95 0.300703408989
118.02 0.372638392702
118.09 0.812872782442
118.16 0.42452915975
118.23 0.165213002728
118.3 0.514617177154
118.37 0.60547869043
118.44 0.747708383879
118.51 0.867704200743
118.58 0.611434617569
118.65 0.661488582699
118.72 0.504735074922
118.79 0.505025870938
118.86 0.717936869506
118.93 0.585239143225
119.0 0.860373602706
119.07 0.566529612575
119.14 0.408833878847
119.21 0.375028388649
119.28 0.641340141677
119.35 0.521845715368
119.42 0.467358679708
119.49 0.842987135209
119.56 0.533002527008
119.63 0.388299267003
119.7 0.492649105133
119.77 0.474152553752
119.84 0.377924049531
119.91 0.695174368663
119.98 0.557157891489
120.05 0.412508104412
120.12 0.309434902758
120.19 0.499878788939
120.26 0.456276324317
120.33 0.452691960041
120.4 0.791819286746
120.47 0.459553447008
120.54 0.47968885189
120.61 0.444608442163
120.68 0.578788759526
120.75 0.571468732304
120.82 0.490810678375
120.89 0.83564859287
120.96 0.512663671703
121.03 0.557540141971
121.1 0.605133888987
121.17 0.584142282575
121.24 0.523942032611
121.31 0.46395025295
121.38 0.752977776475
121.45 0.493400149716
121.52 0.459517370952
121.59 0.510393689414
121.66 0.5236386869
121.73 0.291669602844
121.8 0.659696869015
121.87 0.696705100493
121.94 0.414799386642
122.01 0.454313197913
122.08 0.441864003671
122.15 0.493081017581
122.22 0.411238433592
122.29 0.755707487784
122.36 0.480719078263
122.43 0.389543244048
122.5 0.42511407486
122.57 0.604705958765
122.64 0.333486137868
122.71 0.376818725032
122.78 0.83212349712
122.85 0.552139302828
122.92 0.377531452746
122.99 0.539023168551
123.06 0.686992096772
123.13 0.866028283905
123.2 0.734662312018
123.27 0.811322243106
123.34 0.609473706071
123.41 0.581432493907
123.48 0.615514450154
123.55 0.575321101659
123.62 0.566980637403
123.69 0.609739791276
123.76 0.780218948434
123.83 0.466700016427
123.9 0.323733969599
123.97 0.468631038926
124.04 0.500461614353
124.11 0.554070464928
124.18 0.816593767136
124.25 0.521821162868
124.32 0.559837199652
124.39 0.599305646364
124.46 0.625162861801
124.53 0.656165597721
124.6 0.513331935789
124.67 0.770185140245
124.74 0.47034255545
124.81 0.376209732352
124.88 0.421478494298
124.95 0.581671598707
125.02 0.405576134785
125.09 0.227428302021
125.16 0.820470031284
125.23 0.483719671581
125.3 0.407066297422
125.37 0.429938485768
125.44 0.402799236909
125.51 0.269601847096
125.58 0.537547170376
125.65 0.740355580652
125.72 0.473163809016
125.79 0.438800959787
125.86 0.423670258307
125.93 0.350397118705
126.0 0.39058718154
126.07 0.827316593901
126.14 0.475678110271
126.21 0.426810993729
126.28 0.500063098199
126.35 0.454515199077
126.42 0.389875110094
126.49 0.545017104573
126.56 0.863629231165
126.63 0.720188228737
126.7 0.765629887203
126.77 0.616977297054
126.84 0.539440622944
126.91 0.476994783443
126.98 0.493311985227
127.05 0.982616464124
127.12 0.598272662512
127.19 0.299217042924
127.26 0.518112114777
127.33 0.337053273659
127.4 0.240237881204
127.47 0.691999023714
127.54 0.443573715457
127.61 0.185997842834
127.68 0.230076956977
127.75 0.254682950511
127.82 0.328802040327
127.89 0.224916874818
127.96 0.564735335702
128.03 0.511461336043
128.1 0.101032154881
128.17 0.161601977544
128.24 0.293707398497
128.31 0.343089231011
128.38 0.361523265624
128.45 0.773076346849
128.52 0.273841220563
128.59 0.278568505175
128.66 0.266180661961
128.73 0.527492429238
128.8 0.491115812993
128.87 0.437344514383
128.94 0.820430971796
129.01 0.490933627971
129.08 0.353621300966
129.15 0.409746661947
129.22 0.400586888234
129.29 0.160676542567
129.36 0.17050746881
129.43 0.76511271886
129.5 0.380744279836
129.57 0.31722064745
129.64 0.269611283834
129.71 0.238453682946
129.78 0.187711686521
129.85 0.364396201771
129.92 0.668239320044
129.99 0.186845196254
130.06 0.208773120763
130.13 0.281958114586
130.2 0.493995860155
130.27 0.484998910105
130.34 0.820821087426
130.41 0.450464160272
130.48 0.39653756062
130.55 0.317711182231
130.62 0.511647130542
130.69 0.504916285616
130.76 0.298150877217
130.83 0.817833672727
130.9 0.596897887993
130.97 0.550411992685
131.04 0.497024447066
131.11 0.491003298929
131.18 0.345683746697
131.25 0.605673292743
131.32 0.659366338533
131.39 0.566558858259
131.46 0.642698687944
131.53 0.570514041569
131.6 0.529969166319
131.67 0.542303412835
131.74 0.710712299125
131.81 0.657502803749
131.88 0.470344245054
131.95 0.436708616134
132.02 0.582309818361
132.09 0.582314265443
132.16 0.523635585456
132.23 0.760445102869
132.3 0.440553189423
132.37 0.394676574632
132.44 0.445343324695
132.51 0.516909368949
132.58 0.444047116738
132.65 0.394045336466
132.72 0.760681247264
132.79 0.357822915968
132.86 0.133430831418
132.93 0.204203481625
133.0 0.338627569626
133.07 0.215785782629
133.14 0.243446760608
133.21 0.79693219673
133.28 0.353991427752
133.35 0.472172829224
133.42 0.573442038066
133.49 0.482082458752
133.56 0.589891464995
133.63 0.638421973377
133.7 0.748060969874
133.77 0.382287113774
133.84 0.307012774122
133.91 0.639714515729
133.98 0.595939266843
134.05 0.468643807377
134.12 0.799546852374
134.19 0.501031789328
134.26 0.452585281873
134.33 0.452825068846
134.4 0.704349845326
134.47 0.590480353696
134.54 0.46375336665
134.61 0.782926286169
134.68 0.520846260215
134.75 0.432580320425
134.82 0.477244744016
134.89 0.515674101853
134.96 0.4057833458
135.03 0.534348608491
135.1 0.743380237148
135.17 0.453456914348
135.24 0.433125999028
135.31 0.551017652212
135.38 0.507678156959
135.45 0.517172292264
135.52 0.605865019563
135.59 0.606668839069
135.66 0.366346005638
135.73 0.400915858639
135.8 0.490037670386
135.87 0.472816270243
135.94 0.363657724155
136.01 0.78808447436
136.08 0.325679347971
136.15 0.393609518069
136.22 0.568888265946
136.29 0.596513392382
136.36 0.57754640732
136.43 0.543252860618
136.5 0.784655425517
136.57 0.440739314935
136.64 0.293497795557
136.71 0.275630087538
136.78 0.433610480596
136.85 0.302989291397
136.92 0.377337929822
136.99 0.806714727491
137.06 0.491464654229
137.13 0.445883777616
137.2 0.444513700597
137.27 0.501370711699
137.34 0.451515306642
137.41 0.503877150686
137.48 0.70910987716
137.55 0.419057465199
137.62 0.491467630464
137.69 0.475776547665
137.76 0.376413575673
137.83 0.547504282943
137.9 0.82614217124
137.97 0.531660983276
138.04 0.375272926372
138.11 0.291070543421
138.18 0.615827985297
138.25 0.540802044702
138.32 0.512033419378
138.39 0.759799058364
138.46 0.561995050699
138.53 0.463961202271
138.6 0.500425208723
138.67 0.514807486377
138.74 0.421517218456
138.81 0.330904002055
138.88 0.784771481416
138.95 0.394491902698
139.02 0.342766804582
139.09 0.42781621138
139.16 0.428966062832
139.23 0.323951453518
139.3 0.279772196547
139.37 0.797376543738
139.44 0.374818608688
139.51 0.415845782262
139.58 0.553725166966
139.65 0.564990513323
139.72 0.594537775288
139.79 0.726746926958
139.86 0.686307532474
139.93 0.527070470195
140.0 0.555848519304
140.07 0.637058223017
140.14 0.571957584678
140.21 0.509836111628
140.28 0.758462351734
140.35 0.549331540185
140.42 0.444609963382
140.49 0.433479317569
140.56 0.590029933326
140.63 0.474502580877
140.7 0.401127709586
140.77 0.801346166395
140.84 0.533635063319
140.91 0.462040845574
140.98 0.443460860306
141.05 0.480670301396
141.12 0.474059858708
141.19 0.58381488376
141.26 0.839359779591
141.33 0.42548331079
141.4 0.457595541968
141.47 0.432386844995
141.54 0.618676494153
141.61 0.582174221204
141.68 0.765320553042
141.75 0.70597908363
141.82 0.665361372653
141.89 0.556387049474
141.96 0.418796912222
142.03 0.413862274116
142.1 0.311102044884
142.17 0.770100527666
142.24 0.462613146226
142.31 0.336696827768
142.38 0.192255952823
142.45 0.333821178757
142.52 0.169456492264
142.59 0.108263643426
142.66 0.722294977195
142.73 0.0847771503666
142.8 0.0518736695272
142.87 0.188022396543
142.94 0.129875387569
143.01 0.0872892093718
143.08 0.634274569605
143.15 0.343087906961
143.22 0.200313372515
143.29 0.111312918625
143.36 0.198159290694
143.43 0.0859583530298
143.5 0.0744219059079
143.57 0.0949817365952
143.64 0.0935744767864
143.71 0.0565330807237
143.78 0.0891965212935
143.85 0.372064213913
143.92 0.369992184361
143.99 0.116027928426
144.06 0.803470576534
144.13 0.376120419394
144.2 0.2699803154
144.27 0.253780936834
144.34 0.298778963567
144.41 0.134922617455
144.48 0.49320821997
144.55 0.531002214935
144.62 0.0410861614595
144.69 0.214604844775
144.76 0.138253161264
144.83 0.100325873278
144.9 0.0659885077028
144.97 0.639436139882
145.04 0.415783763452
145.11 0.124298043868
145.18 0.194514283468
145.25 0.112356726589
145.32 0.0905209833354
145.39 0.0960166043408
145.46 0.16840427514
145.53 0.0248972500883
145.6 0.0681289676359
145.67 0.0732083316507
145.74 0.450697485303
145.81 0.338416622486
145.88 0.0941876531779
145.95 0.75473687966
146.02 0.450294133487
146.09 0.273227708841
146.16 0.310968105669
146.23 0.301768147025
146.3 0.138340095249
146.37 0.0947445027369
146.44 0.72229790018
146.51 0.177165430517
146.58 0.121828973326
146.65 0.138256698781
146.72 0.0899529613813
146.79 0.0223850356511
146.86 0.0276121665728
146.93 0.769505781481
147.0 0.228038359698
147.07 0.100329485633
147.14 0.0920548698589
147.21 0.087144178356
147.28 0.172958985609
147.35 0.047801532266
147.42 0.0137256824825
147.49 0.121101915645
147.56 0.0
147.63 0.249735293534
147.7 0.415807173239
147.77 0.411589953151
147.84 0.307753345753
147.91 0.887084596086
147.98 0.380370047055
148.05 0.290774724649
148.12 0.364965517553
148.19 0.252917329256
148.26 0.148689614629
148.33 0.0864009413538
148.4 0.725849203493
148.47 0.0504163490984
148.54 0.187146288202
148.61 0.146251656394
148.68 0.120414084397
148.75 0.0918385387273
148.82 0.441357845095
148.89 0.668075527809
148.96 0.136249019519
149.03 0.165825050798
149.1 0.485285843348
149.17 0.102695619889
149.24 0.0905830697873
149.31 0.681349920653
149.38 0.233506798812
149.45 0.37036290409
149.52 0.601328026904
149.59 0.487565390461
149.66 0.311428149871
149.73 0.24288537042
149.8 0.747968112203
149.87 0.369462562747
149.94 0.260598491233
150.01 0.297042622536
150.08 0.523040845027
150.15 0.415450913003
150.22 0.415308830878
150.29 0.776635751336
150.36 0.376912672167
150.43 0.165246955986
150.5 0.427381942986
150.57 0.516953809551
150.64 0.539762296679
150.71 0.551813697238
150.78 0.633052761769
150.85 0.524537852429
150.92 0.51581943078
150.99 0.571878223685
151.06 0.582606323625
151.13 0.199673504994
151.2 0.719334776049
151.27 0.309304885323
151.34 0.171108118533
151.41 0.227501271592
151.48 0.421084238132
151.55 0.337921312489
151.62 0.11158788936
151.69 0.885380046658
151.76 0.295053147528
151.83 0.142791354204
151.9 0.465371839848
151.97 0.722049598987
152.04 0.239959066405
152.11 0.150349225498
152.18 0.809960471626
152.25 0.291268329212
152.32 0.280907371187
152.39 0.357982698633
152.46 0.694899658421
152.53 0.533197647427
152.6 0.518048255248
152.67 0.723834585919
152.74 0.458298956714
152.81 0.22691106028
152.88 0.582339871427
152.95 0.431279574717
153.02 0.31951000405
153.09 0.715600689013
153.16 0.33719884293
153.23 0.163667206946
153.3 0.133912659128
153.37 0.42019532392
153.44 0.317105627764
153.51 0.219038123989
153.58 0.948932149007
153.65 0.593852828167
153.72 0.364404602296
153.79 0.27488587045
153.86 0.793577003996
153.93 0.653543406504
154.0 0.668700558769
154.07 0.799024891544
154.14 0.426316784708
154.21 0.135177836812
154.28 0.36728718818
154.35 0.624618695782
154.42 0.667284298296
154.49 0.571705426468
154.56 0.749769528873
154.63 0.627618439981
154.7 0.36616026295
154.77 0.535752337978
154.84 0.580156122241
154.91 0.196992510106
154.98 0.46600290963
155.05 0.566569414682
155.12 0.202031499217
155.19 0.216738278606
155.26 0.375436404865
155.33 0.340885285738
155.4 0.163250469268
155.47 0.8369560826
155.54 0.465928464894
155.61 0.501882894705
155.68 0.252978144907
155.75 0.601298807126
155.82 0.702573165372
155.89 0.519083999458
155.96 0.828818395228
156.03 0.507748684232
156.1 0.248829273166
156.17 0.391187559257
156.24 0.696490015695
156.31 0.718044641454
156.38 0.695365945809
156.45 0.868006287167
156.52 0.475807966518
156.59 0.407485427026
156.66 0.576504300473
156.73 0.455022183745
156.8 0.226069344148
156.87 0.665010140931
156.94 0.796636095877
157.01 0.545892641558
157.08 0.267726282162
157.15 0.737718296699
157.22 0.32718969518
157.29 0.418437438286
157.36 0.922122906766
157.43 0.562208004063
157.5 0.623908024664
157.57 0.583234109186
157.64 0.632997724447
157.71 0.6213619059
157.78 0.594354466262
157.85 0.818858176899
157.92 0.528886819852
157.99 0.527376143069
158.06 0.515835707965
158.13 0.384770196223
158.2 0.606944861848
158.27 0.42987914816
158.34 0.798712129243
158.41 0.579798156571
158.48 0.566494562657
158.55 0.600581743146
158.62 0.676873537842
158.69 0.641331628897
158.76 0.658046283277
158.83 0.747017111538
158.9 0.554876025848
158.97 0.593980466629
159.04 0.650498722306
159.11 0.608926376722
159.18 0.585929016678
159.25 0.748734206345
159.32 0.704408165431
159.39 0.630343322824
159.46 0.522235747525
159.53 0.424403956389
159.6 0.495110953843
159.67 0.335023026532
159.74 0.887915562944
159.81 0.428796200113
159.88 0.388142889451
159.95 0.259910744897
160.02 0.56141659897
160.09 0.449340566755
160.16 0.582588661943
160.23 0.780767393151
160.3 0.464937460636
160.37 0.407589052682
160.44 0.401071664834
160.51 0.380767113949
160.58 0.394589791761
160.65 0.645296473458
160.72 0.643609949825
160.79 0.217318373885
160.86 0.114823513144
160.93 0.276114462606
161.0 0.273499553665
161.07 0.250380395372
161.14 0.719587881243
161.21 0.389058655981
161.28 0.640333555361
161.35 0.35940101858
161.42 0.578688485732
161.49 0.443109984063
161.56 0.513116368864
161.63 0.738079676117
161.7 0.427427167943
161.77 0.33041879082
161.84 0.358513133386
161.91 0.606087336266
161.98 0.537070166815
162.05 0.697810337201
162.12 0.374599819428
162.19 0.358272895948
162.26 0.508894526114
162.33 0.6210015555
162.4 0.66175543499
162.47 0.710378956475
162.54 0.846322893186
162.61 0.454490099686
162.68 0.297304797475
162.75 0.365030384511
162.82 0.338943475107
162.89 0.340359955776
162.96 0.599658314393
163.03 0.699278405466
163.1 0.570495389728
163.17 0.436061208722
163.24 0.58707287824
163.31 0.586826275286
163.38 0.532461741635
163.45 0.730137230056
163.52 0.522260826768
163.59 0.178719544789
163.66 0.234452570916
163.73 0.620843367453
163.8 0.63353176148
163.87 0.650589628442
163.94 0.80665839778
164.01 0.523184066987
164.08 0.364603248719
164.15 0.271865268139
164.22 0.603221106723
164.29 0.348385298907
164.36 0.204098960796
164.43 0.783806975437
164.5 0.58830746748
164.57 0.434662814294
164.64 0.779037983236
164.71 0.356247696044
164.78 0.175192804051
164.85 0.726526484074
164.92 0.494573933379
164.99 0.363607007266
165.06 0.122515906523
165.13 0.43191915728
165.2 0.475773980158
165.27 0.181518561503
165.34 0.74313132718
165.41 0.348838365939
165.48 0.319368847321
165.55 0.264637471105
165.62 0.563928357185
165.69 0.504230595875
165.76 0.381039295543
165.83 0.741961920079
165.9 0.262494204761
165.97 0.196857678596
166.04 0.581410172144
166.11 0.474829899097
166.18 0.143334935914
166.25 0.146582230052
166.32 0.797101662233
166.39 0.285367443713
166.46 0.18593865634
166.53 0.475172078344
166.6 0.412849525208
166.67 0.265506763465
166.74 0.70083636668
166.81 0.79149865642
166.88 0.542287331379
166.95 0.4320824458
167.02 0.768599240127
167.09 0.675256878017
167.16 0.352239555034
167.23 0.782253621055
167.3 0.617332934123
167.37 0.309847219259
167.44 0.313578531547
167.51 0.698257020007
167.58 0.630850565106
167.65 0.642698237479
167.72 0.910388198923
167.79 0.677462443813
167.86 0.182718699527
167.93 0.558093756242
168.0 0.781974055001
168.07 0.607387165213
168.14 0.423172468593
168.21 0.791800594608
168.28 0.422958395543
168.35 0.274664808717
168.42 0.257211586052
168.49 0.245043663298
168.56 0.219982931839
168.63 0.517779163585
168.7 0.748662228373
168.77 0.347745979715
168.84 0.556551295052
168.91 0.666309575541
168.98 0.523014493545
169.05 0.193792026908
169.12 0.68208778086
169.19 0.510085348291
169.26 0.225908866357
169.33 0.262354413819
169.4 0.50699832758
169.47 0.537055380626
169.54 0.538034128782
169.61 0.778296910769
169.68 0.482398112376
169.75 0.354608895794
169.82 0.445046878437
169.89 0.644316631521
169.96 0.568401799741
170.03 0.144262997404
170.1 0.741507137539
170.17 0.29690886178
170.24 0.129191873876
170.31 0.251312583007
170.38 0.420812564571
170.45 0.322861384383
170.52 0.503474704117
170.59 0.894567884483
170.66 0.554253060118
170.73 0.255866637208
170.8 0.487030026499
170.87 0.491317468753
170.94 0.270632128159
171.01 0.295355969376
171.08 0.815910368579
171.15 0.263926513589
171.22 0.216360449301
171.29 0.556931386757
171.36 0.629980705707
171.43 0.614752322406
171.5 0.727320296925
171.57 0.806854563048
171.64 0.370343886697
171.71 0.244578878419
171.78 0.611729693722
171.85 0.583789721045
171.92 0.36909809196
171.99 0.703263638964
172.06 0.722188183892
172.13 0.499287007476
172.2 0.587088549528
172.27 0.631287956532
172.34 0.531762507722
172.41 0.302181583213
172.48 0.779010630081
172.55 0.599437418166
172.62 0.65096925529
172.69 0.658646581839
172.76 0.692152550241
172.83 0.684396445569
172.9 0.668990082546
172.97 0.894210077123
173.04 0.494862492901
173.11 0.543499993193
173.18 0.413117272673
173.25 0.411477531195
173.32 0.300914907337
173.39 0.532355300932
173.46 0.852928294408
173.53 0.625141953318
173.6 0.644266519091
173.67 0.582441115232
173.74 0.568604934984
173.81 0.616755295533
173.88 0.649392836524
173.95 0.695412303405
174.02 0.335398662519
174.09 0.31297840137
174.16 0.296617115902
174.23 0.233977199391
174.3 0.280084614882
174.37 0.593649052488
174.44 0.655588911872
174.51 0.661995088118
174.58 0.776374919157
174.65 0.496084513736
174.72 0.339713997622
174.79 0.23020099028
174.86 0.906071118088
174.93 0.520841823207
175.0 0.396176528046
175.07 0.245347521359
175.14 0.53025576711
175.21 0.595397181885
175.28 0.518566880047
175.35 0.808919943564
175.42 0.460865091666
175.49 0.477658784662
175.56 0.343704961957
175.63 0.575187133661
175.7 0.552714294756
175.77 0.524533785291
175.84 0.760648033746
175.91 0.431149760207
175.98 0.215148450952
176.05 0.22519731014
176.12 0.262136324003
176.19 0.265222805019
176.26 0.674039343122
176.33 0.509907906823
176.4 0.477343133916
176.47 0.466369366493
176.54 0.52280269153
176.61 0.46885805169
176.68 0.218116816595
176.75 0.853217724637
176.82 0.515070106024
176.89 0.544043452572
176.96 0.286613157855
177.03 0.417967000288
177.1 0.40782708241
177.17 0.237033399949
177.24 0.858682263559
177.31 0.470181320648
177.38 0.56832687
177.45 0.383247608743
177.52 0.608670282341
177.59 0.587633060952
177.66 0.811173860228
177.73 0.631277523878
177.8 0.587357088544
177.87 0.465595202839
177.94 0.520696820975
178.01 0.622533809988
178.08 0.585448766315
178.15 0.885206384491
178.22 0.466423446757
178.29 0.5807214155
178.36 0.633252765344
178.43 0.506103679654
178.5 0.547930958196
178.57 0.584894133101
178.64 0.791849234752
178.71 0.403428198285
178.78 0.435953890116
178.85 0.522519507365
178.92 0.465966647918
178.99 0.543937884016
179.06 0.858724605828
179.13 0.552345184036
179.2 0.477214603159
179.27 0.513469978121
179.34 0.526341381823
179.41 0.405964906216
179.48 0.503937646838
179.55 0.38685366442
179.62 0.421773859727
179.69 0.615704782404
179.76 0.589994289025
179.83 0.657454301766
179.9 0.471403627881
179.97 0.395414300994
180.04 0.822288862096
180.11 0.365992202091
180.18 0.291162589392
180.25 0.221184081609
180.32 0.32845019839
180.39 0.195591214281
180.46 0.16282908446
180.53 0.750205413472
180.6 0.054306997903
180.67 0.145197933883
180.74 0.162265778716
180.81 0.143804501766
180.88 0.0913683338774
180.95 0.073500248792
181.02 0.771204621661
181.09 0.155685259568
181.16 0.137287699666
181.23 0.132671186265
181.3 0.0978239518939
181.37 0.0576966864688
181.44 0.0600107265355
181.51 0.214636787492
181.58 0.208440929462
181.65 0.00188972795628
181.72 0.469271208676
181.79 0.557902145995
181.86 0.464226845646
181.93 0.721420598753
182.0 0.509893510653
182.07 0.304838021283
182.14 0.291159585813
182.21 0.333910317574
182.28 0.202801274796
182.35 0.16648169922
182.42 0.732389504609
182.49 0.218554680074
182.56 0.0362750802857
182.63 0.180351783794
182.7 0.14742071953
182.77 0.1111549738
182.84 0.017681362312
182.91 0.754081008399
182.98 0.249624112156
183.05 0.180589065145
183.12 0.141084755375
183.19 0.125912595286
183.26 0.0834876777966
183.33 0.194547521451
183.4 0.22334870978
183.47 0.00121887477646
183.54 0.00837408362397
183.61 0.285852588745
183.68 0.551370192153
183.75 0.497025893447
183.82 0.339026687359
183.89 0.814757504912
183.96 0.332721208027
184.03 0.342760549883
184.1 0.361484737196
184.17 0.342382827077
184.24 0.182623350625
184.31 0.213807164834
184.38 0.727780856355
184.45 0.0422214310861
184.52 0.157243200634
184.59 0.132145454769
184.66 0.0733709567062
184.73 0.0342905474399
184.8 0.736305972397
184.87 0.250503021152
184.94 0.120664735779
185.01 0.11706592496
185.08 0.0855318533577
185.15 0.0676510832935
185.22 0.211940275309
185.29 0.126664737967
185.36 0.0634350303851
185.43 0.0509410803601
185.5 0.24660475474
185.57 0.574448365329
185.64 0.286427400775
185.71 0.137768056529
185.78 1.0
185.85 0.821455185254
185.92 0.403229560497
185.99 0.270212624366
186.06 0.143977406921
186.13 0.23612457317
186.2 0.277130559058
186.27 0.173870071909
186.34 0.152859406367
186.41 0.112940268717
186.48 0.0957930499384
186.55 0.108735497582
186.62 0.0739652394737
186.69 0.0577136386319
186.76 0.0763265164789
186.83 0.0756665651273
