0.0 0.081191343063
0.07 0.207943722433
0.14 0.291432654326
0.21 0.472034552509
0.28 0.552094737611
0.35 0.318145551714
0.42 0.374384531354
0.49 0.374332602894
0.56 0.382406389278
0.63 0.683320343203
0.7 1.0
0.77 0.672895784409
0.84 0.246778390298
0.91 0.117212337359
0.98 0.158642000884
1.05 0.099299637569
1.12 0.333702280973
1.19 0.325315801359
1.26 0.527092830302
1.33 0.700397416162
1.4 0.51016656413
1.47 0.448492812176
1.54 0.449498735063
1.61 0.432566243713
1.68 0.447503739548
1.75 0.940186921666
1.82 0.717577652545
1.89 0.26063436437
1.96 0.116860931664
2.03 0.127297295412
2.1 0.0702546890739
2.17 0.329811024762
2.24 0.67636663978
2.31 0.839871659241
2.38 0.328230842553
2.45 0.126125151343
2.52 0.551170282722
2.59 0.945396759086
2.66 0.498157020625
2.73 0.255980192964
2.8 0.470760585466
2.87 0.884309064428
2.94 0.314781752345
3.01 0.953293648784
3.08 0.749937545365
3.15 0.49912078994
3.22 0.175046481526
3.29 0.128980769815
3.36 0.796335507838
3.43 0.54986892567
3.5 0.200508277862
3.57 0.13381957652
3.64 0.297446046302
3.71 0.156454647745
3.78 0.304660812372
3.85 0.250869669829
3.92 0.11163896814
3.99 0.0622824471791
4.06 0.681019843859
4.13 0.469588146621
4.2 0.3431465491
4.27 0.232840524684
4.34 0.319513904097
4.41 0.602142351887
4.48 0.79501609195
4.55 0.664381841069
4.62 0.504819078514
4.69 0.478420801252
4.76 0.716818901432
4.83 0.319108411105
4.9 0.645336878688
4.97 0.928627790178
5.04 0.531209841345
5.11 0.196981387353
5.18 0.120517395867
5.25 0.0967307876587
5.32 0.213274482682
5.39 0.542526314217
5.46 0.562338138672
5.53 0.768155967736
5.6 0.596128669014
5.67 0.52887559882
5.74 0.360848549292
5.81 0.448525793598
5.88 0.417627973707
5.95 0.804823475313
6.02 0.643817957664
6.09 0.252517493546
6.16 0.121266538098
6.23 0.1277397105
6.3 0.0806980048532
6.37 0.455386788794
6.44 0.674419199974
6.51 0.744230816923
6.58 0.273169762848
6.65 0.110758017357
6.72 0.305465210915
6.79 0.277264179403
6.86 0.118876814301
6.93 0.0660186386572
7.0 0.663502395964
7.07 0.710268988289
7.14 0.537568576739
7.21 0.814246633685
7.28 0.794147627208
7.35 0.31723046756
7.42 0.278769802205
7.49 0.234184453423
7.56 0.961499440754
7.63 0.499849256045
7.7 0.228584324858
7.77 0.334136858929
7.84 0.901915160415
7.91 0.499304250019
7.98 0.685860537124
8.05 0.539580106018
8.12 0.519280286534
8.19 0.427100661227
8.26 0.645641220483
8.33 0.752037362023
8.4 0.613719328886
8.47 0.383419993375
8.54 0.239801066106
8.61 0.278146058726
8.68 0.908142066312
8.75 0.817467369535
8.82 0.607607060908
8.89 0.497741571227
8.96 0.952302557724
9.03 0.60529459526
9.1 0.567634649968
9.17 0.627601126781
9.24 0.738733284727
9.31 0.854090451446
9.38 0.594179669228
9.45 0.512431405807
9.52 0.895699217037
9.59 0.49732153265
9.66 0.26817148763
9.73 0.23855588227
9.8 0.640379873493
9.87 0.678159768857
9.94 0.461613522481
10.01 0.629451399505
10.08 0.926309276992
10.15 0.614476962182
10.22 0.539847417892
10.29 0.635808614482
10.36 0.570717329591
10.43 0.420310548511
10.5 0.457293375916
10.57 0.66532622894
10.64 0.898501810177
10.71 0.636077633722
10.78 0.383026652863
10.85 0.449231925858
10.92 0.738889759724
10.99 0.802683670901
11.06 0.649929878893
11.13 0.628868345809
11.2 0.889993374471
11.27 0.471811415742
11.34 0.310900402894
11.41 0.59643218544
11.48 0.712739017275
11.55 0.645915087217
11.62 0.335683417418
11.69 0.277852885794
11.76 0.773147851772
11.83 0.415639903072
11.9 0.208437806888
11.97 0.477329211378
12.04 0.610816003439
12.11 0.753922050481
12.18 0.503904127785
12.25 0.707987857978
12.32 0.680899298808
12.39 0.424347443642
12.46 0.15831061738
12.53 0.515355470988
12.6 0.671552411863
12.67 0.628257906758
12.74 0.340211063722
12.81 0.505236572719
12.88 0.774951504309
12.95 0.629092745453
13.02 0.344980976902
13.09 0.464435342695
13.16 0.641472695991
13.23 0.81661369473
13.3 0.520853207199
13.37 0.391450284962
13.44 0.529096016678
13.51 0.74320113286
13.58 0.334977704824
13.65 0.186022581813
13.72 0.239363220804
13.79 0.714638446799
13.86 0.525000264328
13.93 0.45757217082
14.0 0.58437199497
14.07 0.914155513364
14.14 0.684090727836
14.21 0.520332980097
14.28 0.907507243179
14.35 0.840473843046
14.42 0.474862469132
14.49 0.266121932402
14.56 0.328931213517
14.63 0.774983512198
14.7 0.42160297699
14.77 0.437438219565
14.84 0.810504964826
14.91 0.750583101403
14.98 0.687796673868
15.05 0.606974640966
15.12 0.692180783462
15.19 0.762376344589
15.26 0.638032774133
15.33 0.429810363846
15.4 0.549594762609
15.47 0.57779525732
15.54 0.526601164551
15.61 0.365654733735
15.68 0.753572325003
15.75 0.79172797989
15.82 0.683545499177
15.89 0.401623257341
15.96 0.28252840355
16.03 0.617348699406
16.1 0.693176366734
16.17 0.475131128437
16.24 0.827016408383
16.31 0.851247984584
16.38 0.488836702975
16.45 0.288062055743
16.52 0.484483512155
16.59 0.699618445825
16.66 0.862642863674
16.73 0.682957449824
16.8 0.577491943359
16.87 0.789636094225
16.94 0.913237721161
17.01 0.735365067614
17.08 0.85555661166
17.15 0.831751011421
17.22 0.654141224854
17.29 0.329716748799
17.36 0.620152268406
17.43 0.657044159336
17.5 0.851018130054
17.57 0.773123546038
17.64 0.435063401289
17.71 0.496003263281
17.78 0.543976312238
17.85 0.431524907513
17.92 0.391502744016
17.99 0.445940451038
18.06 0.8713633371
18.13 0.673507511936
18.2 0.280894455192
18.27 0.838746650437
18.34 0.734882259071
18.41 0.59081557043
18.48 0.452979143465
18.55 0.473374206238
18.62 0.738653050905
18.69 0.558817137453
18.76 0.375057796999
18.83 0.567759391682
18.9 0.7482551306
18.97 0.760654856649
19.04 0.446478002365
19.11 0.467659297796
19.18 0.54965495795
19.25 0.623717422236
19.32 0.240447365287
19.39 0.584624797718
19.46 0.689288667214
19.53 0.456144493457
19.6 0.265892066236
19.67 0.238868155059
19.74 0.408260810135
19.81 0.694578837749
19.88 0.561477082085
19.95 0.423065903989
20.02 0.546778962782
20.09 0.801081223885
20.16 0.574924056897
20.23 0.393165451534
20.3 0.317707568333
20.37 0.65546162591
20.44 0.423656924362
20.51 0.179103022622
20.58 0.324014881039
20.65 0.717432890192
20.72 0.739627094673
20.79 0.586045922547
20.86 0.626574059233
20.93 0.80647829295
21.0 0.733213650627
21.07 0.625877060337
21.14 0.635230187974
21.21 0.520863947862
21.28 0.436858563536
21.35 0.29814293039
21.42 0.274920663108
21.49 0.52554712123
21.56 0.749524128361
21.63 0.336398037641
21.7 0.707584974519
21.77 0.682247597196
21.84 0.643225087967
21.91 0.510702845598
21.98 0.522493002182
22.05 0.763327907124
22.12 0.813327019309
22.19 0.620063265033
22.26 0.348373152225
22.33 0.526260175267
22.4 0.811289193015
22.47 0.775100814727
22.54 0.647447038064
22.61 0.721663157592
22.68 0.768969396472
22.75 0.637358431784
22.82 0.491815270466
22.89 0.483048170647
22.96 0.688860926482
23.03 0.72294846183
23.1 0.399276842168
23.17 0.483599160602
23.24 0.410500253859
23.31 0.661318027033
23.38 0.560799329657
23.45 0.436226264607
23.52 0.498490628128
23.59 0.790836185273
23.66 0.759140094276
23.73 0.567117487749
23.8 0.722829977099
23.87 0.498743177214
23.94 0.262714514119
24.01 0.1408288799
24.08 0.341881790666
24.15 0.677587076496
24.22 0.650837596779
24.29 0.380741565587
24.36 0.746492931932
24.43 0.683125222453
24.5 0.813730061791
24.57 0.66777194521
24.64 0.824721351514
24.71 0.852620016998
24.78 0.716970106166
24.85 0.601708977853
24.92 0.720536322737
24.99 0.746110023345
25.06 0.902904753553
25.13 0.829217556207
25.2 0.628676386907
25.27 0.717690732037
25.34 0.759606314756
25.41 0.772675761395
25.48 0.563606658587
25.55 0.761629411618
25.62 0.822023622182
25.69 0.673402139254
25.76 0.302456054333
25.83 0.55413734236
25.9 0.599733082969
25.97 0.806443236469
26.04 0.764576980435
26.11 0.835401758544
26.18 0.734986076429
26.25 0.778133098719
26.32 0.801086383996
26.39 0.613476580286
26.46 0.965791062426
26.53 0.987023771237
26.6 0.841514917827
26.67 0.747081238826
26.74 0.833853305739
26.81 0.879909752988
26.88 0.841991196333
26.95 0.656415728938
27.02 0.630880196237
27.09 0.721395747977
27.16 0.910833599943
27.23 0.819622865275
27.3 0.749970402671
27.37 0.784179568307
27.44 0.742894866496
27.51 0.502479667346
27.58 0.746505390822
27.65 0.865079849956
27.72 0.770489448501
27.79 0.702750863265
27.86 0.580380187196
27.93 0.651446136084
28.0 0.92152679477
28.07 0.795853932694
28.14 0.565918954352
28.21 0.572235281737
28.28 0.830456781713
28.35 0.730037009985
28.42 0.444925816004
28.49 0.645403562178
28.56 0.754954205998
28.63 0.618738622323
28.7 0.505441240293
28.77 0.666076226793
28.84 0.68725697534
28.91 0.720471851609
28.98 0.520720961139
29.05 0.577952741533
29.12 0.665357111255
29.19 0.679204617532
29.26 0.651753616454
29.33 0.347338905358
29.4 0.41379064577
29.47 0.744129135131
29.54 0.710478702718
29.61 0.54493244611
29.68 0.663513827797
29.75 0.770662668259
29.82 0.471710809103
29.89 0.208360957546
29.96 0.392219211236
30.03 0.585982244209
30.1 0.664668014651
30.17 0.326489518595
30.24 0.307489725799
30.31 0.559825832774
30.38 0.670643849215
30.45 0.406680030618
30.52 0.423127577859
30.59 0.451553929023
30.66 0.730343543973
30.73 0.492802076431
30.8 0.241369254084
30.87 0.397895497198
30.94 0.647181429678
31.01 0.50587075588
31.08 0.413559349171
31.15 0.80608167811
31.22 0.612641100843
31.29 0.428728129193
31.36 0.374038869114
31.43 0.649325181745
31.5 0.808947330562
31.57 0.765599649634
31.64 0.339970583337
31.71 0.24835088897
31.78 0.421698936272
31.85 0.637288083778
31.92 0.433713287709
31.99 0.27622336061
32.06 0.405678873775
32.13 0.72804718001
32.2 0.454706367878
32.27 0.39751748032
32.34 0.596369717229
32.41 0.821763594349
32.48 0.765523605492
32.55 0.538200459881
32.62 0.610988262851
32.69 0.742284835476
32.76 0.623528235768
32.83 0.407468447713
32.9 0.64716266571
32.97 0.741308967207
33.04 0.866725501648
33.11 0.619335717384
33.18 0.514883229345
33.25 0.56306030513
33.32 0.633850683795
33.39 0.312321530827
33.46 0.636685995387
33.53 0.806999100293
33.6 0.692839577991
33.67 0.619412353402
33.74 0.449752998498
33.81 0.534947162276
33.88 0.684597753681
33.95 0.654326769301
34.02 0.505144539372
34.09 0.417134025778
34.16 0.701488681784
34.23 0.850614808312
34.3 0.597214116712
34.37 0.532805343311
34.44 0.685087175265
34.51 0.471321233174
34.58 0.20149232458
34.65 0.445217895167
34.72 0.664035856128
34.79 0.800548178734
34.86 0.785498986522
34.93 0.695822155195
35.0 0.584250636184
35.07 0.659262451418
35.14 0.465116639402
35.21 0.459917786998
35.28 0.490010625003
35.35 0.861622555001
35.42 0.73746874272
35.49 0.532995009951
35.56 0.535875886746
35.63 0.69823973521
35.7 0.690999048351
35.77 0.500473098041
35.84 0.949548519424
35.91 0.873181243551
35.98 0.614284332279
36.05 0.370229484277
36.12 0.704385128118
36.19 0.765162428013
36.26 0.644336976189
36.33 0.454812154797
36.4 0.463920063931
36.47 0.650194394285
36.54 0.961823324567
36.61 0.941543934528
36.68 0.813535811403
36.75 0.674270922043
36.82 0.796207742355
36.89 0.548129333902
36.96 0.280156130421
37.03 0.562937710617
37.1 0.805709565262
37.17 0.818488004011
37.24 0.51929691416
37.31 0.548069221563
37.38 0.707588631278
37.45 0.64554044396
37.52 0.52162724161
37.59 0.556614808203
37.66 0.724696822372
37.73 0.872443292678
37.8 0.76393459245
37.87 0.698946262313
37.94 0.742737026226
38.01 0.803445579208
38.08 0.659299551929
38.15 0.525234368269
38.22 0.95066246021
38.29 0.814710090263
38.36 0.704728633072
38.43 0.464041586395
38.5 0.644694883995
38.57 0.764198972867
38.64 0.907207083308
38.71 0.703309259825
38.78 0.434466773989
38.85 0.462653468585
38.92 0.643613324997
38.99 0.403975604469
39.06 0.541691360715
39.13 0.434065891896
39.2 0.336875852079
39.27 0.201223413941
39.34 0.45894738525
39.41 0.474360622015
39.48 0.793650183095
39.55 0.717116669748
39.62 0.63388799763
39.69 0.707489889476
39.76 0.625470359544
39.83 0.585314814329
39.9 0.53038221067
39.97 0.546110916202
40.04 0.724130151949
40.11 0.859225817891
40.18 0.547061053733
40.25 0.66853397453
40.32 0.583414969017
40.39 0.637015154892
40.46 0.388699966254
40.53 0.772309598343
40.6 0.889335913409
40.67 0.71444579285
40.74 0.46105126282
40.81 0.455239570501
40.88 0.674960963477
40.95 0.904547846135
41.02 0.756951268815
41.09 0.375566638812
41.16 0.203362331701
41.23 0.807629010771
41.3 0.838891758763
41.37 0.586091424141
41.44 0.295995380382
41.51 0.838307840911
41.58 0.733860983071
41.65 0.314526197331
41.72 0.170668817416
41.79 0.421137401912
41.86 0.644761254093
41.93 0.393896455805
42.0 0.45700610934
42.07 0.619229362636
42.14 0.616817518317
42.21 0.607823309254
42.28 0.334312148316
42.35 0.593399336721
42.42 0.818920068625
42.49 0.724715684856
42.56 0.348782696043
42.63 0.658675267771
42.7 0.769832434256
42.77 0.628837214487
42.84 0.356285294192
42.91 0.855972498566
42.98 0.839484630787
43.05 0.783955987826
43.12 0.58779837115
43.19 0.515885085116
43.26 0.632005103421
43.33 0.826427973496
43.4 0.647004935593
43.47 0.291877525352
43.54 0.346506486919
43.61 0.906988191298
43.68 0.950261878321
43.75 0.63101809344
43.82 0.530943594539
43.89 0.826607502985
43.96 0.862228415734
44.03 0.445322386628
44.1 0.238845334059
44.17 0.231373204764
44.24 0.653087843224
44.31 0.564785303993
44.38 0.409509589447
44.45 0.444011842686
44.52 0.291071461332
44.59 0.274517779649
44.66 0.219133147365
44.73 0.423106353298
44.8 0.598152623827
44.87 0.680223737797
44.94 0.516925802289
45.01 0.592287468668
45.08 0.84736645439
45.15 0.873119217503
45.22 0.563867046356
45.29 0.489185606963
45.36 0.711899308589
45.43 0.542214631754
45.5 0.374494098372
45.57 0.488647392392
45.64 0.799724404178
45.71 0.996427279766
45.78 0.923813334974
45.85 0.866402900106
45.92 0.619666387223
45.99 0.600038752026
46.06 0.914976344826
46.13 0.717897034836
46.2 0.53888551264
46.27 0.506326113132
46.34 0.523121252612
46.41 0.301363065054
46.48 0.177827317183
46.55 0.137506622058
46.62 0.446590655209
46.69 0.427376316779
46.76 0.210625465662
46.83 0.48147378852
46.9 0.785998186871
46.97 0.828208124724
47.04 0.525372732457
47.11 0.698969257851
47.18 0.642757308284
47.25 0.512113439211
47.32 0.423968758091
47.39 0.274327720493
47.46 0.342875753453
47.53 0.363362613754
47.6 0.557556906915
47.67 0.492598235777
47.74 0.197131651135
47.81 0.243306919779
47.88 0.562365392929
47.95 0.497273159329
48.02 0.440114459038
48.09 0.379663897617
48.16 0.789265725978
48.23 0.716111177388
48.3 0.608845706949
48.37 0.783061521619
48.44 0.602870475898
48.51 0.550318960685
48.58 0.471120699429
48.65 0.780253278111
48.72 0.633916650517
48.79 0.484102395488
48.86 0.427627046795
48.93 0.311091882399
49.0 0.412316501814
49.07 0.630890158074
49.14 0.669343527753
49.21 0.346046029287
49.28 0.240621149771
49.35 0.230589608014
49.42 0.28426051657
49.49 0.161899574275
49.56 0.210614010558
49.63 0.209076998118
49.7 0.718440506482
49.77 0.433726319858
49.84 0.24539712833
49.91 0.206928569992
49.98 0.342820951715
50.05 0.272411650931
50.12 0.186774462346
50.19 0.734274376804
50.26 0.502115595643
50.33 0.208016866921
50.4 0.143204425805
50.47 0.325582934817
50.54 0.438570899495
50.61 0.71553967421
50.68 0.455924100422
50.75 0.451528905745
50.82 0.68897233817
50.89 0.392425742097
50.96 0.171968329023
51.03 0.115695202825
51.1 0.114148908857
51.17 0.486102853646
51.24 0.864391875048
51.31 0.906071789191
51.38 0.877546311468
51.45 0.748688692359
51.52 0.842152266715
51.59 0.796302029178
51.66 0.842635330471
51.73 0.764595967035
51.8 0.777025408711
51.87 0.72295523079
51.94 0.404192971407
52.01 0.648366479454
52.08 0.780239344572
52.15 0.681680019176
52.22 0.648175889703
52.29 0.857874439882
52.36 0.850532546749
52.43 0.711448749961
52.5 0.457036828752
52.57 0.684510446039
52.64 0.853169654867
52.71 0.780588478173
52.78 0.649692286525
52.85 0.431528692266
52.92 0.464164076184
52.99 0.745513087307
53.06 0.684346060217
53.13 0.380622681359
53.2 0.264672601502
53.27 0.440742719553
53.34 0.545912331849
53.41 0.419477425715
53.48 0.50924614688
53.55 0.541667962577
53.62 0.630629594991
53.69 0.54581894564
53.76 0.374036866972
53.83 0.560540257515
53.9 0.76917987654
53.97 0.772965334196
54.04 0.593497564218
54.11 0.365576639358
54.18 0.587485854785
54.25 0.543273318554
54.32 0.335152664529
54.39 0.591706336438
54.46 0.45595161765
54.53 0.194554634411
54.6 0.14872403896
54.67 0.295032163383
54.74 0.538955887797
54.81 0.651799906182
54.88 0.395472847056
54.95 0.569148160323
55.02 0.590517790478
55.09 0.590811722843
55.16 0.63151447326
55.23 0.471231967607
55.3 0.293698072364
55.37 0.606012899392
55.44 0.770905310584
55.51 0.634311891551
55.58 0.277042384637
55.65 0.20638268895
55.72 0.790797562017
55.79 0.866546341403
55.86 0.607786639269
55.93 0.619303377485
56.0 0.511821601298
56.07 0.474336841446
56.14 0.325230256936
56.21 0.306440870514
56.28 0.40284514078
56.35 0.732490244564
56.42 0.489854281878
56.49 0.188233150019
56.56 0.151166318001
56.63 0.627563691933
56.7 0.811437183928
56.77 0.348294452007
56.84 0.238544922078
56.91 0.222735225617
56.98 0.412093890211
57.05 0.259185267739
57.12 0.191018771112
57.19 0.386788656529
57.26 0.854440329742
57.33 0.829453837603
57.4 0.586101657481
57.47 0.552897964036
57.54 0.557177672928
57.61 0.546289493879
57.68 0.417354042587
57.75 0.604364441133
57.82 0.772702418346
57.89 0.743946033436
57.96 0.693906035986
58.03 0.435255732538
58.1 0.523038507774
58.17 0.762157883881
58.24 0.666475489952
58.31 0.429239148461
58.38 0.342598160144
58.45 0.336713595617
58.52 0.697430114499
58.59 0.726873429418
58.66 0.570442882616
58.73 0.577513315307
58.8 0.568361882674
58.87 0.488849771583
58.94 0.445720860101
59.01 0.685683780844
59.08 0.783602390714
59.15 0.800555429419
59.22 0.469469416761
59.29 0.806760022415
59.36 0.874046515417
59.43 0.770432893628
59.5 0.629456511521
59.57 0.224182390698
59.64 0.249877079296
59.71 0.647091183597
59.78 0.604193933303
59.85 0.378592638671
59.92 0.712257699671
59.99 0.597185139574
60.06 0.505711280385
60.13 0.455079930553
60.2 0.684735895237
60.27 0.686533215546
60.34 0.718693256481
60.41 0.653670919416
60.48 0.296717245084
60.55 0.245876104801
60.62 0.665406074125
60.69 0.685929617598
60.76 0.479832084482
60.83 0.22939338317
60.9 0.451789662758
60.97 0.707634748795
61.04 0.703026272138
61.11 0.855786373878
61.18 0.872996205651
61.25 0.923138154844
61.32 0.857799335917
61.39 0.844844149421
61.46 0.609515743259
61.53 0.541817470804
61.6 0.614211631505
61.67 0.439793470225
61.74 0.549075304249
61.81 0.661217349802
61.88 0.715095495128
61.95 0.431531109419
62.02 0.383332100063
62.09 0.494946974241
62.16 0.350503740269
62.23 0.178199144565
62.3 0.515090957923
62.37 0.717128453759
62.44 0.676289479373
62.51 0.585618309034
62.58 0.381463746008
62.65 0.397939749877
62.72 0.529744544512
62.79 0.647933260565
62.86 0.511433963126
62.93 0.288234423756
63.0 0.226877924733
63.07 0.755928017049
63.14 0.571207239104
63.21 0.236788880325
63.28 0.101442450235
63.35 0.623553989777
63.42 0.631998066836
63.49 0.552624901727
63.56 0.562372510189
63.63 0.69190158906
63.7 0.788143626136
63.77 0.566755823891
63.84 0.683329707733
63.91 0.669825108326
63.98 0.508991718992
64.05 0.272416923521
64.12 0.233073825752
64.19 0.468057688266
64.26 0.760133431831
64.33 0.717510900016
64.4 0.485319183202
64.47 0.890653109953
64.54 0.574165401973
64.61 0.340851287439
64.68 0.317190959204
64.75 0.736267264679
64.82 0.62190267996
64.89 0.342625333727
64.96 0.254930434737
65.03 0.396441980496
65.1 0.672401345448
65.17 0.754808775747
65.24 0.574474119622
65.31 0.387224422117
65.38 0.345598831091
65.45 0.587280964578
65.52 0.67436422137
65.59 0.513242987546
65.66 0.410259980592
65.73 0.52168144992
65.8 0.493017424162
65.87 0.241247491146
65.94 0.363166410871
66.01 0.647341795702
66.08 0.673006463038
66.15 0.554015549945
66.22 0.324778629361
66.29 0.11949916303
66.36 0.256043934912
66.43 0.29481405175
66.5 0.158515658077
66.57 0.121591702629
66.64 0.0886337419918
66.71 0.705962298194
66.78 0.642449829465
66.85 0.356426299718
66.92 0.503339236095
66.99 0.664835848563
67.06 0.822579188128
67.13 0.782492038424
67.2 0.769501564281
67.27 0.743931308659
67.34 0.786462377283
67.41 0.719224189338
67.48 0.631993427236
67.55 0.619803185226
67.62 0.371177136391
67.69 0.278277594224
67.76 0.288144716027
67.83 0.402404174743
67.9 0.418703363378
67.97 0.397583703031
68.04 0.289087213461
68.11 0.294962458451
68.18 0.352659254627
68.25 0.342093355195
68.32 0.258119233289
68.39 0.226632904816
68.46 0.186000041625
68.53 0.250985620272
68.6 0.232885064381
68.67 0.183769141716
68.74 0.46354857554
68.81 0.701239772391
68.88 0.602127261744
68.95 0.22012778348
69.02 0.233570597312
69.09 0.248859011687
69.16 0.483815151408
69.23 0.259984869985
69.3 0.241722045996
69.37 0.21853244907
69.44 0.368551590427
69.51 0.196633363811
69.58 0.324603687498
69.65 0.482438431299
69.72 0.310958485942
69.79 0.220160520549
69.86 0.204742660474
69.93 0.346041301254
70.0 0.472284595234
70.07 0.437321242064
70.14 0.251485840698
70.21 0.354002669837
70.28 0.528668946171
70.35 0.77609762054
70.42 0.474315727813
70.49 0.248537865402
70.56 0.73268523887
70.63 0.742781314588
70.7 0.371584654796
70.77 0.150308432571
70.84 0.529242080695
70.91 0.7387847175
70.98 0.664950721527
71.05 0.413101323431
71.12 0.484582298949
71.19 0.702411622462
71.26 0.508581992879
71.33 0.203172333052
71.4 0.205919126873
71.47 0.628321458654
71.54 0.671389056977
71.61 0.33330359883
71.68 0.198377688266
71.75 0.687723289682
71.82 0.620335060587
71.89 0.639726858877
71.96 0.448873280339
72.03 0.705790722194
72.1 0.576044622358
72.17 0.622891474879
72.24 0.644987599251
72.31 0.397966088781
72.38 0.436209309626
72.45 0.530999822833
72.52 0.378961108724
72.59 0.230776126769
72.66 0.217269406536
72.73 0.308710230002
72.8 0.268403602617
72.87 0.236824707875
72.94 0.568475291848
73.01 0.517329221773
73.08 0.521355157487
73.15 0.378741797048
73.22 0.279191580729
73.29 0.354325442039
73.36 0.57050712568
73.43 0.471593776525
73.5 0.421140586255
73.57 0.45858714562
73.64 0.479500777775
73.71 0.415967287723
73.78 0.238634015434
73.85 0.176168250134
73.92 0.480082388626
73.99 0.49086926909
74.06 0.261475906865
74.13 0.318507019313
74.2 0.283361386715
74.27 0.316321306053
74.34 0.395604301103
74.41 0.75815110465
74.48 0.638351362083
74.55 0.681104106012
74.62 0.305030352922
74.69 0.551531275579
74.76 0.744056111656
74.83 0.513392878205
74.9 0.329907423104
74.97 0.20571942703
75.04 0.538969196879
75.11 0.744603288931
75.18 0.821133519417
75.25 0.573858394018
75.32 0.450358729685
75.39 0.616348907835
75.46 0.836861455432
75.53 0.587693991393
75.6 0.35445679912
75.67 0.475037769379
75.74 0.632502819036
75.81 0.778500395103
75.88 0.508174900346
75.95 0.658885872731
76.02 0.878373699342
76.09 0.890068441977
76.16 0.655149015682
76.23 0.567649605911
76.3 0.750500943012
76.37 0.853325088068
76.44 0.801608372765
76.51 0.692656956469
76.58 0.845739629499
76.65 0.66400632202
76.72 0.631874861829
76.79 0.472903627746
76.86 0.632544971833
76.93 0.680699217309
77.0 0.620957990332
77.07 0.434554574215
77.14 0.38802605288
77.21 0.53779493586
77.28 0.984140073914
77.35 0.829010784096
77.42 0.455614375109
77.49 0.686852137834
77.56 0.724610820272
77.63 0.793041948649
77.7 0.480581083204
77.77 0.354877715816
77.84 0.760452629499
77.91 0.841752534243
77.98 0.391770262232
78.05 0.323556527943
78.12 0.389077245419
78.19 0.68182688917
78.26 0.668830120033
78.33 0.530276661898
78.4 0.802605103332
78.47 0.541244199753
78.54 0.390461310074
78.61 0.346990477665
78.68 0.297874772978
78.75 0.78557638973
78.82 0.884094876404
78.89 0.712576630491
78.96 0.892776388358
79.03 0.71869618949
79.1 0.680023912287
79.17 0.57212527023
79.24 0.573081615874
79.31 0.851917583386
79.38 0.885455879586
79.45 0.716177395444
79.52 0.502855115028
79.59 0.751782363979
79.66 0.754104055303
79.73 0.712871535614
79.8 0.566039390027
79.87 0.605858798883
79.94 0.50124608445
80.01 0.673580808466
80.08 0.46998951742
80.15 0.222485151864
80.22 0.208257255771
80.29 0.790860668647
80.36 0.440705803664
80.43 0.194187476106
80.5 0.151811493159
80.57 0.549021122313
80.64 0.736305082734
80.71 0.550543517026
80.78 0.635447048365
80.85 0.804379221762
80.92 0.736930687173
80.99 0.650806325827
81.06 0.373935212331
81.13 0.442905052517
81.2 0.793202155651
81.27 0.796938431683
81.34 0.613350897619
81.41 0.7897352906
81.48 0.530994068518
81.55 0.435171305156
81.62 0.245930782424
81.69 0.561708944962
81.76 0.807768598275
81.83 0.773555887584
81.9 0.503030914065
81.97 0.505370222062
82.04 0.664132994509
82.11 0.858367783522
82.18 0.87086649107
82.25 0.530672670123
82.32 0.690440675063
82.39 0.745513378979
82.46 0.636341132141
82.53 0.516517802936
82.6 0.780447888435
82.67 0.751886037052
82.74 0.665455777811
82.81 0.553577064671
82.88 0.310183803802
82.95 0.50069231663
83.02 0.594182391241
83.09 0.692531587195
83.16 0.500933436212
83.23 0.6565752502
83.3 0.482756627509
83.37 0.676811793946
83.44 0.51316079192
83.51 0.394617769743
83.58 0.380090477867
83.65 0.519414232979
83.72 0.436734464897
83.79 0.430804181573
83.86 0.830390703287
83.93 0.650995240015
84.0 0.639313092022
84.07 0.539299129781
84.14 0.586218827361
84.21 0.614750859945
84.28 0.577102690131
84.35 0.287932618576
84.42 0.425531963599
84.49 0.756488659327
84.56 0.744241632831
84.63 0.281473218363
84.7 0.115808089162
84.77 0.414756288456
84.84 0.846726907104
84.91 0.34211240075
84.98 0.137927441012
85.05 0.146545498037
85.12 0.245652254369
85.19 0.143985159361
85.26 0.0850416946156
85.33 0.11347323847
85.4 0.217241971535
85.47 0.254995461283
85.54 0.125892878108
85.61 0.245280898626
85.68 0.561473049876
85.75 0.744699724507
85.82 0.265272685425
85.89 0.140317254793
85.96 0.103378280569
86.03 0.287635779576
86.1 0.223782091173
86.17 0.12093659899
86.24 0.0962784588295
86.31 0.228356275436
86.38 0.185058151582
86.45 0.103210853912
86.52 0.234075884761
86.59 0.691461701279
86.66 0.812461856044
86.73 0.38480505949
86.8 0.166040849163
86.87 0.130430670095
86.94 0.0965111843106
87.01 0.109769033937
87.08 0.393171980796
87.15 0.782784351079
87.22 0.874788261903
87.29 0.339657503021
87.36 0.145251847794
87.43 0.252978430575
87.5 0.948103553519
87.57 0.647607346685
87.64 0.29543190206
87.71 0.251546814866
87.78 0.80758297548
87.85 0.441360861535
87.92 0.473666285401
87.99 0.424220823902
88.06 0.189227657364
88.13 0.15065562221
88.2 0.131551584632
88.27 0.200391285622
88.34 0.605227009604
88.41 0.339836498813
88.48 0.181597105231
88.55 0.103055503714
88.62 0.776789505868
88.69 0.635439091773
88.76 0.69397150547
88.83 0.734344180252
88.9 0.859869609159
88.97 0.822314502077
89.04 0.856672046488
89.11 0.923451981406
89.18 0.873784079739
89.25 0.876724559998
89.32 0.754299504183
89.39 0.60469064746
89.46 0.650640353651
89.53 0.817604653917
89.6 0.7221339401
89.67 0.480919851593
89.74 0.55302544638
89.81 0.950042807895
89.88 0.750446694364
89.95 0.401583567465
90.02 0.526834164638
90.09 0.677718534421
90.16 0.557736204464
90.23 0.339166163849
90.3 0.841280333714
90.37 0.752939550555
90.44 0.7143535966
90.51 0.642169735225
90.58 0.633808166409
90.65 0.586830322171
90.72 0.546309157686
90.79 0.52752362428
90.86 0.629053892583
90.93 0.87963075019
91.0 0.688311299473
91.07 0.633955764806
91.14 0.469668335451
91.21 0.799595406847
91.28 0.874090795246
91.35 0.634645104211
91.42 0.482357988807
91.49 0.66043111249
91.56 0.765991467402
91.63 0.724122996678
91.7 0.395574559101
91.77 0.647829648774
91.84 0.646953243729
91.91 0.758003587704
91.98 0.569524666868
92.05 0.776554951232
92.12 0.68554271326
92.19 0.594063583033
92.26 0.418284601642
92.33 0.490025907525
92.4 0.610437718161
92.47 0.911853488174
92.54 0.649221546682
92.61 0.608580444536
92.68 0.921831037272
92.75 0.682232774677
92.82 0.546786084696
92.89 0.503273484249
92.96 0.514338345883
93.03 0.836048941274
93.1 0.738763694626
93.17 0.504030140134
93.24 0.524354301035
93.31 0.651447478861
93.38 0.733916731968
93.45 0.464897173357
93.52 0.850304872001
93.59 0.669378024162
93.66 0.519719366787
93.73 0.444159644323
93.8 0.259393354701
93.87 0.125152602393
93.94 0.626728159741
94.01 0.796109933749
94.08 0.687740259401
94.15 0.532981832742
94.22 0.413551353792
94.29 0.290375988284
94.36 0.259715651384
94.43 0.210236329568
94.5 0.181841011985
94.57 0.173963635603
94.64 0.184622668358
94.71 0.135006945709
94.78 0.109785584766
94.85 0.0673877396132
94.92 0.103310085195
94.99 0.0415548233539
95.06 0.0322650358401
95.13 0.0282772362278
95.2 0.0570997243863
95.27 0.0242457044466
95.34 0.0311508421689
95.41 0.0220438041715
95.48 0.0131851154954
95.55 0.00790743332762
95.62 0.00720781714225
95.69 0.0
