0.0 0.446223151854
0.07 0.610254442838
0.14 0.500434907306
0.21 0.279516795132
0.28 0.106064130461
0.35 0.505437476702
0.42 0.539019255078
0.49 0.409831381225
0.56 0.170884742976
0.63 0.0536012118456
0.7 0.432312501763
0.77 0.551307147107
0.84 0.326050830906
0.91 0.114365687328
0.98 0.0231639973579
1.05 0.00108765469655
1.12 0.000343335387533
1.19 0.484283364299
1.26 0.432866388014
1.33 0.185510452591
1.4 0.125512795387
1.47 0.124142700475
1.54 0.016513208519
1.61 0.0408312984452
1.68 0.674340214534
1.75 0.553445469195
1.82 0.341980454534
1.89 0.583288888876
1.96 0.544880502514
2.03 0.408513164097
2.1 0.192937537086
2.17 0.0697004537868
2.24 0.558199418025
2.31 0.537565250412
2.38 0.364915194901
2.45 0.121509424418
2.52 0.0350634537158
2.59 0.538476265114
2.66 0.500830425841
2.73 0.254381262299
2.8 0.0692354520927
2.87 0.0155994939399
2.94 0.000555439764505
3.01 0.000348822466259
3.08 0.55210147698
3.15 0.392623598091
3.22 0.131631759202
3.29 0.165011940136
3.36 0.060685836995
3.43 0.0127853617657
3.5 0.00290822403287
3.57 0.00202031680088
3.64 0.001472539479
3.71 0.000974276576602
3.78 0.644242063133
3.85 0.55577424659
3.92 0.37969590712
3.99 0.173862280521
4.06 0.0542090744872
4.13 0.626232090224
4.2 0.496318911334
4.27 0.315823133085
4.34 0.106694920915
4.41 0.0287852767357
4.48 0.578074589993
4.55 0.481594189566
4.62 0.203149981217
4.69 0.0630523842918
4.76 0.010981724225
4.83 0.000449947686336
4.9 0.272599990603
4.97 0.51316771604
5.04 0.330956076267
5.11 0.112702053449
5.18 0.170213365382
5.25 0.0352324090184
5.32 0.00972370254765
5.39 0.00278687755105
5.46 0.00181785166104
5.53 0.00145096104827
5.6 0.215058343719
5.67 0.654626933915
5.74 0.523645816545
5.81 0.319490009022
5.88 0.124165124355
5.95 0.204915175278
6.02 0.659769575388
6.09 0.487032338456
6.16 0.259405912946
6.23 0.0753187062328
6.3 0.112660170324
6.37 0.529176513792
6.44 0.409873126409
6.51 0.163302834978
6.58 0.0355440077878
6.65 0.00605063758695
6.72 0.000379477242723
6.79 0.374515805002
6.86 0.501980806775
6.93 0.288960731198
7.0 0.0928747444927
7.07 0.160937072503
7.14 0.0243874890963
7.21 0.00713217612358
7.28 0.00228577015594
7.35 0.00147816783679
7.42 0.0010944372042
7.49 0.411413332998
7.56 0.61280695121
7.63 0.511948786948
7.7 0.276671332378
7.77 0.105701006548
7.84 0.442150436223
7.91 0.567584068055
7.98 0.439411780444
8.05 0.19122326523
8.12 0.0596447849229
8.19 0.383342173556
8.26 0.553837732749
8.33 0.372334247626
8.4 0.11829910736
8.47 0.031482474896
8.54 0.00294816929854
8.61 0.000374085277069
8.68 0.43220698243
8.75 0.448997066216
8.82 0.211408592029
8.89 0.093709044662
8.96 0.152351989685
9.03 0.0202305422185
9.1 0.00470529543428
9.17 0.640080146458
9.24 0.556039804514
9.31 0.389920174752
9.38 0.549719326134
9.45 0.554742871578
9.52 0.406417981071
9.59 0.201464486906
9.66 0.0823185044268
9.73 0.525632584017
9.8 0.534409059924
9.87 0.405236820213
9.94 0.164448507536
10.01 0.0460126759684
10.08 0.486141748591
10.15 0.527145921442
10.22 0.295192831178
10.29 0.0890820589909
10.36 0.0170017704442
10.43 0.00102346227195
10.5 0.000376667235452
10.57 0.522219032572
10.64 0.426225084896
10.71 0.16945190069
10.78 0.126620419936
10.85 0.121086062782
10.92 0.0156646703121
10.99 0.00350900881573
11.06 0.00221895572535
11.13 0.00143199405541
11.2 0.0011002808179
11.27 0.582970718962
11.34 0.580642515582
11.41 0.422248741613
11.48 0.191834664855
11.55 0.060301505092
11.62 0.591353688169
11.69 0.509409479269
11.76 0.340863032227
11.83 0.113340713815
11.9 0.031426665771
11.97 0.518443287209
12.04 0.482266656789
12.11 0.244985638669
12.18 0.063268078492
12.25 0.0144025476483
12.32 0.000458691970639
12.39 0.0159773331242
12.46 0.551154692532
12.53 0.372910840872
12.6 0.118819750758
12.67 0.168734464451
12.74 0.0431907940255
12.81 0.0114087007137
12.88 0.00288989668933
12.95 0.00195929314338
13.02 0.00120017401777
13.09 0.000849767446062
13.16 0.659890486352
13.23 0.53259216718
13.3 0.352057434288
13.37 0.162303385698
13.44 0.0503366925737
13.51 0.647716518648
13.58 0.511513639078
13.65 0.306025622237
13.72 0.106203299241
13.79 0.0274306307447
13.86 0.494431174369
13.93 0.462741321827
14.0 0.192780258999
14.07 0.0529397999878
14.14 0.00733438540369
14.21 0.000442675707901
14.28 0.314444979704
14.35 0.511458674846
14.42 0.309478925384
14.49 0.0986513907967
14.56 0.171057812614
14.63 0.0387999251668
14.7 0.152005482193
14.77 0.11776700534
14.84 0.0862485281996
14.91 0.0100565538047
14.98 0.121984483624
15.05 0.686458978833
15.12 0.539435566666
15.19 0.351965017198
15.26 0.159230003654
15.33 0.317714871474
15.4 0.612935306579
15.47 0.470592200138
15.54 0.253391273711
15.61 0.166775968923
15.68 0.217226351098
15.75 0.609687000471
15.82 0.408197783054
15.89 0.183509309696
15.96 0.0409085352662
16.03 0.0540424452833
16.1 0.0616262327377
16.17 0.415315329007
16.24 0.467841886055
16.31 0.255388603184
16.38 0.0966309110243
16.45 0.165168347744
16.52 0.0484091366047
16.59 0.0910302239048
16.66 0.591349943161
16.73 0.594961776996
16.8 0.425546312956
16.87 0.478146637145
16.94 0.60718578085
17.01 0.461676822435
17.08 0.251483778813
17.15 0.135647878105
17.22 0.479264572284
17.29 0.552540576771
17.36 0.433518666792
17.43 0.216725486769
17.5 0.083405909382
17.57 0.437505416891
17.64 0.553640597279
17.71 0.33036422377
17.78 0.124658896363
17.85 0.0826548120151
17.92 0.0861480810078
17.99 0.0685366813774
18.06 0.480863908057
18.13 0.458185923482
18.2 0.194035565783
18.27 0.097952747455
18.34 0.159739774682
18.41 0.0832977335578
18.48 0.0409976089369
18.55 0.111347031455
18.62 0.0949201894999
18.69 0.0562448496654
18.76 0.559956788896
18.83 0.589507356539
18.9 0.473320018033
18.97 0.251457064276
19.04 0.126955365905
19.11 0.540330737533
19.18 0.532936859737
19.25 0.415322505316
19.32 0.154577908688
19.39 0.0491768570669
19.46 0.481840412282
19.53 0.541002898837
19.6 0.30596534836
19.67 0.143167710639
19.74 0.120204403533
19.81 0.0852905904915
19.88 0.0990714841026
19.95 0.530229233624
20.02 0.402780403299
20.09 0.163108670818
20.16 0.178344905128
20.23 0.160841107306
20.3 0.109999884935
20.37 0.0402119960927
20.44 0.167679414071
20.51 0.100929967957
20.58 0.0482357004196
20.65 0.6005477405
20.72 0.578932176735
20.79 0.388182828242
20.86 0.188016403392
20.93 0.0931130088582
21.0 0.624222106819
21.07 0.520180349493
21.14 0.351699085497
21.21 0.151640012158
21.28 0.0893436522014
21.35 0.4530394608
21.42 0.487889372319
21.49 0.22113260717
21.56 0.201673123827
21.63 0.0780373782551
21.7 0.072318908891
21.77 0.192112206469
21.84 0.548085467653
21.91 0.363501608841
21.98 0.123857624903
22.05 0.171295271578
22.12 0.0823911624711
22.19 0.124290694191
22.26 0.16127481235
22.33 0.183525891075
22.4 0.106198049667
22.47 0.204268777936
22.54 0.686726929601
22.61 0.566274288735
22.68 0.367971299738
22.75 0.202769477755
22.82 0.139826186489
22.89 0.655439677902
22.96 0.542108047664
23.03 0.362998073559
23.1 0.173192841899
23.17 0.110536140226
23.24 0.631732648864
23.31 0.459467080441
23.38 0.20115505627
23.45 0.187606593978
23.52 0.186804888114
23.59 0.0918043636651
23.66 0.325927127177
23.73 0.542499140938
23.8 0.386823487781
23.87 0.189273734248
23.94 0.390487026416
24.01 0.181493158402
24.08 0.099444867434
24.15 0.555647089868
24.22 0.59438790365
24.29 0.459848989464
24.36 0.450199042933
24.43 0.619141336678
24.5 0.462800543898
24.57 0.286264390168
24.64 0.216600057656
24.71 0.394969681615
24.78 0.612697385956
24.85 0.521264967802
24.92 0.301681813213
24.99 0.179758893333
25.06 0.391693967924
25.13 0.574928818002
25.2 0.393122680856
25.27 0.13145594964
25.34 0.186177143502
25.41 0.0931165102429
25.48 0.0279154576741
25.55 0.474140726489
25.62 0.481155483021
25.69 0.258899421929
25.76 0.2211397629
25.83 0.325140708931
25.9 0.214029426072
25.97 0.195069239639
26.04 0.206815405984
26.11 0.068601132999
26.18 0.0539257715788
26.25 0.31288658983
26.32 0.507944363616
26.39 0.508996907683
26.46 0.503295376233
26.53 0.483628906264
26.6 0.477140700708
26.67 0.434660520366
26.74 0.51639835114
26.81 0.435741281867
26.88 0.378307495989
26.95 0.363215856354
27.02 0.345191505797
27.09 0.323071596899
27.16 0.278302540486
27.23 0.287895727874
27.3 0.302888708555
27.37 0.224569787261
27.44 0.263260975381
27.51 0.258421260701
27.58 0.221633239
27.65 0.257907366995
27.72 0.243290700908
27.79 0.17609384735
27.86 0.122699542592
27.93 0.207654308291
28.0 0.169238810697
28.07 0.207444334225
28.14 0.224830829817
28.21 0.165336580521
28.28 0.0533797608015
28.35 0.12949645014
28.42 0.138268799474
28.49 0.16346386586
28.56 0.139164554369
28.63 0.137781307154
28.7 0.0982754238382
28.77 0.184831122209
28.84 0.138289506313
28.91 0.143379442351
28.98 0.186516904085
29.05 0.225216190721
29.12 0.167364613161
29.19 0.172266732029
29.26 0.123196612409
29.33 0.180053432377
29.4 0.101355943256
29.47 0.0182623829794
29.54 0.306910268926
29.61 0.298870438762
29.68 0.11162239715
29.75 0.186064675909
29.82 0.243252331961
29.89 0.134921163057
29.96 0.0781274709149
30.03 0.601370206601
30.1 0.59689040257
30.17 0.451035121327
30.24 0.265298235102
30.31 0.215737616254
30.38 0.627323764144
30.45 0.494836030672
30.52 0.31805617667
30.59 0.20454297057
30.66 0.148619029074
30.73 0.580420543919
30.8 0.499058550505
30.87 0.247003029769
30.94 0.0810849724189
31.01 0.0771916272505
31.08 0.0766545532085
31.15 0.280378807691
31.22 0.532198056986
31.29 0.332281465811
31.36 0.111657088948
31.43 0.214912358501
31.5 0.160484061731
31.57 0.129796981308
31.64 0.500443163232
31.71 0.611651864682
31.78 0.47093322222
31.85 0.31930577055
31.92 0.674084037207
31.99 0.475661286945
32.06 0.337672216687
32.13 0.237881806241
32.2 0.242915853058
32.27 0.646665485266
32.34 0.486402496352
32.41 0.301733226557
32.48 0.0753308873807
32.55 0.20031762015
32.62 0.622709451316
32.69 0.416003171731
32.76 0.237704134465
32.83 0.241180965026
32.9 0.225627494689
32.97 0.0789613294481
33.04 0.385494980642
33.11 0.527017200082
33.18 0.289282926454
33.25 0.122382451738
33.32 0.228134267578
33.39 0.211382002085
33.46 0.173131685862
33.53 0.152686901725
33.6 0.1554352735
33.67 0.15080024104
33.74 0.426055063882
33.81 0.615444136914
33.88 0.509001155511
33.95 0.294363417374
34.02 0.239728632347
34.09 0.497718781088
34.16 0.562044780039
34.23 0.453129679165
34.3 0.227429227187
34.37 0.0712281265873
34.44 0.394853549666
34.51 0.585725513928
34.58 0.37421183864
34.65 0.119039303991
34.72 0.185957435086
34.79 0.0770407595621
34.86 0.00795308592965
34.93 0.474800660479
35.0 0.477171541817
35.07 0.219292934012
35.14 0.137045539678
35.21 0.232154149844
35.28 0.137469750657
35.35 0.129527168325
35.42 0.116022153241
35.49 0.0870495782848
35.56 0.105570888528
35.63 0.0879752554186
35.7 0.184250128732
35.77 0.0501089868718
35.84 0.0668463084884
35.91 0.0891375149182
35.98 0.105303745386
36.05 0.0828675593786
36.12 0.282487075161
36.19 0.301592298462
36.26 0.195545936903
36.33 0.143930792253
36.4 0.206868083052
36.47 0.116445092152
36.54 0.129498897494
36.61 0.200956631489
36.68 0.119938386174
36.75 0.183759855884
36.82 0.211908931289
36.89 0.120519899157
36.96 0.173749805141
37.03 0.212309756688
37.1 0.18614834204
37.17 0.174087850907
37.24 0.142320674774
37.31 0.146795100745
37.38 0.177663468353
37.45 0.113917792081
37.52 0.448792461866
37.59 0.554728923885
37.66 0.536921774321
37.73 0.514584271742
37.8 0.482936371851
37.87 0.507982674717
37.94 0.574550933208
38.01 0.580847478136
38.08 0.520955819167
38.15 0.480286360899
38.22 0.533320511387
38.29 0.548797268859
38.36 0.534251557681
38.43 0.521047994859
38.5 0.487234149485
38.57 0.463410159179
38.64 0.433082514951
38.71 0.443957483373
38.78 0.43700941946
38.85 0.394199451503
38.92 0.472096294909
38.99 0.414225423857
39.06 0.377599781307
39.13 0.356821727638
39.2 0.306954631109
39.27 0.297166877972
39.34 0.259754171409
39.41 0.366145244436
39.48 0.28254817502
39.55 0.208411947324
39.62 0.209583733705
39.69 0.141783637998
39.76 0.207359904408
39.83 0.292440836764
39.9 0.299900991685
39.97 0.209542030238
40.04 0.113414831928
40.11 0.256686427735
40.18 0.163477937589
40.25 0.197537937263
40.32 0.198811231541
40.39 0.084998392564
40.46 0.113309448312
40.53 0.127760553131
40.6 0.191126677627
40.67 0.198061492456
40.74 0.0817874681181
40.81 0.343943663444
40.88 0.180644907203
40.95 0.120340050905
41.02 0.212138188836
41.09 0.109605277483
41.16 0.107554262521
41.23 0.206709560708
41.3 0.5617957056
41.37 0.529348531068
41.44 0.526122633822
41.51 0.506895167974
41.58 0.481593276258
41.65 0.521374798371
41.72 0.555227399819
41.79 0.550646870487
41.86 0.510953796858
41.93 0.488272670215
42.0 0.535039541678
42.07 0.531541652748
42.14 0.545499828227
42.21 0.532283073055
42.28 0.468600763782
42.35 0.486408779377
42.42 0.431136916977
42.49 0.474099992508
42.56 0.448290687011
42.63 0.415840082847
42.7 0.474840403281
42.77 0.385964090553
42.84 0.363432416583
42.91 0.365126878222
42.98 0.299489625977
43.05 0.255113974476
43.12 0.282394774877
43.19 0.283446338334
43.26 0.217953507225
43.33 0.181379463239
43.4 0.198322407082
43.47 0.178336612492
43.54 0.210195363047
43.61 0.367853997509
43.68 0.224126921327
43.75 0.159339554447
43.82 0.171668918
43.89 0.245191468364
43.96 0.209519908383
44.03 0.219216759009
44.1 0.195687136431
44.17 0.0886533137328
44.24 0.139161026842
44.31 0.138507848105
44.38 0.132466774666
44.45 0.187169578889
44.52 0.238650638024
44.59 0.270793692677
44.66 0.164578839701
44.73 0.0773721390695
44.8 0.355390329291
44.87 0.209498822205
44.94 0.132324577841
45.01 0.309473156303
45.08 0.513852903941
45.15 0.540528326877
45.22 0.512838795011
45.29 0.488220010945
45.36 0.4836894449
45.43 0.540164102767
45.5 0.578003377
45.57 0.530676517588
45.64 0.488171999424
45.71 0.501354942177
45.78 0.54815604934
45.85 0.535463517377
45.92 0.519884545056
45.99 0.484503963219
46.06 0.463644189622
46.13 0.437153377823
46.2 0.44959864472
46.27 0.444554684451
46.34 0.411785394759
46.41 0.453064190755
46.48 0.406847874917
46.55 0.357936805492
46.62 0.361187166265
46.69 0.340299518975
46.76 0.302896771473
46.83 0.262157359487
46.9 0.320056291676
46.97 0.281970323056
47.04 0.206534569897
47.11 0.19772323644
47.18 0.146822826484
47.25 0.204062978277
47.32 0.264856011598
47.39 0.3181138875
47.46 0.198394032788
47.53 0.132684983523
47.6 0.196288188755
47.67 0.188921667925
47.74 0.181915820874
47.81 0.198024887272
47.88 0.11268514279
47.95 0.104402427211
48.02 0.116319121283
48.09 0.169651312756
48.16 0.18572350643
48.23 0.0944202440417
48.3 0.333028446617
48.37 0.193767483191
48.44 0.133465397965
48.51 0.205945855575
48.58 0.131516278026
48.65 0.126513984514
48.72 0.12636449958
48.79 0.545724242794
48.86 0.551244274584
48.93 0.526900660982
49.0 0.508358868612
49.07 0.472365238524
49.14 0.550428441369
49.21 0.57579753353
49.28 0.54315280414
49.35 0.511057702049
49.42 0.471915875422
49.49 0.544765453518
49.56 0.538641400876
49.63 0.537083410366
49.7 0.520419512148
49.77 0.478206818134
49.84 0.473324736421
49.91 0.433150684325
49.98 0.465206719417
50.05 0.440740901646
50.12 0.395704815004
50.19 0.479248428091
50.26 0.380375206354
50.33 0.354957305613
50.4 0.387223983344
50.47 0.308833362924
50.54 0.27490447523
50.61 0.290347509834
50.68 0.350732592062
50.75 0.259572099402
50.82 0.165437593942
50.89 0.227299343334
50.96 0.173984590927
51.03 0.207076545878
51.1 0.354747562377
51.17 0.243899083056
51.24 0.181651926038
51.31 0.147750043225
51.38 0.214153360075
51.45 0.200002489404
51.52 0.106540055697
51.59 0.158467271344
51.66 0.123857481956
51.73 0.054156677196
51.8 0.129763658915
51.87 0.225515279618
51.94 0.184467443192
52.01 0.215839655895
52.08 0.316560073066
52.15 0.191093804102
52.22 0.157191568647
52.29 0.307623914547
52.36 0.224861019596
52.43 0.159981750126
52.5 0.466452248465
52.57 0.639072555832
52.64 0.624877572163
52.71 0.38053321531
52.78 0.298462280756
52.85 0.555553717753
52.92 0.511848960494
52.99 0.50629795299
53.06 0.377714031575
53.13 0.283814699028
53.2 0.451774778427
53.27 0.587696768513
53.34 0.342328070566
53.41 0.267865164507
53.48 0.365172519704
53.55 0.337789304216
53.62 0.363701093215
53.69 0.562196631675
53.76 0.426853298398
53.83 0.337624902105
53.9 0.399516919146
53.97 0.351088432872
54.04 0.270228345023
54.11 0.25547925206
54.18 0.646846222909
54.25 0.622701366149
54.32 0.402204072587
54.39 0.590681325515
54.46 0.616921743529
54.53 0.551374344214
54.6 0.408513269222
54.67 0.254051369003
54.74 0.586930900253
54.81 0.635842359587
54.88 0.523321537701
54.95 0.345067877714
55.02 0.236639640079
55.09 0.530115717562
55.16 0.571168096055
55.23 0.407329456878
55.3 0.3391660576
55.37 0.343163399736
55.44 0.370298148173
55.51 0.338291544625
55.58 0.574210405047
55.65 0.444286294827
55.72 0.30691593455
55.79 0.419735152843
55.86 0.329215008111
55.93 0.245622599236
56.0 0.325094957318
56.07 0.310857896404
56.14 0.291533901355
56.21 0.282287905606
56.28 0.661779974287
56.35 0.546275706721
56.42 0.432200456338
56.49 0.387167864406
56.56 0.308956217866
56.63 0.658350911624
56.7 0.548187955604
56.77 0.439760416021
56.84 0.370050769083
56.91 0.230881629819
56.98 0.59916629654
57.05 0.429621796321
57.12 0.347057069179
57.19 0.329418121799
57.26 0.378797783298
57.33 0.355758293959
57.4 0.441046338646
57.47 0.586523649437
57.54 0.407635171986
57.61 0.347249482369
57.68 0.423733515081
57.75 0.332394678735
57.82 0.253155841045
57.89 0.346888788568
57.96 0.30751414405
58.03 0.285077633768
58.1 0.352745829892
58.17 0.708532382445
58.24 0.622927842611
58.31 0.501077932305
58.38 0.359258868303
58.45 0.337886315101
58.52 0.71639409141
58.59 0.600788280349
58.66 0.455849916381
58.73 0.277568668041
58.8 0.245674603282
58.87 0.540628946496
58.94 0.50149228601
59.01 0.376036023942
59.08 0.352908299706
59.15 0.377048330173
59.22 0.383334833719
59.29 0.459546708995
59.36 0.532254237664
59.43 0.42080708051
59.5 0.376558219741
59.57 0.429740367838
59.64 0.30072307344
59.71 0.265821758034
59.78 0.384757932199
59.85 0.306186021813
59.92 0.275442380816
59.99 0.382209528707
60.06 0.650806653942
60.13 0.650209373881
60.2 0.484306955122
60.27 0.328143769597
60.34 0.484046217929
60.41 0.616967471224
60.48 0.554560873548
60.55 0.420553982955
60.62 0.305041639121
60.69 0.420666542324
60.76 0.532934038605
60.83 0.433638411369
60.9 0.292999816292
60.97 0.371690219212
61.04 0.375292618497
61.11 0.386600971582
61.18 0.581808481154
61.25 0.460210920292
61.32 0.406055970149
61.39 0.406560038286
61.46 0.389836955819
61.53 0.299189313403
61.6 0.254689057658
61.67 0.649860130359
61.74 0.579785861616
61.81 0.435053483085
61.88 0.587410485952
61.95 0.67693045721
62.02 0.568141979647
62.09 0.447288930544
62.16 0.275972291898
62.23 0.565712797888
62.3 0.632699361449
62.37 0.562813264187
62.44 0.373715211571
62.51 0.264978299755
62.58 0.503294347232
62.65 0.610784534134
62.72 0.432487953678
62.79 0.318574482844
62.86 0.418940305688
62.93 0.388920630358
63.0 0.370521563775
63.07 0.558967903842
63.14 0.450322205462
63.21 0.395008202966
63.28 0.417631028076
63.35 0.377372934404
63.42 0.271931083724
63.49 0.305123050349
63.56 0.328628649367
63.63 0.278537721742
63.7 0.283486694087
63.77 0.649931837828
63.84 0.662741271545
63.91 0.571739411916
63.98 0.393957016067
64.05 0.278027817222
64.12 0.637828593091
64.19 0.527461194023
64.26 0.480333423515
64.33 0.353595837623
64.4 0.248301300406
64.47 0.586608365149
64.54 0.491969260365
64.61 0.310522051589
64.68 0.304236464132
64.75 0.370747438968
64.82 0.356960363563
64.89 0.325852672552
64.96 0.638570089599
65.03 0.422498407867
65.1 0.346255709281
65.17 0.446007439855
65.24 0.330177734289
65.31 0.271569344791
65.38 0.331830765563
65.45 0.303281344218
65.52 0.283616340436
65.59 0.285310669139
65.66 0.654025329269
65.73 0.507789298716
65.8 0.438866594536
65.87 0.372519257014
65.94 0.307909725437
66.01 0.706625682937
66.08 0.617981373798
66.15 0.460491834805
66.22 0.332108609204
66.29 0.24930608325
66.36 0.494816233248
66.43 0.545641639594
66.5 0.376455855269
66.57 0.336020593753
66.64 0.344825830518
66.71 0.381836285542
66.78 0.434604918153
66.85 0.530804244989
66.92 0.427095208209
66.99 0.396898738257
67.06 0.403080465576
67.13 0.313187631605
67.2 0.287935168651
67.27 0.408992963939
67.34 0.385273645291
67.41 0.329522305656
67.48 0.375353171595
67.55 0.689299997415
67.62 0.538057680268
67.69 0.336338283097
67.76 0.164029503303
67.83 0.314800586902
67.9 0.623230961856
67.97 0.467520404982
68.04 0.259862595862
68.11 0.104675516866
68.18 0.206965652378
68.25 0.610524568414
68.32 0.423415308456
68.39 0.204486993467
68.46 0.0778568831226
68.53 0.0169594846182
68.6 0.0515725006207
68.67 0.387375479001
68.74 0.485568091614
68.81 0.270137564879
68.88 0.0965962019836
68.95 0.187089864678
69.02 0.130713046459
69.09 0.0323076753585
69.16 0.583430912161
69.23 0.591771379731
69.3 0.431452712959
69.37 0.470382327303
69.44 0.607124792791
69.51 0.453205696203
69.58 0.250973035518
69.65 0.122703051764
69.72 0.48125389001
69.79 0.556486386532
69.86 0.427556228503
69.93 0.223948585984
70.0 0.0866880151166
70.07 0.437302326007
70.14 0.548706017599
70.21 0.3440294165
70.28 0.156486000407
70.35 0.0675878411513
70.42 0.0358447258442
70.49 0.0477435864939
70.56 0.492234208119
70.63 0.469756496634
70.7 0.195654483168
70.77 0.10208978344
70.84 0.196661379079
70.91 0.0676858154032
70.98 0.00736369524793
71.05 0.108592613604
71.12 0.116137243396
71.19 0.0474304531224
71.26 0.561610069356
71.33 0.587191033951
71.4 0.444562131082
71.47 0.201162150815
71.54 0.121822676263
71.61 0.542946060581
71.68 0.534379088738
71.75 0.406216724034
71.82 0.180833064778
71.89 0.0834391433358
71.96 0.481960837668
72.03 0.531434337947
72.1 0.322077495643
72.17 0.137998562098
72.24 0.0398039142886
72.31 0.0419356368647
72.38 0.0436342362001
72.45 0.53168434405
72.52 0.399440957731
72.59 0.148123304745
72.66 0.153996495268
72.73 0.157458839163
72.8 0.0671462289299
72.87 0.00871433981535
72.94 0.115458561563
73.01 0.08564831632
73.08 0.0616801234709
73.15 0.610213545329
73.22 0.571573617593
73.29 0.388512213712
73.36 0.181164092201
73.43 0.0787398672797
73.5 0.623365299337
73.57 0.517239230798
73.64 0.358530254331
73.71 0.152195016405
73.78 0.0491120083065
73.85 0.459025137271
73.92 0.491727359454
73.99 0.23522611409
74.06 0.111593649641
74.13 0.0219696463738
74.2 0.0443281995337
74.27 0.183954284248
74.34 0.551885179285
74.41 0.37035228976
74.48 0.120607523883
74.55 0.225100112169
74.62 0.118424837387
74.69 0.0460594365585
74.76 0.0471934585999
74.83 0.132388603401
74.9 0.078826584816
74.97 0.0713468087907
75.04 0.621438490923
75.11 0.53793649787
75.18 0.348675564396
75.25 0.174368208647
75.32 0.0931693235843
75.39 0.663346011029
75.46 0.487509019591
75.53 0.29747798449
75.6 0.137656788011
75.67 0.0328367137364
75.74 0.620532694091
75.81 0.439795760262
75.88 0.196187307714
75.95 0.155195940642
76.02 0.129127653372
76.09 0.0748573633329
76.16 0.356530856844
76.23 0.521426859707
76.3 0.288539591092
76.37 0.0842042217682
76.44 0.243385295587
76.51 0.136408901717
76.58 0.0980189339169
76.65 0.553687981388
76.72 0.594731186197
76.79 0.461176183931
76.86 0.425914350488
76.93 0.613274233392
77.0 0.455720089262
77.07 0.288635801581
77.14 0.163694062857
77.21 0.3792842227
77.28 0.589018108799
77.35 0.451589634434
77.42 0.261370717642
77.49 0.126082015979
77.56 0.374582993767
77.63 0.55936607275
77.7 0.378058850949
77.77 0.137306755217
77.84 0.142852137701
77.91 0.136139901923
77.98 0.0920898697482
78.05 0.464101413736
78.12 0.477298288608
78.19 0.242232735396
78.26 0.105509862089
78.33 0.211807318823
78.4 0.109778372708
78.47 0.0987753637343
78.54 0.105989541232
78.61 0.0866479207848
78.68 0.0496322412162
78.75 0.495750821531
78.82 0.604264396172
78.89 0.472395913325
78.96 0.255893124081
79.03 0.173506770104
79.1 0.510779585306
79.17 0.532143932085
79.24 0.43009172999
79.31 0.206597192122
79.38 0.114353304273
79.45 0.421310671413
79.52 0.536999429417
79.59 0.319887578328
79.66 0.167147008913
79.73 0.160504130589
79.8 0.127508250966
79.87 0.092499007808
79.94 0.520782251715
80.01 0.454148358529
80.08 0.192279596578
80.15 0.146232188208
80.22 0.193169392166
80.29 0.0765222514806
80.36 0.0251573687921
80.43 0.137242868156
80.5 0.0984943808062
80.57 0.078779211275
80.64 0.55179408321
80.71 0.508864588156
80.78 0.35861061431
80.85 0.166383367188
80.92 0.0874867285351
80.99 0.345931031074
81.06 0.319168417817
81.13 0.21315440694
81.2 0.0831423349273
81.27 0.0220646532091
81.34 0.171126751237
81.41 0.185255728102
81.48 0.0882942935877
81.55 0.0496809446716
81.62 0.0583675081324
81.69 0.057088384146
81.76 0.0556089375667
81.83 0.126136669286
81.9 0.0838743451585
81.97 0.0542240461748
82.04 0.0698595423595
82.11 0.0709133245654
82.18 0.0779065304779
82.25 0.0792677381585
82.32 0.05152457865
82.39 0.0296890361465
82.46 0.0654387301256
82.53 0.0716763233032
82.6 0.0734055885395
82.67 0.0392441710747
82.74 0.0898881122463
82.81 0.0994001053309
82.88 0.0799636215524
82.95 0.101240121675
83.02 0.108389130032
83.09 0.0860495371899
83.16 0.0645031384274
83.23 0.0870199363792
83.3 0.121381057367
83.37 0.106428855722
83.44 0.0724380922456
83.51 0.0814516928293
83.58 0.131265503233
83.65 0.15181271803
83.72 0.0697862235296
83.79 0.134569088948
83.86 0.165576314411
83.93 0.138654106981
84.0 0.110404388041
84.07 0.103208199707
84.14 0.13779177126
84.21 0.159990760838
84.28 0.111416061297
84.35 0.143273881858
84.42 0.16497619542
84.49 0.158933254761
84.56 0.101049907767
84.63 0.162785757486
84.7 0.187122213691
84.77 0.192288253536
84.84 0.123601358581
84.91 0.157867503326
84.98 0.186305672412
85.05 0.179296699978
85.12 0.117392377196
85.19 0.146582491323
85.26 0.208364237272
85.33 0.177310225076
85.4 0.132817146752
85.47 0.204395094215
85.54 0.200178484186
85.61 0.177858105298
85.68 0.151555276422
85.75 0.220594794473
85.82 0.204083929295
85.89 0.184622365701
85.96 0.228557163661
86.03 0.25210434489
86.1 0.182090079703
86.17 0.199029666778
86.24 0.191655244889
86.31 0.129095152512
86.38 0.132707774506
86.45 0.124906354436
86.52 0.196664413241
86.59 0.194531230596
86.66 0.121342024853
86.73 0.0602676604122
86.8 0.259273451584
86.87 0.180018631005
86.94 0.175141605302
87.01 0.163326005301
87.08 0.162783324038
87.15 0.134480440227
87.22 0.076145671015
87.29 0.0545242747604
87.36 0.119888608108
87.43 0.110266401777
87.5 0.067062221838
87.57 0.112657413157
87.64 0.216376596445
87.71 0.163656853065
87.78 0.0976698667152
87.85 0.0815450449196
87.92 0.142472228834
87.99 0.165512426794
88.06 0.101564374933
88.13 0.196236478391
88.2 0.224799707262
88.27 0.188234379193
88.34 0.176565578155
88.41 0.133693077524
88.48 0.116441122432
88.55 0.14220650627
88.62 0.131378964785
88.69 0.195461341334
88.76 0.191949317267
88.83 0.11321338244
88.9 0.0591616716975
88.97 0.251145802574
89.04 0.205741111059
89.11 0.166133318257
89.18 0.158474026041
89.25 0.170556362589
89.32 0.148501880361
89.39 0.10696442186
89.46 0.0852910265654
89.53 0.119555129995
89.6 0.123991569139
89.67 0.0768596181057
89.74 0.106985026355
89.81 0.233588668011
89.88 0.188302653693
89.95 0.0872297246694
90.02 0.0668951326428
90.09 0.149053274204
90.16 0.165348653207
90.23 0.110583138877
90.3 0.185529281086
90.37 0.235326358819
90.44 0.195151914035
90.51 0.177875098833
90.58 0.147637009404
90.65 0.146794685807
90.72 0.177622995238
90.79 0.155009964549
90.86 0.183057860224
90.93 0.203141500024
91.0 0.0975424213162
91.07 0.0538916537966
91.14 0.244890715266
91.21 0.192577300495
91.28 0.164188031766
91.35 0.168746271265
91.42 0.164205096497
91.49 0.129988398313
91.56 0.113439812737
91.63 0.0673787509131
91.7 0.110741140602
91.77 0.112294891628
91.84 0.0756883434441
91.91 0.0988811989982
91.98 0.228736721012
92.05 0.178366648199
92.12 0.0726804281181
92.19 0.0585219901177
92.26 0.14531489048
92.33 0.212908939567
92.4 0.19487026031
92.47 0.189263392509
92.54 0.251767202976
92.61 0.179618451373
92.68 0.13956738938
92.75 0.161435615183
92.82 0.148411593025
92.89 0.148159428245
92.96 0.148803736437
93.03 0.191527677679
93.1 0.201175123459
93.17 0.136153520335
93.24 0.11172862121
93.31 0.231166408371
93.38 0.220277617405
93.45 0.221836127977
93.52 0.1685441304
93.59 0.258982636412
93.66 0.203422470715
93.73 0.197903172575
93.8 0.187649591762
93.87 0.268506533648
93.94 0.215193692402
94.01 0.202997044402
94.08 0.195342936683
94.15 0.250951453194
94.22 0.209443372952
94.29 0.206507875941
94.36 0.193510236814
94.43 0.211127383833
94.5 0.223695072379
94.57 0.197742275741
94.64 0.223926959163
94.71 0.245668713502
94.78 0.174703404358
94.85 0.211661974367
94.92 0.215769578696
94.99 0.15335894233
95.06 0.173086459874
95.13 0.167571228791
95.2 0.202390796458
95.27 0.214239056397
95.34 0.131523594502
95.41 0.0717987989051
95.48 0.227947912702
95.55 0.22376203532
95.62 0.173244343681
95.69 0.158131869277
95.76 0.178397232336
95.83 0.181814289615
95.9 0.16958795855
95.97 0.136092960563
96.04 0.131083093602
96.11 0.126750563542
96.18 0.0984732790532
96.25 0.0953814650976
96.32 0.232893355295
96.39 0.179150021714
96.46 0.108473137123
96.53 0.0653458024287
96.6 0.177982513753
96.67 0.17781201328
96.74 0.14939004234
96.81 0.184754797584
96.88 0.233342470325
96.95 0.198376351768
97.02 0.180315838777
97.09 0.143757498459
97.16 0.144617559254
97.23 0.154143041708
97.3 0.137956622795
97.37 0.181607515464
97.44 0.203528915592
97.51 0.160341708053
97.58 0.0918716803594
97.65 0.213412211202
97.72 0.219206950682
97.79 0.171030345516
97.86 0.159604675184
97.93 0.175667039395
98.0 0.173315151748
98.07 0.15238140521
98.14 0.10256950708
98.21 0.110544605846
98.28 0.133574486541
98.35 0.13000360973
98.42 0.0915839371723
98.49 0.240262098211
98.56 0.197961890157
98.63 0.169069185153
98.7 0.136578416573
98.77 0.157532594067
98.84 0.181813396331
98.91 0.128798846924
98.98 0.182706553137
99.05 0.22190558555
99.12 0.226406380647
99.19 0.186669388139
99.26 0.155661143686
99.33 0.168930084787
99.4 0.197924289902
99.47 0.182989280917
99.54 0.190611040736
99.61 0.209667808655
99.68 0.116876660766
99.75 0.104050057194
99.82 0.218081957708
99.89 0.227943411239
99.96 0.16634471457
100.03 0.160558217667
100.1 0.166433613589
100.17 0.130751525537
100.24 0.116579104803
100.31 0.0828609915707
100.38 0.153111205592
100.45 0.14534985538
100.52 0.0753006647847
100.59 0.115751883048
100.66 0.229353257298
100.73 0.189009628606
100.8 0.135843649175
100.87 0.102956556102
100.94 0.195421750379
101.01 0.204909308303
101.08 0.225308873126
101.15 0.186917037551
101.22 0.246841211284
101.29 0.210711711895
101.36 0.178984887065
101.43 0.167646401491
101.5 0.180679229673
101.57 0.163552737624
101.64 0.16087063185
101.71 0.203667045916
101.78 0.210650038576
101.85 0.154825124251
101.92 0.136072722614
101.99 0.212925908629
102.06 0.22086202939
102.13 0.214155213945
102.2 0.171734887537
102.27 0.259070199954
102.34 0.24897016835
102.41 0.18210707602
102.48 0.17784041371
102.55 0.25575702228
102.62 0.240400973309
102.69 0.204351966833
102.76 0.17755068761
102.83 0.274229587907
102.9 0.220916879597
102.97 0.221304599973
103.04 0.1921590199
103.11 0.226391976301
103.18 0.235256564735
103.25 0.198904589194
103.32 0.194715984125
103.39 0.248718299478
103.46 0.204744855575
103.53 0.187895647056
103.6 0.188195185377
103.67 0.142252728998
103.74 0.115533319882
103.81 0.0714617165068
103.88 0.160316443017
103.95 0.235436245566
104.02 0.119622561826
104.09 0.0799480435885
104.16 0.224744897659
104.23 0.219988507593
104.3 0.190279321381
104.37 0.168602955332
104.44 0.149022529877
104.51 0.130865074972
104.58 0.058833740178
104.65 0.109765551354
104.72 0.0860435400604
104.79 0.0590460225444
104.86 0.0824833092396
104.93 0.125509337387
105.0 0.221738521941
105.07 0.18010506487
105.14 0.0887338850734
105.21 0.0450727830457
105.28 0.040391785386
105.35 0.0613568558293
105.42 0.0600096169773
105.49 0.152344085844
105.56 0.232009204752
105.63 0.19085723286
105.7 0.169427377091
105.77 0.172563128837
105.84 0.0648429952351
105.91 0.0499396144066
105.98 0.101840617782
106.05 0.1732192088
106.12 0.204309466308
106.19 0.11988352373
106.26 0.0593726308241
106.33 0.222106982197
106.4 0.239347705604
106.47 0.15484833184
106.54 0.177219374849
106.61 0.128659609729
106.68 0.13747389336
106.75 0.138524847759
106.82 0.0687060154636
106.89 0.111669241729
106.96 0.0962341031786
107.03 0.0506543579998
107.1 0.0824964860155
107.17 0.245663797102
107.24 0.194389289075
107.31 0.131190743801
107.38 0.0747377338923
107.45 0.104198204982
107.52 0.09507492512
107.59 0.0681824897504
107.66 0.134250047997
107.73 0.267476880683
107.8 0.197479081739
107.87 0.174358958762
107.94 0.157827791115
108.01 0.0988460232916
108.08 0.0738641297753
108.15 0.0761495812191
108.22 0.146557591722
108.29 0.211451512498
108.36 0.140833544616
108.43 0.0946749162466
108.5 0.207574936154
108.57 0.217507926953
108.64 0.171583340151
108.71 0.145080631432
108.78 0.129013523247
108.85 0.142587787323
108.92 0.122771817959
108.99 0.0494997982093
109.06 0.0493074957066
109.13 0.0542262109706
109.2 0.0827590876471
109.27 0.0799821012994
109.34 0.228744230495
109.41 0.184629169901
109.48 0.0513741581598
109.55 0.0402705206681
109.62 0.0853023672698
109.69 0.137793379283
109.76 0.220672352787
109.83 0.165916042177
109.9 0.27490325489
109.97 0.188407255824
110.04 0.171634619447
110.11 0.184341238713
110.18 0.148389570177
110.25 0.16140933227
110.32 0.148158037703
110.39 0.157998533542
110.46 0.23090647213
110.53 0.147953300418
110.6 0.0941787814296
110.67 0.206808146242
110.74 0.210430095436
110.81 0.217698112494
110.88 0.169658520769
110.95 0.228192313251
111.02 0.233713087034
111.09 0.198714050455
111.16 0.191264836318
111.23 0.225674713602
111.3 0.236812613492
111.37 0.208918153002
111.44 0.161632614936
111.51 0.254838951967
111.58 0.193506465108
111.65 0.207131811023
111.72 0.167751784551
111.79 0.175441051847
111.86 0.179162802464
111.93 0.149859648397
112.0 0.162767657635
112.07 0.0987462613589
112.14 0.0159978280446
112.21 0.0156401189025
112.28 0.0299422404952
112.35 0.122666674629
112.42 0.105322703479
112.49 0.126119653501
112.56 0.174289684185
112.63 0.201715291179
112.7 0.0882911376136
112.77 0.0133754032211
112.84 0.195955685133
112.91 0.248912458076
112.98 0.189566372699
113.05 0.158090518452
113.12 0.16214173519
113.19 0.151876517766
113.26 0.144222497929
113.33 0.0962234761004
113.4 0.105517491715
113.47 0.109379376705
113.54 0.0658585086128
113.61 0.0874869621461
113.68 0.220120333756
113.75 0.195028492865
113.82 0.142959608242
113.89 0.0783050414595
113.96 0.151113752083
114.03 0.163071508305
114.1 0.162633006448
114.17 0.121610264298
114.24 0.257655226689
114.31 0.182753630771
114.38 0.196878346459
114.45 0.146507191249
114.52 0.145609083001
114.59 0.12471364367
114.66 0.135494899573
114.73 0.167726933897
114.8 0.216462723835
114.87 0.170953189903
114.94 0.0794196159367
115.01 0.196012612254
115.08 0.229111675655
115.15 0.198597839523
115.22 0.168172333399
115.29 0.164467621371
115.36 0.137032135409
115.43 0.138366228634
115.5 0.109174406365
115.57 0.118222337205
115.64 0.0998148550619
115.71 0.101348937705
115.78 0.0874797302153
115.85 0.229672108022
115.92 0.207937292487
115.99 0.138108046701
116.06 0.109048561201
116.13 0.139410685309
116.2 0.164833210436
116.27 0.158583875522
116.34 0.117141671373
116.41 0.256411035898
116.48 0.191414159948
116.55 0.186757318228
116.62 0.163389775001
116.69 0.164605486935
116.76 0.138758238553
116.83 0.130674818791
116.9 0.147586046039
116.97 0.216676213192
117.04 0.129611195441
117.11 0.0426262990515
117.18 0.183385872951
117.25 0.243809164492
117.32 0.208145631277
117.39 0.158548675898
117.46 0.179193344328
117.53 0.143714575765
117.6 0.13436158504
117.67 0.0784081762908
117.74 0.103505082648
117.81 0.0865701733568
117.88 0.0763265666235
117.95 0.10853454457
118.02 0.224381478951
118.09 0.219969512789
118.16 0.145026276257
118.23 0.0938112645167
118.3 0.137353521926
118.37 0.146801822625
118.44 0.245570973417
118.51 0.173458111146
118.58 0.271148989507
118.65 0.228550584172
118.72 0.188792649545
118.79 0.178967449668
118.86 0.169628595749
118.93 0.147895641872
119.0 0.146675812821
119.07 0.15846238053
119.14 0.224371999348
119.21 0.172652776523
119.28 0.111624128653
119.35 0.191915636115
119.42 0.226425822649
119.49 0.207116776483
119.56 0.198324505132
119.63 0.21085595226
119.7 0.235131627874
119.77 0.196027350886
119.84 0.182960176873
119.91 0.225231645761
119.98 0.212529052949
120.05 0.210795641672
120.12 0.189349915369
120.19 0.245444718879
120.26 0.221566381741
120.33 0.210155413888
120.4 0.188224226012
120.47 0.192677574147
120.54 0.157892430738
120.61 0.145434658418
120.68 0.109454452624
120.75 0.251310369326
120.82 0.188346310037
120.89 0.177202755647
120.96 0.165281796504
121.03 0.145710567537
121.1 0.154544600202
121.17 0.162918312293
121.24 0.139137570623
121.31 0.213151294351
121.38 0.184509520437
121.45 0.102822156325
121.52 0.183323205673
121.59 0.232724989583
121.66 0.175693882974
121.73 0.163699056571
121.8 0.167072725603
121.87 0.149523895357
121.94 0.146083844631
122.01 0.100644898504
122.08 0.117765730491
122.15 0.130279715749
122.22 0.110104267361
122.29 0.0992889042435
122.36 0.215093615095
122.43 0.201701795691
122.5 0.15511013697
122.57 0.0842871336691
122.64 0.13022359848
122.71 0.146632074157
122.78 0.141254872723
122.85 0.13760320431
122.92 0.266126774534
122.99 0.195701976296
123.06 0.198710025114
123.13 0.167127876167
123.2 0.15070022881
123.27 0.128062390296
123.34 0.156803362138
123.41 0.146760639777
123.48 0.22515808164
123.55 0.177312784229
123.62 0.102775981987
123.69 0.188598170566
123.76 0.23068483086
123.83 0.172837683567
123.9 0.181294853208
123.97 0.180790816219
124.04 0.16491787887
124.11 0.152974525326
124.18 0.106613861216
124.25 0.108263077399
124.32 0.14815559758
124.39 0.120597666053
124.46 0.145752415064
124.53 0.218373950947
124.6 0.221829650833
124.67 0.162428882113
124.74 0.146168399596
124.81 0.120281324979
124.88 0.119728515564
124.95 0.0428033389652
125.02 0.0177645155471
125.09 0.267363939193
125.16 0.168788726737
125.23 0.182242390218
125.3 0.147005201629
125.37 0.17062479283
125.44 0.156756394636
125.51 0.158577663136
125.58 0.136547928106
125.65 0.21721502708
125.72 0.178355924339
125.79 0.0841424316439
125.86 0.178131375724
125.93 0.228548326488
126.0 0.190085988764
126.07 0.164604049115
126.14 0.174765607752
126.21 0.163183409113
126.28 0.161723732704
126.35 0.13478832013
126.42 0.108270851642
126.49 0.107083857181
126.56 0.109293453446
126.63 0.120102306046
126.7 0.201311589582
126.77 0.225198511926
126.84 0.128626611055
126.91 0.0694759051713
126.98 0.134812943292
127.05 0.144525609386
127.12 0.256771733593
127.19 0.157293045397
127.26 0.25113888435
127.33 0.203910605466
127.4 0.180006646201
127.47 0.168438574913
127.54 0.161740313526
127.61 0.142196471562
127.68 0.161560900792
127.75 0.149228978085
127.82 0.242747125248
127.89 0.181158281404
127.96 0.107117937697
128.03 0.176301568183
128.1 0.220669860379
128.17 0.210509898641
128.24 0.183380692348
128.31 0.193252929811
128.38 0.248825518053
128.45 0.206332197646
128.52 0.192444844695
128.59 0.222393337624
128.66 0.238431009146
128.73 0.217290517936
128.8 0.175426681986
128.87 0.223472958325
128.94 0.242493211723
129.01 0.192323759635
129.08 0.191011764905
129.15 0.172547761679
129.22 0.19618689222
129.29 0.166141657616
129.36 0.162700648529
129.43 0.266665824258
129.5 0.194269184625
129.57 0.167882117272
129.64 0.16913208048
129.71 0.146169260064
129.78 0.106267606247
129.85 0.128545924021
129.92 0.0911103235736
129.99 0.215207664012
130.06 0.159053898741
130.13 0.0757163673151
130.2 0.153445422362
130.27 0.245431768483
130.34 0.200365497623
130.41 0.177453170012
130.48 0.175194083801
130.55 0.149381096149
130.62 0.137944642442
130.69 0.11085392802
130.76 0.138806679474
130.83 0.149498219277
130.9 0.114164530966
130.97 0.0962739794733
131.04 0.184931641709
131.11 0.209006570337
131.18 0.15945332748
131.25 0.0898331196475
131.32 0.115321735011
131.39 0.144506869329
131.46 0.151485369982
131.53 0.157794635588
131.6 0.259483700978
131.67 0.182729557708
131.74 0.195055227981
131.81 0.172361550306
131.88 0.151707563019
131.95 0.0962369760383
132.02 0.130475092462
132.09 0.0915406824167
132.16 0.231908532292
132.23 0.157815738453
132.3 0.118830193172
132.37 0.169840251815
132.44 0.23685594
132.51 0.191816379227
132.58 0.174430501035
132.65 0.173676435696
132.72 0.133487401901
132.79 0.124008987068
132.86 0.105195229713
132.93 0.123327938533
133.0 0.120242726314
133.07 0.131537579461
133.14 0.120530694769
133.21 0.202734528984
133.28 0.214212284014
133.35 0.127494289924
133.42 0.0908133026903
133.49 0.145678860954
133.56 0.158348452868
133.63 0.14479372257
133.7 0.0780278691726
133.77 0.252477951264
133.84 0.206216879998
133.91 0.185254387063
133.98 0.170026860327
134.05 0.163808958336
134.12 0.164636134481
134.19 0.172698218323
134.26 0.128354495891
134.33 0.227291531269
134.4 0.162452021288
134.47 0.132138644577
134.54 0.14873071852
134.61 0.253283356527
134.68 0.198939223702
134.75 0.175948099637
134.82 0.17623230751
134.89 0.146990682702
134.96 0.149458196697
135.03 0.132679856316
135.1 0.126087818989
135.17 0.112734984265
135.24 0.123908863039
135.31 0.111232476381
135.38 0.185238524316
135.45 0.215793310242
135.52 0.142013316045
135.59 0.0686584327851
135.66 0.124871264943
135.73 0.156604604183
135.8 0.232474607478
135.87 0.160733110028
135.94 0.256667149261
136.01 0.237986910636
136.08 0.186050991307
136.15 0.159653503232
136.22 0.18977318801
136.29 0.152391801458
136.36 0.156026870693
136.43 0.140150870814
136.5 0.233500738478
136.57 0.192638763008
136.64 0.148659023843
136.71 0.128294802704
136.78 0.25491465808
136.85 0.205506741323
136.92 0.204121186365
136.99 0.220877740846
137.06 0.244494825734
137.13 0.209347938386
137.2 0.194170807672
137.27 0.207143027135
137.34 0.246872894506
137.41 0.217675863823
137.48 0.183956678761
137.55 0.230754774566
137.62 0.256568241677
137.69 0.209470605326
137.76 0.199478218916
137.83 0.217074174631
137.9 0.229819603924
137.97 0.19886211926
138.04 0.190604370585
138.11 0.233806042542
138.18 0.242341223814
138.25 0.159938579359
138.32 0.203965523531
138.39 0.202471936252
138.46 0.172701373741
138.53 0.179866095778
138.6 0.193104631844
138.67 0.225827704926
138.74 0.212167033683
138.81 0.135666331709
138.88 0.113746282631
138.95 0.250565945448
139.02 0.208249076477
139.09 0.160465790565
139.16 0.16174169795
139.23 0.191290731547
139.3 0.165816916
139.37 0.151840813097
139.44 0.147563581555
139.51 0.111175658835
139.58 0.120806571627
139.65 0.0872769992038
139.72 0.166522564892
139.79 0.209549996931
139.86 0.148416392063
139.93 0.0884362490144
140.0 0.110456526691
140.07 0.163152841662
140.14 0.166050512594
140.21 0.130413711714
140.28 0.241335975417
140.35 0.221595127581
140.42 0.193935494593
140.49 0.171956526582
140.56 0.129957663998
140.63 0.147068363384
140.7 0.169160678923
140.77 0.12934436823
140.84 0.232611991359
140.91 0.207833580859
140.98 0.147359077325
141.05 0.101683488761
141.12 0.262454952161
141.19 0.197736579525
141.26 0.174643507596
141.33 0.161298273574
141.4 0.182262802818
141.47 0.150281551632
141.54 0.137157355385
141.61 0.114516069995
141.68 0.118519722967
141.75 0.159092263795
141.82 0.111767400645
141.89 0.178510291187
141.96 0.228708670442
142.03 0.161025864728
142.1 0.144756318659
142.17 0.132207799012
142.24 0.170792924931
142.31 0.18259988911
142.38 0.121784752846
142.45 0.235491679801
142.52 0.208397053507
142.59 0.164614916479
142.66 0.176541723685
142.73 0.163141285146
142.8 0.174110331521
142.87 0.200035360148
142.94 0.146035158418
143.01 0.215162092613
143.08 0.191593742885
143.15 0.0933156764609
143.22 0.128845667029
143.29 0.248951039498
143.36 0.200686876909
143.43 0.175342397342
143.5 0.165455981913
143.57 0.149808329054
143.64 0.135253495364
143.71 0.0999883496498
143.78 0.103795611925
143.85 0.146278094449
143.92 0.140131272515
143.99 0.0783177187528
144.06 0.179294978487
144.13 0.234862128042
144.2 0.148806666587
144.27 0.121810274854
144.34 0.123126782727
144.41 0.188559806069
144.48 0.229081827393
144.55 0.171724553585
144.62 0.228086842309
144.69 0.248731239862
144.76 0.17575853539
144.83 0.152902502481
144.9 0.171853719363
144.97 0.16768455407
145.04 0.164361314435
145.11 0.150828578617
145.18 0.23619048389
145.25 0.193638799653
145.32 0.145523278772
145.39 0.124503158996
145.46 0.254848162917
145.53 0.212456636859
145.6 0.214311631009
145.67 0.164531117968
145.74 0.257053048026
145.81 0.236426671898
145.88 0.178208406188
145.95 0.206842254013
146.02 0.248054888577
146.09 0.229138778431
146.16 0.174507707265
146.23 0.220498592327
146.3 0.241214808593
146.37 0.212740861974
146.44 0.204506064473
146.51 0.206752310975
146.58 0.209025546786
146.65 0.234200862469
146.72 0.209586062028
146.79 0.23747019691
146.86 0.24291510884
146.93 0.169257136928
147.0 0.191701368055
147.07 0.193877155794
147.14 0.154472904969
147.21 0.172937659087
147.28 0.164338121863
147.35 0.214508616301
147.42 0.208903496133
147.49 0.117816089804
147.56 0.0644587679009
147.63 0.265114795914
147.7 0.183918357092
147.77 0.152308113079
147.84 0.150098664767
147.91 0.175759589977
147.98 0.168015656582
148.05 0.157435605431
148.12 0.135869826963
148.19 0.120857981077
148.26 0.121720924187
148.33 0.0946220839939
148.4 0.156766937725
148.47 0.209550692202
148.54 0.166165217847
148.61 0.0903788695592
148.68 0.108439506587
148.75 0.168435450643
148.82 0.178878468886
148.89 0.125655119029
148.96 0.231456761883
149.03 0.223443258016
149.1 0.163606644487
149.17 0.175808756205
149.24 0.145103273349
149.31 0.142401452471
149.38 0.164286008242
149.45 0.120134581082
149.52 0.209475400471
149.59 0.194304641221
149.66 0.142814860051
149.73 0.0740339383145
149.8 0.27094386287
149.87 0.195718421402
149.94 0.159627389409
150.01 0.164387790911
150.08 0.183369019026
150.15 0.173827394604
150.22 0.129346109745
150.29 0.093468334055
150.36 0.119037081348
150.43 0.142481399736
150.5 0.107205818838
150.57 0.160799620208
150.64 0.227697740847
150.71 0.188047866908
150.78 0.154220407015
150.85 0.130219867934
150.92 0.166889211326
150.99 0.167004130722
151.06 0.112159134125
151.13 0.212739372426
151.2 0.240169952555
151.27 0.188020972713
151.34 0.180790173789
151.41 0.157191823951
151.48 0.179865675834
151.55 0.19998611605
151.62 0.151245539866
151.69 0.204288393478
151.76 0.197370914814
151.83 0.0993928645006
151.9 0.102420637879
151.97 0.258300917635
152.04 0.203736124149
152.11 0.151409617704
152.18 0.157185821816
152.25 0.149974478799
152.32 0.131873636196
152.39 0.103272404924
152.46 0.105019482447
152.53 0.154648687276
152.6 0.130875070744
152.67 0.0678508543832
152.74 0.17090149567
152.81 0.210704099511
152.88 0.171605226726
152.95 0.1319187921
153.02 0.128972008894
153.09 0.189315709149
153.16 0.217520593122
153.23 0.184355811593
153.3 0.216606371829
153.37 0.267867029501
153.44 0.181230595706
153.51 0.160436050209
153.58 0.182632689215
153.65 0.186783895935
153.72 0.184069762642
153.79 0.138929257976
153.86 0.226871185997
153.93 0.201219206978
154.0 0.134398605718
154.07 0.119620528297
154.14 0.237769120611
154.21 0.208084433523
154.28 0.201651033121
154.35 0.16427247215
154.42 0.266573713643
154.49 0.20994134384
154.56 0.187710079783
154.63 0.189811619254
154.7 0.263576464331
154.77 0.228299847201
154.84 0.210170584145
154.91 0.211146953765
154.98 0.283350874845
155.05 0.200058900912
155.12 0.196882020271
155.19 0.228880163206
155.26 0.270463382775
155.33 0.262250908478
155.4 0.226831082765
155.47 0.309544256941
155.54 0.265781084124
155.61 0.211884062836
155.68 0.221006693593
155.75 0.190491515308
155.82 0.135231381853
155.89 0.147327797361
155.96 0.106081869327
156.03 0.221247829705
156.1 0.175389411011
156.17 0.0871503792305
156.24 0.105167273144
156.31 0.249611980241
156.38 0.209498187561
156.45 0.169381503111
156.52 0.161183523824
156.59 0.135293900065
156.66 0.134707734328
156.73 0.0762755420754
156.8 0.0963090561734
156.87 0.106180963243
156.94 0.0996079296196
157.01 0.0598194659212
157.08 0.169989115455
157.15 0.216947339958
157.22 0.138231925638
157.29 0.0876701560425
157.36 0.110792187399
157.43 0.145377348064
157.5 0.162217796725
157.57 0.0964531836266
157.64 0.237365070822
157.71 0.205638375035
157.78 0.179444136365
157.85 0.155666571806
157.92 0.142941171324
157.99 0.113823729702
158.06 0.139439333811
158.13 0.107624768563
158.2 0.220888380161
158.27 0.180515605709
158.34 0.0836148766962
158.41 0.0978359797499
158.48 0.262141889986
158.55 0.187368738432
158.62 0.169814342681
158.69 0.165912187594
158.76 0.148604707048
158.83 0.141320534672
158.9 0.100127347672
158.97 0.0976654937387
159.04 0.105481022804
159.11 0.103537871072
159.18 0.0793808982415
159.25 0.180186300334
159.32 0.222525791199
159.39 0.139161739912
159.46 0.0750253068771
159.53 0.100603199487
159.6 0.152709003
159.67 0.162930105201
159.74 0.0852577564576
159.81 0.229765635877
159.88 0.242107092695
159.95 0.181373626856
160.02 0.179495697106
160.09 0.16037448424
160.16 0.155111831762
160.23 0.168240019977
160.3 0.120243769777
160.37 0.207919477419
160.44 0.179528410441
160.51 0.0759227699137
160.58 0.0969289403287
160.65 0.268734434026
160.72 0.207526326143
160.79 0.165955425663
160.86 0.167703471004
160.93 0.147729061059
161.0 0.13785391347
161.07 0.103080036232
161.14 0.0991544249268
161.21 0.0958312631616
161.28 0.0993020398594
161.35 0.0631033454312
161.42 0.165012151499
161.49 0.214757639568
161.56 0.136726873618
161.63 0.0736841730607
161.7 0.0928637914715
161.77 0.145210930779
161.84 0.234055638712
161.91 0.19559049265
161.98 0.229876460405
162.05 0.248349240176
162.12 0.172753100791
162.19 0.164865744113
162.26 0.174840210886
162.33 0.157144450966
162.4 0.176169422752
162.47 0.136629100717
162.54 0.228235953465
162.61 0.200289172998
162.68 0.124593996987
162.75 0.104852310376
162.82 0.264190738483
162.89 0.209138843142
162.96 0.18157228636
163.03 0.167908904673
163.1 0.271230060887
163.17 0.212169424859
163.24 0.175817636762
163.31 0.213664406017
163.38 0.266297075881
163.45 0.231069231178
163.52 0.197375784492
163.59 0.232456510964
163.66 0.268384810051
163.73 0.212360217789
163.8 0.19653608902
163.87 0.212672681475
163.94 0.216763753373
164.01 0.207868518505
164.08 0.180380445027
164.15 0.138583314488
164.22 0.0305124489282
164.29 0.0160834414906
164.36 0.0118703033669
164.43 0.0118965562436
164.5 0.00741407458454
164.57 0.00374905696848
164.64 0.00273009504665
164.71 0.00500353832589
164.78 0.00311951855818
164.85 0.00156828608263
164.92 0.00787323933945
164.99 0.0103556538264
165.06 0.00628340208072
165.13 0.00584482680306
165.2 0.155745334886
165.27 0.112148909191
165.34 0.129521027136
165.41 0.334476962537
165.48 0.785910036404
165.55 0.460900930592
165.62 0.298020330911
165.69 0.0741813140738
165.76 0.0245845466964
165.83 0.0892344718496
165.9 0.0070419638771
165.97 0.724056828277
166.04 0.510910342976
166.11 0.0932588349976
166.18 0.0818456361586
166.25 0.0492163128618
166.32 0.0849187345313
166.39 0.0232413938131
166.46 0.598799110576
166.53 0.592843411966
166.6 0.167179836272
166.67 0.0299032202181
166.74 0.235496908795
166.81 0.303213022996
166.88 0.24626961509
166.95 0.368937398259
167.02 0.732101712783
167.09 0.339197271931
167.16 0.0516640722611
167.23 0.121346179237
167.3 0.121004535861
167.37 0.123167712497
167.44 0.0757415283383
167.51 0.695190686518
167.58 0.50348756638
167.65 0.246209104821
167.72 0.0258858937689
167.79 0.0893421754458
167.86 0.0672259587146
167.93 0.0541048961931
168.0 0.636071512565
168.07 0.587918251818
168.14 0.149778273323
168.21 0.0269915381854
168.28 0.0878915598082
168.35 0.0142082744694
168.42 0.0889748821321
168.49 0.354997807652
168.56 0.725118808562
168.63 0.29340202111
168.7 0.0473093291273
168.77 0.261207328401
168.84 0.293426871764
168.91 0.30267187856
168.98 0.0477885905514
169.05 0.73023803442
169.12 0.462483654394
169.19 0.069577770716
169.26 0.104726933547
169.33 0.119160193818
169.4 0.126328123002
169.47 0.0902680172197
169.54 0.63535844819
169.61 0.707298568991
169.68 0.267523505556
169.75 0.131475342139
169.82 0.0683018722307
169.89 0.0433060627263
169.96 0.24307809983
170.03 0.459291980612
170.1 0.722140787108
170.17 0.285966021571
170.24 0.0462838655873
170.31 0.203886714842
170.38 0.351689561953
170.45 0.265789139256
170.52 0.00835574406371
170.59 0.709282062015
170.66 0.50843232149
170.73 0.0866790961802
170.8 0.0534765408559
170.87 0.398091999056
170.94 0.40883412622
171.01 0.257601266984
171.08 0.632300748123
171.15 0.568035258885
171.22 0.126048646309
171.29 0.0247339198303
171.36 0.141059350837
171.43 0.102353364013
171.5 0.116939150055
171.57 0.435578315351
171.64 0.718482176553
171.71 0.45432790698
171.78 0.135682552104
171.85 0.0824277092521
171.92 0.024478020055
171.99 0.0809693733253
172.06 0.0124818581756
172.13 0.751336422243
172.2 0.470069078239
172.27 0.0775215077537
172.34 0.0200566966579
172.41 0.0862390858632
172.48 0.0766911094452
172.55 0.0397990518414
172.62 0.633229053381
172.69 0.576870675418
172.76 0.141102634516
172.83 0.0264237804436
172.9 0.308570353586
172.97 0.278268269188
173.04 0.178912798031
173.11 0.449550641542
173.18 0.69055986017
173.25 0.252376546267
173.32 0.0420437298126
173.39 0.131146002834
173.46 0.1065459655
173.53 0.120953527443
173.6 0.0667834598836
173.67 0.741670877168
173.74 0.502173262793
173.81 0.298201065217
173.88 0.0513595240958
173.95 0.0525827405069
174.02 0.0807454198618
174.09 0.0178746870772
174.16 0.69673916572
174.23 0.505060328895
174.3 0.107724275192
174.37 0.0232156459812
174.44 0.0852576090601
174.51 0.0631386129136
174.58 0.0529498708492
174.65 0.47896892025
174.72 0.68297889774
174.79 0.248276233384
174.86 0.0406501352964
174.93 0.236658421852
175.0 0.299026759043
175.07 0.261585538025
175.14 0.130604322761
175.21 0.749146824753
175.28 0.439114441405
175.35 0.0701179962824
175.42 0.0876520272684
175.49 0.129578316354
175.56 0.117488158285
175.63 0.0820876421945
175.7 0.653755921212
175.77 0.564080517951
175.84 0.271872020175
175.91 0.0365801684893
175.98 0.0860758545877
176.05 0.00725394421773
176.12 0.0827561641716
176.19 0.480453728203
176.26 0.692559807755
176.33 0.277522034268
176.4 0.0416479048019
176.47 0.0794867602038
176.54 0.0343850739084
176.61 0.0864134053206
176.68 0.21935930625
176.75 0.759223068076
176.82 0.441235863402
176.89 0.0691077558399
176.96 0.203893617492
177.03 0.295590796511
177.1 0.293906993099
177.17 0.151709936397
177.24 0.662032475578
177.31 0.584387271883
177.38 0.133050656577
177.45 0.037910327592
177.52 0.200863314996
177.59 0.138604796137
177.66 0.0992609493434
177.73 0.517612209204
177.8 0.774757459064
177.87 0.370264250097
177.94 0.175682584542
178.01 0.0677109680831
178.08 0.0129651621834
178.15 0.212311125538
178.22 0.306160587131
178.29 0.747194928736
178.36 0.455582724849
178.43 0.0688083615796
178.5 0.128579927222
178.57 0.351944348738
178.64 0.30364544151
178.71 0.0273865450012
178.78 0.653465052643
178.85 0.569767034884
178.92 0.128757189067
178.99 0.0255229233721
179.06 0.340140697387
179.13 0.413229794674
179.2 0.3282308331
179.27 0.505445287098
179.34 0.678473902094
179.41 0.300538201438
179.48 0.0419720729586
179.55 0.189598401331
179.62 0.250784892404
179.69 0.161376599468
179.76 0.195039801308
179.83 0.72095173242
179.9 0.590254149344
179.97 0.204388810634
180.04 0.0665355779734
180.11 0.0559809253503
180.18 0.0777710160417
180.25 0.0271335008429
180.32 0.682153108801
180.39 0.552724074361
180.46 0.109601863425
180.53 0.0250299734526
180.6 0.0859583270905
180.67 0.0106466759115
180.74 0.08653456102
180.81 0.519398798144
180.88 0.649983618831
180.95 0.2460317601
181.02 0.059747008115
181.09 0.351358319831
181.16 0.333244391115
181.23 0.300847968585
181.3 0.262825789689
181.37 0.748839789742
181.44 0.391081504257
181.51 0.166701457008
181.58 0.234563639302
181.65 0.206525964111
181.72 0.207157370853
181.79 0.230820988839
181.86 0.677437516681
181.93 0.649456788078
182.0 0.324334266324
182.07 0.215656334068
182.14 0.162828746926
182.21 0.154506650086
182.28 0.14273847146
182.35 0.556418469124
182.42 0.688432789235
182.49 0.287918051079
182.56 0.192444025388
182.63 0.212431696097
182.7 0.113137888247
182.77 0.0978717355907
182.84 0.221934638978
182.91 0.741044688851
182.98 0.340569179554
183.05 0.0490177529201
183.12 0.189539175922
183.19 0.356088043751
183.26 0.340282287935
183.33 0.285908181699
183.4 0.685195858872
183.47 0.55474989159
183.54 0.104429776947
183.61 0.0622939398572
183.68 0.13542392186
183.75 0.0998478554046
183.82 0.114704668094
183.89 0.529721040027
183.96 0.604010553842
184.03 0.293929987658
184.1 0.116623309576
184.17 0.168701073644
184.24 0.200660061141
184.31 0.18339452546
184.38 0.301459641312
184.45 0.776483041033
184.52 0.358829116848
184.59 0.200818413283
184.66 0.143238593795
184.73 0.167135530267
184.8 0.155341325145
184.87 0.147242550461
184.94 0.667705132145
185.01 0.544595775134
185.08 0.192770492389
185.15 0.216929412534
185.22 0.324577586144
185.29 0.339228205372
185.36 0.261440012799
185.43 0.566663893017
185.5 0.648323583119
185.57 0.216728688909
185.64 0.224140228814
185.71 0.272725930323
185.78 0.209331601186
185.85 0.20814330629
185.92 0.329015665572
185.99 0.835386167588
186.06 0.519531883581
186.13 0.302433770491
186.2 0.209112486252
186.27 0.166139485033
186.34 0.191111700933
186.41 0.256717778895
186.48 0.692261402448
186.55 0.567071781258
186.62 0.203767641618
186.69 0.206539712122
186.76 0.385321016051
186.83 0.32589398333
186.9 0.151028867837
186.97 0.556511678266
187.04 0.634206039846
187.11 0.211252742863
187.18 0.0303538114473
187.25 0.326336434327
187.32 0.461372183051
187.39 0.416724341296
187.46 0.386262865188
187.53 0.748057316186
187.6 0.314061393687
187.67 0.0521795350556
187.74 0.106896778666
187.81 0.120068750599
187.88 0.117775980455
187.95 0.0756645112229
188.02 0.689017117231
188.09 0.607568446328
188.16 0.237797709042
188.23 0.0287059107169
188.3 0.164123256982
188.37 0.0997526016091
188.44 0.0791479735573
188.51 0.601202757534
188.58 0.645205336629
188.65 0.215743381441
188.72 0.0392853238871
188.79 0.173139847787
188.86 0.207198137095
188.93 0.240837068972
189.0 0.329010623467
189.07 0.736123106846
189.14 0.384831611457
189.21 0.247709072463
189.28 0.300425742744
189.35 0.385273184187
189.42 0.338528980228
189.49 0.144271797648
189.56 0.731319518447
189.63 0.48557407595
189.7 0.198936762998
189.77 0.118541135089
189.84 0.207266902178
189.91 0.188016262669
189.98 0.123799541964
190.05 0.602103843766
190.12 0.657402871794
190.19 0.387743265679
190.26 0.273056044438
190.33 0.188443293111
190.4 0.159388292387
190.47 0.131363669936
190.54 0.391461113879
190.61 0.758923797296
190.68 0.405681189044
190.75 0.343958326987
190.82 0.298010624928
190.89 0.19596878682
190.96 0.119278975028
191.03 0.0467488283461
191.1 0.703413528696
191.17 0.475772815088
191.24 0.0762552968964
191.31 0.0782724438177
191.38 0.406449224881
191.45 0.333592898207
191.52 0.259838761416
191.59 0.662959599988
191.66 0.596848066128
191.73 0.170207849936
191.8 0.0266240307282
191.87 0.137254703893
191.94 0.106205589186
192.01 0.118308868409
192.08 0.336469979661
192.15 0.698292507926
192.22 0.390051517006
192.29 0.18081821379
192.36 0.224772993282
192.43 0.208533990189
192.5 0.159155589077
192.57 0.0472397108078
192.64 0.753502663077
192.71 0.545912961592
192.78 0.259820718299
192.85 0.198944376494
192.92 0.263938885185
192.99 0.235189030004
193.06 0.199702043894
193.13 0.633327386949
193.2 0.624981228726
193.27 0.280628643035
193.34 0.220686478469
193.41 0.41843400879
193.48 0.299914046094
193.55 0.343775789983
193.62 0.465052632902
193.69 0.741052196665
193.76 0.364331067699
193.83 0.132545397023
193.9 0.195884041072
193.97 0.241917871634
194.04 0.148041069204
194.11 0.085730989604
194.18 0.767593989627
194.25 0.625593902087
194.32 0.248519054277
194.39 0.0546243515118
194.46 0.18040235385
194.53 0.31903084816
194.6 0.339269593464
194.67 0.6642493822
194.74 0.657201457904
194.81 0.376623001755
194.88 0.393227919856
194.95 0.406978096394
195.02 0.332836142446
195.09 0.185493773874
195.16 0.412778300148
195.23 0.706781862496
195.3 0.327914053727
195.37 0.0518712975043
195.44 0.228481601608
195.51 0.457121560921
195.58 0.447095167416
195.65 0.238622475099
195.72 0.745018178742
195.79 0.512509593092
195.86 0.0912021716537
195.93 0.0855065561255
196.0 0.132238784181
196.07 0.115402384222
196.14 0.095477277891
196.21 0.634006285151
196.28 0.684201412206
196.35 0.304611852625
196.42 0.0393688264903
196.49 0.0857981650193
196.56 0.018760720971
196.63 0.0836832880252
196.7 0.477621555693
196.77 0.710527395831
196.84 0.291390492534
196.91 0.113699163281
196.98 0.201702070462
197.05 0.235270771069
197.12 0.228616936943
197.19 0.143044338972
197.26 0.2636410589
197.33 0.294948099124
197.4 0.297436467356
197.47 0.240624601385
197.54 0.211082891495
197.61 0.0825365008083
197.68 0.145422878859
197.75 0.144987776599
197.82 0.0717747942567
197.89 0.0669722320783
197.96 0.0682219905988
198.03 0.186726535522
198.1 0.169058103646
198.17 0.0594659706776
198.24 0.463253134726
198.31 0.749029782276
198.38 0.523688035069
198.45 0.470736232479
198.52 0.184226273706
198.59 0.143643710408
198.66 0.135452909099
198.73 0.193746097211
198.8 0.764003411062
198.87 0.543336402962
198.94 0.345864807345
199.01 0.385160076945
199.08 0.369119073684
199.15 0.402995516252
199.22 0.423323606661
199.29 0.678042757873
199.36 0.562601226
199.43 0.216489664196
199.5 0.167859813534
199.57 0.355808892445
199.64 0.363039734754
199.71 0.343734648851
199.78 0.517956296597
199.85 0.693966671935
199.92 0.346883551786
199.99 0.199893534876
200.06 0.310592525926
200.13 0.276010922267
200.2 0.279129824537
200.27 0.228884686361
200.34 0.734141715209
200.41 0.550126258238
200.48 0.310435297342
200.55 0.220480361766
200.62 0.270684351579
200.69 0.314430271663
200.76 0.274211985871
200.83 0.683046474188
200.9 0.583098375167
200.97 0.288294879618
201.04 0.233389432822
201.11 0.193585301053
201.18 0.240505309569
201.25 0.278551430261
201.32 0.558287743028
201.39 0.690897911498
201.46 0.350902575809
201.53 0.0946300873974
201.6 0.294366571123
201.67 0.338817172282
201.74 0.335363901951
201.81 0.217883382748
201.88 0.767333186801
201.95 0.472010101329
202.02 0.345316577263
202.09 0.191562242103
202.16 0.260040941216
202.23 0.24125551977
202.3 0.221436164714
202.37 0.70248146953
202.44 0.710533290616
202.51 0.347935378334
202.58 0.28745524088
202.65 0.21653135487
202.72 0.22633405967
202.79 0.364809347957
202.86 0.568894618846
202.93 0.695975231426
203.0 0.376952355521
203.07 0.34339852982
203.14 0.429857747937
203.21 0.450631559897
203.28 0.336709838144
203.35 0.299362939814
203.42 0.750690251282
203.49 0.454525610348
203.56 0.194426719128
203.63 0.243286679461
203.7 0.453121109533
203.77 0.450492690917
203.84 0.290161886938
203.91 0.678987581101
203.98 0.546490267352
204.05 0.301079316951
204.12 0.218924433152
204.19 0.287415830138
204.26 0.275647825053
204.33 0.23378409089
204.4 0.581213261877
204.47 0.730711219732
204.54 0.524852433778
204.61 0.274629949422
204.68 0.290270748578
204.75 0.37252218772
204.82 0.296050240487
204.89 0.325707353683
204.96 0.766824080452
205.03 0.430892760051
205.1 0.124569989001
205.17 0.26049466339
205.24 0.24045426444
205.31 0.25414270147
205.38 0.285418619139
205.45 0.726131527506
205.52 0.543324211246
205.59 0.117678453401
205.66 0.139004846727
205.73 0.410772064532
205.8 0.365549899453
205.87 0.313865163182
205.94 0.581151456735
206.01 0.653408018729
206.08 0.208109965543
206.15 0.0682518321863
206.22 0.310374711427
206.29 0.235763692621
206.36 0.195013877156
206.43 0.292878820227
206.5 0.790926155241
206.57 0.473516741347
206.64 0.338269227539
206.71 0.13752568215
206.78 0.2241714526
206.85 0.17142653318
206.92 0.0759664629682
206.99 0.686709932728
207.06 0.569841899997
207.13 0.355778599209
207.2 0.34666805838
207.27 0.250583779428
207.34 0.25768398421
207.41 0.22453778199
207.48 0.600301499986
207.55 0.64544372503
207.62 0.244781310202
207.69 0.193551003612
207.76 0.328271524252
207.83 0.346312075735
207.9 0.318725564676
207.97 0.342533013652
208.04 0.76157292275
208.11 0.405088847076
208.18 0.262340714686
208.25 0.239860994703
208.32 0.258925439526
208.39 0.276360768172
208.46 0.21735058212
208.53 0.685571611131
208.6 0.636478192146
208.67 0.40304821835
208.74 0.207246359979
208.81 0.293626560825
208.88 0.220393047409
208.95 0.213168126027
209.02 0.562676421505
209.09 0.670449589822
209.16 0.228553918692
209.23 0.0473457974818
209.3 0.203448532253
209.37 0.195678161317
209.44 0.201527335511
209.51 0.276658628943
209.58 0.760834662867
209.65 0.452136987363
209.72 0.278329891335
209.79 0.312975335333
209.86 0.381243016361
209.93 0.345968680276
210.0 0.231996551376
210.07 0.694009797093
210.14 0.600376871812
210.21 0.183073156186
210.28 0.179894768754
210.35 0.199659830932
210.42 0.228796995445
210.49 0.137139778934
210.56 0.590864783058
210.63 0.758002634974
210.7 0.392244902889
210.77 0.261157735555
210.84 0.185927198028
210.91 0.211200260471
210.98 0.302691278289
211.05 0.410395659275
211.12 0.759318847496
211.19 0.446401477741
211.26 0.254748294191
211.33 0.310625154159
211.4 0.438799171604
211.47 0.35665194691
211.54 0.255155518865
211.61 0.696699793914
211.68 0.555802267124
211.75 0.204780098584
211.82 0.183818703065
211.89 0.413398641514
211.96 0.467359944222
212.03 0.31856385521
212.1 0.608251678014
212.17 0.660433420138
212.24 0.275456955921
212.31 0.264178360991
212.38 0.287598921135
212.45 0.246072485182
212.52 0.229938271666
212.59 0.352935754567
212.66 0.779365056686
212.73 0.625574580784
212.8 0.245481279565
212.87 0.174862271001
212.94 0.134811618384
213.01 0.0935917329769
213.08 0.0389398715384
213.15 0.718241912588
213.22 0.499453198004
213.29 0.217616441513
213.36 0.151724493146
213.43 0.245118030504
213.5 0.181160570236
213.57 0.100541567884
213.64 0.600743839739
213.71 0.614377924376
213.78 0.29120141442
213.85 0.246824186044
213.92 0.339686201516
213.99 0.27511802132
214.06 0.235745732937
214.13 0.367566532986
214.2 0.714785554698
214.27 0.264496205519
214.34 0.0438127150467
214.41 0.287026052873
214.48 0.281802762189
214.55 0.120790010828
214.62 0.0764462917334
214.69 0.705271593163
214.76 0.605552991418
214.83 0.336785731145
214.9 0.164757409211
214.97 0.0929239418686
215.04 0.116986623159
215.11 0.229418521552
215.18 0.641481754946
215.25 0.609786524343
215.32 0.22993483369
215.39 0.0517324969393
215.46 0.382577283125
215.53 0.370694032143
215.6 0.27002892517
215.67 0.377629227424
215.74 0.725349439964
215.81 0.370096709254
215.88 0.157332163568
215.95 0.244878439561
216.02 0.387925844956
216.09 0.33075608518
216.16 0.138894694664
216.23 0.747304494547
216.3 0.53653280357
216.37 0.229346983729
216.44 0.190313160498
216.51 0.289918059849
216.58 0.269517618428
216.65 0.212164181403
216.72 0.600866400442
216.79 0.591643557217
216.86 0.32442710892
216.93 0.102450265323
217.0 0.153164812655
217.07 0.115496662414
217.14 0.165929255663
217.21 0.451436168101
217.28 0.721719128608
217.35 0.345272529342
217.42 0.121169740037
217.49 0.27399950271
217.56 0.357189314635
217.63 0.277568758704
217.7 0.203121690362
217.77 0.697682288594
217.84 0.529059164284
217.91 0.253676830966
217.98 0.244405434464
218.05 0.378457455375
218.12 0.351901895491
218.19 0.196944609679
218.26 0.63381386473
218.33 0.630833383129
218.4 0.331674169954
218.47 0.19476456855
218.54 0.271369195182
218.61 0.258891417969
218.68 0.281970399258
218.75 0.450444065888
218.82 0.776231169936
218.89 0.393207896607
218.96 0.244686082549
219.03 0.202148804328
219.1 0.124998280386
219.17 0.262908894041
219.24 0.355619009485
219.31 0.731422044221
219.38 0.502424878031
219.45 0.0907136892675
219.52 0.177096633931
219.59 0.448067330368
219.66 0.313667093823
219.73 0.292969923533
219.8 0.631390909819
219.87 0.592403293187
219.94 0.227075980573
220.01 0.100658461851
220.08 0.404632318789
220.15 0.543680172755
220.22 0.345638189603
220.29 0.462038321639
220.36 0.714594188865
220.43 0.408302364605
220.5 0.244566717868
220.57 0.226955153041
220.64 0.253148341017
220.71 0.263880596446
220.78 0.20286931867
220.85 0.742570012748
220.92 0.621896176142
220.99 0.23236313885
221.06 0.123441119196
221.13 0.18525964498
221.2 0.196839950257
221.27 0.185140685225
221.34 0.657984025461
221.41 0.584993113789
221.48 0.186140375347
221.55 0.0741790630644
221.62 0.390969937179
221.69 0.364436909081
221.76 0.23165205572
221.83 0.485860238369
221.9 0.680428419004
221.97 0.34110868482
222.04 0.13282234293
222.11 0.401529502309
222.18 0.38790179581
222.25 0.31297364499
222.32 0.216199168848
222.39 0.754013971489
222.46 0.48978601932
222.53 0.255537634244
222.6 0.206210927922
222.67 0.337259471561
222.74 0.248679309237
222.81 0.209518452208
222.88 0.647519734707
222.95 0.665209177673
223.02 0.367016567508
223.09 0.178807973969
223.16 0.165186349145
223.23 0.223481470667
223.3 0.287492702081
223.37 0.524338585681
223.44 0.672530135447
223.51 0.282109044082
223.58 0.0420747845089
223.65 0.293297860614
223.72 0.284164395867
223.79 0.330149814431
223.86 0.233626803903
223.93 0.724641509471
224.0 0.474783097933
224.07 0.203021308804
224.14 0.187460590962
224.21 0.352832582469
224.28 0.280692314284
224.35 0.16208962602
224.42 0.664163210869
224.49 0.579517722846
224.56 0.248352199806
224.63 0.189510465124
224.7 0.279058572609
224.77 0.223752631362
224.84 0.189243529451
224.91 0.511745115374
224.98 0.621215060304
225.05 0.344200757416
225.12 0.185804866486
225.19 0.148817673005
225.26 0.148830064959
225.33 0.160288644414
225.4 0.252886233863
225.47 0.744731888393
225.54 0.427030914553
225.61 0.0684162192803
225.68 0.265765480574
225.75 0.308350976118
225.82 0.274721151178
225.89 0.198820301213
225.96 0.682510818499
226.03 0.547735366444
226.1 0.214080038464
226.17 0.17317584892
226.24 0.357819674021
226.31 0.316481441253
226.38 0.235520390044
226.45 0.515288615749
226.52 0.664982430888
226.59 0.352817569066
226.66 0.255144167593
226.73 0.307556660705
226.8 0.298900099023
226.87 0.382874626057
226.94 0.339215234953
227.01 0.810439359671
227.08 0.515636819146
227.15 0.229932762338
227.22 0.152702366777
227.29 0.166071159362
227.36 0.235155076862
227.43 0.342815933327
227.5 0.679353520027
227.57 0.566045158562
227.64 0.197256024341
227.71 0.109577864338
227.78 0.451814194174
227.85 0.472683976336
227.92 0.346095125598
227.99 0.60175274693
228.06 0.662592701588
228.13 0.284560257031
228.2 0.125212288137
228.27 0.368481016813
228.34 0.489030126808
228.41 0.397952823045
228.48 0.253782665673
228.55 0.769237994615
228.62 0.502419464929
228.69 0.258653852212
228.76 0.200457928619
228.83 0.261976030029
228.9 0.245761885934
228.97 0.232718267146
229.04 0.662528361766
229.11 0.645149096436
229.18 0.297976704603
229.25 0.168669422127
229.32 0.137229649107
229.39 0.134076620156
229.46 0.190311174248
229.53 0.561306475102
229.6 0.651236438769
229.67 0.241768668146
229.74 0.0946968373068
229.81 0.332996456364
229.88 0.311044349175
229.95 0.302429137205
230.02 0.25011109638
230.09 0.74113778675
230.16 0.409666162031
230.23 0.150716087107
230.3 0.266742357465
230.37 0.430870011896
230.44 0.369419096469
230.51 0.190095744251
230.58 0.67793842495
230.65 0.612211645718
230.72 0.24913299025
230.79 0.172089240467
230.86 0.286799815583
230.93 0.246736862788
231.0 0.231279017243
231.07 0.571978640761
231.14 0.707211051059
231.21 0.41375756599
231.28 0.310674468897
231.35 0.251494843634
231.42 0.122211488493
231.49 0.19938273596
231.56 0.312258319594
231.63 0.754332257096
231.7 0.35011293818
231.77 0.10589809919
231.84 0.332774880728
231.91 0.497270895297
231.98 0.416378036267
232.05 0.256942591713
232.12 0.678732294833
232.19 0.559564254464
232.26 0.32420233448
232.33 0.204755061597
232.4 0.432701535366
232.47 0.449811938845
232.54 0.265196724423
232.61 0.596836222047
232.68 0.649313830905
232.75 0.402320675652
232.82 0.285572598861
232.89 0.38683971485
232.96 0.368225018031
233.03 0.393469419178
233.1 0.427304093759
233.17 0.710298147183
233.24 0.46334913274
233.31 0.351142967148
233.38 0.288688347382
233.45 0.220665386171
233.52 0.196813725192
233.59 0.225179029877
233.66 0.730136434747
233.73 0.560866180002
233.8 0.205065012297
233.87 0.122192018124
233.94 0.457463281611
234.01 0.418502932395
234.08 0.344383418457
234.15 0.586599430639
234.22 0.661842355114
234.29 0.298831437396
234.36 0.221365840555
234.43 0.430184042511
234.5 0.474716523788
234.57 0.376326011464
234.64 0.384948289612
234.71 0.740535647023
234.78 0.497633781705
234.85 0.322517604967
234.92 0.288397778613
234.99 0.330235803879
235.06 0.314609994766
235.13 0.170817727195
235.2 0.751452974136
235.27 0.622823546399
235.34 0.352991365123
235.41 0.254648075048
235.48 0.304257874029
235.55 0.178736443376
235.62 0.351269198882
235.69 0.636504031198
235.76 0.639488329558
235.83 0.344915895923
235.9 0.272615464555
235.97 0.514984634925
236.04 0.548566663043
236.11 0.407971815529
236.18 0.444358631378
236.25 0.706601991438
236.32 0.445428994407
236.39 0.26902858928
236.46 0.314054162313
236.53 0.519142146363
236.6 0.425170559585
236.67 0.194831321796
236.74 0.716346269002
236.81 0.581101761545
236.88 0.305633343108
236.95 0.241050175652
237.02 0.41369449323
237.09 0.335649671125
237.16 0.324105560544
237.23 0.623377451006
237.3 0.721060072884
237.37 0.401776815209
237.44 0.236198174699
237.51 0.229663227465
237.58 0.120062192247
237.65 0.179137092455
237.72 0.393218250027
237.79 0.731252489317
237.86 0.350211371311
237.93 0.106656847319
238.0 0.362861290393
238.07 0.475428094721
238.14 0.360786131728
238.21 0.265647167143
238.28 0.725166696047
238.35 0.53048163702
238.42 0.287698476155
238.49 0.317142824744
238.56 0.494940218422
238.63 0.490369109178
238.7 0.303547223079
238.77 0.655660760175
238.84 0.629731981534
238.91 0.432263307724
238.98 0.330411339227
239.05 0.432575824251
239.12 0.371957609314
239.19 0.315209194331
239.26 0.453747598206
239.33 0.777784395892
239.4 0.457938461516
239.47 0.322607852811
239.54 0.260907113721
239.61 0.172841012525
239.68 0.159498975081
239.75 0.183839051145
239.82 0.734624877381
239.89 0.504152282166
239.96 0.140105743833
240.03 0.176609033705
240.1 0.425646969285
240.17 0.33916414644
240.24 0.307495994695
240.31 0.640368553212
240.38 0.581985652335
240.45 0.300588527934
240.52 0.209866011506
240.59 0.538887966777
240.66 0.449283757041
240.73 0.287327583006
240.8 0.45793858889
240.87 0.709154529846
240.94 0.411698409682
241.01 0.282712686707
241.08 0.383770424893
241.15 0.374084213583
241.22 0.384184769699
241.29 0.269024032752
241.36 0.715922838951
241.43 0.488493561705
241.5 0.364927516772
241.57 0.204553850727
241.64 0.245957354423
241.71 0.132272695051
241.78 0.200525081229
241.85 0.668763307908
241.92 0.579441419357
241.99 0.220227654118
242.06 0.111746806162
242.13 0.448890266472
242.2 0.413793910864
242.27 0.313998040038
242.34 0.513076165536
242.41 0.68894670964
242.48 0.342631414522
242.55 0.230012298003
242.62 0.360386208512
242.69 0.41449055405
242.76 0.366414689759
242.83 0.177075745766
242.9 0.763531937785
242.97 0.522359321573
243.04 0.310468806623
243.11 0.262867064869
243.18 0.384077833682
243.25 0.28222963244
243.32 0.238272037379
243.39 0.667757516087
243.46 0.701258988438
243.53 0.402056941007
243.6 0.244564758872
243.67 0.343805562043
243.74 0.227362382721
243.81 0.344981636856
243.88 0.560684319357
243.95 0.688373809674
244.02 0.405270666561
244.09 0.298909736591
244.16 0.497111682132
244.23 0.566560735381
244.3 0.49385794401
244.37 0.406151661131
244.44 0.749126221926
244.51 0.551580105495
244.58 0.327443831382
244.65 0.248413099427
244.72 0.508419152501
244.79 0.443849255821
244.86 0.273312851959
244.93 0.667359734306
245.0 0.589388176522
245.07 0.293866231863
245.14 0.253429253306
245.21 0.291827169444
245.28 0.263785045074
245.35 0.260756643171
245.42 0.132524949381
245.49 0.279435308259
245.56 0.189484821861
245.63 0.170899734687
245.7 0.207238500636
245.77 0.126588850739
245.84 0.222518885211
245.91 0.117583659041
245.98 0.738590200897
246.05 0.453187247604
246.12 0.102265615251
246.19 0.0544695880809
246.26 0.102408547394
246.33 0.0850322344628
246.4 0.0389882902108
246.47 0.631424604877
246.54 0.544173801259
246.61 0.133277065737
246.68 0.0332546455838
246.75 0.125955279757
246.82 0.153984828621
246.89 0.0633241067664
246.96 0.467244280051
247.03 0.675759991287
247.1 0.245059816853
247.17 0.0389506137535
247.24 0.128518549255
247.31 0.0988276236399
247.38 0.11553708102
247.45 0.154935108892
247.52 0.746579531582
247.59 0.364116257883
247.66 0.0578028969091
247.73 0.0735564968317
247.8 0.0692073592509
247.87 0.0795596056932
247.94 0.0159610098298
248.01 0.658169660037
248.08 0.523600816937
248.15 0.103844337629
248.22 0.0267131516773
248.29 0.192326892248
248.36 0.186598109512
248.43 0.196621505565
248.5 0.501362745898
248.57 0.678014556012
248.64 0.348814324913
248.71 0.217877977433
248.78 0.103799876996
248.85 0.0150502871409
248.92 0.0865222786407
248.99 0.207766339254
249.06 0.740640225237
249.13 0.430457126048
249.2 0.0955816703286
249.27 0.0936505684775
249.34 0.128429651349
249.41 0.117527185793
249.48 0.0831465872047
249.55 0.651482909557
249.62 0.563996274467
249.69 0.128641240669
249.76 0.02789098191
249.83 0.109850639731
249.9 0.0248784371916
249.97 0.0798584120324
250.04 0.52122036867
250.11 0.676841070389
250.18 0.264620598956
250.25 0.0409482702819
250.32 0.117439218993
250.39 0.179094074091
250.46 0.163325353415
250.53 0.279859944743
250.6 0.738442978097
250.67 0.477180536399
250.74 0.202724435318
250.81 0.129314829781
250.88 0.0517521291675
250.95 0.0744272403257
251.02 0.0233316155152
251.09 0.665624407975
251.16 0.567498157589
251.23 0.124990495576
251.3 0.0589713882618
251.37 0.135594260474
251.44 0.120305341308
251.51 0.0933603606937
251.58 0.507799362346
251.65 0.655153971025
251.72 0.257994124022
251.79 0.0375803825677
251.86 0.0884260007198
251.93 0.0649262330791
252.0 0.0798534689337
252.07 0.268832113483
252.14 0.731905612988
252.21 0.443987950148
252.28 0.0664618264069
252.35 0.100609173811
252.42 0.172324545759
252.49 0.127755345829
252.56 0.143619986649
252.63 0.666425826832
252.7 0.583516706934
252.77 0.207804741018
252.84 0.231529854333
252.91 0.107962302053
252.98 0.0662686428568
253.05 0.0621961975477
253.12 0.0485974643822
253.19 0.311758816885
253.26 0.196424226034
253.33 0.180250021643
253.4 0.212558328864
253.47 0.129504233282
253.54 0.183139241416
253.61 0.115519232579
253.68 0.188264166828
253.75 0.17485436271
253.82 0.117882945951
253.89 0.0985427171585
253.96 0.211778554627
254.03 0.177640855359
254.1 0.101168468715
254.17 0.119288110889
254.24 0.117897009893
254.31 0.0606284582262
254.38 0.0845792876554
254.45 0.341984772445
254.52 0.167440394363
254.59 0.197687669713
254.66 0.138951930485
254.73 0.00959564475393
254.8 1.91505444024e-06
254.87 4.38465702947e-06
254.94 6.55223389663e-07
255.01 4.444172227e-07
255.08 0.0
255.15 0.193475706876
255.22 0.769293853244
255.29 0.518691043971
255.36 0.333222297072
255.43 0.0719925453466
255.5 0.0351083754532
255.57 0.0801678432249
255.64 0.00908328509297
255.71 0.664525007092
255.78 0.54253763281
255.85 0.105676996338
255.92 0.0616801129028
255.99 0.0605202417981
256.06 0.0738683536857
256.13 0.0308394276483
256.2 0.514442969314
256.27 0.621937696613
256.34 0.186559287805
256.41 0.0318595398265
256.48 0.245839627244
256.55 0.286957154854
256.62 0.24212526263
256.69 0.263129298285
256.76 0.730137601134
256.83 0.351793535003
256.9 0.0535250807836
256.97 0.208575174706
257.04 0.302013568167
257.11 0.216115430409
257.18 0.267768662004
257.25 0.659717405033
257.32 0.521327313587
257.39 0.320729973121
257.46 0.127684002682
257.53 0.0854445746626
257.6 0.0407297054468
257.67 0.0684205238421
257.74 0.550065492665
257.81 0.625618125328
257.88 0.1778512566
257.95 0.0315978665208
258.02 0.0834345389731
258.09 0.146185350303
258.16 0.169443430064
258.23 0.301881868822
258.3 0.757613351073
258.37 0.35676455467
258.44 0.223775756632
258.51 0.253011921617
258.58 0.287447829291
258.65 0.286248783281
258.72 0.0964291745285
258.79 0.671343503083
258.86 0.508606524698
258.93 0.179131586465
259.0 0.136233655046
259.07 0.124294047066
259.14 0.168278435647
259.21 0.16834347074
259.28 0.567032803253
259.35 0.752506880934
259.42 0.35760486198
259.49 0.194112605703
259.56 0.0699258294966
259.63 0.0109748388172
259.7 0.216771231708
259.77 0.352948326179
259.84 0.717692852074
259.91 0.305824597142
259.98 0.0457503752501
260.05 0.169198422126
260.12 0.333386795409
260.19 0.261043051438
260.26 0.00943050621107
260.33 0.717267390164
260.4 0.503237956304
260.47 0.0948457393251
260.54 0.0232225608685
260.61 0.36691992317
260.68 0.382788514797
260.75 0.252556187051
260.82 0.569724403648
260.89 0.580193846082
260.96 0.161383826949
261.03 0.0279237558725
261.1 0.274810519088
261.17 0.284902112326
261.24 0.221057006183
261.31 0.43171645261
261.38 0.698175632315
261.45 0.34789515941
261.52 0.267469364526
261.59 0.172469707219
261.66 0.137297238904
261.73 0.0693730818214
261.8 0.00317537663026
261.87 0.00180774408936
261.94 0.00169370407142
262.01 0.00139671822978
262.08 0.00154555962042
262.15 0.0752709082984
262.22 0.10622172281
262.29 0.119826607734
262.36 0.192954012784
262.43 0.293796631343
262.5 0.315980014034
262.57 0.309033353455
262.64 0.190479781915
262.71 0.13793682259
262.78 0.181672844796
262.85 0.392976725119
262.92 0.729208530521
262.99 0.32130252712
263.06 0.17944687017
263.13 0.163705286199
263.2 0.113667684192
263.27 0.160177471137
263.34 0.171738999648
263.41 0.710518999738
263.48 0.566488274238
263.55 0.364925701836
263.62 0.0927765104876
263.69 0.0649529915569
263.76 0.0885388821382
263.83 0.109979361648
263.9 0.61085488666
263.97 0.545116992547
264.04 0.170161471467
264.11 0.0228445720619
264.18 0.156745864339
264.25 0.167185275516
264.32 0.0726823481785
264.39 0.290082797359
264.46 0.694098665519
264.53 0.312355125791
264.6 0.0556807529426
264.67 0.358145124813
264.74 0.610036404184
264.81 0.5694409272
264.88 0.21972559448
264.95 0.951504768266
265.02 0.832836957026
265.09 0.396980868673
265.16 0.425295180515
265.23 0.446824028412
265.3 0.340260960914
265.37 0.347677636369
265.44 0.813494173529
265.51 0.885077796628
265.58 0.53639682358
265.65 0.363404071775
265.72 0.250785117116
265.79 0.160991660176
265.86 0.174564234465
265.93 0.525190097979
266.0 1.0
266.07 0.624032464701
266.14 0.332972103524
266.21 0.337229735655
266.28 0.247208160856
266.35 0.154896657625
266.42 0.0601318967909
266.49 0.942687112848
266.56 0.803726361321
266.63 0.139319365634
266.7 0.238969893118
266.77 0.524713943582
266.84 0.440291881173
266.91 0.350446327855
266.98 0.768032153861
267.05 0.857212155399
267.12 0.306761785739
267.19 0.143009953649
267.26 0.202704464354
267.33 0.206133651053
267.4 0.188918785054
267.47 0.380421018595
267.54 0.777738147578
267.61 0.423615753972
267.68 0.237297867596
267.75 0.0680878895096
267.82 0.0186235351034
267.89 0.202169697499
267.96 0.251393960368
268.03 0.696993142098
268.1 0.49409365256
268.17 0.0884137227902
268.24 0.0923001892255
268.31 0.318707428671
268.38 0.272184503885
268.45 0.0544622037466
268.52 0.593962362201
268.59 0.55368293817
268.66 0.169150979058
268.73 0.0478995062996
268.8 0.517229536496
268.87 0.636489558437
268.94 0.486010120998
269.01 0.445974316588
269.08 0.872209413943
269.15 0.582253308309
269.22 0.376929909948
269.29 0.481844720181
269.36 0.399025875938
269.43 0.33935166659
269.5 0.325375599842
269.57 0.783904560579
269.64 0.713167885463
269.71 0.442258572556
269.78 0.281096975355
269.85 0.24915913689
269.92 0.184472847951
269.99 0.122538812623
270.06 0.589029310449
270.13 0.733817442483
270.2 0.408914651395
270.27 0.331158259962
270.34 0.318127285094
270.41 0.208825812114
270.48 0.101136253194
270.55 0.328418888887
270.62 0.771344453824
270.69 0.366645762797
270.76 0.0609193034343
270.83 0.400701729344
270.9 0.611985791662
270.97 0.530869836855
271.04 0.388979774003
271.11 0.807389477232
271.18 0.678485829607
271.25 0.24957011269
271.32 0.262590655711
271.39 0.299216636997
271.46 0.275221015985
271.53 0.233383942406
271.6 0.616372046146
271.67 0.643090277195
271.74 0.363526463388
271.81 0.199782575187
271.88 0.0870715855587
271.95 0.0643764967617
272.02 0.107807563652
272.09 0.461285046683
272.16 0.656497256844
272.23 0.278582705776
272.3 0.0347154906045
272.37 0.129106721822
272.44 0.163331334971
272.51 0.0912464465109
272.58 0.11008765094
272.65 0.679716838615
272.72 0.393341286295
272.79 0.0656873417922
272.86 0.192283138566
272.93 0.503275068758
273.0 0.550058588346
273.07 0.29559737155
273.14 0.646305439457
273.21 0.39393988014
273.28 0.332210874112
273.35 0.335175479617
273.42 0.404481535646
273.49 0.29033103358
273.56 0.214414526111
273.63 0.537269900403
273.7 0.618143470391
273.77 0.387528552645
273.84 0.353186546048
273.91 0.219807039637
273.98 0.188008762085
274.05 0.181092129984
274.12 0.27163243535
274.19 0.737448265003
274.26 0.394244013924
274.33 0.307306374826
274.4 0.298568671124
274.47 0.204753194934
274.54 0.117286981343
274.61 0.0487662950921
274.68 0.0903818442066
274.75 0.0252195883157
274.82 0.00158590703083
274.89 2.45736581963e-05
274.96 0.000224618142525
275.03 8.36761428642e-05
275.1 1.211273324e-05
275.17 4.21501090566e-06
275.24 0.000279970613531
275.31 0.015548308089
275.38 0.30615723815
275.45 0.168662616815
275.52 0.20525956414
275.59 0.216146469531
275.66 0.147642068195
275.73 0.169989424711
275.8 0.134799125754
275.87 0.16231323296
275.94 0.19225164724
276.01 0.129995764848
276.08 0.0438491038622
276.15 0.00275611431231
