0.0 0.012638594781
0.07 0.00541102777687
0.14 0.0097997436369
0.21 0.0075123376303
0.28 0.00737653838658
0.35 0.000782138446401
0.42 0.00606560911275
0.49 0.0155571761534
0.56 0.00742468884435
0.63 0.0141905295767
0.7 0.00739405970266
0.77 0.00306863602963
0.84 0.00734292471239
0.91 0.0992228673281
0.98 0.331052905304
1.05 0.25578534091
1.12 0.309406802499
1.19 0.185181720537
1.26 0.2859641498
1.33 0.121416359523
1.4 0.055677444734
1.47 0.183003568518
1.54 0.366941872519
1.61 0.24520079787
1.68 0.0620961853408
1.75 0.0665457072823
1.82 0.0301713143967
1.89 0.0334395724407
1.96 0.0266856035154
2.03 0.0198979365049
2.1 0.0219998332159
2.17 0.015313843299
2.24 0.101828957093
2.31 0.327637671596
2.38 0.206684417058
2.45 0.111568485526
2.52 0.0967765716441
2.59 0.250999187819
2.66 0.220178409002
2.73 0.12770292453
2.8 0.150110722237
2.87 0.216118568527
2.94 0.171280417283
3.01 0.051841297482
3.08 0.185009120098
3.15 0.198046303717
3.22 0.166795016638
3.29 0.649914903743
3.36 0.25439879544
3.43 0.20465628151
3.5 0.151766307736
3.57 0.0738777409633
3.64 0.0517151572707
3.71 0.038758021426
3.78 0.139238616977
3.85 0.64439949973
3.92 0.155594580646
3.99 0.118970622559
4.06 0.0733300983413
4.13 0.0379824549805
4.2 0.0218937004262
4.27 0.0182845665646
4.34 0.54057792604
4.41 0.316252361401
4.48 0.194950398909
4.55 0.14155670237
4.62 0.0447420171408
4.69 0.0362516873989
4.76 0.0801210051271
4.83 0.432879060756
4.9 0.559765965864
4.97 0.231109298498
5.04 0.1200820082
5.11 0.296620050299
5.18 0.30168116023
5.25 0.241830032691
5.32 0.208387326993
5.39 0.184466389394
5.46 0.226744862865
5.53 0.236832805824
5.6 0.175477638704
5.67 0.249168843371
5.74 0.222432846476
5.81 0.0716007999134
5.88 0.149807678635
5.95 0.257189725242
6.02 0.209470609794
6.09 0.221537816329
6.16 0.313318129823
6.23 0.2328286927
6.3 0.180971401339
6.37 0.253890411982
6.44 0.203744588226
6.51 0.318816756141
6.58 0.253133811889
6.65 0.236807217226
6.72 0.270123067228
6.79 0.270875778385
6.86 0.212659587802
6.93 0.209765399204
7.0 0.208034820543
7.07 0.16565502571
7.14 0.0627201556231
7.21 0.0459739839246
7.28 0.218311918549
7.35 0.242598846254
7.42 0.214133589118
7.49 0.144073320473
7.56 0.173509804781
7.63 0.111833168339
7.7 0.0337195336485
7.77 0.189155729074
7.84 0.16786418873
7.91 0.0694335610335
7.98 0.207425531749
8.05 0.145757189694
8.12 0.0737355365309
8.19 0.0628548635529
8.26 0.19684604734
8.33 0.18521383893
8.4 0.0316771507264
8.47 0.027881737821
8.54 0.0249344325843
8.61 0.0187681854374
8.68 0.0180771505994
8.75 0.0166873030509
8.82 0.0174865025723
8.89 0.0091249659595
8.96 0.00988924544573
9.03 0.0156571690462
9.1 0.0077498802906
9.17 0.0114812815055
9.24 0.0165001276425
9.31 0.72361174385
9.38 0.188039534014
9.45 0.146241753166
9.52 0.165323887306
9.59 0.143707163555
9.66 0.316190277095
9.73 0.629995034441
9.8 0.140022704916
9.87 0.122442096115
9.94 0.122073065202
10.01 0.100346175021
10.08 0.568066252232
10.15 0.183890871037
10.22 0.160266481411
10.29 0.159972936058
10.36 0.169569932463
10.43 0.143799059019
10.5 0.573170859966
10.57 0.453123898417
10.64 0.202793456907
10.71 0.185429748252
10.78 0.158583150813
10.85 0.535860041367
10.92 0.363248741653
10.99 0.110802125911
11.06 0.23549207745
11.13 0.596517368513
11.2 0.159223006445
11.27 0.100270373925
11.34 0.0805720212482
11.41 0.59301522763
11.48 0.132817840457
11.55 0.157018952302
11.62 0.144051462039
11.69 0.148038198551
11.76 0.326251128136
11.83 0.187511527003
11.9 0.151153650541
11.97 0.152819130217
12.04 0.180645253235
12.11 0.176462795703
12.18 0.368328827986
12.25 0.163065757855
12.32 0.15701643203
12.39 0.173369919642
12.46 0.155052278026
12.53 0.327377906729
12.6 0.195494317397
12.67 0.140698979885
12.74 0.133897493584
12.81 0.142208658925
12.88 0.151016179155
12.95 0.290920515703
13.02 0.12068494607
13.09 0.0848119988609
13.16 0.305491071733
13.23 0.159648130491
13.3 0.041524218799
13.37 0.0401656937684
13.44 0.471531078018
13.51 0.466625015054
13.58 0.12837429361
13.65 0.119919153215
13.72 0.137968299453
13.79 0.119777855196
13.86 0.637441881179
13.93 0.348873036405
14.0 0.120878448285
14.07 0.125846378499
14.14 0.128398135704
14.21 0.111638699416
14.28 0.62004351979
14.35 0.161830388503
14.42 0.123195816185
14.49 0.108299110041
14.56 0.131770012295
14.63 0.317676393403
14.7 0.621328808211
14.77 0.172761014717
14.84 0.193997316087
14.91 0.191202055196
14.98 0.241657938718
15.05 0.677423568971
15.12 0.156592911794
15.19 0.107988021264
15.26 0.344850192074
15.33 0.541617950203
15.4 0.145039559355
15.47 0.0598950815634
15.54 0.423341813285
15.61 0.502250215918
15.68 0.187208362814
15.75 0.1726061627
15.82 0.131469322152
15.89 0.123116057819
15.96 0.31760733112
16.03 0.113872735551
16.1 0.131245070208
16.17 0.125364457895
16.24 0.128398762757
16.31 0.114367406238
16.38 0.29213036077
16.45 0.106325514061
16.52 0.100446527666
16.59 0.110713102431
16.66 0.109334296648
16.73 0.301306433583
16.8 0.240855455206
16.87 0.0912386620449
16.94 0.102050111957
17.01 0.10571310005
17.08 0.0958671353496
17.15 0.308982508495
17.22 0.112046396606
17.29 0.0879677329951
17.36 0.242062048439
17.43 0.248984425389
17.5 0.0605486680551
17.57 0.0430554105914
17.64 0.697653636714
17.71 0.289538038041
17.78 0.21806364363
17.85 0.211248315932
17.92 0.164267742648
17.99 0.130169330135
18.06 0.664638364307
18.13 0.16289208419
18.2 0.133851965897
18.27 0.15460826199
18.34 0.137528160295
18.41 0.325588439322
18.48 0.683141040909
18.55 0.137196712384
18.62 0.132906224825
18.69 0.11877443326
18.76 0.112026212323
18.83 0.329766806939
18.9 0.596575095602
18.97 0.151190970261
19.04 0.135148595542
19.11 0.135640834388
19.18 0.292280732974
19.25 0.599218985426
19.32 0.0792803075402
19.39 0.0911407271732
19.46 0.739629649422
19.53 0.157382243265
19.6 0.0936887522052
19.67 0.0642566150651
19.74 0.634078284907
19.81 0.138773017848
19.88 0.110599438973
19.95 0.279654486319
20.02 0.101651864782
20.09 0.0475782495334
20.16 0.0502119698392
20.23 0.282502182532
20.3 0.610967928248
20.37 0.114210884088
20.44 0.0839638932021
20.51 0.305052397709
20.58 0.0837733554214
20.65 0.0326570782621
20.72 0.0401971107462
20.79 0.631447454673
20.86 0.169400951649
20.93 0.103586296058
21.0 0.229932512404
21.07 0.153103396387
21.14 0.0562045272432
21.21 0.0308496393468
21.28 0.177459848627
21.35 0.521637122076
21.42 0.108995229638
21.49 0.0974148777314
21.56 0.26321326953
21.63 0.0820572693281
21.7 0.0347097874657
21.77 0.0222954124723
21.84 0.603455248954
21.91 0.110242472807
21.98 0.101406268909
22.05 0.268489422565
22.12 0.165491971755
22.19 0.0933141159989
22.26 0.0763702838375
22.33 0.40078754236
22.4 0.465611065857
22.47 0.136612363027
22.54 0.139283437219
22.61 0.374115354167
22.68 0.112343529427
22.75 0.0894476631807
22.82 0.0662263241181
22.89 0.629956428458
22.96 0.13895583001
23.03 0.143719706631
23.1 0.287713708882
23.17 0.175295511878
23.24 0.0802873410624
23.31 0.0554293687843
23.38 0.410434254846
23.45 0.43898047019
23.52 0.106898532244
23.59 0.203881957113
23.66 0.198856946962
23.73 0.136076929857
23.8 0.0896908493206
23.87 0.0870400900474
23.94 0.659518096319
24.01 0.123360512134
24.08 0.102177464069
24.15 0.173213526119
24.22 0.136519008458
24.29 0.0725948964418
24.36 0.0451755059164
24.43 0.638366471261
24.5 0.221728957046
24.57 0.128501237736
24.64 0.118543987155
24.71 0.216461572708
24.78 0.0882148060616
24.85 0.0484461616353
24.92 0.0771715313311
24.99 0.680430619122
25.06 0.137849265846
25.13 0.0874387974631
25.2 0.195053758193
25.27 0.0947911621412
25.34 0.0825514134512
25.41 0.100793529312
25.48 0.617882969478
25.55 0.256075479675
25.62 0.263635091497
25.69 0.377695754115
25.76 0.411253749188
25.83 0.347733545914
25.9 0.223382603101
25.97 0.252085242115
26.04 0.69861467025
26.11 0.147265455855
26.18 0.125486486084
26.25 0.162358120173
26.32 0.150182081706
26.39 0.175212688589
26.46 0.133971970231
26.53 0.654452520643
26.6 0.2605333362
26.67 0.0799100840948
26.74 0.124343552829
26.81 0.180895558037
26.88 0.10158599404
26.95 0.127127365978
27.02 0.179431983492
27.09 0.681020300442
27.16 0.13214005614
27.23 0.133012695259
27.3 0.257710838686
27.37 0.250428953191
27.44 0.256429210086
27.51 0.181725157585
27.58 0.582315379135
27.65 0.121611119864
27.72 0.236254843567
27.79 0.187071570736
27.86 0.191397426513
27.93 0.137771694128
28.0 0.0697231049019
28.07 0.34118938259
28.14 0.603582221217
28.21 0.107923149385
28.28 0.0951090439951
28.35 0.140508803865
28.42 0.0782872842377
28.49 0.0510235416045
28.56 0.0571087662306
28.63 0.701867221815
28.7 0.142644913167
28.77 0.132747612498
28.84 0.201072320221
28.91 0.113970815127
28.98 0.0524846220053
29.05 0.0274473607199
29.12 0.520504838678
29.19 0.311146069466
29.26 0.0975543769915
29.33 0.0716025725448
29.4 0.221813763994
29.47 0.112150181965
29.54 0.0441880718293
29.61 0.043419392921
29.68 0.667341757871
29.75 0.128236564972
29.82 0.109561129158
29.89 0.202267007481
29.96 0.123945544819
30.03 0.072408571173
30.1 0.0349931572709
30.17 0.428087714377
30.24 0.47407083077
30.31 0.143887738826
30.38 0.123714829402
30.45 0.165822601683
30.52 0.116368455897
30.59 0.108223429532
30.66 0.131914439551
30.73 0.653389235215
30.8 0.15446613594
30.87 0.15983520943
30.94 0.246277836265
31.01 0.141325150883
31.08 0.122088639036
31.15 0.114223423145
31.22 0.642873455
31.29 0.17367150213
31.36 0.149645498937
31.43 0.185213879126
31.5 0.21559137146
31.57 0.145919990415
31.64 0.119340770913
31.71 0.11193477509
31.78 0.599064633846
31.85 0.132942688376
31.92 0.119449964607
31.99 0.1667297629
32.06 0.149311002181
32.13 0.0982080378453
32.2 0.112240419356
32.27 0.533830808476
32.34 0.437110420405
32.41 0.117996384728
32.48 0.142189312724
32.55 0.318714017881
32.62 0.157486141173
32.69 0.0467303589217
32.76 0.0513313885959
32.83 0.638760210485
32.9 0.136943853144
32.97 0.126814235259
33.04 0.183722651932
33.11 0.147797687437
33.18 0.0675511812103
33.25 0.0441116637775
33.32 0.350481273352
33.39 0.592660438062
33.46 0.125853113292
33.53 0.111118777776
33.6 0.211303094665
33.67 0.123994454976
33.74 0.0530037638492
33.81 0.633716368637
33.88 0.128649787063
33.95 0.178150399106
34.02 0.357793237308
34.09 0.232820020472
34.16 0.27442171251
34.23 0.274913967434
34.3 0.147413689646
34.37 0.675842436002
34.44 0.177228998555
34.51 0.124300786588
34.58 0.103427951033
34.65 0.213315403146
34.72 0.122626552283
34.79 0.148885655049
34.86 0.360871138452
34.93 0.579653057562
35.0 0.136151072879
35.07 0.121133737358
35.14 0.240019313804
35.21 0.168823745072
35.28 0.115530905635
35.35 0.109677063675
35.42 0.723954434505
35.49 0.181198402671
35.56 0.142796388743
35.63 0.205497216252
35.7 0.317412542641
35.77 0.16530223186
35.84 0.160419771824
35.91 0.218945507668
35.98 0.707943780243
36.05 0.192911826541
36.12 0.197956902398
36.19 0.273794854165
36.26 0.150914873872
36.33 0.0435741384193
36.4 0.0955300258712
36.47 0.722807781136
36.54 0.170597023652
36.61 0.201199171897
36.68 0.255262734195
36.75 0.237778532828
36.82 0.142282478373
36.89 0.135726282458
36.96 0.217298903903
37.03 0.784762678507
37.1 0.247504539419
37.17 0.260258797395
37.24 0.23366221937
37.31 0.226434075557
37.38 0.178268767474
37.45 0.188471756624
37.52 0.779881768016
37.59 0.201669485985
37.66 0.097981418373
37.73 0.286016496691
37.8 0.22310708955
37.87 0.130798081698
37.94 0.139601548189
38.01 0.34904567302
38.08 0.617191014158
38.15 0.361187991295
38.22 0.29876499663
38.29 0.253747228784
38.36 0.177617110378
38.43 0.195061481802
38.5 0.227500488212
38.57 0.721518716326
38.64 0.218109728028
38.71 0.170954319423
38.78 0.243488011845
38.85 0.187164728345
38.92 0.116013525644
38.99 0.141994152435
39.06 0.679489400069
39.13 0.257880213418
39.2 0.200200133304
39.27 0.179418911843
39.34 0.267147954589
39.41 0.289991831686
39.48 0.370513375144
39.55 0.253315406121
39.62 0.761398688839
39.69 0.195608485312
39.76 0.180800680051
39.83 0.304933637432
39.9 0.127568077925
39.97 0.155896756021
40.04 0.191350514083
40.11 0.763423301232
40.18 0.247620697022
40.25 0.293708491119
40.32 0.227600386645
40.39 0.200131816651
40.46 0.154221882603
40.53 0.110660132506
40.6 0.258171154088
40.67 0.691906224992
40.74 0.170829845324
40.81 0.108282227837
40.88 0.403980401264
40.95 0.16828776524
41.02 0.137231322913
41.09 0.180767719557
41.16 0.773576733073
41.23 0.26540005358
41.3 0.299254367511
41.37 0.363241100446
41.44 0.385659320904
41.51 0.253074619666
41.58 0.273681200755
41.65 0.705872796053
41.72 0.195944125636
41.79 0.153924884438
41.86 0.168166348026
41.93 0.402453440072
42.0 0.204554379321
42.07 0.122068780338
42.14 0.184697557012
42.21 0.736285274745
42.28 0.222687341683
42.35 0.271612608211
42.42 0.178152334531
42.49 0.254150787823
42.56 0.208185614801
42.63 0.219950416846
42.7 0.333449685886
42.77 0.713051535302
42.84 0.129835880477
42.91 0.110169845163
42.98 0.206084051715
43.05 0.189253543358
43.12 0.113630544255
43.19 0.110409546333
43.26 0.72451267071
43.33 0.214825027923
43.4 0.132886806271
43.47 0.235185217264
43.54 0.281874299196
43.61 0.232147833409
43.68 0.0796906455886
43.75 0.468998190696
43.82 0.58127566649
43.89 0.395389873632
43.96 0.321803290395
44.03 0.263676999558
44.1 0.236055316013
44.17 0.203557026939
44.24 0.248435223173
44.31 0.810331938238
44.38 0.304547364564
44.45 0.334778146525
44.52 0.284759284983
44.59 0.335492316012
44.66 0.352016313885
44.73 0.283460880696
44.8 0.30845087583
44.87 0.691675445262
44.94 0.127759311092
45.01 0.188876085412
45.08 0.247541011009
45.15 0.172646995526
45.22 0.0684801003723
45.29 0.20287793626
45.36 0.796122110694
45.43 0.309784881469
45.5 0.178668367235
45.57 0.21611271201
45.64 0.175841251233
45.71 0.21246577407
45.78 0.137182197709
45.85 0.634560671781
45.92 0.375673639887
45.99 0.106978196149
46.06 0.175586611321
46.13 0.237667094202
46.2 0.160440126939
46.27 0.041680244531
46.34 0.105000208787
46.41 0.774500046942
46.48 0.175513629955
46.55 0.115095630159
46.62 0.297077071661
46.69 0.263570026678
46.76 0.157808924895
46.83 0.0419147061891
46.9 0.595785436536
46.97 0.470030631935
47.04 0.313730075701
47.11 0.303704339645
47.18 0.380104738119
47.25 0.312334496242
47.32 0.26489356937
47.39 0.22579200514
47.46 0.76509788323
47.53 0.176164422844
47.6 0.186442690546
47.67 0.30041352376
47.74 0.198060245604
47.81 0.158036969306
47.88 0.120366242214
47.95 0.729037087334
48.02 0.204664730652
48.09 0.125316403907
48.16 0.233467617801
48.23 0.207399135217
48.3 0.167407434669
48.37 0.164956335596
48.44 0.334329598421
48.51 0.676421387073
48.58 0.170620562268
48.65 0.157417107026
48.72 0.23804284584
48.79 0.171098587906
48.86 0.144986388452
48.93 0.095076923592
49.0 0.731493309352
49.07 0.17375976993
49.14 0.116267311396
49.21 0.186968239588
49.28 0.190545799708
49.35 0.101263334924
49.42 0.0785540311012
49.49 0.702555627852
49.56 0.179324843799
49.63 0.118816305145
49.7 0.105175636995
49.77 0.213061297838
49.84 0.13102038214
49.91 0.0534042479159
49.98 0.167112170949
50.05 0.669485229019
50.12 0.160837146134
50.19 0.157001348585
50.26 0.21964506199
50.33 0.131167275404
50.4 0.109408423592
50.47 0.206273624798
50.54 0.745256500099
50.61 0.207932564631
50.68 0.199361228446
50.75 0.175285870934
50.82 0.177210737637
50.89 0.10480267896
50.96 0.0826518062914
51.03 0.286350804527
51.1 0.814761326142
51.17 0.528949897986
51.24 0.469661950725
51.31 0.577237372932
51.38 0.346903574556
51.45 0.60014488187
51.52 0.367252762327
51.59 0.18817099011
51.66 0.178173797037
51.73 0.0907338620353
51.8 0.137094175102
51.87 0.151636805153
51.94 0.0990719665509
52.01 0.097973954027
52.08 0.119222689944
52.15 0.115065031165
52.22 0.166473985449
52.29 0.0940873711903
52.36 0.0998215745978
52.43 0.069018598467
52.5 0.0671129071338
52.57 0.0817213556724
52.64 0.086191106112
52.71 0.109570498781
52.78 0.267247742484
52.85 0.185084951341
52.92 0.0909896696326
52.99 0.0502352069873
53.06 0.0345594112426
53.13 0.712764119797
53.2 0.44264808682
53.27 0.167174775789
53.34 0.0648765215596
53.41 0.72962445941
53.48 0.378969220974
53.55 0.351558261502
53.62 0.304752901379
53.69 0.329011943301
53.76 0.353431114939
53.83 0.298397937318
53.9 0.343895971714
53.97 0.407646826091
54.04 0.317987839921
54.11 0.308137797365
54.18 0.397133331003
54.25 0.644910618507
54.32 0.36249975865
54.39 0.379389075361
54.46 0.722961951835
54.53 0.332193716225
54.6 0.293870228664
54.67 0.307072871951
54.74 0.73472562036
54.81 0.255717647291
54.88 0.210654930576
54.95 0.380970652493
55.02 0.675779029257
55.09 0.202352290748
55.16 0.216669587589
55.23 0.318964399055
55.3 0.650014995115
55.37 0.232076206639
55.44 0.173651540933
55.51 0.229292290991
55.58 0.158126302292
55.65 0.388119168576
55.72 0.657972080344
55.79 0.232166074229
55.86 0.270354681019
55.93 0.26734441521
56.0 0.244376492099
56.07 0.739507146923
56.14 0.318478945248
56.21 0.244960093816
56.28 0.265755884217
56.35 0.20419999774
56.42 0.370726840566
56.49 0.725610769655
56.56 0.196711602692
56.63 0.195347084479
56.7 0.198440659946
56.77 0.416502603297
56.84 0.678316135121
56.91 0.281894879407
56.98 0.20404085282
57.05 0.73009898802
57.12 0.181883154917
57.19 0.125922209742
57.26 0.0628641708728
57.33 0.631542505502
57.4 0.261462679427
57.47 0.234834497513
57.54 0.247085259831
57.61 0.314116957534
57.68 0.250760770902
57.75 0.278793901898
57.82 0.2157733576
57.89 0.255588186913
57.96 0.209415061313
58.03 0.132450847468
58.1 0.574620267529
58.17 0.634986597731
58.24 0.29734799687
58.31 0.282307645277
58.38 0.273519678258
58.45 0.294856607613
58.52 0.291616239372
58.59 0.36946424464
58.66 0.319687694981
58.73 0.268722804967
58.8 0.278320687688
58.87 0.273094327107
58.94 0.243105083261
59.01 0.204466770731
59.08 0.203785706442
59.15 0.383733626169
59.22 0.279973594143
59.29 0.286158582546
59.36 0.335778151824
59.43 0.81617242316
59.5 0.380488319883
59.57 0.19684981167
59.64 0.265506154214
59.71 0.373018848983
59.78 0.198856764071
59.85 0.167169234809
59.92 0.227412381195
59.99 0.611127889141
60.06 0.28628365958
60.13 0.230034507044
60.2 0.419050421321
60.27 0.258021730504
60.34 0.198364959339
60.41 0.111740690037
60.48 0.774450738847
60.55 0.313037111468
60.62 0.274189560096
60.69 0.327802166567
60.76 0.349539584008
60.83 0.352806869316
60.9 0.395547505183
60.97 0.366769625803
61.04 0.708262295179
61.11 0.256294797594
61.18 0.225737654492
61.25 0.351730675031
61.32 0.208881774594
61.39 0.13870108559
61.46 0.0800218382565
61.53 0.740260010824
61.6 0.272859081632
61.67 0.17211340332
61.74 0.220748422554
61.81 0.367454828241
61.88 0.249483348784
61.95 0.0755261676042
62.02 0.37995620286
62.09 0.684056203084
62.16 0.252164112155
62.23 0.308482061682
62.3 0.319386926457
62.37 0.173039118883
62.44 0.281081774175
62.51 0.252345431046
62.58 0.700417727831
62.65 0.20573986176
62.72 0.188030192528
62.79 0.249354634036
62.86 0.260333824724
62.93 0.155172979756
63.0 0.167111793109
63.07 0.609646716908
63.14 0.541348106259
63.21 0.329561107331
63.28 0.220682642252
63.35 0.305538144945
63.42 0.164241679741
63.49 0.165408676166
63.56 0.110190274639
63.63 0.735514262475
63.7 0.135278321212
63.77 0.139144970989
63.84 0.315505279655
63.91 0.21112566672
63.98 0.143774839086
64.05 0.101602956635
64.12 0.659266465057
64.19 0.304556929137
64.26 0.132936831859
64.33 0.200060125568
64.4 0.302744966193
64.47 0.157739530997
64.54 0.140772170269
64.61 0.157035675733
64.68 0.660757591762
64.75 0.131609130919
64.82 0.100615649164
64.89 0.294147500778
64.96 0.163419281257
65.03 0.104523903526
65.1 0.0813008802624
65.17 0.759125632706
65.24 0.139941573867
65.31 0.133879584379
65.38 0.221680645805
65.45 0.294309573956
65.52 0.135763668501
65.59 0.128202838749
65.66 0.184828667425
65.73 0.768905085541
65.8 0.122731258124
65.87 0.117191636187
65.94 0.287702082269
66.01 0.130358061118
66.08 0.0837585211895
66.15 0.0780077470947
66.22 0.713125788862
66.29 0.156024572394
66.36 0.139909501699
66.43 0.241188930991
66.5 0.26924909964
66.57 0.1328172536
66.64 0.139692973363
66.71 0.514946668424
66.78 0.505257063081
66.85 0.145347543012
66.92 0.159996828397
66.99 0.326346349796
67.06 0.14946658174
67.13 0.108323892714
67.2 0.098135695591
67.27 0.723601986338
67.34 0.131843029837
67.41 0.0985782766394
67.48 0.256705127604
67.55 0.292709088755
67.62 0.133591328784
67.69 0.0908422055898
67.76 0.666086162031
67.83 0.274844099226
67.9 0.117452568739
67.97 0.167126082689
68.04 0.312500008165
68.11 0.128352370862
68.18 0.101722739893
68.25 0.0905902105569
68.32 0.731593452979
68.39 0.137417561761
68.46 0.145251358664
68.53 0.294280817935
68.6 0.223906761372
68.67 0.124302233634
68.74 0.0950164169687
68.81 0.684989780931
68.88 0.361880792735
68.95 0.11616669346
69.02 0.123311282421
69.09 0.304385397904
69.16 0.137416225253
69.23 0.107571099156
69.3 0.113279466762
69.37 0.74037557554
69.44 0.141384877709
69.51 0.147049930403
69.58 0.290882560891
69.65 0.201044157087
69.72 0.126505821508
69.79 0.11536437877
69.86 0.724097241873
69.93 0.262269228736
70.0 0.137827487803
70.07 0.186779303607
70.14 0.276198691105
70.21 0.124506253061
70.28 0.0685902386658
70.35 0.0863075893006
70.42 0.771113665724
70.49 0.137684571906
70.56 0.124755894634
70.63 0.3042252501
70.7 0.166911660609
70.77 0.0598620929327
70.84 0.0401119299777
70.91 0.819184537972
70.98 0.494071666319
71.05 0.343390144703
71.12 0.341195633025
71.19 0.326786921058
71.26 0.285315875173
71.33 0.7883622076
71.4 0.382481722306
71.47 0.344905159727
71.54 0.320051271334
71.61 0.279268133059
71.68 0.236886635937
71.75 0.178492412463
71.82 0.129130037534
71.89 0.139340535245
71.96 0.78606346238
72.03 0.342203476491
72.1 0.274333480886
72.17 0.29423453055
72.24 0.771720952771
72.31 0.33579050397
72.38 0.226194661786
72.45 0.383822790334
72.52 0.654072283163
72.59 0.267746452841
72.66 0.151603991373
72.73 0.580856845134
72.8 0.429212197795
72.87 0.284352001809
72.94 0.133495552423
73.01 0.680873664432
73.08 0.418907449151
73.15 0.3237635836
73.22 0.19356017352
73.29 0.750306479834
73.36 0.375694173873
73.43 0.354598651997
73.5 0.270465993028
73.57 0.805570091502
73.64 0.274400662009
73.71 0.257442922127
73.78 0.221223049644
73.85 0.792943714211
73.92 0.300845802645
73.99 0.293070806056
74.06 0.387091984938
74.13 0.701130275421
74.2 0.271097495989
74.27 0.260681491609
74.34 0.365565924652
74.41 0.69998128668
74.48 0.331317783067
74.55 0.171266782893
74.62 0.542202838183
74.69 0.561656895317
74.76 0.279122626548
74.83 0.201408788578
74.9 0.744589337502
74.97 0.303704896355
75.04 0.350215816771
75.11 0.205133575586
75.18 0.797945915299
75.25 0.314404097698
75.32 0.310264237585
75.39 0.230112064694
75.46 0.822842740764
75.53 0.321378216594
75.6 0.323956052785
75.67 0.300435665575
75.74 0.800583520521
75.81 0.295270563277
75.88 0.265580329393
75.95 0.727428140934
76.02 0.193138556552
76.09 0.256562874936
76.16 0.0932358468851
76.23 0.582984790684
76.3 0.559288661739
76.37 0.288579219289
76.44 0.206460589179
76.51 0.701571519961
76.58 0.351374731846
76.65 0.275990234071
76.72 0.137748284139
76.79 0.749617657771
76.86 0.202718829526
76.93 0.236248362007
77.0 0.118900052936
77.07 0.73237770773
77.14 0.200659582488
77.21 0.215061901325
77.28 0.191424741517
77.35 0.738247240092
77.42 0.274066884756
77.49 0.253544600129
77.56 0.776571662204
77.63 0.303715612536
77.7 0.319910321008
77.77 0.187057926297
77.84 0.508657273637
77.91 0.620373757809
77.98 0.343626658353
78.05 0.238897732518
78.12 0.783294451306
78.19 0.270701365119
78.26 0.354280848524
78.33 0.247758506052
78.4 0.801061118075
78.47 0.247734591606
78.54 0.301626086059
78.61 0.261505349198
78.68 0.709712862388
78.75 0.27517730168
78.82 0.243191795487
78.89 0.209259841505
78.96 0.759270285058
79.03 0.274491259151
79.1 0.199878663982
79.17 0.760598464327
79.24 0.287067379728
79.31 0.323471256177
79.38 0.214606051668
79.45 0.631424581297
79.52 0.592021579283
79.59 0.385770640952
79.66 0.211832822053
79.73 0.86796316447
79.8 0.345926535083
79.87 0.330457355409
79.94 0.21905377485
80.01 0.799016443996
80.08 0.254036754564
80.15 0.297960979651
80.22 0.270568679034
80.29 0.732843604309
80.36 0.214478725683
80.43 0.191160137085
80.5 0.4553835131
80.57 0.657143489709
80.64 0.347441552116
80.71 0.26795477723
80.78 0.737519814055
80.85 0.242543036502
80.92 0.271560570827
80.99 0.177408329768
81.06 0.806316433646
81.13 0.273354154276
81.2 0.283988640503
81.27 0.158145734915
81.34 0.728256006036
81.41 0.221109048541
81.48 0.226304162977
81.55 0.155573264854
81.62 0.801077302883
81.69 0.358489340827
81.76 0.278268557854
81.83 0.252060453412
81.9 0.715849069261
81.97 0.286959088428
82.04 0.244466779734
82.11 0.557982278602
82.18 0.495159521383
82.25 0.335471122816
82.32 0.242931514105
82.39 0.636913450103
82.46 0.425289796549
82.53 0.289736854131
82.6 0.109052371879
82.67 0.700217975181
82.74 0.385315231438
82.81 0.362774349709
82.88 0.288814631576
82.95 0.768989779942
83.02 0.276827685853
83.09 0.313821112986
83.16 0.18720510495
83.23 0.778672248534
83.3 0.243648635968
83.37 0.330370554753
83.44 0.235736716665
83.51 0.676550885637
83.58 0.21201173925
83.65 0.234644413944
83.72 0.535301833299
83.79 0.600297281947
83.86 0.409865278343
83.93 0.225076868946
84.0 0.741957920411
84.07 0.439616786589
84.14 0.301740561471
84.21 0.187713178901
84.28 0.82132998273
84.35 0.338192039706
84.42 0.333903971929
84.49 0.186005023424
84.56 0.862245983951
84.63 0.391200223075
84.7 0.360090402836
84.77 0.236771541511
84.84 0.764615267241
84.91 0.315938450884
84.98 0.300997434984
85.05 0.382217523851
85.12 0.694028521033
85.19 0.232128768577
85.26 0.240303537769
85.33 0.581730177629
85.4 0.474507878877
85.47 0.296165951166
85.54 0.141858622502
85.61 0.629148679306
85.68 0.324288847252
85.75 0.252054389887
85.82 0.0886132341169
85.89 0.712944180562
85.96 0.43940339151
86.03 0.38218124922
86.1 0.250034486424
86.17 0.802758428745
86.24 0.32975974857
86.31 0.34760715247
86.38 0.2100460357
86.45 0.768057598897
86.52 0.272061512047
86.59 0.29841145313
86.66 0.486289474696
86.73 0.650691042978
86.8 0.348672102001
86.87 0.316360524075
86.94 0.526420955873
87.01 0.646409302008
87.08 0.273413217873
87.15 0.304351999277
87.22 0.746409930468
87.29 0.250830669256
87.36 0.350122146666
87.43 0.163271415257
87.5 0.736553211402
87.57 0.184914288336
87.64 0.330590505754
87.71 0.214930925568
87.78 0.815189834667
87.85 0.389101594276
87.92 0.275632791586
87.99 0.263862961056
88.06 0.813327633097
88.13 0.347833589051
88.2 0.341462976795
88.27 0.452938519758
88.34 0.712911366783
88.41 0.391772328815
88.48 0.208878261488
88.55 0.667153742372
88.62 0.52172770515
88.69 0.334177200353
88.76 0.258985555632
88.83 0.665253282512
88.9 0.343600374369
88.97 0.138099622903
89.04 0.05987518468
89.11 0.756751180849
89.18 0.385890999008
89.25 0.355062022273
89.32 0.303125786511
89.39 0.323803256779
89.46 0.283860235263
89.53 0.266185325284
89.6 0.269722938894
89.67 0.296679336982
89.74 0.216624586467
89.81 0.216714060138
89.88 0.284469789349
89.95 0.57814376842
90.02 0.313358514467
90.09 0.449063260057
90.16 0.511351040326
90.23 0.79043732793
90.3 0.349260778428
90.37 0.774664511766
90.44 0.258905481731
90.51 0.133784839038
90.58 0.345838062285
90.65 0.873121465652
90.72 0.251342835132
90.79 0.190916798202
90.86 0.146775168512
90.93 0.154704424231
91.0 0.484087484603
91.07 0.364496322466
91.14 0.389311723453
91.21 0.246054446519
91.28 0.428620265515
91.35 0.191279781668
91.42 0.0941628286131
91.49 0.0665584352583
91.56 0.0600121636682
91.63 0.0514437617717
91.7 0.0340166101956
91.77 0.03140309829
91.84 0.0210614740882
91.91 0.0337966411058
91.98 0.0248801462492
92.05 0.0186367795863
92.12 0.0156605434772
92.19 0.0182348846497
92.26 0.0140539847023
92.33 0.0138824072447
92.4 0.0230268138661
92.47 0.0207128706425
92.54 0.0159704304015
92.61 0.010106135543
92.68 0.0117571527984
92.75 0.0110961763229
92.82 0.0103389069709
92.89 0.0338684849331
92.96 0.0247133540925
93.03 0.3021637722
93.1 0.419148583299
93.17 0.335792779048
93.24 0.347902667413
93.31 0.24219505609
93.38 0.392523747679
93.45 0.214807138816
93.52 0.0872400919113
93.59 0.0445626055365
93.66 0.0308753083361
93.73 0.0310584259861
93.8 0.0268954091163
93.87 0.0211519265259
93.94 0.0261976857099
94.01 0.040007443203
94.08 0.024346146056
94.15 0.0131400002616
94.22 0.00676235375331
94.29 0.00934598214788
94.36 0.00467999015438
94.43 0.00529656643322
94.5 0.0206772994365
94.57 0.0157116061152
94.64 0.00653870072544
94.71 0.00701004382413
94.78 0.00747060441987
94.85 0.00912770529809
94.92 0.00960321267379
94.99 0.0122846473138
95.06 0.0324244394801
95.13 0.0287559264852
95.2 0.524294748789
95.27 0.467669567264
95.34 0.378895725103
95.41 0.41434192034
95.48 0.311852670098
95.55 0.262016291114
95.62 0.160032855824
95.69 0.0677490587302
95.76 0.038562091389
95.83 0.0441766140381
95.9 0.0449110964342
95.97 0.390486666573
96.04 0.342467680975
96.11 0.383290659241
96.18 0.337136152301
96.25 0.440754996847
96.32 0.327068472007
96.39 0.281390081407
96.46 0.163933557409
96.53 0.0532340572107
96.6 0.037225199697
96.67 0.040561665865
96.74 0.0237427780921
96.81 0.517429650745
96.88 0.423190297513
96.95 0.332974329244
97.02 0.251809043227
97.09 0.393773800529
97.16 0.454341724345
97.23 0.201122647277
97.3 0.0704496365837
97.37 0.428436705712
97.44 0.395551034367
97.51 0.0964551726644
97.58 0.062675082148
97.65 0.0374394971701
97.72 0.921266810528
97.79 0.215124279059
97.86 0.082141778828
97.93 0.0496570960065
98.0 0.0508148052098
98.07 0.385875290519
98.14 0.873433414617
98.21 0.837938166528
98.28 0.673097060014
98.35 0.412476418701
98.42 0.38300180071
98.49 0.605527402839
98.56 0.578994637535
98.63 0.685185662733
98.7 1.0
98.77 0.950255838046
98.84 0.480882275561
98.91 0.639716657689
98.98 0.453189841512
99.05 0.305166519399
99.12 0.245437817986
99.19 0.448469591321
99.26 0.257983677212
99.33 0.503306101313
99.4 0.58811212709
99.47 0.710742506005
99.54 0.627771889339
99.61 0.755638008508
99.68 0.458102281529
99.75 0.581398486534
99.82 0.699799250295
99.89 0.885675729804
99.96 0.454776312474
100.03 0.505352620375
100.1 0.632840347048
100.17 0.269826965427
100.24 0.214136754531
100.31 0.274534692641
100.38 0.838195708571
100.45 0.294802224808
100.52 0.25525027955
100.59 0.235279188837
100.66 0.416357846436
100.73 0.160789303173
100.8 0.115455982815
100.87 0.0926797872785
100.94 0.788494608295
101.01 0.222842674039
101.08 0.114207264463
101.15 0.246487939314
101.22 0.373592395739
101.29 0.133393708517
101.36 0.132936504264
101.43 0.142031180736
101.5 0.713015968115
101.57 0.176363701185
101.64 0.309648008999
101.71 0.245046168939
101.78 0.173155105654
101.85 0.12631083607
101.92 0.122094945745
101.99 0.712988026058
102.06 0.373824208499
102.13 0.185630238494
102.2 0.175175286468
102.27 0.412713143379
102.34 0.181547779884
102.41 0.173147185087
102.48 0.185619646921
102.55 0.662793913169
102.62 0.477054762351
102.69 0.201976195437
102.76 0.193475461032
102.83 0.432738600818
102.9 0.156602456269
102.97 0.115634194577
103.04 0.207614729002
103.11 0.804938287073
103.18 0.145228481268
103.25 0.108651375317
103.32 0.27003571991
103.39 0.241323184709
103.46 0.139186282145
103.53 0.164169220919
103.6 0.767038991016
103.67 0.233747673469
103.74 0.2625214971
103.81 0.308921159771
103.88 0.315299071571
103.95 0.222823398179
104.02 0.26727080679
104.09 0.150353468234
104.16 0.759442768929
104.23 0.206199113985
104.3 0.147775006999
104.37 0.207437946198
104.44 0.385235824785
104.51 0.19598423092
104.58 0.142889086112
104.65 0.162403549381
104.72 0.79979898842
104.79 0.184897536768
104.86 0.174590575349
104.93 0.359028343378
105.0 0.20944837352
105.07 0.123377611395
105.14 0.104028497257
105.21 0.503132662793
105.28 0.563423071312
105.35 0.133006868889
105.42 0.10707030666
105.49 0.40291604864
105.56 0.171444238975
105.63 0.0888185800023
105.7 0.098614340243
105.77 0.768500071417
105.84 0.149205874284
105.91 0.312827362141
105.98 0.183447011765
106.05 0.233289689419
106.12 0.0932812740826
106.19 0.168518060611
106.26 0.169152130069
106.33 0.751262466797
106.4 0.17088111497
106.47 0.154274094839
106.54 0.381202230108
106.61 0.244510386066
106.68 0.123191101226
106.75 0.0889228155538
106.82 0.555446099249
106.89 0.542317243252
106.96 0.120997045769
107.03 0.184186172943
107.1 0.389845733695
107.17 0.132679460648
107.24 0.101028937579
107.31 0.126616405974
107.38 0.729048730026
107.45 0.132560011015
107.52 0.130305971479
107.59 0.297106752184
107.66 0.308418486116
107.73 0.0925757989308
107.8 0.099312829378
107.87 0.119307685813
107.94 0.724583314695
108.01 0.123037254102
108.08 0.251400982267
108.15 0.253486639905
108.22 0.142080693828
108.29 0.238564298938
108.36 0.173157453084
108.43 0.540974482985
108.5 0.580952939041
108.57 0.163013318513
108.64 0.171329295283
108.71 0.373398879455
108.78 0.147590243335
108.85 0.110378923221
108.92 0.0810320914561
108.99 0.731213187362
109.06 0.172215850162
109.13 0.155553175031
109.2 0.311916151205
109.27 0.319368629363
109.34 0.132572121987
109.41 0.127075668247
109.48 0.184742732986
109.55 0.728960094435
109.62 0.165336776065
109.69 0.14471577074
109.76 0.370496983328
109.83 0.185435932364
109.9 0.124110202583
109.97 0.137531765852
110.04 0.720245755933
110.11 0.343144599075
110.18 0.156459904143
110.25 0.327827819478
110.32 0.377819072587
110.39 0.159596030803
110.46 0.122694736289
110.53 0.105137503311
110.6 0.822386716255
110.67 0.166248612044
110.74 0.169875176782
110.81 0.295833130571
110.88 0.324655974898
110.95 0.135780795899
111.02 0.106010765464
111.09 0.194091329866
111.16 0.74162675789
111.23 0.172672497704
111.3 0.160724258453
111.37 0.455496756514
111.44 0.195135062084
111.51 0.115151297218
111.58 0.131949255077
111.65 0.603690136687
111.72 0.462363862333
111.79 0.145930157924
111.86 0.1402420771
111.93 0.385639789802
112.0 0.1682308903
112.07 0.181757312154
112.14 0.138182221096
112.21 0.823888882715
112.28 0.262690439728
112.35 0.169011467143
112.42 0.303209110237
112.49 0.329815542245
112.56 0.144210416029
112.63 0.144147777023
112.7 0.172045408233
112.77 0.802990731893
112.84 0.148277238502
112.91 0.137801764549
112.98 0.415408843481
113.05 0.141993221904
113.12 0.0966309264578
113.19 0.123429423684
113.26 0.517018080698
113.33 0.592858701461
113.4 0.170788962253
113.47 0.157701823388
113.54 0.438414520426
113.61 0.227097377355
113.68 0.127371221377
113.75 0.117799775383
113.82 0.82833057654
113.89 0.175133965264
113.96 0.16210472231
114.03 0.271079852076
114.1 0.303764014217
114.17 0.14144174461
114.24 0.106898477979
114.31 0.154029706847
114.38 0.788520671203
114.45 0.146110293051
114.52 0.153573750671
114.59 0.370455157667
114.66 0.226119077746
114.73 0.0871711743327
114.8 0.0690876306034
114.87 0.230612113569
114.94 0.750120415838
115.01 0.15134363161
115.08 0.162548215801
115.15 0.445458881349
115.22 0.176115000191
115.29 0.127364269526
115.36 0.107882163815
115.43 0.79278128932
115.5 0.141660007391
115.57 0.122263476367
115.64 0.261643568224
115.71 0.326831484048
115.78 0.134498879899
115.85 0.129747791548
115.92 0.401522890973
115.99 0.695724073141
116.06 0.179038545736
116.13 0.164714122193
116.2 0.859702732161
116.27 0.355467812176
116.34 0.183950312474
116.41 0.174717125557
116.48 0.64268139983
116.55 0.502312191695
116.62 0.339457083551
116.69 0.216263908225
116.76 0.733516973126
116.83 0.21183341293
116.9 0.103275167086
116.97 0.340852992615
117.04 0.82346253873
117.11 0.303846485793
117.18 0.121415849037
117.25 0.312694710222
117.32 0.517206242911
117.39 0.366061041512
117.46 0.331914076583
117.53 0.394958929245
117.6 0.817722876743
117.67 0.317065275703
117.74 0.264010935584
117.81 0.501258438683
117.88 0.468157989526
117.95 0.257733135254
118.02 0.14729708989
118.09 0.457863492801
118.16 0.809009605438
118.23 0.165085518624
118.3 0.111840670871
118.37 0.579520335301
118.44 0.349393577061
118.51 0.314142465741
118.58 0.290002477524
118.65 0.808934984086
118.72 0.282196166456
118.79 0.256632576331
118.86 0.384979691603
118.93 0.527567464538
119.0 0.241879252355
119.07 0.130905967022
119.14 0.374366961311
119.21 0.868848899356
119.28 0.333089624649
119.35 0.292852282003
119.42 0.301981046458
119.49 0.345555729529
119.56 0.234247505287
119.63 0.334992029982
119.7 0.737984753975
119.77 0.37969016746
119.84 0.217302095443
119.91 0.193189858354
119.98 0.439333507224
120.05 0.194508547413
120.12 0.182055371487
120.19 0.14860297862
120.26 0.793395994488
120.33 0.125057826825
120.4 0.133973493649
120.47 0.314254185736
120.54 0.403269553954
120.61 0.232782011396
120.68 0.164471480705
120.75 0.553597196435
120.82 0.707359655982
120.89 0.373581926763
120.96 0.320905741986
121.03 0.285915764197
121.1 0.350211113871
121.17 0.282552772871
121.24 0.306493038584
121.31 0.643937242874
121.38 0.642959950168
121.45 0.278331819894
121.52 0.288251843206
121.59 0.597412412729
121.66 0.469887165357
121.73 0.435513464389
121.8 0.385131639479
121.87 0.831241812144
121.94 0.370209567823
122.01 0.353936381219
122.08 0.368795068237
122.15 0.522828059075
122.22 0.303152466423
122.29 0.261961815859
122.36 0.400246968156
122.43 0.864774053816
122.5 0.330299655525
122.57 0.284786553762
122.64 0.589851595036
122.71 0.530299901523
122.78 0.492420106421
122.85 0.446135182444
122.92 0.756265998363
122.99 0.70123284285
123.06 0.40806543039
123.13 0.548935619942
123.2 0.592890920343
123.27 0.428483234272
123.34 0.248452053123
123.41 0.395045950978
123.48 0.883101883038
123.55 0.463034632497
123.62 0.462478522646
123.69 0.452495355871
123.76 0.44446018442
123.83 0.389180496473
123.9 0.446641666655
123.97 0.865713462052
124.04 0.47876863366
124.11 0.397007273193
124.18 0.392548906183
124.25 0.519634597234
124.32 0.352483402266
124.39 0.340783508276
124.46 0.289584878118
124.53 0.852116410282
124.6 0.504641409294
124.67 0.398214628135
124.74 0.284151029219
124.81 0.385350529313
124.88 0.247175028942
124.95 0.34308842756
125.02 0.245981750542
125.09 0.798857222704
125.16 0.356873434536
125.23 0.336283765797
125.3 0.359355504414
125.37 0.389085604417
125.44 0.200902567649
125.51 0.134924626978
125.58 0.583668519949
125.65 0.756352971861
125.72 0.179267050388
125.79 0.104349247076
125.86 0.417091651534
125.93 0.306403382022
126.0 0.134131231719
126.07 0.0764717679916
126.14 0.728349985648
126.21 0.361450242267
126.28 0.149484639669
126.35 0.0797034017016
126.42 0.283779385584
126.49 0.0880762534108
126.56 0.300426086934
126.63 0.296433049742
126.7 0.305368185365
126.77 0.0924592453997
126.84 0.353520184644
126.91 0.806854421255
126.98 0.214685438223
127.05 0.199136023863
127.12 0.194564375254
127.19 0.221231329963
127.26 0.847016101481
127.33 0.184377375963
127.4 0.0836378234793
127.47 0.513722149908
127.54 0.727493543396
127.61 0.207368875876
127.68 0.0676979478574
127.75 0.514665903302
127.82 0.703485565976
127.89 0.310917174916
127.96 0.238555096127
128.03 0.397182202974
128.1 0.229218855413
128.17 0.283600952746
128.24 0.849917448936
128.31 0.876282163958
128.38 0.355474683635
128.45 0.256275889526
128.52 0.202956888701
128.59 0.370131431355
128.66 0.170499153093
128.73 0.690538444896
128.8 0.599929923177
128.87 0.779488653835
128.94 0.238906135434
129.01 0.160558728442
129.08 0.342028293477
129.15 0.245615410733
129.22 0.59819563445
129.29 0.571824614729
129.36 0.852189114297
129.43 0.21273480204
129.5 0.340314558833
129.57 0.287172095619
129.64 0.899580664742
129.71 0.233984564959
129.78 0.307048668096
129.85 0.331200932087
129.92 0.354951405651
129.99 0.29100627328
130.06 0.172730415722
130.13 0.270287978225
130.2 0.442929895022
130.27 0.210199681846
130.34 0.120438009669
130.41 0.220340184733
130.48 0.318592743362
130.55 0.176929506245
130.62 0.111152532135
130.69 0.336577049878
130.76 0.39597608807
130.83 0.163147628506
130.9 0.0914806583914
130.97 0.399943586909
131.04 0.340670433685
131.11 0.183805937472
131.18 0.270779815113
131.25 0.287169229664
131.32 0.32100863902
131.39 0.368225153164
131.46 0.360599817315
131.53 0.422734632756
131.6 0.294285082702
131.67 0.235571031901
131.74 0.246559146039
131.81 0.216256594613
131.88 0.176780444422
131.95 0.145336135466
132.02 0.141919022607
132.09 0.909284879221
132.16 0.291404618934
132.23 0.196243929463
132.3 0.348011730471
132.37 0.375976572951
132.44 0.172163049059
132.51 0.104358542337
132.58 0.324503062324
132.65 0.82879504617
132.72 0.218986728383
132.79 0.239728495731
132.86 0.331966435533
132.93 0.151680160261
133.0 0.395426286938
133.07 0.28262957484
133.14 0.820770170853
133.21 0.257845343628
133.28 0.237957578651
133.35 0.358872510585
133.42 0.413822694085
133.49 0.162394792742
133.56 0.181370747867
133.63 0.547546532093
133.7 0.694987582968
133.77 0.306714474818
133.84 0.47365863166
133.91 0.408692312853
133.98 0.249330227193
134.05 0.125640491981
134.12 0.0653457644318
134.19 0.716357034684
134.26 0.570816019603
134.33 0.10918396464
134.4 0.07885945831
134.47 0.0573403840412
134.54 0.0678005293548
134.61 0.349755509408
134.68 0.822997924395
134.75 0.213086785947
134.82 0.201245065364
134.89 0.16846693366
134.96 0.155262738817
135.03 0.780869401072
135.1 0.160863743644
135.17 0.10354068798
135.24 0.0761328537252
135.31 0.726008558598
135.38 0.430088766046
135.45 0.0931176091532
135.52 0.0751797065906
135.59 0.058574390758
135.66 0.0588832225446
135.73 0.868512873152
135.8 0.287302759859
135.87 0.141202951862
135.94 0.155247940762
136.01 0.171191558605
136.08 0.642774191659
136.15 0.541361569817
136.22 0.118125402953
136.29 0.0802861271515
136.36 0.259028703732
136.43 0.86553525431
136.5 0.149039689083
136.57 0.127648927604
136.64 0.11620391671
136.71 0.121867745444
136.78 0.824888355422
136.85 0.290374209589
136.92 0.201316459
136.99 0.228544533957
137.06 0.242117329618
137.13 0.635840081577
137.2 0.589883058239
137.27 0.148507728823
137.34 0.130556662161
137.41 0.232174507292
137.48 0.812845800924
137.55 0.146571551043
137.62 0.129834779114
137.69 0.135933766756
137.76 0.114726205329
137.83 0.171978245198
137.9 0.861030953636
137.97 0.194015458427
138.04 0.191433490116
138.11 0.171550496372
138.18 0.137504543298
138.25 0.818217408755
138.32 0.146076689426
138.39 0.112871872072
138.46 0.107246619174
138.53 0.920898923183
138.6 0.159203306521
138.67 0.0973965906867
138.74 0.0899078338779
138.81 0.0798410539682
138.88 0.0759557533751
138.95 0.880769379439
139.02 0.247337717115
139.09 0.197016049126
139.16 0.143079575658
139.23 0.126258515306
139.3 0.857434742699
139.37 0.185418539674
139.44 0.112347301796
139.51 0.101134268464
139.58 0.684693460063
139.65 0.564639671271
139.72 0.115627799437
139.79 0.103686972278
139.86 0.0984857581415
139.93 0.0807605311546
140.0 0.835789262927
140.07 0.186809313734
140.14 0.157721595665
140.21 0.154354100408
140.28 0.129956588236
140.35 0.737766356538
140.42 0.427665058349
140.49 0.107462060216
140.56 0.106507186675
140.63 0.389690572171
140.7 0.769441115619
140.77 0.132963915738
140.84 0.104554357816
140.91 0.0945548936854
140.98 0.0941475441891
141.05 0.711325607285
141.12 0.548475216109
141.19 0.16132392841
141.26 0.141244216792
141.33 0.167276081072
141.4 0.1624011095
141.47 0.86309709625
141.54 0.144124915705
141.61 0.119122942245
141.68 0.202172901252
141.75 0.84576850258
141.82 0.381236796421
141.89 0.107533041845
141.96 0.106763890637
142.03 0.0840076844336
142.1 0.212631665842
142.17 0.834737224263
142.24 0.270239968452
142.31 0.170878570581
142.38 0.137489819604
142.45 0.137999597854
142.52 0.774584978497
142.59 0.432313002463
142.66 0.0986688737817
142.73 0.0808903553039
142.8 0.767054150833
142.87 0.543961435274
142.94 0.173634501966
143.01 0.156457440145
143.08 0.188193714762
143.15 0.24401213193
143.22 0.866934612167
143.29 0.216626164149
143.36 0.178683478818
143.43 0.14647738251
143.5 0.135809035405
143.57 0.64878877833
143.64 0.621867967526
143.71 0.191585307356
143.78 0.190651367748
143.85 0.170118955808
143.92 0.127484426604
143.99 0.439466504826
144.06 0.786668186949
144.13 0.186657667326
144.2 0.204693436428
144.27 0.156719301219
144.34 0.330140498546
144.41 0.834605496846
144.48 0.150284721487
144.55 0.106656676582
144.62 0.347226050781
144.69 0.760740598417
144.76 0.106550021248
144.83 0.0679424102115
144.9 0.255983075735
144.97 0.702765262621
145.04 0.282755126184
145.11 0.178455468573
145.18 0.373040470263
145.25 0.161597371881
145.32 0.133690971974
145.39 0.163347176158
145.46 0.176225878086
145.53 0.132379747261
145.6 0.130467258831
145.67 0.283747781696
145.74 0.257705056531
145.81 0.122859619149
145.88 0.168039548605
145.95 0.149663168977
146.02 0.156554432427
146.09 0.142029321683
146.16 0.139755815358
146.23 0.352350022805
146.3 0.247609578885
146.37 0.144205057939
146.44 0.191501364616
146.51 0.228609375689
146.58 0.211501217379
146.65 0.261359599503
146.72 0.489006743824
146.79 0.415324510842
146.86 0.258319924492
146.93 0.183417682955
147.0 0.252456614429
147.07 0.607644184027
147.14 0.586202570937
147.21 0.219370046866
147.28 0.220703761086
147.35 0.509255371942
147.42 0.303854699789
147.49 0.193939747771
147.56 0.212478439742
147.63 0.695312895001
147.7 0.591842646008
147.77 0.3078683393
147.84 0.299519856249
147.91 0.47796810567
147.98 0.216446921367
148.05 0.118817410528
148.12 0.389862885211
148.19 0.898869491846
148.26 0.344824058824
148.33 0.2932128075
148.4 0.276702261126
148.47 0.251610687378
148.54 0.393076788587
148.61 0.849344454871
148.68 0.415787631906
148.75 0.369662676861
148.82 0.328707810395
148.89 0.250333661188
148.96 0.215826166742
149.03 0.142509554066
149.1 0.114350379329
149.17 0.259706001682
149.24 0.696360154394
149.31 0.615835584198
149.38 0.269554753955
149.45 0.251770067443
149.52 0.314476683137
149.59 0.146527444275
149.66 0.109116425775
149.73 0.382887755392
149.8 0.864488750597
149.87 0.353927234682
149.94 0.286955898898
150.01 0.314390684385
150.08 0.226447758181
150.15 0.117309106181
150.22 0.108359232795
150.29 0.485363865652
150.36 0.824685616229
150.43 0.347021679642
150.5 0.212119377369
150.57 0.214361754116
150.64 0.160410934794
150.71 0.570673176059
150.78 0.752145209111
150.85 0.449992462598
150.92 0.375690646698
150.99 0.289668045081
151.06 0.246006149347
151.13 0.167603002945
151.2 0.115528759183
151.27 0.0873798564632
151.34 0.300555888976
151.41 0.812441851986
151.48 0.439343594341
151.55 0.427817048431
151.62 0.4307615058
151.69 0.386628829708
151.76 0.361338455949
151.83 0.306772099408
151.9 0.324181950744
151.97 0.297690689535
152.04 0.267534271673
152.11 0.285483867172
152.18 0.364332615331
152.25 0.279257368644
152.32 0.249418714059
152.39 0.245430225013
152.46 0.588757909581
152.53 0.677861859126
152.6 0.196864577569
152.67 0.220402805651
152.74 0.240163246653
152.81 0.177908219869
152.88 0.159480425891
152.95 0.164825669346
153.02 0.175600695903
153.09 0.202186937598
153.16 0.206516009033
153.23 0.283927999224
153.3 0.218222832766
153.37 0.197819097388
153.44 0.204669837518
153.51 0.598843420698
153.58 0.753445683477
153.65 0.292732428403
153.72 0.29330530992
153.79 0.331877476367
153.86 0.256816823481
153.93 0.202311867918
154.0 0.196765780499
154.07 0.190598576694
154.14 0.216897304405
154.21 0.224625959344
154.28 0.231453908499
154.35 0.279150803751
154.42 0.215167312601
154.49 0.216995040308
154.56 0.196153366487
154.63 0.867294357867
154.7 0.261692211079
154.77 0.225489086144
154.84 0.288136730691
154.91 0.275434409609
154.98 0.259800664621
155.05 0.264871083882
155.12 0.287920194316
155.19 0.273435729488
155.26 0.209701755305
155.33 0.267162083386
155.4 0.301067900098
155.47 0.208708868668
155.54 0.133032588122
155.61 0.133864764216
155.68 0.797833700896
155.75 0.401678745874
155.82 0.269841373585
155.89 0.250543472818
155.96 0.223364012579
156.03 0.0843623453749
156.1 0.672462847861
156.17 0.634914778021
156.24 0.240478135935
156.31 0.205304168249
156.38 0.20062130611
156.45 0.266537178554
156.52 0.800257358348
156.59 0.356240828203
156.66 0.268528840501
156.73 0.181637380173
156.8 0.132893315968
156.87 0.331127219159
156.94 0.799324184469
157.01 0.412360441979
157.08 0.304989234148
157.15 0.307773314599
157.22 0.331702074286
157.29 0.47877709285
157.36 0.806140864753
157.43 0.223601129165
157.5 0.134153339367
157.57 0.72203569765
157.64 0.435268467431
157.71 0.164435001075
157.78 0.0893131803469
157.85 0.600264339542
157.92 0.621443498671
157.99 0.208159580031
158.06 0.223391649149
158.13 0.110104046772
158.2 0.0655682457543
158.27 0.849471015128
158.34 0.328667946285
158.41 0.240699457611
158.48 0.179814367424
158.55 0.144660439316
158.62 0.310545752358
158.69 0.816463397996
158.76 0.262052913438
158.83 0.224713823177
158.9 0.206243017764
158.97 0.203674563255
159.04 0.309539733778
159.11 0.897438520052
159.18 0.344411154279
159.25 0.252823171295
159.32 0.284530203522
159.39 0.232985441955
159.46 0.809060201805
159.53 0.316726381535
159.6 0.187487136238
159.67 0.196278154113
159.74 0.856544795302
159.81 0.265333513579
159.88 0.107001049428
159.95 0.231185831157
160.02 0.79937822762
160.09 0.277886762789
160.16 0.224636902629
160.23 0.175262229819
160.3 0.0762331460761
160.37 0.226349236452
160.44 0.834309772885
160.51 0.291574640818
160.58 0.215950532312
160.65 0.157392467048
160.72 0.135637954365
160.79 0.595355068958
160.86 0.6983965783
160.93 0.349180262373
161.0 0.207549067277
161.07 0.137142868202
161.14 0.135370134275
161.21 0.407863567465
161.28 0.830525841888
161.35 0.352818307009
161.42 0.231401181758
161.49 0.208640622358
161.56 0.37054519207
161.63 0.870946278067
161.7 0.250691101663
161.77 0.188495608767
161.84 0.805991007055
161.91 0.359335701991
161.98 0.151629825165
162.05 0.0942459915563
162.12 0.835827927194
162.19 0.381861130474
162.26 0.337633542229
162.33 0.296508434812
162.4 0.276293104832
162.47 0.256048709323
162.54 0.300533411527
162.61 0.239967230195
162.68 0.321514630833
162.75 0.18230623501
162.82 0.182691766268
162.89 0.260426045774
162.96 0.167129006928
163.03 0.133505760127
163.1 0.12066097535
163.17 0.440721566063
163.24 0.943015840514
163.31 0.513048612268
163.38 0.471945554217
163.45 0.49171114429
163.52 0.423452019911
163.59 0.380520884449
163.66 0.459738808226
163.73 0.867040194275
163.8 0.670736339016
163.87 0.484662020174
163.94 0.29999634038
164.01 0.179920524331
164.08 0.150762395412
164.15 0.108950035576
164.22 0.0727613851208
164.29 0.0540990993378
164.36 0.0350068358758
164.43 0.0262686030257
164.5 0.027175766252
164.57 0.0222592363207
164.64 0.0179331192714
164.71 0.0137065228152
164.78 0.0129113991401
164.85 0.00952708197254
164.92 0.0122254349927
164.99 0.0124527719587
165.06 0.00986129333926
165.13 0.0089607784857
165.2 0.0245003790587
165.27 0.00715539759145
165.34 0.0204048970346
165.41 0.00417714164722
165.48 0.00537015073535
165.55 0.0205948801143
165.62 0.00388128705012
165.69 0.0
165.76 0.0443575329821
165.83 0.0398947283636
165.9 0.00936549717188
165.97 0.00604412449827
166.04 0.0175132266994
166.11 0.108182311316
166.18 0.0716186769616
166.25 0.0191773095749
166.32 0.00816021230963
166.39 0.00619425150782
