0.0 0.0
0.07 0.0
0.14 0.0
0.21 0.0
0.28 0.625556438797
0.35 0.507781946407
0.42 0.223288446698
0.49 0.189641683841
0.56 0.502012578998
0.63 0.587872874644
0.7 0.689631780307
0.77 0.782193976084
0.84 0.537363262813
0.91 0.27103945082
0.98 0.583613328784
1.05 0.631293329703
1.12 0.491983736359
1.19 0.597483797867
1.26 0.800760454168
1.33 0.520460198679
1.4 0.454007886348
1.47 0.423109443198
1.54 0.448676435992
1.61 0.293685168207
1.68 0.416882275707
1.75 0.635675526667
1.82 0.523837223232
1.89 0.362223724694
1.96 0.410224212857
2.03 0.514861752026
2.1 0.45348083682
2.17 0.598417579276
2.24 0.582061651594
2.31 0.473503477593
2.38 0.38086823034
2.45 0.738630208629
2.52 0.645138374629
2.59 0.520104765546
2.66 0.561970632923
2.73 0.443474417227
2.8 0.274822898082
2.87 0.280328814022
2.94 0.716105234002
3.01 0.591820582112
3.08 0.524425831525
3.15 0.646284142178
3.22 0.633896003557
3.29 0.444692147482
3.36 0.373859947656
3.43 0.369083217821
3.5 0.311260761141
3.57 0.200146637073
3.64 0.598039399264
3.71 0.525302575826
3.78 0.430858577943
3.85 0.303985903274
3.92 0.445212953579
3.99 0.442094808197
4.06 0.379528544621
4.13 0.628170218895
4.2 0.425158088172
4.27 0.276010401335
4.34 0.573023374269
4.41 0.64344422594
4.48 0.42630076399
4.55 0.59650444674
4.62 0.489785302345
4.69 0.294034039407
4.76 0.199144467106
4.83 0.581255448068
4.9 0.692254718325
4.97 0.49561333002
5.04 0.554999645577
5.11 0.79380459898
5.18 0.551699070738
5.25 0.413035116131
5.32 0.405654174573
5.39 0.430685556943
5.46 0.287970858931
5.53 0.512155730398
5.6 0.550005248547
5.67 0.461113289367
5.74 0.305473080557
5.81 0.38507513948
5.88 0.429889740035
5.95 0.360626203262
6.02 0.562707188543
6.09 0.506004219699
6.16 0.402312029278
6.23 0.467183611476
6.3 0.719840790082
6.37 0.498420063455
6.44 0.383201117342
6.51 0.617433317867
6.58 0.382799670722
6.65 0.290974638249
6.72 0.487742688912
6.79 0.748737248077
6.86 0.577957630467
6.93 0.517526221854
7.0 0.744073495693
7.07 0.496005193607
7.14 0.433109512749
7.21 0.393528841089
7.28 0.396000217653
7.35 0.369989410861
7.42 0.331573516899
7.49 0.624181320773
7.56 0.443317018797
7.63 0.377656031035
7.7 0.311827503432
7.77 0.329295320221
7.84 0.282868693751
7.91 0.597722514154
7.98 0.617002870277
8.05 0.437666245928
8.12 0.352750710002
8.19 0.468619223482
8.26 0.526915858423
8.33 0.680196849878
8.4 0.817486346119
8.47 0.630991343538
8.54 0.392931713212
8.61 0.497429091684
8.68 0.652330575333
8.75 0.590076183465
8.82 0.552737951014
8.89 0.79151074375
8.96 0.647330593197
9.03 0.483462363154
9.1 0.510953432145
9.17 0.47508493535
9.24 0.445556002463
9.31 0.29781311027
9.38 0.709497463755
9.45 0.520346056499
9.52 0.426693359198
9.59 0.40046349793
9.66 0.491971869176
9.73 0.432815183949
9.8 0.375265384633
9.87 0.584556300097
9.94 0.495445554302
10.01 0.351676586657
10.08 0.539696449659
10.15 0.7294507578
10.22 0.413276694935
10.29 0.542938869303
10.36 0.620742538892
10.43 0.443993449576
10.5 0.29722806813
10.57 0.598843210696
10.64 0.65906037434
10.71 0.491995374328
10.78 0.544353161692
10.85 0.739293527537
10.92 0.474690505093
10.99 0.361619717715
11.06 0.380268370546
11.13 0.32547987221
11.2 0.251676885302
11.27 0.537854524221
11.34 0.570783191225
11.41 0.431333020067
11.48 0.318794670092
11.55 0.445752140816
11.62 0.474657270317
11.69 0.439165430322
11.76 0.551590733549
11.83 0.519955420276
11.9 0.460026103459
11.97 0.44410324201
12.04 0.76665590722
12.11 0.546220509955
12.18 0.388328705347
12.25 0.638290735358
12.32 0.531965421531
12.39 0.393253586404
12.46 0.391260912423
12.53 0.636176095252
12.6 0.497570939506
12.67 0.401353972449
12.74 0.623639967991
12.81 0.552380465611
12.88 0.445857502214
12.95 0.336563872024
13.02 0.380090317487
13.09 0.296007623281
13.16 0.16939029095
13.23 0.656701268925
13.3 0.589013311623
13.37 0.462501725822
13.44 0.340022795466
13.51 0.390199203978
13.58 0.330844049605
13.65 0.220834461121
13.72 0.590194635412
13.79 0.540410947377
13.86 0.419739276424
13.93 0.46186198936
14.0 0.614732113743
14.07 0.437461862514
14.14 0.49354571621
14.21 0.593315187546
14.28 0.406489753541
14.35 0.257117573712
14.42 0.529129837714
14.49 0.6498142434
14.56 0.608272945151
14.63 0.64514929297
14.7 0.787428619276
14.77 0.621363511745
14.84 0.567133743852
14.91 0.53189866546
14.98 0.409133964535
15.05 0.239557399454
15.12 0.545038313284
15.19 0.578737181138
15.26 0.444476961667
15.33 0.342674252039
15.4 0.358228651106
15.47 0.366501294547
15.54 0.31066756456
15.61 0.514374020788
15.68 0.429649596487
15.75 0.298126466542
15.82 0.364685956664
15.89 0.689143098895
15.96 0.47819693325
16.03 0.41074129555
16.1 0.722907869928
16.17 0.455933455105
16.24 0.31420628265
16.31 0.708214215454
16.38 0.601328453407
16.45 0.444572877293
16.52 0.456913901664
16.59 0.68963332484
16.66 0.535211319372
16.73 0.397234652584
16.8 0.365278052482
16.87 0.448623192918
16.94 0.423770356685
17.01 0.575724285212
17.08 0.586906885926
17.15 0.440900829633
17.22 0.338810719614
17.29 0.381373616429
17.36 0.47468137116
17.43 0.489313069742
17.5 0.57766867355
17.57 0.50592196366
17.64 0.438129396571
17.71 0.428332033969
17.78 0.618289815328
17.85 0.447722770221
17.92 0.336354898989
17.99 0.586773211202
18.06 0.596998002959
18.13 0.462812595383
18.2 0.411116098645
18.27 0.745211675175
18.34 0.581263581187
18.41 0.431299252234
18.48 0.628263525206
18.55 0.529472891929
18.62 0.460275299648
18.69 0.498253469791
18.76 0.466770446928
18.83 0.430159840058
18.9 0.306296285938
18.97 0.66775981393
19.04 0.506206193694
19.11 0.392723371849
19.18 0.376842394029
19.25 0.471668911008
19.32 0.471002037943
19.39 0.489935547149
19.46 0.694407448025
19.53 0.523206720651
19.6 0.520498809336
19.67 0.627574355696
19.74 0.530750376551
19.81 0.415482237265
19.88 0.489326197606
19.95 0.611308657253
20.02 0.398045404419
20.09 0.296134844017
20.16 0.510160696307
20.23 0.610267908612
20.3 0.424974815152
20.37 0.468590162543
20.44 0.83340327331
20.51 0.59846934978
20.58 0.476321494514
20.65 0.347675160361
20.72 0.309221671215
20.79 0.229343860532
20.86 0.522065005669
20.93 0.654487473539
21.0 0.567864522466
21.07 0.479308299961
21.14 0.431478645931
21.21 0.433432713253
21.28 0.411029198347
21.35 0.588226310146
21.42 0.496707806817
21.49 0.355972660254
21.56 0.354951501461
21.63 0.697763907236
21.7 0.633591294803
21.77 0.581844897258
21.84 0.677216215899
21.91 0.486353873987
21.98 0.321343002774
22.05 0.644862309697
22.12 0.747499016446
22.19 0.648112437346
22.26 0.590215784452
22.33 0.743498642939
22.4 0.665010384132
22.47 0.542678768098
22.54 0.330577423782
22.61 0.296063835483
22.68 0.233505859612
22.75 0.398327093103
22.82 0.679899232115
22.89 0.512967626973
22.96 0.413973755023
23.03 0.452452976166
23.1 0.537678843266
23.17 0.4327899357
23.24 0.44284547517
23.31 0.499200107204
23.38 0.386940672683
23.45 0.321194505065
23.52 0.647463665567
23.59 0.535873541515
23.66 0.387013594892
23.73 0.602006880485
23.8 0.550040710169
23.87 0.399832719492
23.94 0.261841644171
24.01 0.588977067739
24.08 0.590292728576
24.15 0.609931448313
24.22 0.731457810995
24.29 0.585895883203
24.36 0.583617109491
24.43 0.536001865678
24.5 0.515960671853
24.57 0.513661767241
24.64 0.429113838139
24.71 0.630983883404
24.78 0.646391734419
24.85 0.504612403662
24.92 0.314775011911
24.99 0.534576528347
25.06 0.50724271919
25.13 0.436544812434
25.2 0.596123646753
25.27 0.435814909367
25.34 0.324533106863
25.41 0.47277880115
25.48 0.755564663162
25.55 0.634232943607
25.62 0.5586343939
25.69 0.677811492735
25.76 0.415861007637
25.83 0.288591811795
25.9 0.504599752885
25.97 0.596919812814
26.04 0.483581052311
26.11 0.488456820153
26.18 0.647900371248
26.25 0.4650196436
26.32 0.339593409992
26.39 0.3081629932
26.46 0.295882445487
26.53 0.259260568457
26.6 0.411224559769
26.67 0.679335813436
26.74 0.499437421551
26.81 0.394536951977
26.88 0.340951236976
26.95 0.318231555254
27.02 0.274647691547
27.09 0.320606063353
27.16 0.550215122448
27.23 0.379192815943
27.3 0.218872004814
27.37 0.656157228203
27.44 0.547261439835
27.51 0.445848514871
27.58 0.650393665786
27.65 0.610712026452
27.72 0.47076953177
27.79 0.488628046083
27.86 0.736453198179
27.93 0.64299648731
28.0 0.502047121097
28.07 0.643965693027
28.14 0.533245045044
28.21 0.504213787574
28.28 0.467529937329
28.35 0.479684786183
28.42 0.455096682089
28.49 0.579694177183
28.56 0.692520031496
28.63 0.572007952503
28.7 0.435871161548
28.77 0.383727380611
28.84 0.478040644912
28.91 0.44881392474
28.98 0.523026647306
29.05 0.501749797849
29.12 0.438385305282
29.19 0.380704985607
29.26 0.681643810669
29.33 0.70456358736
29.4 0.623205685055
29.47 0.728881792661
29.54 0.570119567142
29.61 0.369763574565
29.68 0.470744207561
29.75 0.818102297575
29.82 0.647095088579
29.89 0.523824820327
29.96 0.695982493105
30.03 0.531781606125
30.1 0.394013471267
30.17 0.35653550723
30.24 0.33430612075
30.31 0.262716433485
30.38 0.225664002253
30.45 0.743550537378
30.52 0.581886692931
30.59 0.421071279459
30.66 0.434316966996
30.73 0.595014096435
30.8 0.377147838401
30.87 0.315440428398
30.94 0.582437940585
31.01 0.435301338187
31.08 0.470223914532
31.15 0.695962363537
31.22 0.71952181139
31.29 0.556030055576
31.36 0.614235861588
31.43 0.612489578584
31.5 0.398392888338
31.57 0.300472858545
31.64 0.708889222971
31.71 0.607931592721
31.78 0.64751405945
31.85 0.683771717234
31.92 0.782909845091
31.99 0.595084338699
32.06 0.551545235795
32.13 0.516911173931
32.2 0.373292969487
32.27 0.188594805043
32.34 0.642280879501
32.41 0.617466003595
32.48 0.530624132642
32.55 0.433105725378
32.62 0.392667195629
32.69 0.38059154573
32.76 0.409121312426
32.83 0.55400076857
32.9 0.448882951634
32.97 0.349374871501
33.04 0.541396953721
33.11 0.719636455977
33.18 0.608425170262
33.25 0.63646382214
33.32 0.661370158647
33.39 0.423552185751
33.46 0.37791639477
33.53 0.81654385589
33.6 0.707253899796
33.67 0.608331847959
33.74 0.753328975121
33.81 0.742342687336
33.88 0.536057899306
33.95 0.558843378929
34.02 0.50419151645
34.09 0.496697492163
34.16 0.403439458331
34.23 0.66177503549
34.3 0.59156337141
34.37 0.540531364971
34.44 0.346982823159
34.51 0.502233933617
34.58 0.524866139339
34.65 0.634959195233
34.72 0.768392635176
34.79 0.546790693129
34.86 0.506917133256
34.93 0.574311802552
35.0 0.707536285452
35.07 0.63535705438
35.14 0.729557534464
35.21 0.754262875135
35.28 0.538672400364
35.35 0.446556715852
35.42 0.759531208867
35.49 0.645894843928
35.56 0.540535097704
35.63 0.856120458992
35.7 0.760771857911
35.77 0.533311875742
35.84 0.452220408692
35.91 0.4201496211
35.98 0.519102265083
36.05 0.531315226489
36.12 0.740173964591
36.19 0.55721597565
36.26 0.490273066899
36.33 0.391940223043
36.4 0.417486381301
36.47 0.36727999899
36.54 0.308601324705
36.61 0.670030305268
36.68 0.570648490365
36.75 0.390918488548
36.82 0.50038826745
36.89 0.780819409775
36.96 0.632030191831
37.03 0.607029566855
37.1 0.672763026392
37.17 0.567371629903
37.24 0.329591917179
37.31 0.563848190562
37.38 0.618908845188
37.45 0.543020325756
37.52 0.465036136386
37.59 0.827522687539
37.66 0.531327649384
37.73 0.336896787493
37.8 0.388446288411
37.87 0.480475321829
37.94 0.527810440147
38.01 0.57435076636
38.08 0.66553347038
38.15 0.459071181006
38.22 0.358923159183
38.29 0.508518522016
38.36 0.467571469138
38.43 0.410481158364
38.5 0.46593828219
38.57 0.694566994675
38.64 0.423305868069
38.71 0.380563343012
38.78 0.836516338657
38.85 0.628600429275
38.92 0.531568090111
38.99 0.621322619604
39.06 0.533349758777
39.13 0.398980033389
39.2 0.399417534658
39.27 0.515144907949
39.34 0.431244336693
39.41 0.338821920476
39.48 0.703335578432
39.55 0.695864065146
39.62 0.638827805027
39.69 0.510492617625
39.76 0.446359955155
39.83 0.416547553174
39.9 0.332701700227
39.97 0.629590032422
40.04 0.632450864487
40.11 0.448658934396
40.18 0.349950226661
40.25 0.47982807859
40.32 0.519072507172
40.39 0.457965775206
40.46 0.610512886987
40.53 0.658693050035
40.6 0.571585191595
40.67 0.554241274596
40.74 0.716585278556
40.81 0.526019514945
40.88 0.390293192602
40.95 0.69460322923
41.02 0.525860110888
41.09 0.400594627306
41.16 0.406355794964
41.23 0.677595899131
41.3 0.608555606664
41.37 0.618580172853
41.44 0.801073309367
41.51 0.681113201653
41.58 0.52821037022
41.65 0.482483863586
41.72 0.456178562747
41.79 0.440843406059
41.86 0.452622713535
41.93 0.71395082917
42.0 0.521847565022
42.07 0.356384015073
42.14 0.433559459568
42.21 0.559567812831
42.28 0.512023600207
42.35 0.670346957166
42.42 0.663252066032
42.49 0.433879092587
42.56 0.344011578981
42.63 0.630841643785
42.7 0.636059807517
42.77 0.623450710073
42.84 0.752510059517
42.91 0.59146811944
42.98 0.476124968362
43.05 0.733629892
43.12 0.779089011872
43.19 0.651702828657
43.26 0.609317014738
43.33 0.823809727748
43.4 0.617383429055
43.47 0.612373561376
43.54 0.542278290309
43.61 0.539512892786
43.68 0.497896600069
43.75 0.45024174745
43.82 0.681116411989
43.89 0.546373558638
43.96 0.523037908137
44.03 0.37226920671
44.1 0.433696520537
44.17 0.505423210135
44.24 0.538782661888
44.31 0.681220848532
44.38 0.519241644851
44.45 0.450240871904
44.52 0.815661806338
44.59 0.67633462211
44.66 0.574332341242
44.73 0.615676989403
44.8 0.585167615288
44.87 0.375702783289
44.94 0.336205212562
45.01 0.66941568379
45.08 0.633661393141
45.15 0.541764792425
45.22 0.767910165212
45.29 0.772671365761
45.36 0.485937934877
45.43 0.354348791143
45.5 0.42446539782
45.57 0.50277936695
45.64 0.273276740698
45.71 0.656778583525
45.78 0.590180480081
45.85 0.478529202388
45.92 0.450017650253
45.99 0.597358302903
46.06 0.558056152236
46.13 0.474551259922
46.2 0.620849979212
46.27 0.507388752843
46.34 0.43962667262
46.41 0.525854794977
46.48 0.821851737127
46.55 0.585963304263
46.62 0.476425587235
46.69 0.687593612569
46.76 0.485053615834
46.83 0.337091521241
46.9 0.59835082054
46.97 0.722413049032
47.04 0.503893280341
47.11 0.526198494191
47.18 0.918449354915
47.25 0.682716422797
47.32 0.639863801464
47.39 0.459760634369
47.46 0.339243889794
47.53 0.259928804816
47.6 0.438277928928
47.67 0.682373087395
47.74 0.56067954735
47.81 0.506873022782
47.88 0.414809935013
47.95 0.483208537363
48.02 0.421506881712
48.09 0.516036747095
48.16 0.665597545174
48.23 0.471691363372
48.3 0.308245402492
48.37 0.689124688436
48.44 0.645260491343
48.51 0.626317457739
48.58 0.740200670751
48.65 0.561727196415
48.72 0.389991098493
48.79 0.316478213242
48.86 0.781177682769
48.93 0.675555303319
49.0 0.623167895306
49.07 0.711113103797
49.14 0.718868220775
49.21 0.643813208051
49.28 0.598405437568
49.35 0.398907047213
49.42 0.273299458258
49.49 0.252942010995
49.56 0.648819908039
49.63 0.538602295362
49.7 0.465347027269
49.77 0.419022232026
49.84 0.49434890663
49.91 0.482289656232
49.98 0.744146852343
50.05 0.746021612765
50.12 0.55021280365
50.19 0.510699594361
50.26 0.545847150112
50.33 0.688441766354
50.4 0.786462861105
50.47 0.871811685816
50.54 0.724766218855
50.61 0.574502185222
50.68 0.614901767155
50.75 0.8805031642
50.82 0.615996867629
50.89 0.519723445828
50.96 0.76215794625
51.03 0.532700759115
51.1 0.498689713045
51.17 0.522376857388
51.24 0.562616173044
51.31 0.554242941732
51.38 0.43208356577
51.45 0.744604043408
51.52 0.659924172017
51.59 0.529786690639
51.66 0.410423852062
51.73 0.499089159369
51.8 0.484587134917
51.87 0.438498831781
51.94 0.650733813508
52.01 0.694766227424
52.08 0.571890221516
52.15 0.657874955339
52.22 0.632552788999
52.29 0.544201630888
52.36 0.552569021227
52.43 0.616032442526
52.5 0.500804283854
52.57 0.421000468156
52.64 0.623977888867
52.71 0.723544834494
52.78 0.653073823484
52.85 0.549811562256
52.92 0.59554784649
52.99 0.615825058001
53.06 0.528775966438
53.13 0.561573982484
53.2 0.629872003626
53.27 0.576920695849
53.34 0.695587853623
53.41 0.704591267682
53.48 0.594259141017
53.55 0.471919299913
53.62 0.537138948395
53.69 0.546199735388
53.76 0.399220620707
53.83 0.478453364357
53.9 0.608315211247
53.97 0.615848427223
54.04 0.380691876401
54.11 0.74331412523
54.18 0.577761833271
54.25 0.627828332075
54.32 0.716559614523
54.39 0.525022271758
54.46 0.485156503847
54.53 0.670355820572
54.6 0.782769700387
54.67 0.654270346063
54.74 0.589541537874
54.81 0.775774493592
54.88 0.577316210877
54.95 0.525776898013
55.02 0.44276728236
55.09 0.525790131155
55.16 0.478199835746
55.23 0.659034449108
55.3 0.653800032466
55.37 0.603364882046
55.44 0.522353225635
55.51 0.562971656818
55.58 0.497049475084
55.65 0.359631777282
55.72 0.547402334817
55.79 0.579056042558
55.86 0.487643199138
55.93 0.514405936248
56.0 0.739194381585
56.07 0.618358098608
56.14 0.554184798531
56.21 0.70624121661
56.28 0.56216435253
56.35 0.399484641214
56.42 0.522228231745
56.49 0.769507718627
56.56 0.597425821246
56.63 0.571621929889
56.7 0.873233582264
56.77 0.627706571176
56.84 0.540859604198
56.91 0.498918203965
56.98 0.441259896883
57.05 0.29345738492
57.12 0.513218871434
57.19 0.666952693547
57.26 0.480002582821
57.33 0.387665826212
57.4 0.442017860075
57.47 0.410773232332
57.54 0.297185054421
57.61 0.359649801274
57.68 0.577129942076
57.75 0.591916822903
57.82 0.594213708562
57.89 0.878877962446
57.96 0.71458395839
58.03 0.599741006754
58.1 0.706983882397
58.17 0.646832845817
58.24 0.463937002003
58.31 0.454718744618
58.38 0.780158091164
58.45 0.53074141053
58.52 0.432903827343
58.59 0.790060039565
58.66 0.633905005558
58.73 0.586224166406
58.8 0.555298286809
58.87 0.572547874026
58.94 0.488850530782
59.01 0.399198445532
59.08 0.665482841951
59.15 0.605998534511
59.22 0.521813069566
59.29 0.464824883199
59.36 0.554815506339
59.43 0.538250056573
59.5 0.527587246482
59.57 0.653173715716
59.64 0.611512201102
59.71 0.513830056027
59.78 0.644685697225
59.85 0.656550244526
59.92 0.484267051464
59.99 0.550367195637
60.06 0.602441492584
60.13 0.490774207187
60.2 0.414198554522
60.27 0.730075804542
60.34 0.55176518181
60.41 0.491760433417
60.48 0.694252451017
60.55 0.700658075358
60.62 0.66927279784
60.69 0.589072580907
60.76 0.582079313107
60.83 0.534101563827
60.9 0.489749302335
60.97 0.649735654795
61.04 0.552401434744
61.11 0.475956281116
61.18 0.386827644592
61.25 0.527444461812
61.32 0.552382721775
61.39 0.654572646732
61.46 0.755736759308
61.53 0.733227489875
61.6 0.499035543155
61.67 0.581662890248
61.74 0.700133115414
61.81 0.581732984589
61.88 0.798205093128
61.95 0.703725736236
62.02 0.559714057041
62.09 0.604832410845
62.16 0.827798769795
62.23 0.681508310225
62.3 0.55672381071
62.37 0.947517045503
62.44 0.727349053657
62.51 0.619400640986
62.58 0.536965286394
62.65 0.522626376077
62.72 0.446072697357
62.79 0.505784664148
62.86 0.620857943085
62.93 0.510227135209
63.0 0.425928630179
63.07 0.804381784112
63.14 0.657793642812
63.21 0.495633142419
63.28 0.718054222622
63.35 0.856501356262
63.42 0.680580373786
63.49 0.505208890538
63.56 0.535931620749
63.63 0.613436491855
63.7 0.518095125691
63.77 0.637617793438
63.84 0.60681407853
63.91 0.437183544084
63.98 0.445461646029
64.05 0.726171254707
64.12 0.685791758365
64.19 0.589238864065
64.26 0.609008637219
64.33 0.695908648707
64.4 0.664473041272
64.47 0.817360334091
64.54 0.804310612996
64.61 0.585833177033
64.68 0.495439978525
64.75 0.673983629825
64.82 0.768036465092
64.89 0.62323195011
64.96 0.776796965038
65.03 0.738313654014
65.1 0.574020946619
65.17 0.727131891532
65.24 0.666006614511
65.31 0.522360949632
65.38 0.504354695883
65.45 0.636966628232
65.52 0.623459895979
65.59 0.735569414859
65.66 0.844403937644
65.73 0.519160904028
65.8 0.423808620855
65.87 0.773702695284
65.94 0.765191374202
66.01 0.588877240807
66.08 0.710601854081
66.15 0.706732252802
66.22 0.593068784576
66.29 0.578438519917
66.36 0.517185040002
66.43 0.372399146037
66.5 0.229151672132
66.57 0.610531623944
66.64 0.647795025842
66.71 0.535602334066
66.78 0.432659176798
66.85 0.471144277561
66.92 0.442637047186
66.99 0.344640718268
67.06 0.50922882724
67.13 0.593657310244
67.2 0.353397131
67.27 0.384123927104
67.34 0.787354933463
67.41 0.614818279755
67.48 0.565102712417
67.55 0.71780231184
67.62 0.484525646783
67.69 0.341085881864
67.76 0.425358427015
67.83 0.61259634592
67.9 0.48105203895
67.97 0.419665525312
68.04 0.703722605858
68.11 0.608379863075
68.18 0.432372653286
68.25 0.424545822807
68.32 0.523619630664
68.39 0.453748879242
68.46 0.325483378393
68.53 0.71615452046
68.6 0.573966544146
68.67 0.410929280795
68.74 0.38764147883
68.81 0.456019277295
68.88 0.469274671802
68.95 0.433349319138
69.02 0.633687313042
69.09 0.435107814479
69.16 0.281106091204
69.23 0.783904850772
69.3 0.707079402228
69.37 0.522954384756
69.44 0.673281088578
69.51 0.503888023066
69.58 0.378382410595
69.65 0.347904939947
69.72 0.804205348881
69.79 0.696210841432
69.86 0.629835213359
69.93 0.790127625872
70.0 0.794059977299
70.07 0.602977765332
70.14 0.468147098823
70.21 0.34426095641
70.28 0.260396792952
70.35 0.183129703951
70.42 0.69354493235
70.49 0.610925920936
70.56 0.479997161631
70.63 0.346604036795
70.7 0.410952292869
70.77 0.379221267865
70.84 0.378677388392
70.91 0.588954404817
70.98 0.407938572037
71.05 0.270679661278
71.12 0.749777443671
71.19 0.776230785123
71.26 0.593764170864
71.33 0.669461524034
71.4 0.602319655725
71.47 0.404182633187
71.54 0.307337150519
71.61 0.633590512541
71.68 0.645162991205
71.75 0.545979958618
71.82 0.718682154535
71.89 0.715819639342
71.96 0.481835880731
72.03 0.353852585631
72.1 0.354021315521
72.17 0.300763411968
72.24 0.151498660466
72.31 0.657468516639
72.38 0.552234258715
72.45 0.435079393208
72.52 0.356048174453
72.59 0.363710031762
72.66 0.308566125613
72.73 0.508998447966
72.8 0.717270578073
72.87 0.572621117402
72.94 0.522495327991
73.01 0.582356862603
73.08 0.760938803393
73.15 0.613972050306
73.22 0.737518960524
73.29 0.776827106751
73.36 0.566216451231
73.43 0.508810775892
73.5 0.715438820698
73.57 0.663544286591
73.64 0.650398142133
73.71 0.805477384326
73.78 0.655235864359
73.85 0.662265531961
73.92 0.476963448493
73.99 0.410925120284
74.06 0.449933767058
74.13 0.301716583329
74.2 0.719829978352
74.27 0.60180449337
74.34 0.459287496902
74.41 0.409809346525
74.48 0.508596825436
74.55 0.540458871874
74.62 0.59444332823
74.69 0.61847298307
74.76 0.456444247724
74.83 0.330727194165
74.9 0.655573646639
74.97 0.638529370354
75.04 0.491787260848
75.11 0.613210772831
75.18 0.598338878728
75.25 0.435665067021
75.32 0.35679719961
75.39 0.655624818786
75.46 0.582540150282
75.53 0.465255225512
75.6 0.710089731484
75.67 0.742338280287
75.74 0.581318199548
75.81 0.431027059962
75.88 0.308572735521
75.95 0.27210624463
76.02 0.157839561015
76.09 0.636903373013
76.16 0.561508896214
76.23 0.429661540963
76.3 0.398444710815
76.37 0.621535124142
76.44 0.5045158497
76.51 0.431889542321
76.58 0.621324615903
76.65 0.470620190498
76.72 0.381466916077
76.79 0.539206474251
76.86 0.77262373178
76.93 0.469981688063
77.0 0.387303327407
77.07 0.675326227369
77.14 0.434303497976
77.21 0.373665251222
77.28 0.600743942991
77.35 0.56778642294
77.42 0.445828150758
77.49 0.54523676244
77.56 0.744630291138
77.63 0.565594300322
77.7 0.483702670616
77.77 0.336411335074
77.84 0.290302373311
77.91 0.242465380418
77.98 0.543699268566
78.05 0.614115953063
78.12 0.504482181815
78.19 0.416686742374
78.26 0.464565924069
78.33 0.350016660233
78.4 0.299139133736
78.47 0.588307739946
78.54 0.51153499209
78.61 0.302372841895
78.68 0.399740573912
78.75 0.811513163003
78.82 0.503913178029
78.89 0.391957179589
78.96 0.686645743794
79.03 0.493740563232
79.1 0.369334827427
79.17 0.458724597953
79.24 0.669230859574
79.31 0.642640726346
79.38 0.603282519396
79.45 0.840893670143
79.52 0.684455425574
79.59 0.558510455464
79.66 0.476849110415
79.73 0.306998387413
79.8 0.246385527502
79.87 0.328727778345
79.94 0.694229710802
80.01 0.507341991743
80.08 0.382486074573
80.15 0.36177380053
80.22 0.369831074251
80.29 0.320238985588
80.36 0.560945818691
80.43 0.588647125396
80.5 0.368812088998
80.57 0.243049774894
80.64 0.552258109021
80.71 0.619219496196
80.78 0.567665111143
80.85 0.730873568441
80.92 0.514130281771
80.99 0.423066589407
81.06 0.803898300006
81.13 0.7473288513
81.2 0.572316376665
81.27 0.572118348624
81.34 0.759443750192
81.41 0.601189793267
81.48 0.545817783997
81.55 0.49670080378
81.62 0.487570246279
81.69 0.284430099233
81.76 0.530616743138
81.83 0.608290574682
81.9 0.464379949782
81.97 0.36515628492
82.04 0.347156495821
82.11 0.49044565479
82.18 0.508438730035
82.25 0.615082322917
82.32 0.555734671323
82.39 0.531540619014
82.46 0.520910360054
82.53 0.664973913699
82.6 0.550546502713
82.67 0.440768798057
82.74 0.687423018312
82.81 0.490875554665
82.88 0.368207563621
82.95 0.495099263098
83.02 0.638032799698
83.09 0.414691261848
83.16 0.423391311789
83.23 0.816891126587
83.3 0.517707190735
83.37 0.403243006806
83.44 0.348474392833
83.51 0.550332789468
83.58 0.511634912308
83.65 0.494561826953
83.72 0.637659237293
83.79 0.448535876836
83.86 0.359830466313
83.93 0.398099172554
84.0 0.483995085741
84.07 0.542770861705
84.14 0.579413785161
84.21 0.541486496649
84.28 0.47427070665
84.35 0.377098765166
84.42 0.696271849815
84.49 0.568149829275
84.56 0.426803259576
84.63 0.651250159249
84.7 0.436511796211
84.77 0.327141698983
84.84 0.585368564481
84.91 0.691652133276
84.98 0.523986170042
85.05 0.457637286776
85.12 0.734378674616
85.19 0.68013603606
85.26 0.574706932446
85.33 0.44581126351
85.4 0.31514008938
85.47 0.288153960041
85.54 0.422703001833
85.61 0.735074548652
85.68 0.578774264587
85.75 0.459097414077
85.82 0.398952243791
85.89 0.47138487021
85.96 0.439606237877
86.03 0.444552749057
86.1 0.659040006228
86.17 0.472246003935
86.24 0.312430629534
86.31 0.670869730243
86.38 0.689122800081
86.45 0.597716851755
86.52 0.689925843911
86.59 0.601547826386
86.66 0.372080473852
86.73 0.347871567908
86.8 0.76141628261
86.87 0.727044979241
86.94 0.598882838159
87.01 0.750672439847
87.08 0.665357124437
87.15 0.475503510427
87.22 0.393628485449
87.29 0.350229381991
87.36 0.278617093106
87.43 0.190371541598
87.5 0.697307766293
87.57 0.668484828864
87.64 0.499351104951
87.71 0.498313121543
87.78 0.554735435835
87.85 0.405541570263
87.92 0.331832309448
87.99 0.656214094733
88.06 0.548591054774
88.13 0.315365329984
88.2 0.477985169662
88.27 0.69255548912
88.34 0.38939496077
88.41 0.422577721425
88.48 0.70719043935
88.55 0.506453838687
88.62 0.376782545045
88.69 0.524194526063
88.76 0.683314367584
88.83 0.59647400385
88.9 0.668000754398
88.97 0.786931923351
89.04 0.662313168607
89.11 0.599904094236
89.18 0.576595097921
89.25 0.421838091398
89.32 0.285577519259
89.39 0.41901238513
89.46 0.697998448353
89.53 0.574449824357
89.6 0.408050563332
89.67 0.38548998449
89.74 0.401770881723
89.81 0.352885530799
89.88 0.414127498013
89.95 0.574247214691
90.02 0.364850363461
90.09 0.254735790718
90.16 0.7605197459
90.23 0.761614076106
90.3 0.585880651097
90.37 0.714270408884
90.44 0.57255848586
90.51 0.376093865947
90.58 0.379508092553
90.65 0.763236184795
90.72 0.591231655319
90.79 0.479577684355
90.86 0.639402496531
90.93 0.480145598038
91.0 0.40597833991
91.07 0.3634482381
91.14 0.328806390938
91.21 0.258715147117
91.28 0.181955767001
91.35 0.701810246256
91.42 0.641772986712
91.49 0.496978193358
91.56 0.345870690179
91.63 0.472590819903
91.7 0.389133558906
91.77 0.364684398804
91.84 0.663547927371
91.91 0.524620024219
91.98 0.502064634688
92.05 0.609563229806
92.12 0.713542411496
92.19 0.535439633051
92.26 0.557161535863
92.33 0.610478423514
92.4 0.46918281274
92.47 0.400827675864
92.54 0.508489716944
92.61 0.482712477109
92.68 0.562132867513
92.75 0.648380707651
92.82 0.551845806693
92.89 0.480251161997
92.96 0.436722520339
93.03 0.418283758734
93.1 0.468037610231
93.17 0.428494728321
93.24 0.667193575379
93.31 0.716375833766
93.38 0.619338677098
93.45 0.458688787178
93.52 0.355305612612
93.59 0.359518085535
93.66 0.280665125065
93.73 0.538182568881
93.8 0.614272469283
93.87 0.39851612847
93.94 0.380155377104
94.01 0.851319176548
94.08 0.651970909726
94.15 0.642665986589
94.22 0.705963195359
94.29 0.4980259517
94.36 0.340407710654
94.43 0.573879635852
94.5 0.738153393068
94.57 0.598052372541
94.64 0.486085306503
94.71 0.718000800974
94.78 0.482393470431
94.85 0.380686244653
94.92 0.465511931143
94.99 0.550409383107
95.06 0.344381956369
95.13 0.491953642622
95.2 0.680638644921
95.27 0.513456521608
95.34 0.398207461767
95.41 0.557466028729
95.48 0.512990193945
95.55 0.320567024918
95.62 0.484006401211
95.69 0.620007082703
95.76 0.438664523246
95.83 0.405344265847
95.9 0.819308669716
95.97 0.650224021703
96.04 0.507769118388
96.11 0.686651224954
96.18 0.538439014647
96.25 0.380596488502
96.32 0.38818075802
96.39 0.599287707006
96.46 0.647184555546
96.53 0.672170612072
96.6 0.817362253096
96.67 0.645020667629
96.74 0.585189510608
96.81 0.567749828572
96.88 0.460410212398
96.95 0.231817064149
97.02 0.445656501047
97.09 0.645169641092
97.16 0.619209873183
97.23 0.492155647268
97.3 0.395892517467
97.37 0.425977105057
97.44 0.387450912256
97.51 0.481485852796
97.58 0.535409953765
97.65 0.423902893333
97.72 0.283081342214
97.79 0.707012850051
97.86 0.644073447851
97.93 0.642244045256
98.0 0.698733528738
98.07 0.506932080176
98.14 0.382556211559
98.21 0.666017181035
98.28 0.751257683217
98.35 0.666612488522
98.42 0.623812341327
98.49 0.813955541262
98.56 0.6554815517
98.63 0.607124638918
98.7 0.599474146386
98.77 0.541574032618
98.84 0.467855975029
98.91 0.496323347393
98.98 0.652890475836
99.05 0.563395096041
99.12 0.470527887667
99.19 0.404721423297
99.26 0.562666085844
99.33 0.482255034175
99.4 0.778692274811
99.47 0.637988494659
99.54 0.643853187332
99.61 0.569219758793
99.68 0.616996498912
99.75 0.773612840517
99.82 0.672186054736
99.89 0.830927690926
99.96 0.654666116959
100.03 0.442755491137
100.1 0.774579363624
100.17 0.573201060851
100.24 0.496791444806
100.31 0.753427114927
100.38 0.852477470939
100.45 0.515281191988
100.52 0.406033467341
100.59 0.375586704779
100.66 0.580152588949
100.73 0.553068407758
100.8 0.588939027453
100.87 0.611347687693
100.94 0.524239731969
101.01 0.41756537503
101.08 0.417510795315
101.15 0.42300484274
101.22 0.312021995971
101.29 0.524886491458
101.36 0.623798584457
101.43 0.471712412464
101.5 0.473330107441
101.57 0.846401407806
101.64 0.642658759668
101.71 0.618806574189
101.78 0.733001436358
101.85 0.59553687351
101.92 0.443075344043
101.99 0.463746251524
102.06 0.628339519156
102.13 0.612747936692
102.2 0.495506492055
102.27 0.698357530262
102.34 0.523790175614
102.41 0.38269015681
102.48 0.376898700848
102.55 0.472588109308
102.62 0.506648159316
102.69 0.634964469833
102.76 0.731648700069
102.83 0.548237991079
102.9 0.394942869614
102.97 0.406868959688
103.04 0.505769492011
103.11 0.355637571244
103.18 0.493226207126
103.25 0.691686013052
103.32 0.440555050163
103.39 0.309616827762
103.46 0.704291838858
103.53 0.7469728398
103.6 0.467858389778
103.67 0.632546704153
103.74 0.580972745243
103.81 0.416216230213
103.88 0.499195978677
103.95 0.627931186771
104.02 0.430806161107
104.09 0.288633480867
104.16 0.680375683865
104.23 0.756329704019
104.3 0.622883078909
104.37 0.564866786683
104.44 0.492208777067
104.51 0.45991346983
104.58 0.454685018097
104.65 0.673490839876
104.72 0.615214343832
104.79 0.563995202374
104.86 0.42557244277
104.93 0.469351404036
105.0 0.555715675834
105.07 0.503057242944
105.14 0.728793042655
105.21 0.519685336245
105.28 0.51170293972
105.35 0.616134544279
105.42 0.713077965524
105.49 0.547232100373
105.56 0.425178027172
105.63 0.700645917659
105.7 0.521178927538
105.77 0.420755007364
105.84 0.543795118893
105.91 0.590021811643
105.98 0.598746474162
106.05 0.597266904936
106.12 0.82297659951
106.19 0.587549559533
106.26 0.514356190029
106.33 0.470422338367
106.4 0.433365859899
106.47 0.427834739687
106.54 0.60805809916
106.61 0.569719589094
106.68 0.485878774869
106.75 0.377216436184
106.82 0.531473933573
106.89 0.566541576072
106.96 0.462464647704
107.03 0.67708866067
107.1 0.632827232105
107.17 1.0
107.24 0.771000087886
107.31 0.711730002761
107.38 0.745258095118
107.45 0.809327397091
107.52 0.724620419748
107.59 0.504567311031
107.66 0.455486922517
107.73 0.665405953798
107.8 0.589106356736
107.87 0.477399501179
107.94 0.568554985973
108.01 0.951666115284
108.08 0.65329237822
108.15 0.653783996776
108.22 0.599363075947
108.29 0.516354838247
108.36 0.530577380871
108.43 0.580700494335
108.5 0.655467592268
108.57 0.518067004265
108.64 0.368673754022
108.71 0.37973309728
108.78 0.440708348051
108.85 0.483979269938
108.92 0.43894630255
108.99 0.606430161491
109.06 0.567910757172
109.13 0.55132671704
109.2 0.800408860378
109.27 0.606028319076
109.34 0.419892346431
109.41 0.601115884902
109.48 0.552079421624
109.55 0.393068887456
109.62 0.364446578053
109.69 0.809236864009
109.76 0.573850043188
109.83 0.475869342171
109.9 0.765765320759
109.97 0.711676006744
110.04 0.491175481897
110.11 0.313157690074
110.18 0.403248722511
110.25 0.415399772002
110.32 0.190181205572
110.39 0.724812809377
110.46 0.572134970677
110.53 0.445213405345
110.6 0.386233753705
110.67 0.498539281671
110.74 0.460604599658
110.81 0.463846398291
110.88 0.719547383471
110.95 0.636464806963
111.02 0.547730821915
111.09 0.732847504132
111.16 0.668470689525
111.23 0.506899722279
111.3 0.553396591013
111.37 0.645543367411
111.44 0.423548727543
111.51 0.29003212803
111.58 0.61195822462
111.65 0.580531191408
111.72 0.481458929416
111.79 0.65952053853
111.86 0.794049862541
111.93 0.559133807084
112.0 0.5567397811
112.07 0.415690214815
112.14 0.315705736238
112.21 0.241757804446
112.28 0.574471898251
112.35 0.647223152877
112.42 0.545235220572
112.49 0.407713356753
112.56 0.458853504481
112.63 0.513349211887
112.7 0.45787265813
112.77 0.659861271282
112.84 0.605367330961
112.91 0.492614121667
112.98 0.423720570487
113.05 0.828846281598
113.12 0.66045429995
113.19 0.58565879807
113.26 0.775240503661
113.33 0.478965204434
113.4 0.30123544201
113.47 0.580550336153
113.54 0.746681742658
113.61 0.681267029933
113.68 0.548589656831
113.75 0.93396495409
113.82 0.688957173916
113.89 0.594764845607
113.96 0.391819229747
114.03 0.339729956561
114.1 0.263742032644
114.17 0.399526984603
114.24 0.701269495828
114.31 0.500593627691
114.38 0.378766630143
114.45 0.483655465747
114.52 0.555531024861
114.59 0.55597343292
114.66 0.785389943802
114.73 0.745653584825
114.8 0.61882184894
114.87 0.590939214873
114.94 0.69343203086
115.01 0.734543849016
115.08 0.750648061814
115.15 0.792588881015
115.22 0.627236257579
115.29 0.530555397597
115.36 0.868243798843
115.43 0.759905156405
115.5 0.590153434097
115.57 0.828774990544
115.64 0.910737760715
115.71 0.620848591931
115.78 0.550302211981
115.85 0.544366673356
115.92 0.60393978544
115.99 0.408291750339
116.06 0.573081032388
116.13 0.699059222616
116.2 0.603839268199
116.27 0.487958027981
116.34 0.45748880106
116.41 0.549191033173
116.48 0.47926591526
116.55 0.573970704657
116.62 0.637349759011
116.69 0.694816137558
116.76 0.61154296116
116.83 0.855168928114
116.9 0.699434193624
116.97 0.491410454791
117.04 0.694161539465
117.11 0.564877549106
117.18 0.424006792821
117.25 0.557281602972
117.32 0.830760766766
117.39 0.624676857299
117.46 0.558152535619
117.53 0.711281160703
117.6 0.686377112343
117.67 0.534166606119
117.74 0.544112353155
117.81 0.53580726786
117.88 0.56351058419
117.95 0.518508955228
118.02 0.772100614881
118.09 0.63322205016
118.16 0.512305592733
118.23 0.468617626976
118.3 0.600929032404
118.37 0.559550508465
118.44 0.477842255726
118.51 0.755815130692
118.58 0.735011361399
118.65 0.611484030367
118.72 0.753240778161
118.79 0.778929591823
118.86 0.609482278425
118.93 0.739182509071
119.0 0.720468793958
119.07 0.463030936897
119.14 0.488298775392
119.21 0.890555454687
119.28 0.802047617773
119.35 0.721963204826
119.42 0.827120490641
119.49 0.78554124006
119.56 0.705036303713
119.63 0.630186640568
119.7 0.621401180224
119.77 0.560102083949
119.84 0.465016016146
119.91 0.712800665233
119.98 0.624068808415
120.05 0.490563072606
120.12 0.534506264761
120.19 0.586333734957
120.26 0.408683411364
120.33 0.365711189346
120.4 0.682784478195
120.47 0.57672975347
120.54 0.430429452333
120.61 0.691035050407
120.68 0.677239527817
120.75 0.606442477775
120.82 0.635452303684
120.89 0.683549244528
120.96 0.448521296392
121.03 0.36043816871
121.1 0.747664328108
121.17 0.748376612307
121.24 0.646169906713
121.31 0.644795357727
121.38 0.766848835237
121.45 0.539883315484
121.52 0.466978232578
121.59 0.452828686791
121.66 0.406952856209
121.73 0.354465160169
121.8 0.610545211569
121.87 0.584065016034
121.94 0.45789289964
122.01 0.359177510035
122.08 0.496182397773
122.15 0.495029544562
122.22 0.320008591654
122.29 0.71222353899
122.36 0.687674759849
122.43 0.558830926715
122.5 0.504540563559
122.57 0.623235153783
122.64 0.667820303915
122.71 0.711637028278
122.78 0.710779632615
122.85 0.49564239629
122.92 0.430358430473
122.99 0.86043083451
123.06 0.704485406544
123.13 0.558053806784
123.2 0.669485034516
123.27 0.75024340086
123.34 0.649673199162
123.41 0.575109145336
123.48 0.56303933641
123.55 0.549470936116
123.62 0.471094170196
123.69 0.674448666157
123.76 0.66876102706
123.83 0.639019171186
123.9 0.44505327633
123.97 0.558611504429
124.04 0.587338239714
124.11 0.533986740666
124.18 0.74170706874
124.25 0.648763965031
124.32 0.608313338884
124.39 0.562586545732
124.46 0.847363407924
124.53 0.625183384129
124.6 0.458266741899
124.67 0.704840141372
124.74 0.5157674933
124.81 0.389065459531
124.88 0.543261797948
124.95 0.811967883348
125.02 0.537507906519
125.09 0.505269299231
125.16 0.871177683716
125.23 0.724822966779
125.3 0.553878033509
125.37 0.553916876046
125.44 0.555440155953
125.51 0.512889054359
125.58 0.508471522374
125.65 0.722844901228
125.72 0.597925788809
125.79 0.512926143138
125.86 0.441275631395
125.93 0.586115641315
126.0 0.549411320345
126.07 0.640610746366
126.14 0.721842088927
126.21 0.563147151203
126.28 0.473452016262
126.35 0.569862021946
126.42 0.666478214108
126.49 0.57499692616
126.56 0.832817069105
126.63 0.613068534545
126.7 0.372541143115
126.77 0.78846580443
126.84 0.833702940676
126.91 0.596029085092
126.98 0.751814627918
127.05 0.872628771702
127.12 0.755049102346
127.19 0.712044331863
127.26 0.674833754589
127.33 0.628974643342
127.4 0.503076426335
127.47 0.591589692436
127.54 0.6821684108
127.61 0.534006162601
127.68 0.501361809587
127.75 0.921090352907
127.82 0.664162840697
127.89 0.513291035369
127.96 0.874620085054
128.03 0.770248689292
128.1 0.602695150462
128.17 0.748723737745
128.24 0.856272433566
128.31 0.764379825447
128.38 0.539168010185
128.45 0.689442510394
128.52 0.510153025616
128.59 0.435298972747
128.66 0.703274879222
128.73 0.781602439976
128.8 0.630130632261
128.87 0.637960927612
128.94 0.770376312486
129.01 0.72569647809
129.08 0.722137875638
129.15 0.68137157442
129.22 0.615590026471
129.29 0.614270655556
129.36 0.744091648952
129.43 0.741578608646
129.5 0.583118563858
129.57 0.600338277224
129.64 0.851562539761
129.71 0.709782890502
129.78 0.58890274359
129.85 0.855920346698
129.92 0.76059611832
129.99 0.688531379913
130.06 0.610310411918
130.13 0.610792793928
130.2 0.629901335092
130.27 0.658028218579
130.34 0.709484367875
130.41 0.579065147173
130.48 0.620969527924
130.55 0.795787749895
130.62 0.726556789574
130.69 0.71216353542
130.76 0.909367224317
130.83 0.656687060289
130.9 0.4607630682
130.97 0.416530841834
131.04 0.427227221195
131.11 0.530728268008
131.18 0.558530932851
131.25 0.743492851273
131.32 0.66084575175
131.39 0.554624945096
131.46 0.476133185436
131.53 0.485812513209
131.6 0.39948152283
131.67 0.391558792716
131.74 0.651525877694
131.81 0.47590215983
131.88 0.339516472531
131.95 0.727280903641
132.02 0.767519575632
132.09 0.521127151703
132.16 0.609352574976
132.23 0.639703918988
132.3 0.444636586942
132.37 0.370891199517
132.44 0.750272004703
132.51 0.648937893561
132.58 0.575374505149
132.65 0.691994197338
132.72 0.72426153507
132.79 0.532009108224
132.86 0.373808270437
132.93 0.459775746537
133.0 0.435831570066
133.07 0.239994394318
133.14 0.734720221613
133.21 0.668317711471
133.28 0.52974936998
133.35 0.519701730416
133.42 0.718657250108
133.49 0.566321179623
133.56 0.422527700681
133.63 0.798043674116
133.7 0.536299319526
133.77 0.444259154543
133.84 0.71637704114
133.91 0.905668101356
133.98 0.619258113516
134.05 0.64683981154
134.12 0.637816289236
134.19 0.455695986171
134.26 0.372387078957
134.33 0.773768810353
134.4 0.811249839468
134.47 0.728067125522
134.54 0.739166193526
134.61 0.708150740349
134.68 0.59494994568
134.75 0.620441215051
134.82 0.890923907739
134.89 0.552790924894
134.96 0.31366417426
135.03 0.67853972067
135.1 0.634234484142
135.17 0.482799386735
135.24 0.50949618735
135.31 0.758459144455
135.38 0.49774338747
135.45 0.326565948028
135.52 0.703812465956
135.59 0.603692588215
135.66 0.365666920288
135.73 0.681888117393
135.8 0.855374740121
135.87 0.680690703276
135.94 0.685279707731
136.01 0.706742968582
136.08 0.471595907508
136.15 0.366223894307
136.22 0.749619549499
136.29 0.69404973474
136.36 0.574228108593
136.43 0.622332155088
136.5 0.68308405894
136.57 0.431641117732
136.64 0.406050494517
136.71 0.778950454345
136.78 0.416588238756
136.85 0.275897170682
136.92 0.706785430576
136.99 0.680765920295
137.06 0.567817966593
137.13 0.625159886973
137.2 0.806195927947
137.27 0.567642152374
137.34 0.572148490337
137.41 0.807198151221
137.48 0.644481865525
137.55 0.568273377247
137.62 0.820054527182
137.69 0.868095883499
137.76 0.617981147293
137.83 0.661539240355
137.9 0.627031794207
137.97 0.473417807324
138.04 0.43026009077
138.11 0.831443938052
138.18 0.763145952891
138.25 0.69381748177
138.32 0.756918644139
138.39 0.72878339832
138.46 0.620206539336
138.53 0.644711094729
138.6 0.922551903471
138.67 0.593430281233
138.74 0.335352329228
138.81 0.657813259313
138.88 0.603835546128
138.95 0.468728286961
139.02 0.559329676243
139.09 0.744647528872
139.16 0.495982242834
139.23 0.385013115623
139.3 0.703072450796
139.37 0.639762326052
139.44 0.441619974276
139.51 0.769509638965
139.58 0.748237189894
139.65 0.663362742008
139.72 0.739956200112
139.79 0.713283584298
139.86 0.509913183245
139.93 0.354964086938
140.0 0.876710954812
140.07 0.801827601128
140.14 0.682035578306
140.21 0.577613423516
140.28 0.582755012265
140.35 0.507584514058
140.42 0.431777896181
140.49 0.954255610633
140.56 0.674074020314
140.63 0.374442977505
140.7 0.712935342104
140.77 0.616899963607
140.84 0.535975559312
140.91 0.771338928285
140.98 0.853914583501
141.05 0.563976661316
141.12 0.429609458621
141.19 0.507035943683
141.26 0.550880360361
141.33 0.465108261674
141.4 0.900605834165
141.47 0.780588453466
141.54 0.608577370052
141.61 0.711141514407
141.68 0.621662679371
141.75 0.403779053005
141.82 0.573975095714
141.89 0.92208944447
141.96 0.755560374717
142.03 0.662621690052
142.1 0.904020926989
142.17 0.690586048432
142.24 0.642479441931
142.31 0.749084425489
142.38 0.907644759636
142.45 0.623258188512
142.52 0.478151606074
142.59 0.680509271968
142.66 0.596307464824
142.73 0.428106207002
142.8 0.720702376906
142.87 0.591970056649
142.94 0.394525892376
143.01 0.534296734681
143.08 0.589114789699
143.15 0.387396552427
143.22 0.496465357798
143.29 0.912981649839
143.36 0.610994818564
143.43 0.616396324614
143.5 0.737661050887
143.57 0.515420768987
143.64 0.362559647938
143.71 0.875314787697
143.78 0.794218898939
143.85 0.553875004413
143.92 0.477620737192
143.99 0.475069320775
144.06 0.422632429073
144.13 0.543356771396
144.2 0.999003085975
144.27 0.546839215982
144.34 0.346471107018
144.41 0.713518314651
144.48 0.658635020109
144.55 0.557215518553
144.62 0.851014121307
144.69 0.670383087775
144.76 0.437704893899
144.83 0.307004380307
144.9 0.631689099266
144.97 0.563188985523
145.04 0.517514261386
145.11 0.876903885495
145.18 0.722302078541
145.25 0.573951229416
145.32 0.686836779458
145.39 0.584536495694
145.46 0.449266067754
145.53 0.551535647431
145.6 0.875145194254
145.67 0.705146110806
145.74 0.666437924322
145.81 0.823112860893
145.88 0.662105161738
145.95 0.559501511191
146.02 0.814223222538
146.09 0.868627293433
146.16 0.604984182857
146.23 0.548582232679
146.3 0.676652369441
146.37 0.581878833004
146.44 0.42695203714
146.51 0.757496601951
146.58 0.653326736414
146.65 0.439166447128
146.72 0.604788814772
146.79 0.713935485122
146.86 0.557033147732
146.93 0.63058114412
147.0 0.915306441036
147.07 0.688136200711
147.14 0.6034786884
147.21 0.759807404398
147.28 0.546582469039
147.35 0.354338977562
147.42 0.629404619178
147.49 0.822164456396
147.56 0.630865651344
147.63 0.680378065298
147.7 0.763028161935
147.77 0.565309581209
147.84 0.450047705344
147.91 0.912967750376
147.98 0.741016441318
148.05 0.534884948511
148.12 0.680328676226
148.19 0.751398318334
148.26 0.621408603044
148.33 0.587526592769
148.4 0.923303991042
148.47 0.588478128976
148.54 0.457018925902
148.61 0.479896032707
148.68 0.527022902948
148.75 0.458834115863
148.82 0.509572743675
148.89 0.952852149965
148.96 0.620680528362
149.03 0.587813757281
149.1 0.765145880445
149.17 0.552044050622
149.24 0.372438942746
149.31 0.770305358591
149.38 0.805168157914
149.45 0.69619914616
149.52 0.735208400618
149.59 0.72235461798
149.66 0.607694154438
149.73 0.569290251594
149.8 0.931781488319
149.87 0.678183237415
149.94 0.329809734963
150.01 0.65230694891
150.08 0.628172433747
150.15 0.503995135556
150.22 0.483001908447
150.29 0.790772141191
150.36 0.564603772322
150.43 0.380515611749
150.5 0.749829527346
150.57 0.462382253071
150.64 0.386350048103
150.71 0.762487222272
150.78 0.784258516821
150.85 0.661164841051
150.92 0.723423877179
150.99 0.608475589466
151.06 0.388171085699
151.13 0.43697972038
151.2 0.920655755467
151.27 0.666656720266
151.34 0.49638693444
151.41 0.461335043778
151.48 0.433158319455
151.55 0.378779750011
151.62 0.606353607831
151.69 0.925945258228
151.76 0.477987284566
151.83 0.498572481799
151.9 0.731011154471
151.97 0.555299827344
152.04 0.420447727942
152.11 0.879803364198
152.18 0.641385650112
152.25 0.384532172867
152.32 0.438248139033
152.39 0.504962380956
152.46 0.413550526357
152.53 0.387272817885
152.6 0.865211594256
152.67 0.681799717872
152.74 0.512963919561
152.81 0.582741182099
152.88 0.535528946765
152.95 0.377298585611
153.02 0.465849024447
153.09 0.735915791352
153.16 0.52783180774
153.23 0.461982600188
153.3 0.611890057281
153.37 0.432841870119
153.44 0.39153018754
153.51 0.492427940821
153.58 0.462205881808
153.65 0.304470606747
153.72 0.333410650153
153.79 0.398595844491
153.86 0.275241088025
153.93 0.170922479573
154.0 0.351843428193
154.07 0.300417689803
154.14 0.190524325086
154.21 0.208437980157
154.28 0.275640417076
154.35 0.201159270951
154.42 0.167315244991
154.49 0.248582523595
154.56 0.171167132784
154.63 0.141506424189
154.7 0.196561177873
154.77 0.115235144385
154.84 0.0841080623923
154.91 0.138139486408
154.98 0.134124084689
155.05 0.111305187718
155.12 0.0960191469093
155.19 0.114104385058
155.26 0.0700528930286
155.33 0.0501703996252
155.4 0.0895201203068
155.47 0.0476749248834
155.54 0.0324120653947
155.61 0.0549173448953
155.68 0.0460498723861
155.75 0.033191541438
155.82 0.0259259174513
155.89 0.0375154606043
155.96 0.022549837742
156.03 0.0142840654069
156.1 0.0252025643228
156.17 0.0168361228253
156.24 0.00954080755917
156.31 0.0113841749167
156.38 0.0148110069907
156.45 0.00741366726453
156.52 0.00593421664365
156.59 0.00536701858913
156.66 0.00273173230341
156.73 0.00148323932408
156.8 0.00228959610333
156.87 0.00126619847028
156.94 0.000789777371389
157.01 0.000492983182405
157.08 0.000336688180935
157.15 0.000271745836742
157.22 0.00019977780022
157.29 0.000157439741552
157.36 9.50560713482e-05
157.43 2.69513660215e-05
157.5 0.0
157.57 0.0
157.64 0.0
157.71 0.0
157.78 0.0
157.85 0.0
157.92 0.0
157.99 0.0
158.06 0.0
158.13 0.0
158.2 0.0
158.27 0.0
158.34 0.0
158.41 0.0
158.48 0.0
158.55 0.0
158.62 0.0
158.69 0.0
158.76 0.0
158.83 0.0
158.9 0.0
158.97 0.0
159.04 0.0
159.11 0.0
159.18 0.0
159.25 0.0
159.32 0.0
159.39 0.0
159.46 0.0
159.53 0.0
159.6 0.0
159.67 0.0
159.74 0.0
159.81 0.0
159.88 0.0
159.95 0.0
160.02 0.0
160.09 0.0
160.16 0.0
160.23 0.0
160.3 0.0
160.37 0.0
160.44 0.0
