0.0 0.0
0.07 0.0
0.14 0.0
0.21 0.0
0.28 0.0
0.35 0.0729333656605
0.42 0.123037042597
0.49 0.0845495315692
0.56 0.0760576926005
0.63 0.076010680822
0.7 0.0759464819608
0.77 0.0954838291178
0.84 0.124611617882
0.91 0.119969870689
0.98 0.0946427204861
1.05 0.0888491441494
1.12 0.0845123755058
1.19 0.0917700062292
1.26 0.220001430499
1.33 0.235424506145
1.4 0.173799320149
1.47 0.179409352977
1.54 0.136077707728
1.61 0.0952998022609
1.68 0.0866279020067
1.75 0.159730607092
1.82 0.159798395783
1.89 0.14980877743
1.96 0.145212128028
2.03 0.155318097446
2.1 0.191737799368
2.17 0.197521567619
2.24 0.169362140345
2.31 0.166505471834
2.38 0.131408402637
2.45 0.112501413749
2.52 0.12578339131
2.59 0.161980407347
2.66 0.147583398604
2.73 0.128960399666
2.8 0.113432238142
2.87 0.119364108489
2.94 0.182014167131
3.01 0.181668456801
3.08 0.125250798136
3.15 0.0911101901859
3.22 0.108527466664
3.29 0.104856014354
3.36 0.104471345107
3.43 0.127025541282
3.5 0.130850393114
3.57 0.147600910271
3.64 0.202904042271
3.71 0.292296430894
3.78 0.256473835006
3.85 0.266489317776
3.92 0.244217559192
3.99 0.217231720548
4.06 0.192129852904
4.13 0.0983731218623
4.2 0.187120724098
4.27 0.160749483752
4.34 0.119504833352
4.41 0.0878121101826
4.48 0.0865735888492
4.55 0.0771890341352
4.62 0.0659210993755
4.69 0.217395242155
4.76 0.344092738246
4.83 0.349681493173
4.9 0.314824372798
4.97 0.285255089632
5.04 0.269812233757
5.11 0.24393595423
5.18 0.238025245357
5.25 0.240261286066
5.32 0.176462555919
5.39 0.125447670763
5.46 0.114721144106
5.53 0.176378038797
5.6 0.418218312023
5.67 0.496860050684
5.74 0.40268982415
5.81 0.385752215991
5.88 0.322730280952
5.95 0.259091133301
6.02 0.243332943938
6.09 0.281912594523
6.16 0.260011966147
6.23 0.243255347161
6.3 0.192797238461
6.37 0.298083639031
6.44 0.315104284279
6.51 0.29778856559
6.58 0.312877771172
6.65 0.308916110655
6.72 0.298157012686
6.79 0.226459531113
6.86 0.179903821628
6.93 0.294904736091
7.0 0.248895315819
7.07 0.199053246641
7.14 0.169233125207
7.21 0.240831423394
7.28 0.318846127246
7.35 0.213728261696
7.42 0.159888871847
7.49 0.176369483182
7.56 0.176905535647
7.63 0.148499027519
7.7 0.164879010716
7.77 0.242607071495
7.84 0.275887635563
7.91 0.221515758382
7.98 0.25988380657
8.05 0.34470711251
8.12 0.307770316306
8.19 0.315302767478
8.26 0.311810563229
8.33 0.294770838078
8.4 0.238780824304
8.47 0.161464500267
8.54 0.317788139962
8.61 0.423354340877
8.68 0.314152233142
8.75 0.251404077765
8.82 0.199729528273
8.89 0.180586203325
8.96 0.175241198736
9.03 0.320136052828
9.1 0.421339341964
9.17 0.456391710281
9.24 0.406064167313
9.31 0.392874888512
9.38 0.377220684264
9.45 0.313186680011
9.52 0.288588671025
9.59 0.232319509602
9.66 0.233405472863
9.73 0.196744634916
9.8 0.177492022136
9.87 0.178104418907
9.94 0.317080102006
10.01 0.466225852832
10.08 0.407651870615
10.15 0.382579783566
10.22 0.375447862161
10.29 0.336679845171
10.36 0.310472735026
10.43 0.277918540862
10.5 0.279882280178
10.57 0.280966061317
10.64 0.212125796872
10.71 0.222638032729
10.78 0.506268084827
10.85 0.462778218924
10.92 0.387908902936
10.99 0.319274984036
11.06 0.289594343814
11.13 0.258252040972
11.2 0.234004866864
11.27 0.250559241708
11.34 0.339081882441
11.41 0.281835228836
11.48 0.247510426445
11.55 0.198957298512
11.62 0.304104643004
11.69 0.321310627558
11.76 0.296032743582
11.83 0.276176547197
11.9 0.24151052044
11.97 0.195656782364
12.04 0.186218971155
12.11 0.282386714924
12.18 0.316504346197
12.25 0.29146028099
12.32 0.262568874152
12.39 0.304011729031
12.46 0.319383862609
12.53 0.288526405556
12.6 0.258444697533
12.67 0.23789685469
12.74 0.203904992713
12.81 0.16820440518
12.88 0.155630192149
12.95 0.308038066465
13.02 0.36736802454
13.09 0.288191829874
13.16 0.259801069369
13.23 0.244051627901
13.3 0.194289623398
13.37 0.175869741804
13.44 0.17511155207
13.51 0.361535388736
13.58 0.445230346724
13.65 0.420250714996
13.72 0.400185288854
13.79 0.37084405956
13.86 0.371122035884
13.93 0.326029142427
14.0 0.31642108331
14.07 0.271610320501
14.14 0.256910245434
14.21 0.245065152451
14.28 0.231215508988
14.35 0.447810750034
14.42 0.584313110835
14.49 0.450858390444
14.56 0.422366975339
14.63 0.383279631064
14.7 0.353815026282
14.77 0.382624313334
14.84 0.415791798639
14.91 0.415958095087
14.98 0.393591662015
15.05 0.375282368353
15.12 0.326163387956
15.19 0.426249073934
15.26 0.349680581162
15.33 0.431815388454
15.4 0.411226884392
15.47 0.367612131215
15.54 0.30679762056
15.61 0.300184804448
15.68 0.324306309809
15.75 0.377173723643
15.82 0.396728194377
15.89 0.37236147452
15.96 0.266057993088
16.03 0.320333378814
16.1 0.311594797688
16.17 0.297757654243
16.24 0.315119449767
16.31 0.294552564067
16.38 0.247905988664
16.45 0.224914688793
16.52 0.296884766355
16.59 0.345553998387
16.66 0.355261170328
16.73 0.326064163997
16.8 0.330494172962
16.87 0.35069883335
16.94 0.342300836241
17.01 0.323770650726
17.08 0.306558913624
17.15 0.254710263552
17.22 0.246377193855
17.29 0.257495322452
17.36 0.386278869629
17.43 0.390824047749
17.5 0.377127380437
17.57 0.327551817767
17.64 0.260681602624
17.71 0.221220312728
17.78 0.171186932954
17.85 0.194690366615
17.92 0.290170560038
17.99 0.312529386551
18.06 0.235656054589
18.13 0.264926577463
18.2 0.254406197014
18.27 0.252564675973
18.34 0.248124611957
18.41 0.263360111489
18.48 0.245260537988
18.55 0.207179272232
18.62 0.191970630273
18.69 0.157489552969
18.76 0.301431881395
18.83 0.424728965278
18.9 0.376339034368
18.97 0.322711666757
19.04 0.276387071762
19.11 0.286314465219
19.18 0.259930276787
19.25 0.235740007218
19.32 0.315048621628
19.39 0.310442215297
19.46 0.244609573919
19.53 0.261892483149
19.6 0.338092408871
19.67 0.405750239768
19.74 0.393250016043
19.81 0.338144375849
19.88 0.263547682311
19.95 0.234616591534
20.02 0.255336822069
20.09 0.214497065684
20.16 0.292560203134
20.23 0.33589270218
20.3 0.298036851286
20.37 0.225199135631
20.44 0.205000725251
20.51 0.290273738984
20.58 0.34081847284
20.65 0.356271175609
20.72 0.309655857306
20.79 0.253194743175
20.86 0.244616434287
20.93 0.218848020771
21.0 0.211134633347
21.07 0.263278637343
21.14 0.333918443868
21.21 0.272392335416
21.28 0.246788870618
21.35 0.164957766471
21.42 0.29373165727
21.49 0.336593438757
21.56 0.297392333034
21.63 0.236654307808
21.7 0.20567550921
21.77 0.173967774024
21.84 0.166273754042
21.91 0.178211888009
21.98 0.13906304386
22.05 0.215068164415
22.12 0.336328089461
22.19 0.294239366836
22.26 0.299591159467
22.33 0.244709676372
22.4 0.212338175448
22.47 0.162739860135
22.54 0.117935089784
22.61 0.121805993754
22.68 0.0878806291881
22.75 0.0520865878847
22.82 0.051220664443
22.89 0.129044682171
22.96 0.338928486448
23.03 0.320707738986
23.1 0.271857119108
23.17 0.214116384941
23.24 0.13944217048
23.31 0.265668462136
23.38 0.259630421023
23.45 0.217038508313
23.52 0.225032382295
23.59 0.226348440428
23.66 0.257312108819
23.73 0.225480497156
23.8 0.229934424796
23.87 0.350615448744
23.94 0.247379216836
24.01 0.304180398119
24.08 0.303318498462
24.15 0.258488272953
24.22 0.215465566532
24.29 0.200706831703
24.36 0.29144917104
24.43 0.224492766461
24.5 0.321104767126
24.57 0.35964248638
24.64 0.250886343136
24.71 0.234781780162
24.78 0.209875467404
24.85 0.266975654182
24.92 0.176847500357
24.99 0.21807795902
25.06 0.325862572551
25.13 0.278485626393
25.2 0.245471660564
25.27 0.208722126474
25.34 0.251692343759
25.41 0.287750427201
25.48 0.176178839396
25.55 0.198903440478
25.62 0.192561558625
25.69 0.199687143583
25.76 0.195448549292
25.83 0.135331633451
25.9 0.161232184463
25.97 0.0927236785225
26.04 0.230411773398
26.11 0.29763768336
26.18 0.260120851776
26.25 0.218898620615
26.32 0.182569363004
26.39 0.232588205289
26.46 0.142605223482
26.53 0.240144841508
26.6 0.435478061117
26.67 0.363594942114
26.74 0.263550981074
26.81 0.336657281281
26.88 0.666060662792
26.95 0.57004113049
27.02 0.374953617544
27.09 0.549560675901
27.16 0.474451883854
27.23 0.457352812728
27.3 0.327785625952
27.37 0.231206402992
27.44 0.204482951813
27.51 0.273988807782
27.58 0.655869445938
27.65 0.553623082747
27.72 0.389344478593
27.79 0.5313377569
27.86 0.220316989785
27.93 0.280466674511
28.0 0.302273531589
28.07 0.255975026807
28.14 0.466986325239
28.21 0.448459011588
28.28 0.405984861177
28.35 0.418703399486
28.42 0.438678291351
28.49 0.407423638574
28.56 0.434184459266
28.63 0.651985823209
28.7 0.459165077095
28.77 0.445012190904
28.84 0.2570381651
28.91 0.278763814402
28.98 0.521810598615
29.05 0.59148079118
29.12 0.425452503891
29.19 0.276696179938
29.26 0.251860783521
29.33 0.186537024799
29.4 0.362618409572
29.47 0.432220686434
29.54 0.41478859022
29.61 0.608284210259
29.68 0.624751450139
29.75 0.446661789226
29.82 0.41511517831
29.89 0.38780965428
29.96 0.3679274894
30.03 0.572759026934
30.1 0.443406123901
30.17 0.520806629893
30.24 0.467323485246
30.31 0.409818155724
30.38 0.321693128794
30.45 0.505789857731
30.52 0.545595393801
30.59 0.423910379963
30.66 0.693460130997
30.73 0.437072189068
30.8 0.310680548255
30.87 0.203209710561
30.94 0.370911087948
31.01 0.394784801547
31.08 0.424347929963
31.15 0.49750687807
31.22 0.517452640273
31.29 0.468229604199
31.36 0.490468458066
31.43 0.208022534762
31.5 0.268674915641
31.57 0.28653544351
31.64 0.50666204353
31.71 0.560635834144
31.78 0.497234179767
31.85 0.446391544707
31.92 0.407704716088
31.99 0.28179008518
32.06 0.285681415018
32.13 0.226112157289
32.2 0.54409460143
32.27 0.482720818195
32.34 0.514257067115
32.41 0.565233201512
32.48 0.472948299
32.55 0.253014918271
32.62 0.192750447188
32.69 0.67273017705
32.76 0.563396436335
32.83 0.508711040867
32.9 0.419364707911
32.97 0.381412878899
33.04 0.563500724865
33.11 0.534941120632
33.18 0.514437325973
33.25 0.50155843428
33.32 0.482137043042
33.39 0.399690338619
33.46 0.430774217804
33.53 0.295325594704
33.6 0.425230391319
33.67 0.321960245662
33.74 0.629278019356
33.81 0.483817365722
33.88 0.386714174
33.95 0.335380448435
34.02 0.249273225248
34.09 0.360906923287
34.16 0.301585986534
34.23 0.283437025087
34.3 0.303252207445
34.37 0.246078250101
34.44 0.218558177721
34.51 0.322347469244
34.58 0.576001915286
34.65 0.612034633537
34.72 0.559398279507
34.79 0.665053116589
34.86 0.519959747545
34.93 0.460680045326
35.0 0.316262236421
35.07 0.426996790537
35.14 0.306113506571
35.21 0.358732296013
35.28 0.569839417326
35.35 0.534445976352
35.42 0.445415484929
35.49 0.542802768916
35.56 0.542239772439
35.63 0.5237324066
35.7 0.378168993863
35.77 0.570616462928
35.84 0.51578814989
35.91 0.365554535926
35.98 0.210362417698
36.05 0.222607160191
36.12 0.348910671119
36.19 0.411278248068
36.26 0.319760480757
36.33 0.457708706885
36.4 0.385231297262
36.47 0.291165807325
36.54 0.221781548688
36.61 0.394656514959
36.68 0.39718381701
36.75 0.51701969972
36.82 0.585558894738
36.89 0.461668142942
36.96 0.283023277336
37.03 0.249490236204
37.1 0.305472472307
37.17 0.376873926092
37.24 0.36625849012
37.31 0.36596855534
37.38 0.283941949228
37.45 0.352143696699
37.52 0.245887366405
37.59 0.42633747901
37.66 0.530934884481
37.73 0.433903776899
37.8 0.633295822344
37.87 0.533855741269
37.94 0.326914152827
38.01 0.246255116703
38.08 0.349150332402
38.15 0.517782514777
38.22 0.45417255853
38.29 0.312735557455
38.36 0.28096410852
38.43 0.208303756927
38.5 0.178217448276
38.57 0.287342700133
38.64 0.516745408485
38.71 0.60907382644
38.78 0.494737406265
38.85 0.655249035115
38.92 0.603527427979
38.99 0.417451056867
39.06 0.235040558393
39.13 0.316043798353
39.2 0.404344187155
39.27 0.324534238435
39.34 0.54122376588
39.41 0.500154599071
39.48 0.529843584986
39.55 0.416457494241
39.62 0.159771527626
39.69 0.261101416924
39.76 0.24729184549
39.83 0.490824452773
39.9 0.586127109258
39.97 0.460788271203
40.04 0.394808769616
40.11 0.267233232863
40.18 0.335536437573
40.25 0.37566682415
40.32 0.37798545741
40.39 0.494497411577
40.46 0.467223204624
40.53 0.467612326318
40.6 0.283879879568
40.67 0.306082535247
40.74 0.54038001471
40.81 0.507215041404
40.88 0.696195025771
40.95 0.623003564565
41.02 0.45088416313
41.09 0.305674252505
41.16 0.338861676802
41.23 0.526128878312
41.3 0.479467571376
41.37 0.408254718615
41.44 0.475009900434
41.51 0.392134134592
41.58 0.415557279544
41.65 0.293050423966
41.72 0.276738287673
41.79 0.275717795149
41.86 0.231747059613
41.93 0.411335374876
42.0 0.383627519989
42.07 0.309541877117
42.14 0.240250520105
42.21 0.309026299913
42.28 0.463807057141
42.35 0.321901744663
42.42 0.388987820605
42.49 0.394122683426
42.56 0.320573964457
42.63 0.253037483925
42.7 0.145480082817
42.77 0.554738163322
42.84 0.425581106243
42.91 0.366916871995
42.98 0.514287805585
43.05 0.339072413052
43.12 0.198834561607
43.19 0.242323365556
43.26 0.59351133485
43.33 0.481013773774
43.4 0.360566963741
43.47 0.563268437287
43.54 0.496077485388
43.61 0.424368881516
43.68 0.352786390929
43.75 0.1940251279
43.82 0.440143338895
43.89 0.40145408295
43.96 0.742313809728
44.03 0.716031868828
44.1 0.581165255073
44.17 0.41133497973
44.24 0.307702469401
44.31 0.429990108969
44.38 0.374899314971
44.45 0.382463716512
44.52 0.606475793272
44.59 0.567599469258
44.66 0.580826302797
44.73 0.505234559544
44.8 0.433482057432
44.87 0.453299206698
44.94 0.36341213774
45.01 0.640225914157
45.08 0.492027709099
45.15 0.389842510613
45.22 0.358114037323
45.29 0.382573406546
45.36 0.448691784278
45.43 0.547127303913
45.5 0.597463016169
45.57 0.619560210228
45.64 0.531729678132
45.71 0.575059959775
45.78 0.376939163975
45.85 0.490862845431
45.92 0.369775366292
45.99 0.606307168285
46.06 0.579099839776
46.13 0.416763596486
46.2 0.28171283592
46.27 0.275404571458
46.34 0.421869223803
46.41 0.529045339101
46.48 0.28835941231
46.55 0.452096252025
46.62 0.551828107777
46.69 0.424872373253
46.76 0.448248257697
46.83 0.549165173659
46.9 0.530271887866
46.97 0.41393177101
47.04 0.664432689889
47.11 0.57793803849
47.18 0.414527441114
47.25 0.311644887724
47.32 0.279329464001
47.39 0.442642968384
47.46 0.370721537869
47.53 0.535942813737
47.6 0.599201912173
47.67 0.60738608419
47.74 0.425910476231
47.81 0.221243746291
47.88 0.340808204338
47.95 0.349018447164
48.02 0.472759182876
48.09 0.672614145277
48.16 0.580465060058
48.23 0.419725670167
48.3 0.345097532541
48.37 0.265808444336
48.44 0.277186518961
48.51 0.241073840114
48.58 0.545253093369
48.65 0.542714755458
48.72 0.539923783482
48.79 0.498011874537
48.86 0.455627626876
48.93 0.437654032593
49.0 0.476104805635
49.07 0.652522232011
49.14 0.584102025304
49.21 0.588928778398
49.28 0.51983051543
49.35 0.489566265875
49.42 0.451373607782
49.49 0.473354454305
49.56 0.428162209878
49.63 0.541553658025
49.7 0.501348855243
49.77 0.474687473723
49.84 0.476640974527
49.91 0.480078749192
49.98 0.505758632385
50.05 0.403985371741
50.12 0.633726658392
50.19 0.658294907952
50.26 0.345078821324
50.33 0.325713958882
50.4 0.256745790647
50.47 0.277073309659
50.54 0.25796161226
50.61 0.334433486566
50.68 0.457220343592
50.75 0.40921365658
50.82 0.393874485932
50.89 0.458920515297
50.96 0.685868711355
51.03 0.587467400066
51.1 0.567426136038
51.17 0.781197004694
51.24 0.588418902585
51.31 0.475081409494
51.38 0.499545853872
51.45 0.533179464929
51.52 0.442208673045
51.59 0.481815189646
51.66 0.609962460186
51.73 0.47802780435
51.8 0.402099797224
51.87 0.472566374607
51.94 0.496041782897
52.01 0.565642787883
52.08 0.479456277965
52.15 0.680165372936
52.22 0.582639151063
52.29 0.512537757294
52.36 0.33483726394
52.43 0.339877427575
52.5 0.54015934689
52.57 0.613836507683
52.64 0.548567009197
52.71 0.558427702378
52.78 0.40123975687
52.85 0.28886667381
52.92 0.273707052875
52.99 0.460443377626
53.06 0.50848344741
53.13 0.360492588109
53.2 0.734620823476
53.27 0.591694533361
53.34 0.382028872556
53.41 0.320771389229
53.48 0.410144994309
53.55 0.435211621642
53.62 0.434439607094
53.69 0.467422832688
53.76 0.471655393948
53.83 0.557913451736
53.9 0.335957820108
53.97 0.334455201951
54.04 0.651382608289
54.11 0.516284814775
54.18 0.664335214097
54.25 0.620191048317
54.32 0.388358785369
54.39 0.300684498197
54.46 0.318756247429
54.53 0.453715556415
54.6 0.392519216625
54.67 0.381624523633
54.74 0.483371491197
54.81 0.354591646749
54.88 0.285074952492
54.95 0.309171172044
55.02 0.658726248516
55.09 0.492983032537
55.16 0.395090147017
55.23 0.720117670428
55.3 0.643859563
55.37 0.429680617995
55.44 0.272506012189
55.51 0.43646423416
55.58 0.379363484652
55.65 0.223262971854
55.72 0.623449227405
55.79 0.73755695865
55.86 0.536247547083
55.93 0.475114160739
56.0 0.299892717534
56.07 0.412214659188
56.14 0.39177790703
56.21 0.656165835356
56.28 0.661392402015
56.35 0.476203278111
56.42 0.428844810316
56.49 0.352011931416
56.56 0.468018799151
56.63 0.397625150884
56.7 0.41273503812
56.77 0.629034450715
56.84 0.459565799144
56.91 0.492229042993
56.98 0.384171290147
57.05 0.44880562158
57.12 0.563263831367
57.19 0.617447522075
57.26 0.732532928964
57.33 0.693709535097
57.4 0.447612429127
57.47 0.325286479811
57.54 0.350935762129
57.61 0.545182695656
57.68 0.44343025779
57.75 0.372266113818
57.82 0.729828961413
57.89 0.347560926797
57.96 0.316033706256
58.03 0.198083710298
58.1 0.126944277057
58.17 0.102433750552
58.24 0.141631677467
58.31 0.65345172455
58.38 0.527497637266
58.45 0.357853950171
58.52 0.265997846236
58.59 0.246638048366
58.66 0.571458716424
58.73 0.376416303033
58.8 0.520195275673
58.87 0.624240962203
58.94 0.341288740568
59.01 0.20084314822
59.08 0.23763969938
59.15 0.732383016958
59.22 0.539572934491
59.29 0.384564506188
59.36 0.771054394314
59.43 0.453135579249
59.5 0.375132258774
59.57 0.228946810528
59.64 0.594137332402
59.71 0.549555369656
59.78 0.52967148836
59.85 0.897118983093
59.92 0.901404218712
59.99 0.79981961907
60.06 0.641856243824
60.13 0.400878489434
60.2 0.235967702989
60.27 0.19311795052
60.34 0.767874577599
60.41 0.965469289548
60.48 0.7655671372
60.55 0.735348819828
60.62 0.479031238566
60.69 0.256666267534
60.76 0.250852558161
60.83 0.593120359146
60.9 0.872993044688
60.97 0.834053613756
61.04 0.662771937515
61.11 0.547046300766
61.18 0.31787495387
61.25 0.312062558709
61.32 0.420405942067
61.39 0.80709213127
61.46 0.835100367607
61.53 0.660464370105
61.6 0.442669224418
61.67 0.35321488609
61.74 0.577243435495
61.81 0.580418261729
61.88 0.588436446005
61.95 0.880779574677
62.02 0.630639111774
62.09 0.399252610451
62.16 0.301751166343
62.23 0.55929730738
62.3 0.598987575508
62.37 0.545742056437
62.44 0.759350927621
62.51 0.794791607935
62.58 0.713301086041
62.65 0.586530119272
62.72 0.491784879592
62.79 0.515407552057
62.86 0.18789056358
62.93 0.315249671511
63.0 0.869420544674
63.07 0.743908431612
63.14 0.599475965263
63.21 0.459258830753
63.28 0.436236725378
63.35 0.474073180605
63.42 0.611936834925
63.49 0.776940064343
63.56 0.649980494787
63.63 0.499100993673
63.7 0.242092736179
63.77 0.328394088904
63.84 0.721836013553
63.91 0.60671603669
63.98 0.852557559113
64.05 0.983037031942
64.12 0.768889583946
64.19 0.63109095406
64.26 0.498738371451
64.33 0.490976409306
64.4 0.383113738582
64.47 0.366096086917
64.54 0.881786762779
64.61 0.869341224425
64.68 0.712834335817
64.75 0.718222854084
64.82 0.569374247686
64.89 0.383311634355
64.96 0.360927698436
65.03 0.834809307367
65.1 0.805170799577
65.17 0.680397995683
65.24 0.631623857706
65.31 0.698614366552
65.38 0.469892598673
65.45 0.444412846296
65.52 0.503842945633
65.59 0.920607387097
65.66 0.776951079035
65.73 0.58698262131
65.8 0.363322799484
65.87 0.423227844794
65.94 0.7142108107
66.01 0.639290587924
66.08 0.864761599814
66.15 0.67616665867
66.22 0.593903644172
66.29 0.447813177359
66.36 0.428230750052
66.43 0.794098449692
66.5 0.75596691926
66.57 0.757518918307
66.64 0.94834038667
66.71 0.802969094224
66.78 0.667545742822
66.85 0.574182046125
66.92 0.586684723635
66.99 0.328873506729
67.06 0.313522432311
67.13 0.820324401593
67.2 0.855447818554
67.27 0.790543189682
67.34 0.539805835957
67.41 0.538857111808
67.48 0.662627455238
67.55 0.636271057559
67.62 0.673261807056
67.69 0.687781265164
67.76 0.528918005097
67.83 0.406233229783
67.9 0.357156612908
67.97 0.654554118119
68.04 0.631921404336
68.11 0.715818781106
68.18 0.942969418879
68.25 0.737992873381
68.32 0.58237153497
68.39 0.38505543793
68.46 0.270545282332
68.53 0.200927697095
68.6 0.362666523878
68.67 0.879738012408
68.74 0.829280224764
68.81 0.75220517611
68.88 0.540203414479
68.95 0.344161236083
69.02 0.201902514986
69.09 0.242889625514
69.16 0.744803061345
69.23 0.925832262038
69.3 0.652700224073
69.37 0.563257262066
69.44 0.531551721351
69.51 0.261899491697
69.58 0.178607220903
69.65 0.644441207188
69.72 0.902849443691
69.79 0.689688258705
69.86 0.376405120756
69.93 0.247152434839
70.0 0.50046611164
70.07 0.513313262885
70.14 0.561395733236
70.21 0.764021441083
70.28 0.719258700849
70.35 0.462960393535
70.42 0.354412289317
70.49 0.519396613473
70.56 0.722027586991
70.63 0.620488078083
70.7 0.570722769525
70.77 0.921339012088
70.84 0.755130143121
70.91 0.611740840792
70.98 0.391900033576
71.05 0.372526317396
71.12 0.187669218367
71.19 0.339384696508
71.26 0.816054073911
71.33 0.827411500398
71.4 0.642956905102
71.47 0.405450315206
71.54 0.582081635472
71.61 0.612385972931
71.68 0.614585561431
71.75 0.748973528248
71.82 0.868019777137
71.89 0.698878849701
71.96 0.355695742621
72.03 0.475197003784
72.1 0.665251890855
72.17 0.543474578696
72.24 0.476195195261
72.31 0.845908467196
72.38 0.746361350974
72.45 0.66648833238
72.52 0.636587581777
72.59 0.656304035872
72.66 0.586217602962
72.73 0.594208045878
72.8 0.830113164107
72.87 0.89673987235
72.94 0.643284384035
73.01 0.584764141661
73.08 0.506622338423
73.15 0.59026564696
73.22 0.67810403611
73.29 0.56640855595
73.36 0.84767383974
73.43 0.767755520491
73.5 0.66941301538
73.57 0.555700777556
73.64 0.580316811546
73.71 0.660098346806
73.78 0.62143625185
73.85 0.76750909057
73.92 0.69173467701
73.99 0.494304077623
74.06 0.458627101822
74.13 0.549560845249
74.2 0.47769949808
74.27 0.4534704901
74.34 0.575867936128
74.41 0.686913295431
74.48 0.509657644635
74.55 0.521425726504
74.62 0.450145628377
74.69 0.421322761713
74.76 0.580620001354
74.83 0.468279718931
74.9 0.475401087823
74.97 0.424199797878
75.04 0.391133928576
75.11 0.348429016485
75.18 0.294435428003
75.25 0.554958391895
75.32 0.488507355996
75.39 0.505551597099
75.46 0.565482963713
75.53 0.449914623259
75.6 0.402367351575
75.67 0.359884075764
75.74 0.539198309713
75.81 0.512134574403
75.88 0.34904085229
75.95 0.701821444806
76.02 0.494896942896
76.09 0.461596979635
76.16 0.340554280757
76.23 0.536114063621
76.3 0.671028267761
76.37 0.406739815653
76.44 0.745084982072
76.51 0.847421549664
76.58 0.715981133152
76.65 0.73378767774
76.72 0.642028866135
76.79 0.645101226096
76.86 0.601458847987
76.93 0.721921437395
77.0 0.890610333791
77.07 0.704290328768
77.14 0.671958557648
77.21 0.554735755402
77.28 0.54259125825
77.35 0.616794162433
77.42 0.556317901965
77.49 0.660378847477
77.56 0.669013353522
77.63 0.711321472091
77.7 0.699329473033
77.77 0.760318131897
77.84 0.676654725604
77.91 0.609183678765
77.98 0.600883102763
78.05 0.845731687033
78.12 0.663254082553
78.19 0.60673855295
78.26 0.641322029493
78.33 0.714126247712
78.4 0.6325908256
78.47 0.6910571923
78.54 0.694998493983
78.61 0.7723312448
78.68 0.751527544984
78.75 0.718781189956
78.82 0.743272809435
78.89 0.70222630001
78.96 0.644626364797
79.03 0.707095810008
79.1 0.841338347255
79.17 0.634755020317
79.24 0.503617927681
79.31 0.577235934779
79.38 0.598406455242
79.45 0.626992513082
79.52 0.613376014524
79.59 0.713005924398
79.66 0.737753206806
79.73 0.703795173905
79.8 0.668265162391
79.87 0.558855655978
79.94 0.625053265756
80.01 0.604138551109
80.08 0.824566485163
80.15 0.860613777947
80.22 0.744834246119
80.29 0.656961944983
80.36 0.415893091822
80.43 0.507571928718
80.5 0.541550422768
80.57 0.588136932465
80.64 0.861912398503
80.71 0.877114580532
80.78 0.805522625848
80.85 0.746773285288
80.92 0.648157829615
80.99 0.661748982386
81.06 0.595965859493
81.13 0.7437434335
81.2 0.802891377492
81.27 0.725073881435
81.34 0.714797805234
81.41 0.711511226799
81.48 0.599811003125
81.55 0.560759283723
81.62 0.491070228234
81.69 0.901477562379
81.76 0.786276704088
81.83 0.715073348941
81.9 0.695469379126
81.97 0.672433570655
82.04 0.749763236159
82.11 0.639089164063
82.18 0.812266319929
82.25 0.73183392115
82.32 0.627449065367
82.39 0.545440994067
82.46 0.581860533697
82.53 0.679234278645
82.6 0.682937940639
82.67 0.618014542336
82.74 0.817583655484
82.81 0.796007251379
82.88 0.759843290003
82.95 0.688512823121
83.02 0.553941623268
83.09 0.641453898855
83.16 0.5399902756
83.23 0.675786200197
83.3 0.693429736515
83.37 0.629047926248
83.44 0.517610538107
83.51 0.436824556068
83.58 0.47809473748
83.65 0.465394402343
83.72 0.393665016266
83.79 0.711356680649
83.86 0.642864121668
83.93 0.593517586623
84.0 0.522704531551
84.07 0.561741305971
84.14 0.579900288953
84.21 0.443417092728
84.28 0.726019587305
84.35 0.659729220553
84.42 0.566125541516
84.49 0.466201284988
84.56 0.475259600893
84.63 0.450249481188
84.7 0.351686805719
84.77 0.562181609644
84.84 0.772136905341
84.91 0.671112534389
84.98 0.716300746212
85.05 0.681822775389
85.12 0.538859426234
85.19 0.493273228395
85.26 0.546660416094
85.33 0.823102967046
85.4 0.69645779427
85.47 0.584938191084
85.54 0.62882244788
85.61 0.615095564255
85.68 0.698275310197
85.75 0.707706878453
85.82 0.651142565972
85.89 0.771771672334
85.96 0.709750054445
86.03 0.626716889993
86.1 0.651615215159
86.17 0.594983383885
86.24 0.483754290557
86.31 0.678972168135
86.38 0.859199668944
86.45 0.740791840006
86.52 0.704438552584
86.59 0.536979950018
86.66 0.588151127729
86.73 0.697403738286
86.8 0.629578136199
86.87 0.713894979751
86.94 0.730379475512
87.01 0.619289713452
87.08 0.703484305212
87.15 0.68910511508
87.22 0.68386895202
87.29 0.588879249328
87.36 0.681657747289
87.43 0.878033271829
87.5 0.728732715538
87.57 0.830746440105
87.64 0.65247477393
87.71 0.62807433084
87.78 0.529871190514
87.85 0.556343674651
87.92 0.725022879389
87.99 0.871359220449
88.06 0.635330603249
88.13 0.464785484267
88.2 0.46705660476
88.27 0.593355024656
88.34 0.565886827524
88.41 0.782920629367
88.48 0.82515965738
88.55 0.753162161278
88.62 0.684859625141
88.69 0.60705419691
88.76 0.65015527276
88.83 0.524280528656
88.9 0.525541022924
88.97 0.695401828581
89.04 0.719359376617
89.11 0.797909152125
89.18 0.709575874482
89.25 0.480979533675
89.32 0.497631578356
89.39 0.541523420543
89.46 0.699943113455
89.53 0.674213551249
89.6 0.55459452955
89.67 0.657342560456
89.74 0.559997082553
89.81 0.49466315588
89.88 0.520342465758
89.95 0.525409051248
90.02 0.808471537995
90.09 0.617659962392
90.16 0.664979647675
90.23 0.510524543594
90.3 0.52694560256
90.37 0.885687082187
90.44 0.791627678202
90.51 0.852011455125
90.58 0.595479059142
90.65 0.545529660221
90.72 0.530075306307
90.79 0.718155912134
90.86 0.656336681274
90.93 0.659112205515
91.0 0.562625407888
91.07 0.616174171452
91.14 0.543865005782
91.21 0.427815093605
91.28 0.394045427109
91.35 0.324735464723
91.42 0.394404888164
91.49 0.333470302547
91.56 0.456236790153
91.63 0.452569783234
91.7 0.366448468862
91.77 0.328407991336
91.84 0.296406982035
91.91 0.47340699107
91.98 0.348562602262
92.05 0.526763546141
92.12 0.5929385444
92.19 0.496157357782
92.26 0.58165638086
92.33 0.41221270992
92.4 0.562028098988
92.47 0.513130620803
92.54 0.485063364839
92.61 0.648979644895
92.68 0.441360943956
92.75 0.585792941069
92.82 0.53508755747
92.89 0.755586143259
92.96 0.554330131074
93.03 0.459461646445
93.1 0.832577846116
93.17 0.705793135678
93.24 0.659754582217
93.31 0.631197908061
93.38 0.652827679796
93.45 0.655367559482
93.52 0.598365854
93.59 0.822998459774
93.66 0.783921249933
93.73 0.676985901974
93.8 0.682873604182
93.87 0.645886363369
93.94 0.90596830033
94.01 0.720949207356
94.08 0.556714037499
94.15 0.76810041936
94.22 0.678366485316
94.29 0.69306025569
94.36 0.621250400972
94.43 0.50210433364
94.5 0.597035447131
94.57 0.528850428091
94.64 0.741514115563
94.71 0.741077366439
94.78 0.603744654148
94.85 0.529040170452
94.92 0.49423084862
94.99 0.723929420704
95.06 0.811465810775
95.13 0.738467316602
95.2 0.651123507238
95.27 0.616514083369
95.34 0.479743570206
95.41 0.691605178524
95.48 0.734530806063
95.55 0.718713475354
95.62 0.59174218196
95.69 0.756119766635
95.76 0.691892170878
95.83 0.656439669704
95.9 0.687725777153
95.97 0.642686644707
96.04 0.836384814067
96.11 0.721129228069
96.18 0.791700199824
96.25 0.872178483157
96.32 0.764526823875
96.39 0.714443655717
96.46 0.656320402674
96.53 0.762127132783
96.6 0.731150251701
96.67 0.642414233943
96.74 0.821479010871
96.81 0.635793705429
96.88 0.609146577387
96.95 0.45792912421
97.02 0.541780935718
97.09 0.571452628708
97.16 0.519205440473
97.23 0.681767179772
97.3 0.757377385511
97.37 0.665371020289
97.44 0.599366984375
97.51 0.549115769837
97.58 0.565292743297
97.65 0.533193476732
97.72 0.658135935815
97.79 0.813147968061
97.86 0.735143800845
97.93 0.675757204603
98.0 0.71453089476
98.07 0.618633564857
98.14 0.546620963245
98.21 0.423464224956
98.28 0.809878971854
98.35 0.868979648282
98.42 0.760754981572
98.49 0.723598637716
98.56 0.682168722101
98.63 0.648626945422
98.7 0.714225588099
98.77 0.671204278801
98.84 0.758108232559
98.91 0.584891542698
98.98 0.456824412687
99.05 0.567570948191
99.12 0.721732756989
99.19 0.64690305085
99.26 0.71043195985
99.33 0.780546760354
99.4 0.603465875184
99.47 0.646266297921
99.54 0.552871300023
99.61 0.727017187827
99.68 0.767828269674
99.75 0.645963217484
99.82 0.778285929531
99.89 0.644723261982
99.96 0.45637610731
100.03 0.474272173613
100.1 0.517318151306
100.17 0.41443171349
100.24 0.364816119365
100.31 0.345156104101
100.38 0.670829452921
100.45 0.668305488442
100.52 0.653575255275
100.59 0.684421385399
100.66 0.65852303415
100.73 0.729487592396
100.8 0.647437462754
100.87 0.763381458188
100.94 0.703971807652
101.01 0.581314371495
101.08 0.333679738697
101.15 0.614124300913
101.22 0.440321669653
101.29 0.414495261419
101.36 0.593073102165
101.43 0.671644557777
101.5 0.710552004823
101.57 0.658980660737
101.64 0.600460707667
101.71 0.553925214129
101.78 0.610432523285
101.85 0.747125956536
101.92 0.824435884149
101.99 0.741317655722
102.06 0.687690046437
102.13 0.629094976836
102.2 0.50750747407
102.27 0.628929061421
102.34 0.538731229613
102.41 0.726806379251
102.48 0.780479922483
102.55 0.760213225952
102.62 0.611509080663
102.69 0.541378950614
102.76 0.654294352024
102.83 0.482321976618
102.9 0.635635931079
102.97 0.817860448134
103.04 0.718946519708
103.11 0.614280979793
103.18 0.521215408332
103.25 0.529900321941
103.32 0.532788136416
103.39 0.576817408232
103.46 0.728884594453
103.53 0.715570715916
103.6 0.660822825654
103.67 0.589425540306
103.74 0.607025474742
103.81 0.652691155121
103.88 0.646001594266
103.95 0.769469890988
104.02 0.790884301148
104.09 0.68560065778
104.16 0.63525523446
104.23 0.580564984343
104.3 0.828476353342
104.37 0.738064482992
104.44 0.530286053141
104.51 0.575506111254
104.58 0.529273578198
104.65 0.558475756707
104.72 0.614971197374
104.79 0.636123232418
104.86 0.711125022834
104.93 0.595038194503
105.0 0.816835420252
105.07 0.854104590612
105.14 0.76397848837
105.21 0.6146162117
105.28 0.553928417633
105.35 0.608880882339
105.42 0.496353156106
105.49 0.599155875911
105.56 0.720361620103
105.63 0.736146714669
105.7 0.743977268145
105.77 0.640934943506
105.84 0.650802313595
105.91 0.634073522406
105.98 0.534386069411
106.05 0.817439626566
106.12 0.740871654186
106.19 0.687947993803
106.26 0.789024202958
106.33 0.597492188168
106.4 0.547138098099
106.47 0.425002970739
106.54 0.52640727095
106.61 0.687865247781
106.68 0.705026046342
106.75 0.56539627858
106.82 0.484680424356
106.89 0.755705897165
106.96 0.85034003734
107.03 0.742097073963
107.1 0.822908165407
107.17 0.836080830439
107.24 0.658816886872
107.31 0.426564192209
107.38 0.657831770491
107.45 0.741613193106
107.52 0.620369947098
107.59 0.816744714863
107.66 0.728729739595
107.73 0.594889974216
107.8 0.440544801842
107.87 0.44029969319
107.94 0.247004071665
108.01 0.21776990927
108.08 0.188074359347
108.15 0.587774647176
108.22 0.488793420462
108.29 0.442058741635
108.36 0.384051377477
108.43 0.30999431565
108.5 0.394367463966
108.57 0.214167535167
108.64 0.433257381704
108.71 0.436763955857
108.78 0.264140275921
108.85 0.153151006168
108.92 0.204194998055
108.99 0.70009747438
109.06 0.586792956568
109.13 0.525697802354
109.2 0.678329152848
109.27 0.461665618595
109.34 0.386915359715
109.41 0.321856595716
109.48 0.600667922885
109.55 0.454336240665
109.62 0.651591811585
109.69 0.912105757683
109.76 0.832650747007
109.83 0.807374478896
109.9 0.640728107558
109.97 0.381680043396
110.04 0.336375745116
110.11 0.31281817823
110.18 0.708465847894
110.25 0.852007657137
110.32 0.771542655293
110.39 0.66658859007
110.46 0.586833132675
110.53 0.304923658746
110.6 0.204151286803
110.67 0.614491070403
110.74 0.816169077245
110.81 0.784415268752
110.88 0.680358631036
110.95 0.612043967095
111.02 0.386504263323
111.09 0.36954757879
111.16 0.357922730256
111.23 0.738526323881
111.3 0.911867447657
111.37 0.712401079501
111.44 0.487518676245
111.51 0.36493514472
111.58 0.616129061314
111.65 0.585366756806
111.72 0.525978255396
111.79 0.796955137607
111.86 0.782869061062
111.93 0.589290876698
112.0 0.470959926571
112.07 0.364871909027
112.14 0.644031269772
112.21 0.524011469576
112.28 0.66073696433
112.35 0.853842141405
112.42 0.756575761481
112.49 0.707573975362
112.56 0.57538952028
112.63 0.577639043579
112.7 0.35751998132
112.77 0.240836232178
112.84 0.795372969876
112.91 0.798021295944
112.98 0.727788013409
113.05 0.532039142645
113.12 0.454064752496
113.19 0.510638174502
113.26 0.458863005691
113.33 0.637637253357
113.4 0.970866428699
113.47 0.660087060451
113.54 0.477213082292
113.61 0.339611732527
113.68 0.594784186248
113.75 0.553661060855
113.82 0.721346231968
113.89 0.830413462646
113.96 0.95266272896
114.03 0.621471500982
114.1 0.576299005029
114.17 0.450203755398
114.24 0.432345811854
114.31 0.406873447295
114.38 0.768942637576
114.45 1.0
114.52 0.827423319494
114.59 0.744337480682
114.66 0.567355877684
114.73 0.452981043683
114.8 0.387038812822
114.87 0.591279481982
114.94 0.96818550133
115.01 0.862512734503
115.08 0.607868137497
115.15 0.756618403722
115.22 0.556479100326
115.29 0.365872700706
115.36 0.339952609375
115.43 0.666940068824
115.5 0.98871687682
115.57 0.778714948613
115.64 0.4744225919
115.71 0.349489016544
115.78 0.524302057052
115.85 0.723237114494
115.92 0.687972665726
115.99 0.852378709726
116.06 0.776364652524
116.13 0.652150948332
116.2 0.506156710131
116.27 0.484538293549
116.34 0.76442466631
116.41 0.731675164226
116.48 0.712010121437
116.55 0.920544539493
116.62 0.77490815883
116.69 0.672901836193
116.76 0.59424203901
116.83 0.584068344407
116.9 0.271891789633
116.97 0.25944440256
117.04 0.781990692289
117.11 0.886079070453
117.18 0.695322665332
117.25 0.589645878249
117.32 0.413979872968
117.39 0.70483692669
117.46 0.666442860613
117.53 0.562224904581
117.6 0.893133268069
117.67 0.753409152166
117.74 0.564726338687
117.81 0.369195288575
117.88 0.550546751922
117.95 0.644357529751
118.02 0.686392747151
118.09 0.892294941335
118.16 0.921706130858
118.23 0.661259356036
118.3 0.48327949982
118.37 0.340435303031
118.44 0.302363674248
118.51 0.259991931897
118.58 0.525781627971
118.65 0.909034253283
118.72 0.854299272296
118.79 0.684013026803
118.86 0.489881909835
118.93 0.334397586502
119.0 0.233297726806
119.07 0.502272475279
119.14 0.764732864239
119.21 0.912010617486
119.28 0.654039403533
119.35 0.681805247846
119.42 0.435408374314
119.49 0.432070975529
119.56 0.383582677985
119.63 0.655749623235
119.7 0.942705588425
119.77 0.650201734156
119.84 0.451422836964
119.91 0.30552755106
119.98 0.521633328048
120.05 0.581329568736
120.12 0.465935794569
120.19 0.659382922797
120.26 0.762392510303
120.33 0.491414112778
120.4 0.403772407503
120.47 0.487261969002
120.54 0.673910155048
120.61 0.597764538955
120.68 0.552669523353
120.75 0.898132407092
120.82 0.831765572551
120.89 0.677035565111
120.96 0.500496497301
121.03 0.465015849038
121.1 0.373272733898
121.17 0.199902134708
121.24 0.672539277476
121.31 0.866489244744
121.38 0.646528671274
121.45 0.523497278911
121.52 0.595570711824
121.59 0.600071303726
121.66 0.621137470389
121.73 0.592640809017
121.8 0.911164521901
121.87 0.701241035449
121.94 0.518057351103
122.01 0.256679478461
122.08 0.556156765346
122.15 0.705628756746
122.22 0.597168516043
122.29 0.763753018822
122.36 0.798901157099
122.43 0.804796659911
122.5 0.591826134588
122.57 0.593605328418
122.64 0.874663806248
122.71 0.795061476712
122.78 0.620737748553
122.85 0.923325546384
122.92 0.82823705898
122.99 0.692229387335
123.06 0.660022561702
123.13 0.726552512119
123.2 0.814370710019
123.27 0.637242562575
123.34 0.697378623588
123.41 0.710357714756
123.48 0.665682509925
123.55 0.679872956146
123.62 0.681790539245
123.69 0.619027791695
123.76 0.68504366611
123.83 0.532839408361
123.9 0.780914066114
123.97 0.72237660314
124.04 0.656806335115
124.11 0.561547433983
124.18 0.537637723298
124.25 0.527179387812
124.32 0.603253568934
124.39 0.597394601242
124.46 0.61470040953
124.53 0.540294929565
124.6 0.495451295556
124.67 0.474569912525
124.74 0.515319635622
124.81 0.728382625086
124.88 0.474994823148
124.95 0.851367256165
125.02 0.670977607939
125.09 0.556553932845
125.16 0.494269017244
125.23 0.486599910859
125.3 0.519872997143
125.37 0.417544184289
125.44 0.40807358479
125.51 0.561499481969
125.58 0.522325228527
125.65 0.412922790639
125.72 0.477451147115
125.79 0.430503004825
125.86 0.56805704116
125.93 0.369440878811
126.0 0.755568120019
126.07 0.576906319589
126.14 0.58798648419
126.21 0.53192828305
126.28 0.550015501186
126.35 0.590206553243
126.42 0.537697591431
126.49 0.389230052101
126.56 0.256961277469
126.63 0.202023912981
126.7 0.236501929669
126.77 0.209069974825
126.84 0.208960888095
126.91 0.198801279385
126.98 0.177124868085
127.05 0.133727805021
127.12 0.156062594668
127.19 0.136133158694
127.26 0.128962301306
127.33 0.12726328505
127.4 0.146605737073
127.47 0.148116845576
127.54 0.142753620174
127.61 0.185965096967
127.68 0.132444595155
127.75 0.190666391236
127.82 0.16965917893
127.89 0.262134824016
127.96 0.241876787177
128.03 0.208197748454
128.1 0.165617182076
128.17 0.231976014912
128.24 0.224564418409
128.31 0.215371975166
128.38 0.196588146554
128.45 0.179705825305
128.52 0.219729504847
128.59 0.191950001539
128.66 0.236447762927
128.73 0.239546865798
128.8 0.21375905838
128.87 0.214243431406
128.94 0.22233103435
129.01 0.47248614764
129.08 0.470187209934
129.15 0.314426644333
129.22 0.310611080194
129.29 0.261482443419
129.36 0.255692007081
129.43 0.214143679997
129.5 0.297048330299
129.57 0.651228674262
129.64 0.656223847714
129.71 0.578857479505
129.78 0.667483346814
129.85 0.61723662706
129.92 0.584279486388
129.99 0.377344620718
130.06 0.498666793593
130.13 0.613723044359
130.2 0.605084869102
130.27 0.797703734468
130.34 0.682955729261
130.41 0.875136707694
130.48 0.560342286602
130.55 0.749181154488
130.62 0.93531432606
130.69 0.60518084722
130.76 0.980045703352
130.83 0.778011710622
130.9 0.786204335938
130.97 0.61449781258
131.04 0.542864341115
131.11 0.731741633413
131.18 0.740248207443
131.25 0.829396147166
131.32 0.924761076175
131.39 0.818461091078
131.46 0.688767268859
131.53 0.59867335866
131.6 0.608870991343
131.67 0.642336829447
131.74 0.698058211039
131.81 0.82665665
131.88 0.830972602922
131.95 0.788085606187
132.02 0.725464701904
132.09 0.706259619532
132.16 0.950258820039
132.23 0.697064500234
132.3 0.947986905726
132.37 0.877945609415
132.44 0.674100072048
132.51 0.581172888093
132.58 0.518930433036
132.65 0.795003474938
132.72 0.689254504929
132.79 0.653965631204
132.86 0.782029741172
132.93 0.732434964532
133.0 0.658082146579
133.07 0.556925338243
133.14 0.601234332787
133.21 0.718601991288
133.28 0.751208505239
133.35 0.933362391728
133.42 0.736378524191
133.49 0.698075135279
133.56 0.656816667122
133.63 0.782701767929
133.7 0.834638860122
133.77 0.65997043596
133.84 0.784552206213
133.91 0.889718020248
133.98 0.831302168719
134.05 0.568902067734
134.12 0.664482869891
134.19 0.890204607149
134.26 0.806093902748
134.33 0.684434142967
134.4 0.88459729095
134.47 0.714339231355
134.54 0.595631080945
134.61 0.511498087845
134.68 0.681573404806
134.75 0.847379320209
134.82 0.602861024994
134.89 0.77179384637
134.96 0.876849476439
135.03 0.712975124186
135.1 0.737168105091
135.17 0.749580285369
135.24 0.884640943988
135.31 0.850687554051
135.38 0.772098994267
135.45 0.878754658307
135.52 0.911493754294
135.59 0.666627474896
135.66 0.643161349007
135.73 0.554028394839
135.8 0.64370278357
135.87 0.63996278403
135.94 0.845244521525
136.01 0.810364345093
136.08 0.853876940706
136.15 0.841000151754
136.22 0.803825828759
136.29 0.828333033569
136.36 0.82551957885
136.43 0.850384048479
136.5 0.879658850924
136.57 0.744989609021
136.64 0.755797410487
136.71 0.661197014714
136.78 0.588536597851
136.85 0.560270809294
136.92 0.585207250164
136.99 0.722544556026
137.06 0.737875589137
137.13 0.721021991821
137.2 0.684997301736
137.27 0.733550285017
137.34 0.820948786808
137.41 0.684079550675
137.48 0.673405052738
137.55 0.564609573072
137.62 0.549259518272
137.69 0.49283602062
137.76 0.746195619019
137.83 0.808325005898
137.9 0.728908357892
137.97 0.717029174755
138.04 0.845866876325
138.11 0.749789899688
138.18 0.603375670783
138.25 0.688769997836
138.32 0.841805986557
138.39 0.716933004356
138.46 0.630774824988
138.53 0.759215658946
138.6 0.608971508347
138.67 0.672248003787
138.74 0.553694777032
138.81 0.686596607157
138.88 0.673584131451
138.95 0.576491285849
139.02 0.786135892787
139.09 0.680174254899
139.16 0.66036516555
139.23 0.525149512714
139.3 0.477898282931
139.37 0.521596485984
139.44 0.494902079793
139.51 0.804046242556
139.58 0.739694059412
139.65 0.635086117305
139.72 0.659796993368
139.79 0.470904807245
139.86 0.409000866982
139.93 0.404602162746
140.0 0.636088443702
140.07 0.753286872148
140.14 0.641836731731
140.21 0.680153564424
140.28 0.67917384249
140.35 0.580878844854
140.42 0.590204753918
140.49 0.662553155459
140.56 0.807725768897
140.63 0.653467713847
140.7 0.549409952435
140.77 0.529701431247
140.84 0.507886979959
140.91 0.594944022767
140.98 0.497586681667
141.05 0.642511115251
141.12 0.586572459861
141.19 0.54997347636
141.26 0.595209080995
141.33 0.605389048539
141.4 0.702782905355
141.47 0.594897347921
141.54 0.570906706415
141.61 0.587939255434
141.68 0.491196687272
141.75 0.453566838667
141.82 0.501086929958
141.89 0.599223911569
141.96 0.500553371851
142.03 0.479855421194
142.1 0.691819905042
142.17 0.613006780665
142.24 0.492137836615
142.31 0.430099075744
142.38 0.49005167263
142.45 0.518205364997
142.52 0.452325770054
142.59 0.603828014057
142.66 0.597855605974
142.73 0.519235616214
142.8 0.342359349588
142.87 0.547665804871
142.94 0.531183792885
143.01 0.411371063254
143.08 0.38482614217
143.15 0.547638299894
143.22 0.419915825314
143.29 0.378001586066
143.36 0.401115457022
143.43 0.399235225795
143.5 0.467060753792
143.57 0.419002420858
143.64 0.536476493562
143.71 0.40419279688
143.78 0.354377541174
143.85 0.373341395792
143.92 0.284669144704
143.99 0.377123984652
144.06 0.324662456225
144.13 0.436288621794
144.2 0.467828181825
144.27 0.373914226814
144.34 0.403873845337
144.41 0.388900599202
144.48 0.387569700165
144.55 0.363797216244
144.62 0.408410182067
144.69 0.46970523248
144.76 0.405134925268
144.83 0.348507255375
144.9 0.334045305108
144.97 0.295196925319
145.04 0.262163495026
145.11 0.200593564187
145.18 0.34795781205
145.25 0.341751055984
145.32 0.300113983364
145.39 0.269075383667
145.46 0.345021922077
145.53 0.357761796502
145.6 0.291798384761
145.67 0.243141640399
145.74 0.297643381223
145.81 0.229230486479
145.88 0.194219993044
145.95 0.247318489614
146.02 0.31109513922
146.09 0.323169390367
146.16 0.290342998888
146.23 0.331046971498
146.3 0.243619489989
146.37 0.205704877018
146.44 0.223823955556
146.51 0.248126190776
146.58 0.244225597942
146.65 0.225570168816
146.72 0.314878603046
146.79 0.238728310472
146.86 0.211043663351
146.93 0.171905655726
147.0 0.207909658864
147.07 0.261665108433
147.14 0.203518340681
147.21 0.238114211399
147.28 0.248788314189
147.35 0.159520555291
147.42 0.143180975763
147.49 0.107711723224
147.56 0.14531424502
147.63 0.156148829969
147.7 0.181236714035
147.77 0.244738024563
147.84 0.226166512784
147.91 0.166029363356
147.98 0.151025182941
148.05 0.0860702488202
148.12 0.109697280239
148.19 0.117501575918
148.26 0.170138594992
148.33 0.166511907067
148.4 0.175611335786
148.47 0.149706478742
148.54 0.134802148523
148.61 0.115101510848
148.68 0.120965622493
148.75 0.132778200613
148.82 0.169217402281
148.89 0.148223900127
148.96 0.115949566286
149.03 0.100145794021
149.1 0.112491545686
149.17 0.113612763371
149.24 0.106883839632
149.31 0.125283903953
149.38 0.128690668485
149.45 0.0858650322642
149.52 0.0824790975666
149.59 0.0973191371945
149.66 0.1020304971
149.73 0.0734441993493
149.8 0.0798228297713
149.87 0.107256165861
149.94 0.0919532551426
150.01 0.0868783133756
150.08 0.0994175771631
150.15 0.0985991541401
150.22 0.0981233243807
150.29 0.086124853045
150.36 0.0950194074324
150.43 0.0881981042261
150.5 0.0728239755145
150.57 0.0616706718761
150.64 0.0652100413758
150.71 0.0702315273109
150.78 0.0611518770558
150.85 0.0618044499335
150.92 0.0735808051695
150.99 0.0596261199304
151.06 0.0459345242459
151.13 0.0560651849902
151.2 0.0633851146992
151.27 0.0482611274577
151.34 0.0435914430971
151.41 0.0569899004976
151.48 0.0403487117451
151.55 0.0371559769344
151.62 0.0350675902539
151.69 0.0370049482887
151.76 0.0423423551388
151.83 0.03213994366
151.9 0.0496663492057
151.97 0.0408410582506
152.04 0.0364502569325
152.11 0.0357367874843
152.18 0.0273162476548
152.25 0.024976597572
152.32 0.0219723597062
152.39 0.0211530352566
152.46 0.027652162247
152.53 0.024219572108
152.6 0.0206420375117
152.67 0.0197695041964
152.74 0.0203609017846
152.81 0.0159056793358
152.88 0.016477645977
152.95 0.0200854021788
153.02 0.0172548538709
153.09 0.0140541773331
153.16 0.00942817776346
153.23 0.0108822847048
153.3 0.0095916129322
153.37 0.00783064873499
153.44 0.0122261882758
153.51 0.00859919340772
153.58 0.00822287161864
153.65 0.00811239129329
153.72 0.00818935830658
153.79 0.00886183665926
153.86 0.00557885158231
153.93 0.00412958870635
154.0 0.00330248658579
154.07 0.00301365962591
154.14 0.00499478006967
154.21 0.00385702623416
154.28 0.00393517339304
154.35 0.00334941898222
154.42 0.0029686429815
154.49 0.00389778623987
154.56 0.00285195851263
154.63 0.00170899721859
154.7 0.00156647479405
154.77 0.00203753987
154.84 0.00252488531005
154.91 0.00174719053996
154.98 0.00173582127497
155.05 0.00156380755919
155.12 0.00158592161751
155.19 0.00151014709811
155.26 0.000844135731532
155.33 0.000776809219891
155.4 0.000617535431454
155.47 0.000826641705018
155.54 0.000765170056138
155.61 0.000657773280077
155.68 0.000477235702631
155.75 0.000370135285998
155.82 0.000393351871956
155.89 0.000405391473747
155.96 0.000274869842026
156.03 0.000238856879307
156.1 0.000186679979414
156.17 0.000115573121014
156.24 5.10108666641e-05
156.31 4.55881947367e-05
156.38 3.55560752665e-05
156.45 2.76037639299e-05
156.52 1.1395725651e-05
156.59 0.0
156.66 0.0
156.73 0.0
156.8 0.0
156.87 0.0
156.94 0.0
157.01 0.0
157.08 0.0
157.15 0.0
157.22 0.0
157.29 0.0
157.36 0.0
157.43 0.0
157.5 0.0
157.57 0.0
157.64 0.0
157.71 0.0
157.78 0.0
157.85 0.0
157.92 0.0
157.99 0.0
158.06 0.0
158.13 0.0
158.2 0.0
158.27 0.0
158.34 0.0
158.41 0.0
