-4.0 0.0
52.5143831493 0.00787401574803
52.650050993 0.0236220472441
52.7441089515 0.0472440944882
52.8774090541 0.0866141732283
52.9752207678 0.149606299213
53.1117640845 0.188976377953
53.2056010289 0.244094488189
53.3423690822 0.275590551181
53.4366242067 0.307086614173
53.5728479894 0.322834645669
53.6662078379 0.338582677165
53.977373854 0.385826771654
54.6654920654 0.472440944882
54.8124159164 0.55905511811
54.9257721256 0.614173228346
55.0663608416 0.637795275591
55.2489930669 0.669291338583
55.3530888904 0.724409448819
55.5354169869 0.795275590551
55.668039987 0.826771653543
55.8104349683 0.88188976378
55.9490390479 0.905511811024
56.0287101585 0.944881889764
56.1669050846 0.976377952756
56.3037491207 0.968503937008
56.4538030285 0.929133858268
56.5662219653 0.897637795276
56.7182857955 0.850393700787
56.8665291079 0.826771653543
56.962610014 0.795275590551
57.1514129157 0.763779527559
57.2524140282 0.740157480315
57.3842888707 0.716535433071
57.4767499559 0.708661417323
57.7103450123 0.661417322835
57.8538439526 0.645669291339
57.9573869798 0.629921259843
58.0880009245 0.614173228346
58.1870810381 0.59842519685
58.3194460693 0.582677165354
58.5219029786 0.543307086614
58.6139210165 0.51968503937
58.7524571931 0.503937007874
58.8449818941 0.488188976378
58.9383430082 0.464566929134
59.0625100455 0.44094488189
59.2016318516 0.425196850394
59.3442050045 0.40157480315
59.4766069707 0.385826771654
59.5687569931 0.370078740157
59.7440069424 0.354330708661
59.9830120955 0.338582677165
60.1273149023 0.330708661417
60.7598920078 0.314960629921
60.9397289862 0.307086614173
61.029965105 0.291338582677
61.1710709615 0.275590551181
61.3168018424 0.259842519685
61.4548490757 0.244094488189
61.6463449368 0.228346456693
61.7458608844 0.220472440945
61.8780881096 0.212598425197
62.0615900797 0.196850393701
62.1638359739 0.181102362205
62.352422127 0.165354330709
62.5342030065 0.149606299213
62.676234108 0.133858267717
62.8092371472 0.125984251969
62.9072720738 0.11811023622
63.079115924 0.102362204724
63.7204791611 0.0551181102362
63.8174231635 0.0236220472441
64.015420943 0.00787401574803
64.1076721779 0.0
65.1153919815 0.00787401574803
65.2095340486 0.0236220472441
65.339182875 0.0551181102362
65.4396259102 0.0708661417323
65.5799259886 0.0866141732283
65.6789200918 0.102362204724
65.9253749855 0.133858267717
66.5268790785 0.173228346457
66.618187025 0.204724409449
66.8256420741 0.251968503937
66.9216370606 0.275590551181
67.1834668589 0.291338582677
67.2772440134 0.322834645669
67.5118550059 0.338582677165
68.0705251066 0.362204724409
68.2114151127 0.393700787402
68.3172680229 0.409448818898
68.454839056 0.44094488189
68.549109942 0.456692913386
68.6805241339 0.472440944882
68.8677270131 0.488188976378
68.9683149606 0.51968503937
69.1069259704 0.543307086614
69.3489380292 0.55905511811
69.478470099 0.566929133858
69.6203570914 0.582677165354
69.717470033 0.606299212598
69.897748815 0.622047244094
70.0779238434 0.629921259843
70.2586539814 0.645669291339
70.8575790196 0.653543307087
86.6759312115 0.543307086614
87.2822939501 0.464566929134
87.4226670506 0.417322834646
87.6017279046 0.385826771654
87.6974519852 0.362204724409
87.8347880745 0.338582677165
87.9272399879 0.322834645669
88.0604520814 0.299212598425
88.1582530725 0.275590551181
88.2963899635 0.251968503937
88.3877272046 0.228346456693
88.520557152 0.204724409449
88.7229062102 0.157480314961
88.7732528744 0.125984251969
88.991233197 0.0944881889764
89.0721510751 0.0708661417323
89.2077370762 0.0472440944882
89.3025709074 0.0236220472441
91.4498420871 0.0
91.636345951 0.0236220472441
91.8108641349 0.0472440944882
92.2806591159 0.0787401574803
92.878054009 0.141732283465
93.1290829819 0.220472440945
93.7327740371 0.283464566929
93.9108881618 0.330708661417
94.0041370487 0.354330708661
94.1075531013 0.377952755906
94.2424720667 0.385826771654
94.4119590243 0.393700787402
94.6515501301 0.409448818898
95.2935969992 0.456692913386
95.5246691232 0.488188976378
95.799223006 0.503937007874
96.3459949387 0.527559055118
96.4996479391 0.535433070866
96.592258097 0.551181102362
96.7298359928 0.55905511811
96.827119906 0.582677165354
97.0089729794 0.59842519685
97.1887888593 0.614173228346
97.2884228645 0.629921259843
97.42902719 0.645669291339
97.6572940724 0.661417322835
97.7527599118 0.677165354331
97.9397807845 0.692913385827
98.037414011 0.708661417323
98.1682199625 0.724409448819
98.3077039808 0.740157480315
98.4061839165 0.748031496063
99.028283917 0.771653543307
99.1337489388 0.803149606299
99.3157060251 0.818897637795
99.409068881 0.826771653543
99.5577230141 0.842519685039
99.7919230502 0.88188976378
100.443341915 0.889763779528
101.699481052 0.866141732283
101.795512973 0.850393700787
101.93795287 0.842519685039
102.524308078 0.787401574803
107.390291074 0.283464566929
107.390291074 0.291338582677
108.527154811 0.228346456693
109.241837991 0.259842519685
110.652585965 0.48031496063
110.757151125 0.488188976378
111.400774895 0.511811023622
112.932436017 0.677165354331
113.532294864 0.700787401575
114.144279843 0.732283464567
114.3787691 0.755905511811
115.191645969 0.834645669291
116.704501063 0.913385826772
117.295625041 0.92125984252
131.510268018 0.755905511811
134.414367939 0.322834645669
134.596416944 0.307086614173
134.87107993 0.291338582677
135.525450899 0.251968503937
135.713847984 0.228346456693
135.805290065 0.220472440945
135.989028941 0.204724409449
136.087935018 0.196850393701
136.463640067 0.204724409449
136.659496103 0.212598425197
136.751591018 0.236220472441
136.937207931 0.259842519685
137.11231803 0.283464566929
137.252658839 0.299212598425
137.398690896 0.322834645669
137.486285925 0.346456692913
137.633731042 0.377952755906
137.731785895 0.40157480315
137.918916201 0.417322834646
138.066855171 0.433070866142
138.214480056 0.448818897638
138.347737174 0.472440944882
138.44789497 0.503937007874
138.591583863 0.535433070866
138.684948063 0.55905511811
138.811171148 0.582677165354
138.915250108 0.606299212598
139.053363136 0.629921259843
139.151824934 0.653543307087
139.286182956 0.677165354331
139.487924098 0.685039370079
139.625774801 0.700787401575
140.248759007 0.740157480315
140.430245121 0.771653543307
140.530769031 0.787401574803
140.589233056 0.803149606299
140.868017078 0.818897637795
141.015109205 0.834645669291
141.200455051 0.842519685039
141.359546962 0.858267716535
141.500103056 0.874015748031
141.635403893 0.88188976378
141.915215949 0.897637795276
143.114751021 0.952755905512
151.564364868 0.937007874016
151.701374084 0.889763779528
151.834974937 0.92125984252
151.927468059 0.944881889764
152.797427963 0.937007874016
153.356389096 0.929133858268
153.808391822 0.92125984252
155.908467109 0.669291338583
156.606759025 0.653543307087
157.425916133 0.645669291339
157.979781981 0.637795275591
162.747068026 0.645669291339
162.890613118 0.669291338583
163.18271709 0.724409448819
163.548513181 0.748031496063
163.641586009 0.779527559055
163.773375075 0.795275590551
163.927180952 0.811023622047
164.114667853 0.826771653543
164.158419828 0.842519685039
164.300343933 0.858267716535
164.475863834 0.874015748031
164.578964136 0.889763779528
164.853667902 0.897637795276
165.033532982 0.92125984252
165.181996903 0.929133858268
166.245672943 0.976377952756
170.303964228 0.984251968504
170.856771939 0.976377952756
170.950257073 0.968503937008
171.126962137 0.944881889764
171.253396957 0.913385826772
171.378535005 0.889763779528
171.430566025 0.858267716535
171.570430036 0.834645669291
171.678236142 0.818897637795
171.812668978 0.795275590551
171.907369047 0.771653543307
172.053706021 0.740157480315
172.156544783 0.700787401575
172.240620966 0.692913385827
173.044992934 0.566929133858
173.374653112 0.535433070866
173.560487945 0.503937007874
173.740480103 0.48031496063
173.871923169 0.464566929134
174.05989001 0.44094488189
174.246336873 0.417322834646
174.434721091 0.409448818898
175.066471847 0.40157480315
175.20790801 0.409448818898
175.397570901 0.44094488189
175.541934028 0.456692913386
175.642726134 0.48031496063
175.78655181 0.503937007874
175.86256913 0.527559055118
176.011625049 0.551181102362
176.105470119 0.566929133858
176.245053962 0.582677165354
176.340207997 0.606299212598
176.46599308 0.622047244094
176.562497994 0.637795275591
176.700879949 0.653543307087
176.935870048 0.669291338583
177.027748961 0.692913385827
177.120890975 0.708661417323
177.302667993 0.732283464567
177.441923955 0.740157480315
177.533218002 0.755905511811
177.66393689 0.779527559055
177.806301115 0.795275590551
177.942104818 0.811023622047
178.078941152 0.826771653543
178.216983086 0.842519685039
178.396341071 0.850393700787
178.537372013 0.858267716535
178.720860882 0.866141732283
178.942949913 0.88188976378
179.127975132 0.897637795276
179.219551943 0.913385826772
179.500132864 0.929133858268
179.861099978 0.937007874016
180.135797976 0.968503937008
180.446573059 0.984251968504
180.769772018 1.0
181.131271064 1.0
195.479644058 0.992125984252
195.666499194 1.0
196.9271025 1
201.209222395 0
