-4 0
68.8718035385 0
71.9295108432 1
119.15621512 0.992125984252
119.256706919 0.88188976378
119.394282016 0.685039370079
119.486124039 0.503937007874
119.664617888 0.354330708661
119.79734317 0.275590551181
119.892195942 0.220472440945
119.983881863 0.181102362205
120.07221297 0.141732283465
120.162772176 0.102362204724
120.342393856 0.0787401574803
120.481270018 0.0472440944882
138.057442897 0.0
138.181684988 0.0157480314961
140.730727926 0.952755905512
140.868971106 0.984251968504
141.406447108 0.992125984252
151.69161688 1.0
167.773974844 0.992125984252
168.004357027 0.96062992126
168.596528813 1.0
276.807570698 0.992125984252
277.877653251 0
